query_origi 8
query_idx 12
deleted_scaled [1.66666667e-01 0.00000000e+00 1.81388678e-02 1.81228457e-02
 5.45454545e-02 5.45454545e-02 0.00000000e+00 5.45834315e-01
 8.81395349e-01 5.06466321e-01 8.33333333e-02 4.45394773e-01
 8.67475709e-03 8.77252386e-03 1.81818182e-02 1.81818182e-02
 0.00000000e+00 3.05641937e-01 7.53658537e-01 0.00000000e+00
 8.33333333e-02 0.00000000e+00 1.12787805e-02 1.11681894e-02
 1.81818182e-02 1.81818182e-02 0.00000000e+00 2.25570525e-01
 7.10396040e-01 0.00000000e+00 0.00000000e+00 0.00000000e+00
 1.92873890e-03 1.82750903e-03 0.00000000e+00 0.00000000e+00
 0.00000000e+00 2.79561757e-01 7.21311475e-01 2.11606623e-05]
deleted_not_scaled [2.00000000e+00 0.00000000e+00 6.84270000e+02 1.74660000e+05
 5.12000000e+02 2.88000000e+02 0.00000000e+00 3.90990000e+01
 9.49000000e-01 4.88740000e+01 1.00000000e+00 1.46158451e+00
 5.02599000e+02 1.28477000e+05 3.84000000e+02 2.16000000e+02
 0.00000000e+00 2.39400000e+01 8.96000000e-01 0.00000000e+00
 1.00000000e+00 0.00000000e+00 5.34479000e+02 1.35290000e+05
 3.84000000e+02 2.16000000e+02 0.00000000e+00 2.18340000e+01
 8.78000000e-01 0.00000000e+00 0.00000000e+00 0.00000000e+00
 3.59203000e+02 9.10580000e+04 3.20000000e+02 1.80000000e+02
 0.00000000e+00 2.28710000e+01 8.78000000e-01 2.00000000e-03
 2.77000000e+02]
deleted_idx_col 12
query_origi 634
query_idx 96
deleted_scaled [1.         0.06823407 0.83214581 0.82673936 1.         1.
 1.         0.31262452 0.58372093 0.07807254 1.         0.16071157
 0.83067575 0.82653571 1.         1.         1.         0.36306827
 0.48292683 0.00786187 1.         0.13351528 0.86354877 0.86831774
 1.         1.         1.         0.15515535 0.34405941 0.07892848
 1.         0.         0.8283464  0.82669601 1.         1.
 1.         0.25550074 0.54098361 0.13796752]
deleted_not_scaled [1.20000000e+01 3.20597144e-01 1.66982310e+04 4.23508900e+06
 3.84000000e+03 2.16000000e+03 1.00000000e+00 2.82130000e+01
 8.21000000e-01 7.53400000e+00 1.20000000e+01 5.27382807e-01
 1.66700820e+04 4.23420100e+06 3.84000000e+03 2.16000000e+03
 1.00000000e+00 2.58790000e+01 7.85000000e-01 7.29000000e-01
 1.20000000e+01 6.56382343e-01 1.66471460e+04 4.23461800e+06
 3.84000000e+03 2.16000000e+03 1.00000000e+00 1.92730000e+01
 7.30000000e-01 7.14800000e+00 1.20000000e+01 0.00000000e+00
 1.66224250e+04 4.23456300e+06 3.84000000e+03 2.16000000e+03
 1.00000000e+00 2.20760000e+01 8.01000000e-01 1.30400000e+01
 7.70000000e+01]
deleted_idx_col 96
query_origi 424
query_idx 447
deleted_scaled [0.41666667 0.         0.07626492 0.07624986 0.18181818 0.17171717
 0.         0.05998415 0.26976744 0.00592746 0.41666667 0.
 0.07720106 0.07739535 0.18181818 0.17171717 0.         0.18311861
 0.26829268 0.01847378 0.5        0.         0.11298563 0.11293814
 0.27272727 0.27272727 0.         0.10478416 0.43811881 0.22693595
 0.58333333 0.         0.14092483 0.13986735 0.27272727 0.27272727
 0.         0.20120456 0.70257611 0.13476168]
deleted_not_scaled [5.000000e+00 0.000000e+00 1.827784e+03 4.665420e+05 9.600000e+02
 5.200000e+02 0.000000e+00 1.642000e+01 6.860000e-01 5.720000e-01
 5.000000e+00 0.000000e+00 1.850405e+03 4.730100e+05 9.600000e+02
 5.200000e+02 0.000000e+00 1.980300e+01 6.970000e-01 1.713000e+00
 6.000000e+00 0.000000e+00 2.457307e+03 6.220060e+05 1.280000e+03
 7.200000e+02 0.000000e+00 1.744100e+01 7.680000e-01 2.055200e+01
 7.000000e+00 0.000000e+00 3.094532e+03 7.844640e+05 1.280000e+03
 7.200000e+02 0.000000e+00 2.028200e+01 8.700000e-01 1.273700e+01
 1.490000e+02]
deleted_idx_col 447
query_origi 830
query_idx 565
deleted_scaled [0.25       0.         0.03174126 0.03160699 0.05454545 0.05454545
 0.         0.12817327 0.60930233 0.16746114 0.16666667 0.
 0.01596186 0.01598948 0.05454545 0.05454545 0.         0.18122316
 0.60487805 0.19491836 0.25       0.         0.02733086 0.02764635
 0.05454545 0.05454545 0.         0.17970855 0.63118812 0.1939313
 0.25       0.         0.02889511 0.02902912 0.05454545 0.05454545
 0.         0.30292667 0.67213115 0.24516743]
deleted_not_scaled [3.00000e+00 0.00000e+00 9.51870e+02 2.42370e+05 5.12000e+02 2.88000e+02
 0.00000e+00 1.96030e+01 8.32000e-01 1.61600e+01 2.00000e+00 0.00000e+00
 6.45925e+02 1.64711e+05 5.12000e+02 2.88000e+02 0.00000e+00 1.97390e+01
 8.35000e-01 1.80740e+01 3.00000e+00 0.00000e+00 8.37953e+02 2.14097e+05
 5.12000e+02 2.88000e+02 0.00000e+00 2.01660e+01 8.46000e-01 1.75630e+01
 3.00000e+00 0.00000e+00 8.89879e+02 2.27698e+05 5.12000e+02 2.88000e+02
 0.00000e+00 2.36430e+01 8.57000e-01 2.31720e+01 2.68000e+02]
deleted_idx_col 565
query_origi 194
query_idx 519
deleted_scaled [0.5        0.         0.0916337  0.09183101 0.27272727 0.27272727
 0.         0.18554382 0.67674419 0.27235233 0.5        0.
 0.10792759 0.10700392 0.27272727 0.27272727 0.         0.16700726
 0.58292683 0.20474301 0.5        0.         0.11314966 0.11335946
 0.27272727 0.27272727 0.         0.11811933 0.53712871 0.25097446
 0.5        0.         0.10757425 0.10698891 0.27272727 0.27272727
 0.         0.45143912 0.78220141 0.49192192]
deleted_not_scaled [6.000000e+00 0.000000e+00 2.130134e+03 5.447820e+05 1.280000e+03
 7.200000e+02 0.000000e+00 2.228100e+01 8.610000e-01 2.628200e+01
 6.000000e+00 0.000000e+00 2.454748e+03 6.216650e+05 1.280000e+03
 7.200000e+02 0.000000e+00 1.925900e+01 8.260000e-01 1.898500e+01
 6.000000e+00 0.000000e+00 2.460408e+03 6.240210e+05 1.280000e+03
 7.200000e+02 0.000000e+00 1.792600e+01 8.080000e-01 2.272900e+01
 6.000000e+00 0.000000e+00 2.438220e+03 6.193080e+05 1.280000e+03
 7.200000e+02 0.000000e+00 2.855000e+01 9.040000e-01 4.649400e+01
 6.000000e+01]
deleted_idx_col 519
query_origi 90
query_idx 753
deleted_scaled [0.16666667 0.         0.01814822 0.01809815 0.05454545 0.05454545
 0.         0.0458236  0.21395349 0.38260104 0.16666667 0.
 0.01781152 0.01790516 0.05454545 0.05454545 0.         0.58735377
 0.78292683 0.51133447 0.25       0.1072546  0.02864079 0.02903704
 0.05454545 0.05454545 0.         0.09747044 0.13861386 0.3198326
 0.16666667 0.         0.02132192 0.0210504  0.05454545 0.05454545
 0.         0.08849611 0.26932084 0.28936148]
deleted_not_scaled [2.00000000e+00 0.00000000e+00 6.84454000e+02 1.74536000e+05
 5.12000000e+02 2.88000000e+02 0.00000000e+00 1.57590000e+01
 6.62000000e-01 3.69210000e+01 2.00000000e+00 0.00000000e+00
 6.82305000e+02 1.74329000e+05 5.12000000e+02 2.88000000e+02
 0.00000000e+00 3.34520000e+01 9.08000000e-01 4.74140000e+01
 3.00000000e+00 5.27280643e-01 8.62718000e+02 2.20748000e+05
 5.12000000e+02 2.88000000e+02 0.00000000e+00 1.71750000e+01
 6.47000000e-01 2.89650000e+01 2.00000000e+00 0.00000000e+00
 7.40845000e+02 1.87619000e+05 5.12000000e+02 2.88000000e+02
 0.00000000e+00 1.65580000e+01 6.85000000e-01 2.73490000e+01
 1.41000000e+02]
deleted_idx_col 753
query_origi 507
query_idx 520
deleted_scaled [0.16666667 0.         0.01820551 0.01812125 0.05454545 0.05454545
 0.         0.14927483 0.26976744 0.27471503 0.25       0.
 0.02923576 0.02927215 0.05454545 0.05454545 0.         0.04309196
 0.23170732 0.40155943 0.25       0.         0.02695838 0.02727019
 0.05454545 0.05454545 0.         0.13112455 0.43069307 0.19242958
 0.25       0.         0.03242193 0.03201545 0.05454545 0.05454545
 0.         0.68790291 0.82669789 0.58768449]
deleted_not_scaled [2.00000e+00 0.00000e+00 6.85581e+02 1.74652e+05 5.12000e+02 2.88000e+02
 0.00000e+00 2.05880e+01 6.86000e-01 2.65100e+01 3.00000e+00 0.00000e+00
 9.07002e+02 2.31399e+05 5.12000e+02 2.88000e+02 0.00000e+00 1.50750e+01
 6.82000e-01 3.72350e+01 3.00000e+00 0.00000e+00 8.30911e+02 2.12298e+05
 5.12000e+02 2.88000e+02 0.00000e+00 1.83990e+01 7.65000e-01 1.74270e+01
 3.00000e+00 0.00000e+00 9.59284e+02 2.42699e+05 5.12000e+02 2.88000e+02
 0.00000e+00 3.63630e+01 9.23000e-01 5.55450e+01 2.38000e+02]
deleted_idx_col 520
query_origi 939
query_idx 965
deleted_scaled [0.58333333 0.         0.1406007  0.13966259 0.27272727 0.27272727
 0.         0.19259196 0.4627907  0.22415544 0.58333333 0.
 0.13998004 0.139341   0.27272727 0.27272727 0.         0.6931734
 0.86585366 0.76803701 0.58333333 0.         0.14599449 0.14685337
 0.27272727 0.27272727 0.         0.17629915 0.4950495  0.31979948
 0.58333333 0.         0.1399728  0.13976383 0.27272727 0.27272727
 0.         0.20417058 0.46604215 0.33129133]
deleted_not_scaled [7.000000e+00 0.000000e+00 3.093462e+03 7.849660e+05 1.280000e+03
 7.200000e+02 0.000000e+00 2.261000e+01 7.690000e-01 2.163100e+01
 7.000000e+00 0.000000e+00 3.085170e+03 7.840190e+05 1.280000e+03
 7.200000e+02 0.000000e+00 3.702500e+01 9.420000e-01 7.121700e+01
 7.000000e+00 0.000000e+00 3.081359e+03 7.842060e+05 1.280000e+03
 7.200000e+02 0.000000e+00 2.004200e+01 7.910000e-01 2.896200e+01
 7.000000e+00 0.000000e+00 3.075797e+03 7.839440e+05 1.280000e+03
 7.200000e+02 0.000000e+00 2.038000e+01 7.690000e-01 3.131200e+01
 8.500000e+01]
deleted_idx_col 965
query_origi 707
query_idx 787
deleted_scaled [0.41666667 0.         0.07723066 0.07739953 0.18181818 0.17171717
 0.         0.55843099 0.88139535 0.85380311 0.5        0.
 0.1079645  0.10704057 0.27272727 0.27272727 0.         0.45262846
 0.56829268 0.42710782 0.5        0.         0.11274983 0.11295863
 0.27272727 0.27272727 0.         0.22680781 0.11138614 0.36018021
 0.5        0.         0.10809861 0.10751068 0.27272727 0.27272727
 0.         0.24953845 0.15456674 0.32557795]
deleted_not_scaled [5.000000e+00 0.000000e+00 1.846783e+03 4.723150e+05 9.600000e+02
 5.200000e+02 0.000000e+00 3.968700e+01 9.490000e-01 8.239200e+01
 6.000000e+00 0.000000e+00 2.455474e+03 6.218490e+05 1.280000e+03
 7.200000e+02 0.000000e+00 2.890300e+01 8.200000e-01 3.960400e+01
 6.000000e+00 0.000000e+00 2.452849e+03 6.221040e+05 1.280000e+03
 7.200000e+02 0.000000e+00 2.187900e+01 6.360000e-01 3.261900e+01
 6.000000e+00 0.000000e+00 2.448539e+03 6.219290e+05 1.280000e+03
 7.200000e+02 0.000000e+00 2.187900e+01 6.360000e-01 3.077200e+01
 9.000000e+01]
deleted_idx_col 787
query_origi 731
query_idx 630
deleted_scaled [1.         0.         0.8275702  0.82674055 1.         1.
 1.         0.27228518 0.58372093 0.22115026 1.         0.
 0.90362401 0.90408065 1.         1.         1.         0.12287872
 0.36097561 0.11227703 1.         0.         0.85407914 0.86353009
 1.         1.         1.         0.22760517 0.58415842 0.0165741
 1.         0.         0.75991337 0.75383712 1.         1.
 1.         0.2296238  0.36065574 0.06032905]
deleted_not_scaled [1.2000000e+01 0.0000000e+00 1.6608215e+04 4.2350950e+06 3.8400000e+03
 2.1600000e+03 1.0000000e+00 2.6330000e+01 8.2100000e-01 2.1341000e+01
 1.2000000e+01 0.0000000e+00 1.8104861e+04 4.6235290e+06 3.8400000e+03
 2.1600000e+03 1.0000000e+00 1.7769000e+01 7.3500000e-01 1.0411000e+01
 1.2000000e+01 0.0000000e+00 1.6468117e+04 4.2117210e+06 3.8400000e+03
 2.1600000e+03 1.0000000e+00 2.1908000e+01 8.2700000e-01 1.5010000e+00
 1.2000000e+01 0.0000000e+00 1.5275719e+04 3.8685760e+06 3.8400000e+03
 2.1600000e+03 1.0000000e+00 2.1221000e+01 7.2400000e-01 5.7020000e+00
 2.8400000e+02]
deleted_idx_col 630
query_origi 731
query_idx 775
deleted_scaled [0.25       0.         0.02576206 0.02551772 0.05454545 0.05454545
 0.         0.24842006 0.73953488 0.12557513 0.33333333 0.
 0.04256803 0.0423933  0.09090909 0.09090909 0.         0.3805716
 0.76585366 0.25173091 0.33333333 0.         0.04485181 0.04512879
 0.09090909 0.09090909 0.         0.21710201 0.67574257 0.23368263
 0.33333333 0.         0.04284411 0.0428091  0.09090909 0.09090909
 0.         0.16385703 0.70725995 0.1507803 ]
deleted_not_scaled [3.000000e+00 0.000000e+00 8.342410e+02 2.117930e+05 5.120000e+02
 2.880000e+02 0.000000e+00 2.521600e+01 8.880000e-01 1.211800e+01
 4.000000e+00 0.000000e+00 1.169227e+03 2.972760e+05 6.400000e+02
 3.600000e+02 0.000000e+00 2.647000e+01 9.010000e-01 2.334200e+01
 4.000000e+00 0.000000e+00 1.169197e+03 2.977070e+05 6.400000e+02
 3.600000e+02 0.000000e+00 2.152600e+01 8.640000e-01 2.116300e+01
 4.000000e+00 0.000000e+00 1.164384e+03 2.969180e+05 6.400000e+02
 3.600000e+02 0.000000e+00 1.904800e+01 8.720000e-01 1.425100e+01
 1.680000e+02]
deleted_idx_col 775
query_origi 941
query_idx 136
deleted_scaled [1.         0.13702574 0.73168158 0.72984487 1.         1.
 1.         0.13072259 0.54418605 0.02379275 1.         0.1752333
 0.84922882 0.84838974 1.         1.         1.         0.84901525
 0.92439024 0.80133943 1.         0.08607532 0.86664902 0.87492828
 1.         1.         1.         0.31525983 0.78712871 0.07957996
 1.         0.         0.78058984 0.78215615 1.         1.
 1.         0.75058261 0.81498829 0.77810929]
deleted_not_scaled [1.20000000e+01 6.43814147e-01 1.47217980e+04 3.74853800e+06
 3.84000000e+03 2.16000000e+03 1.00000000e+00 1.97220000e+01
 8.04000000e-01 2.29600000e+00 1.20000000e+01 5.75036547e-01
 1.70349920e+04 4.34392300e+06 3.84000000e+03 2.16000000e+03
 1.00000000e+00 4.22870000e+01 9.66000000e-01 7.43050000e+01
 1.20000000e+01 4.23159964e-01 1.67057580e+04 4.26623300e+06
 3.84000000e+03 2.16000000e+03 1.00000000e+00 2.50960000e+01
 9.09000000e-01 7.20700000e+00 1.20000000e+01 0.00000000e+00
 1.56826150e+04 4.01082900e+06 3.84000000e+03 2.16000000e+03
 1.00000000e+00 3.84340000e+01 9.18000000e-01 7.35430000e+01
 1.85000000e+02]
deleted_idx_col 136
query_origi 265
query_idx 40
deleted_scaled [1.         0.09702738 0.69254668 0.68698476 1.         1.
 1.         0.08875511 0.59302326 0.00439378 1.         0.25182809
 0.81636486 0.81107166 1.         1.         1.         0.0748112
 0.4097561  0.02000518 1.         0.31773259 0.86481988 0.86828867
 1.         1.         1.         0.73610118 0.88118812 0.9886267
 1.         0.         0.88197491 0.87889846 1.         1.
 1.         0.17635665 0.70725995 0.10636407]
deleted_not_scaled [1.20000000e+01 4.55882214e-01 1.39518970e+04 3.53331800e+06
 3.84000000e+03 2.16000000e+03 1.00000000e+00 1.77630000e+01
 8.25000000e-01 4.24000000e-01 1.20000000e+01 8.26386072e-01
 1.63886090e+04 4.15656100e+06 3.84000000e+03 2.16000000e+03
 1.00000000e+00 1.61460000e+01 7.55000000e-01 1.85500000e+00
 1.20000000e+01 1.56202388e+00 1.66711770e+04 4.23447900e+06
 3.84000000e+03 2.16000000e+03 1.00000000e+00 4.04020000e+01
 9.47000000e-01 8.95330000e+01 1.20000000e+01 0.00000000e+00
 1.76777900e+04 4.49678800e+06 3.84000000e+03 2.16000000e+03
 1.00000000e+00 1.94610000e+01 8.72000000e-01 1.00530000e+01
 2.19000000e+02]
deleted_idx_col 40
query_origi 540
query_idx 956
deleted_scaled [0.91666667 0.         0.55408038 0.55491161 1.         1.
 0.         0.56423659 0.89767442 0.92324352 1.         0.
 0.79254346 0.78581789 1.         1.         1.         0.11091367
 0.55853659 0.06331557 0.91666667 0.         0.63165619 0.63289188
 1.         1.         0.         0.12719274 0.17821782 0.07808929
 0.91666667 0.         0.5727449  0.56958201 1.         1.
 0.         0.2093157  0.55503513 0.05887954]
deleted_not_scaled [1.1000000e+01 0.0000000e+00 1.1227849e+04 2.8701190e+06 3.8400000e+03
 2.1600000e+03 0.0000000e+00 3.9958000e+01 9.5600000e-01 8.9093000e+01
 1.2000000e+01 0.0000000e+00 1.5920079e+04 4.0297700e+06 3.8400000e+03
 2.1600000e+03 1.0000000e+00 1.7365000e+01 8.1600000e-01 5.8710000e+00
 1.1000000e+01 0.0000000e+00 1.2263080e+04 3.1086910e+06 3.8400000e+03
 2.1600000e+03 0.0000000e+00 1.8256000e+01 6.6300000e-01 7.0720000e+00
 1.1000000e+01 0.0000000e+00 1.1592397e+04 2.9430200e+06 3.8400000e+03
 2.1600000e+03 0.0000000e+00 2.0550000e+01 8.0700000e-01 5.5650000e+00
 2.4800000e+02]
deleted_idx_col 956
query_origi 411
query_idx 380
deleted_scaled [1.         0.29442365 0.769784   0.76323303 1.         1.
 1.         0.         0.4        0.16212435 1.         0.0738676
 0.87042927 0.86435412 1.         1.         1.         0.01839183
 0.37073171 0.20330867 1.         0.09440562 0.75978655 0.76282694
 1.         1.         1.         0.05628265 0.11138614 0.08926383
 1.         0.         0.80249375 0.79969167 1.         1.
 1.         0.15695651 0.11241218 0.09127652]
deleted_not_scaled [1.20000000e+01 1.38334674e+00 1.54713870e+04 3.91619500e+06
 3.84000000e+03 2.16000000e+03 1.00000000e+00 1.36200000e+01
 7.42000000e-01 1.56450000e+01 1.20000000e+01 2.42400105e-01
 1.74519720e+04 4.42407500e+06 3.84000000e+03 2.16000000e+03
 1.00000000e+00 1.42410000e+01 7.39000000e-01 1.88520000e+01
 1.20000000e+01 4.64113009e-01 1.46854600e+04 3.73010700e+06
 3.84000000e+03 2.16000000e+03 1.00000000e+00 1.56770000e+01
 6.36000000e-01 8.08400000e+00 1.20000000e+01 0.00000000e+00
 1.61136660e+04 4.09891400e+06 3.84000000e+03 2.16000000e+03
 1.00000000e+00 1.88200000e+01 6.18000000e-01 8.62700000e+00
 2.34000000e+02]
deleted_idx_col 380
query_origi 381
query_idx 273
deleted_scaled [1.         0.13586465 0.78359664 0.78124176 1.         1.
 1.         0.56667881 0.84883721 0.92832124 1.         0.14825281
 0.8156376  0.81442579 1.         1.         1.         0.2046794
 0.42926829 0.01231586 1.         0.03180562 0.92292269 0.93127294
 1.         1.         1.         0.12521309 0.44306931 0.06106246
 1.         0.         0.76560512 0.76675948 1.         1.
 1.         0.20250598 0.19672131 0.17704068]
deleted_not_scaled [1.20000000e+01 6.38358794e-01 1.57431230e+04 4.00662500e+06
 3.84000000e+03 2.16000000e+03 1.00000000e+00 4.00720000e+01
 9.35000000e-01 8.95830000e+01 1.20000000e+01 4.86498784e-01
 1.63743050e+04 4.17340100e+06 3.84000000e+03 2.16000000e+03
 1.00000000e+00 2.05310000e+01 7.63000000e-01 1.14200000e+00
 1.20000000e+01 1.56361491e-01 1.77696450e+04 4.53570200e+06
 3.84000000e+03 2.16000000e+03 1.00000000e+00 1.81840000e+01
 7.70000000e-01 5.53000000e+00 1.20000000e+01 0.00000000e+00
 1.53877280e+04 3.93348800e+06 3.84000000e+03 2.16000000e+03
 1.00000000e+00 2.03250000e+01 6.54000000e-01 1.67330000e+01
 1.02000000e+02]
deleted_idx_col 273
query_origi 714
query_idx 338
deleted_scaled [0.83333333 0.         0.3896914  0.38908447 0.63636364 0.63636364
 0.         0.04560937 0.53255814 0.15702591 0.83333333 0.
 0.42206718 0.42210232 0.63636364 0.63636364 0.         0.08417
 0.49512195 0.09880724 0.83333333 0.         0.39213048 0.39629927
 0.63636364 0.63636364 0.         0.71190542 0.89851485 0.96950189
 0.83333333 0.         0.39739049 0.39396078 0.63636364 0.63636364
 0.         0.11301111 0.57845433 0.05894302]
deleted_not_scaled [1.000000e+01 0.000000e+00 7.993824e+03 2.037426e+06 2.560000e+03
 1.440000e+03 0.000000e+00 1.574900e+01 7.990000e-01 1.515300e+01
 1.000000e+01 0.000000e+00 8.633386e+03 2.203672e+06 2.560000e+03
 1.440000e+03 0.000000e+00 1.646200e+01 7.900000e-01 9.162000e+00
 1.000000e+01 0.000000e+00 7.734705e+03 1.977184e+06 2.560000e+03
 1.440000e+03 0.000000e+00 3.952200e+01 9.540000e-01 8.780100e+01
 1.000000e+01 0.000000e+00 8.141566e+03 2.060834e+06 2.560000e+03
 1.440000e+03 0.000000e+00 1.736800e+01 8.170000e-01 5.571000e+00
 2.460000e+02]
deleted_idx_col 338
query_origi 245
query_idx 574
deleted_scaled [0.91666667 0.         0.57000759 0.5697133  1.         1.
 0.         0.02924227 0.2        0.11596891 0.91666667 0.
 0.56505575 0.56565212 1.         1.         0.         0.14295869
 0.38780488 0.02176304 1.         0.         1.         1.
 1.         1.         1.         0.77165246 0.88366337 1.
 0.91666667 0.         0.54587625 0.54175749 1.         1.
 0.         0.08686178 0.52693208 0.11360102]
deleted_not_scaled [1.1000000e+01 0.0000000e+00 1.1541185e+04 2.9444450e+06 3.8400000e+03
 2.1600000e+03 0.0000000e+00 1.4985000e+01 6.5600000e-01 1.1191000e+01
 1.1000000e+01 0.0000000e+00 1.1445749e+04 2.9243890e+06 3.8400000e+03
 2.1600000e+03 0.0000000e+00 1.8447000e+01 7.4600000e-01 2.0180000e+00
 1.2000000e+01 0.0000000e+00 1.9226837e+04 4.8643900e+06 3.8400000e+03
 2.1600000e+03 1.0000000e+00 4.1695000e+01 9.4800000e-01 9.0563000e+01
 1.1000000e+01 0.0000000e+00 1.1063644e+04 2.8032510e+06 3.8400000e+03
 2.1600000e+03 0.0000000e+00 1.6504000e+01 7.9500000e-01 1.0737000e+01
 2.3900000e+02]
deleted_idx_col 574
query_origi 747
query_idx 405
deleted_scaled [0.83333333 0.         0.39612646 0.39348878 0.63636364 0.63636364
 0.         0.05392146 0.43488372 0.0180829  0.83333333 0.
 0.41400457 0.41193019 0.63636364 0.63636364 0.         0.78208204
 0.87073171 0.9328128  0.83333333 0.         0.41192171 0.41417899
 0.63636364 0.63636364 0.         0.16037943 0.70049505 0.11110498
 0.83333333 0.         0.39342203 0.39263394 0.63636364 0.63636364
 0.         0.22420629 0.70023419 0.00849601]
deleted_not_scaled [1.000000e+01 0.000000e+00 8.120421e+03 2.059542e+06 2.560000e+03
 1.440000e+03 0.000000e+00 1.613700e+01 7.570000e-01 1.745000e+00
 1.000000e+01 0.000000e+00 8.474807e+03 2.152601e+06 2.560000e+03
 1.440000e+03 0.000000e+00 4.002700e+01 9.440000e-01 8.649600e+01
 1.000000e+01 0.000000e+00 8.108870e+03 2.062694e+06 2.560000e+03
 1.440000e+03 0.000000e+00 1.946300e+01 8.740000e-01 1.006200e+01
 1.000000e+01 0.000000e+00 8.063470e+03 2.054169e+06 2.560000e+03
 1.440000e+03 0.000000e+00 2.104200e+01 8.690000e-01 8.030000e-01
 2.200000e+02]
deleted_idx_col 405
query_origi 16
query_idx 528
deleted_scaled [0.33333333 0.         0.04267833 0.04240128 0.09090909 0.09090909
 0.         0.48062298 0.97906977 0.50648705 0.66666667 0.
 0.20648412 0.20587606 0.45454545 0.45454545 0.         0.94266252
 0.5804878  0.57192158 0.75       0.         0.28908085 0.29125991
 0.45454545 0.45454545 0.         0.14146274 0.38366337 0.36045626
 0.83333333 0.         0.35907899 0.35909438 0.63636364 0.63636364
 0.         0.03973851 0.44496487 0.16303232]
deleted_not_scaled [4.000000e+00 0.000000e+00 1.167035e+03 2.965730e+05 6.400000e+02
 3.600000e+02 0.000000e+00 3.605500e+01 9.910000e-01 4.887600e+01
 8.000000e+00 0.000000e+00 4.393202e+03 1.118070e+06 1.920000e+03
 1.080000e+03 0.000000e+00 4.544900e+01 8.250000e-01 5.303200e+01
 9.000000e+00 0.000000e+00 5.786491e+03 1.474832e+06 1.920000e+03
 1.080000e+03 0.000000e+00 1.877500e+01 7.460000e-01 3.264400e+01
 1.000000e+01 0.000000e+00 7.387627e+03 1.885692e+06 2.560000e+03
 1.440000e+03 0.000000e+00 1.494700e+01 7.600000e-01 1.540900e+01
 3.000000e+00]
deleted_idx_col 528
query_origi 592
query_idx 512
deleted_scaled [1.         0.         0.82901309 0.82652548 1.         1.
 1.         0.19274192 0.41395349 0.1333057  0.91666667 0.
 0.568473   0.5676393  1.         1.         0.         0.75205094
 0.86097561 0.90601342 0.91666667 0.         0.59103572 0.59639223
 1.         1.         0.         0.12930987 0.20792079 0.11357839
 1.         0.         0.8818089  0.8831312  1.         1.
 1.         0.05456857 0.16627635 0.16620642]
deleted_not_scaled [1.2000000e+01 0.0000000e+00 1.6636601e+04 4.2340150e+06 3.8400000e+03
 2.1600000e+03 1.0000000e+00 2.2617000e+01 7.4800000e-01 1.2864000e+01
 1.1000000e+01 0.0000000e+00 1.1512961e+04 2.9343660e+06 3.8400000e+03
 2.1600000e+03 0.0000000e+00 3.9013000e+01 9.4000000e-01 8.4011000e+01
 1.1000000e+01 0.0000000e+00 1.1495126e+04 2.9341310e+06 3.8400000e+03
 2.1600000e+03 0.0000000e+00 1.8333000e+01 6.7500000e-01 1.0286000e+01
 1.2000000e+01 0.0000000e+00 1.7674523e+04 4.5180500e+06 3.8400000e+03
 2.1600000e+03 1.0000000e+00 1.5437000e+01 6.4100000e-01 1.5709000e+01
 1.3200000e+02]
deleted_idx_col 512
query_origi 438
query_idx 251
deleted_scaled [0.66666667 0.26278744 0.20459978 0.20480351 0.45454545 0.45454545
 0.         0.08543456 0.24418605 0.27264249 0.66666667 0.
 0.20556468 0.20365226 0.45454545 0.45454545 0.         0.27415963
 0.49756098 0.25339171 0.58333333 0.08387504 0.14674549 0.14688076
 0.27272727 0.27272727 0.         0.17805884 0.3960396  0.00088336
 0.58333333 0.         0.14078351 0.13988089 0.27272727 0.27272727
 0.         0.38076935 0.56908665 0.08813416]
deleted_not_scaled [8.00000000e+00 1.23470434e+00 4.35251600e+03 1.11206800e+06
 1.92000000e+03 1.08000000e+03 0.00000000e+00 1.76080000e+01
 6.75000000e-01 2.63100000e+01 8.00000000e+00 0.00000000e+00
 4.37511800e+03 1.10690500e+06 1.92000000e+03 1.08000000e+03
 0.00000000e+00 2.28770000e+01 7.91000000e-01 2.34960000e+01
 7.00000000e+00 4.12343036e-01 3.09555700e+03 7.84337000e+05
 1.28000000e+03 7.20000000e+02 0.00000000e+00 2.01060000e+01
 7.51000000e-01 8.00000000e-02 7.00000000e+00 0.00000000e+00
 3.09175100e+03 7.84532000e+05 1.28000000e+03 7.20000000e+02
 0.00000000e+00 2.62150000e+01 8.13000000e-01 8.33000000e+00
 1.12000000e+02]
deleted_idx_col 251
query_origi 37
query_idx 834
deleted_scaled [0.58333333 0.         0.14043616 0.13957596 0.27272727 0.27272727
 0.         0.07840785 0.37906977 0.53332642 0.58333333 0.
 0.13990672 0.13934478 0.27272727 0.27272727 0.         0.05795943
 0.2195122  0.57939521 0.58333333 0.         0.14610557 0.14704574
 0.27272727 0.27272727 0.         0.04297498 0.15841584 0.4817972
 0.58333333 0.         0.13990878 0.13977637 0.27272727 0.27272727
 0.         0.06555492 0.19437939 0.43193144]
deleted_not_scaled [7.000000e+00 0.000000e+00 3.090225e+03 7.845310e+05 1.280000e+03
 7.200000e+02 0.000000e+00 1.728000e+01 7.330000e-01 5.146600e+01
 7.000000e+00 0.000000e+00 3.083728e+03 7.840380e+05 1.280000e+03
 7.200000e+02 0.000000e+00 1.557700e+01 6.770000e-01 5.372500e+01
 7.000000e+00 0.000000e+00 3.083459e+03 7.851260e+05 1.280000e+03
 7.200000e+02 0.000000e+00 1.519300e+01 6.550000e-01 4.363300e+01
 7.000000e+00 0.000000e+00 3.074537e+03 7.840070e+05 1.280000e+03
 7.200000e+02 0.000000e+00 1.580000e+01 6.530000e-01 4.082400e+01
 1.380000e+02]
deleted_idx_col 834
query_origi 942
query_idx 847
deleted_scaled [0.41666667 0.         0.07752594 0.07741864 0.18181818 0.17171717
 0.         0.04648771 0.19767442 0.12083938 0.41666667 0.
 0.07701269 0.07716072 0.18181818 0.17171717 0.         0.68757589
 0.83902439 0.72082264 0.5        0.         0.11158583 0.11293521
 0.27272727 0.27272727 0.         0.09488589 0.11386139 0.36195797
 0.58333333 0.         0.14655423 0.14529851 0.27272727 0.27272727
 0.         0.08540904 0.23419204 0.32937629]
deleted_not_scaled [5.000000e+00 0.000000e+00 1.852592e+03 4.724110e+05 9.600000e+02
 5.200000e+02 0.000000e+00 1.579000e+01 6.550000e-01 1.166100e+01
 5.000000e+00 0.000000e+00 1.846700e+03 4.718320e+05 9.600000e+02
 5.200000e+02 0.000000e+00 3.683600e+01 9.310000e-01 6.683900e+01
 6.000000e+00 0.000000e+00 2.430843e+03 6.219920e+05 1.280000e+03
 7.200000e+02 0.000000e+00 1.708100e+01 6.370000e-01 3.278000e+01
 7.000000e+00 0.000000e+00 3.205314e+03 8.117460e+05 1.280000e+03
 7.200000e+02 0.000000e+00 1.645600e+01 6.700000e-01 3.113100e+01
 1.410000e+02]
deleted_idx_col 847
query_origi 215
query_idx 215
deleted_scaled [0.         0.26687991 0.00185371 0.00184648 0.         0.
 0.         0.05499261 0.51162791 0.         0.         0.38049263
 0.00169795 0.00179498 0.         0.         0.         0.62093884
 0.9097561  0.10690637 0.         0.25961798 0.00249302 0.00238661
 0.         0.         0.         0.53112455 0.90346535 0.12577984
 0.         0.         0.00252678 0.00243071 0.         0.
 0.         0.50609848 0.81967213 0.08730889]
deleted_not_scaled [0.00000000e+00 1.25393275e+00 3.63892000e+02 9.29290000e+04
 3.20000000e+02 1.80000000e+02 0.00000000e+00 1.61870000e+01
 7.90000000e-01 0.00000000e+00 0.00000000e+00 1.24860500e+00
 3.65376000e+02 9.34450000e+04 3.20000000e+02 1.80000000e+02
 0.00000000e+00 3.45860000e+01 9.60000000e-01 9.91300000e+00
 0.00000000e+00 1.27632323e+00 3.68379000e+02 9.32920000e+04
 3.20000000e+02 1.80000000e+02 0.00000000e+00 3.29470000e+01
 9.56000000e-01 1.13910000e+01 0.00000000e+00 0.00000000e+00
 3.70972000e+02 9.40880000e+04 3.20000000e+02 1.80000000e+02
 0.00000000e+00 3.03560000e+01 9.20000000e-01 8.25200000e+00
 2.90000000e+01]
deleted_idx_col 215
query_origi 762
query_idx 902
deleted_scaled [0.25       1.         0.02684959 0.02649293 0.05454545 0.05454545
 0.         0.20523147 0.69069767 0.16088083 0.41666667 0.01066216
 0.08492897 0.08433645 0.18181818 0.17171717 0.         0.29326225
 0.64634146 0.13069689 0.         0.04051533 0.00115997 0.0011059
 0.         0.         0.         0.36651086 0.7450495  0.
 0.         0.         0.0024936  0.002453   0.         0.
 0.         0.44254109 0.78688525 0.        ]
deleted_not_scaled [3.00000000e+00 4.69849063e+00 8.55636000e+02 2.16690000e+05
 5.12000000e+02 2.88000000e+02 0.00000000e+00 2.32000000e+01
 8.67000000e-01 1.55250000e+01 5.00000000e+00 3.49883843e-02
 2.00240100e+03 5.07859000e+05 9.60000000e+02 5.20000000e+02
 0.00000000e+00 2.35220000e+01 8.52000000e-01 1.21190000e+01
 0.00000000e+00 1.99179802e-01 3.43177000e+02 8.71670000e+04
 3.20000000e+02 1.80000000e+02 0.00000000e+00 2.69600000e+01
 8.92000000e-01 0.00000000e+00 0.00000000e+00 0.00000000e+00
 3.70319000e+02 9.42000000e+04 3.20000000e+02 1.80000000e+02
 0.00000000e+00 2.82560000e+01 9.06000000e-01 0.00000000e+00
 4.60000000e+01]
deleted_idx_col 902
query_origi 722
query_idx 689
deleted_scaled [1.         0.15357874 0.81399164 0.81480217 1.         1.
 1.         0.10370831 0.40232558 0.02178238 1.         0.03557312
 0.96066848 0.95205446 1.         1.         1.         0.8314823
 0.8804878  0.97667321 1.         0.         0.83879895 0.84004724
 1.         1.         1.         0.07896618 0.50247525 0.11970672
 1.         0.         0.73262966 0.72823488 1.         1.
 1.         0.19878333 0.31147541 0.02644025]
deleted_not_scaled [1.20000000e+01 7.21588286e-01 1.63410840e+04 4.17514700e+06
 3.84000000e+03 2.16000000e+03 1.00000000e+00 1.84610000e+01
 7.43000000e-01 2.10200000e+00 1.20000000e+01 1.16734910e-01
 1.92268370e+04 4.86439000e+06 3.84000000e+03 2.16000000e+03
 1.00000000e+00 4.16950000e+01 9.48000000e-01 9.05630000e+01
 1.20000000e+01 0.00000000e+00 1.61792360e+04 4.09941400e+06
 3.84000000e+03 2.16000000e+03 1.00000000e+00 1.65020000e+01
 7.94000000e-01 1.08410000e+01 1.20000000e+01 0.00000000e+00
 1.47387980e+04 3.73997000e+06 3.84000000e+03 2.16000000e+03
 1.00000000e+00 2.02020000e+01 7.03000000e-01 2.49900000e+00
 2.40000000e+02]
deleted_idx_col 689
query_origi 874
query_idx 696
deleted_scaled [0.66666667 0.19164979 0.2051886  0.20419791 0.45454545 0.45454545
 0.         0.50440241 0.86976744 0.76343005 0.66666667 0.03952092
 0.20471611 0.20411335 0.45454545 0.45454545 0.         0.19001925
 0.49268293 0.3151004  0.41666667 0.1113555  0.08084302 0.08145238
 0.18181818 0.17171717 0.         0.18603244 0.44554455 0.33694776
 0.41666667 0.         0.07751664 0.07758473 0.18181818 0.17171717
 0.         0.26733452 0.61124122 0.41329948]
deleted_not_scaled [8.00000000e+00 9.00464727e-01 4.36410000e+03 1.10902700e+06
 1.92000000e+03 1.08000000e+03 0.00000000e+00 3.71650000e+01
 9.44000000e-01 7.36710000e+01 8.00000000e+00 1.29689818e-01
 4.35842800e+03 1.10922000e+06 1.92000000e+03 1.08000000e+03
 0.00000000e+00 2.00360000e+01 7.89000000e-01 2.92180000e+01
 5.00000000e+00 5.47441299e-01 1.84963200e+03 4.71425000e+05
 9.60000000e+02 5.20000000e+02 0.00000000e+00 2.03960000e+01
 7.71000000e-01 3.05150000e+01 5.00000000e+00 0.00000000e+00
 1.84671100e+03 4.71604000e+05 9.60000000e+02 5.20000000e+02
 0.00000000e+00 2.24670000e+01 8.31000000e-01 3.90630000e+01
 8.60000000e+01]
deleted_idx_col 696
query_origi 675
query_idx 461
deleted_scaled [0.58333333 0.         0.15259119 0.15257738 0.27272727 0.27272727
 0.         0.20985882 0.7        0.58972021 0.5        0.
 0.09802355 0.09824713 0.27272727 0.27272727 0.         0.14597956
 0.64634146 0.34469297 0.58333333 0.         0.15182605 0.15180265
 0.27272727 0.27272727 0.         0.         0.39108911 0.57683601
 0.58333333 0.         0.15423458 0.15308553 0.27272727 0.27272727
 0.         0.01894616 0.42388759 0.64567529]
deleted_not_scaled [7.000000e+00 0.000000e+00 3.329351e+03 8.498170e+05 1.280000e+03
 7.200000e+02 0.000000e+00 2.341600e+01 8.710000e-01 5.690800e+01
 6.000000e+00 0.000000e+00 2.259951e+03 5.777000e+05 1.280000e+03
 7.200000e+02 0.000000e+00 1.854900e+01 8.520000e-01 3.196200e+01
 7.000000e+00 0.000000e+00 3.191608e+03 8.078760e+05 1.280000e+03
 7.200000e+02 0.000000e+00 1.363000e+01 7.490000e-01 5.224000e+01
 7.000000e+00 0.000000e+00 3.356457e+03 8.508620e+05 1.280000e+03
 7.200000e+02 0.000000e+00 1.426000e+01 7.510000e-01 6.102600e+01
 2.320000e+02]
deleted_idx_col 461
query_origi 448
query_idx 252
deleted_scaled [1.         0.03074584 0.90113629 0.89888741 1.         1.
 1.         0.39818762 0.85116279 0.64818653 1.         0.06277161
 0.80491856 0.80412558 1.         1.         1.         0.37885384
 0.74634146 0.10037099 1.         0.48443365 0.86114551 0.86937241
 1.         1.         1.         0.32095133 0.72524752 0.0187825
 1.         0.         0.82152747 0.82317297 1.         1.
 1.         0.33410006 0.71662763 0.00300481]
deleted_not_scaled [1.20000000e+01 1.44459029e-01 1.80554810e+04 4.59737700e+06
 3.84000000e+03 2.16000000e+03 1.00000000e+00 3.22070000e+01
 9.36000000e-01 6.25500000e+01 1.20000000e+01 2.05988070e-01
 1.61634780e+04 4.12168700e+06 3.84000000e+03 2.16000000e+03
 1.00000000e+00 2.64120000e+01 8.93000000e-01 9.30700000e+00
 1.20000000e+01 2.38155277e+00 1.66017110e+04 4.23966200e+06
 3.84000000e+03 2.16000000e+03 1.00000000e+00 2.53030000e+01
 8.84000000e-01 1.70100000e+00 1.20000000e+01 0.00000000e+00
 1.64882340e+04 4.21686600e+06 3.84000000e+03 2.16000000e+03
 1.00000000e+00 2.46730000e+01 8.76000000e-01 2.84000000e-01
 7.20000000e+01]
deleted_idx_col 252
query_origi 810
query_idx 831
deleted_scaled [0.41666667 0.         0.07984739 0.07907633 0.18181818 0.17171717
 0.         0.32697787 0.58139535 0.55528497 0.41666667 0.
 0.07597799 0.07544303 0.18181818 0.17171717 0.         0.25031838
 0.13902439 0.33250652 0.41666667 0.         0.08128437 0.08155714
 0.18181818 0.17171717 0.         0.23172945 0.12871287 0.3197001
 0.41666667 0.         0.07801082 0.07770955 0.18181818 0.17171717
 0.         0.36103629 0.4941452  0.30358144]
deleted_not_scaled [5.000000e+00 0.000000e+00 1.898262e+03 4.807350e+05 9.600000e+02
 5.200000e+02 0.000000e+00 2.888300e+01 8.200000e-01 5.358500e+01
 5.000000e+00 0.000000e+00 1.826349e+03 4.632080e+05 9.600000e+02
 5.200000e+02 0.000000e+00 2.207200e+01 6.440000e-01 3.083200e+01
 5.000000e+00 0.000000e+00 1.857976e+03 4.719260e+05 9.600000e+02
 5.200000e+02 0.000000e+00 2.205800e+01 6.430000e-01 2.895300e+01
 5.000000e+00 0.000000e+00 1.856436e+03 4.722310e+05 9.600000e+02
 5.200000e+02 0.000000e+00 2.556300e+01 7.810000e-01 2.869300e+01
 9.100000e+01]
deleted_idx_col 831
query_origi 51
query_idx 991
deleted_scaled [0.91666667 0.         0.56746034 0.56773937 1.         1.
 0.         0.18284453 0.45348837 0.06115026 0.91666667 0.
 0.56658083 0.56775004 1.         1.         0.         0.62455205
 0.73414634 0.35643725 0.91666667 0.         0.62526226 0.62584976
 1.         1.         0.         0.3976904  0.67821782 0.10833343
 0.91666667 0.         0.57799187 0.57421847 1.         1.
 0.         0.45010744 0.68149883 0.04881765]
deleted_not_scaled [1.1000000e+01 0.0000000e+00 1.1491073e+04 2.9345330e+06 3.8400000e+03
 2.1600000e+03 0.0000000e+00 2.2155000e+01 7.6500000e-01 5.9010000e+00
 1.1000000e+01 0.0000000e+00 1.1475745e+04 2.9349220e+06 3.8400000e+03
 2.1600000e+03 0.0000000e+00 3.4708000e+01 8.8800000e-01 3.3051000e+01
 1.1000000e+01 0.0000000e+00 1.2142199e+04 3.0750120e+06 3.8400000e+03
 2.1600000e+03 0.0000000e+00 2.8094000e+01 8.6500000e-01 9.8110000e+00
 1.1000000e+01 0.0000000e+00 1.1695653e+04 2.9663100e+06 3.8400000e+03
 2.1600000e+03 0.0000000e+00 2.8506000e+01 8.6100000e-01 4.6140000e+00
 1.5700000e+02]
deleted_idx_col 991
query_origi 764
query_idx 995
deleted_scaled [0.91666667 0.         0.5682374  0.56765752 1.         1.
 0.         0.11298443 0.54186047 0.06062176 0.91666667 0.
 0.59659408 0.59691902 1.         1.         0.         0.07347845
 0.45365854 0.00140198 0.91666667 0.         0.59658355 0.60320288
 1.         1.         0.         0.60772615 0.92821782 0.48816846
 0.91666667 0.         0.59204006 0.58728316 1.         1.
 0.         0.58657426 0.90632319 0.4025816 ]
deleted_not_scaled [1.1000000e+01 0.0000000e+00 1.1506360e+04 2.9341220e+06 3.8400000e+03
 2.1600000e+03 0.0000000e+00 1.8894000e+01 8.0300000e-01 5.8500000e+00
 1.1000000e+01 0.0000000e+00 1.2066059e+04 3.0813700e+06 3.8400000e+03
 2.1600000e+03 0.0000000e+00 1.6101000e+01 7.7300000e-01 1.3000000e-01
 1.1000000e+01 0.0000000e+00 1.1600011e+04 2.9667030e+06 3.8400000e+03
 2.1600000e+03 0.0000000e+00 3.5733000e+01 9.6600000e-01 4.4210000e+01
 1.1000000e+01 0.0000000e+00 1.1972110e+04 3.0319370e+06 3.8400000e+03
 2.1600000e+03 0.0000000e+00 3.3015000e+01 9.5700000e-01 3.8050000e+01
 2.8000000e+01]
deleted_idx_col 995
query_origi 635
query_idx 346
deleted_scaled [9.16666667e-01 0.00000000e+00 5.91408287e-01 5.86041647e-01
 1.00000000e+00 1.00000000e+00 0.00000000e+00 2.02832109e-01
 6.90697674e-01 8.99481865e-03 9.16666667e-01 0.00000000e+00
 5.53520113e-01 5.49357497e-01 1.00000000e+00 1.00000000e+00
 0.00000000e+00 1.32977936e-01 4.95121951e-01 3.45102776e-04
 9.16666667e-01 0.00000000e+00 6.15005403e-01 6.16830653e-01
 1.00000000e+00 1.00000000e+00 0.00000000e+00 2.26477866e-01
 6.11386139e-01 3.64387222e-04 9.16666667e-01 0.00000000e+00
 5.87814990e-01 5.85162219e-01 1.00000000e+00 1.00000000e+00
 0.00000000e+00 2.77564238e-01 7.28337237e-01 0.00000000e+00]
deleted_not_scaled [1.1000000e+01 0.0000000e+00 1.1962201e+04 3.0264370e+06 3.8400000e+03
 2.1600000e+03 0.0000000e+00 2.3088000e+01 8.6700000e-01 8.6800000e-01
 1.1000000e+01 0.0000000e+00 1.1218861e+04 2.8425790e+06 3.8400000e+03
 2.1600000e+03 0.0000000e+00 1.8110000e+01 7.9000000e-01 3.2000000e-02
 1.1000000e+01 0.0000000e+00 1.1948287e+04 3.0318780e+06 3.8400000e+03
 2.1600000e+03 0.0000000e+00 2.1867000e+01 8.3800000e-01 3.3000000e-02
 1.1000000e+01 0.0000000e+00 1.1888964e+04 3.0212830e+06 3.8400000e+03
 2.1600000e+03 0.0000000e+00 2.2805000e+01 8.8100000e-01 0.0000000e+00
 2.1100000e+02]
deleted_idx_col 346
query_origi 523
query_idx 849
deleted_scaled [0.91666667 0.         0.54007932 0.53570959 1.         1.
 0.         0.19128516 0.4372093  0.02305699 0.91666667 0.
 0.57150384 0.5677843  1.         1.         0.         0.43278543
 0.57317073 0.08088346 0.91666667 0.         0.59404298 0.59640729
 1.         1.         0.         0.3371185  0.48514851 0.0076963
 0.91666667 0.         0.5699082  0.56790898 1.         1.
 0.         0.17072728 0.37704918 0.07522615]
deleted_not_scaled [1.1000000e+01 0.0000000e+00 1.0952406e+04 2.7736970e+06 3.8400000e+03
 2.1600000e+03 0.0000000e+00 2.2549000e+01 7.5800000e-01 2.2250000e+00
 1.1000000e+01 0.0000000e+00 1.1572573e+04 2.9350940e+06 3.8400000e+03
 2.1600000e+03 0.0000000e+00 2.8233000e+01 8.2200000e-01 7.5000000e+00
 1.1000000e+01 0.0000000e+00 1.1551980e+04 2.9342030e+06 3.8400000e+03
 2.1600000e+03 0.0000000e+00 2.5891000e+01 7.8700000e-01 6.9700000e-01
 1.1000000e+01 0.0000000e+00 1.1536573e+04 2.9346160e+06 3.8400000e+03
 2.1600000e+03 0.0000000e+00 1.9275000e+01 7.3100000e-01 7.1100000e+00
 7.6000000e+01]
deleted_idx_col 849
query_origi 797
query_idx 465
deleted_scaled [0.91666667 0.         0.60319103 0.60136331 1.         1.
 0.         0.05636368 0.41860465 0.04984456 0.91666667 0.
 0.51625688 0.51550309 1.         1.         0.         0.28366652
 0.33170732 0.15100403 0.91666667 0.         0.64053076 0.64633377
 1.         1.         0.         0.28814957 0.72277228 0.40400605
 0.91666667 0.         0.57987528 0.58076127 1.         1.
 0.         0.14817953 0.64637002 0.06720626]
deleted_not_scaled [1.1000000e+01 0.0000000e+00 1.2194003e+04 3.1033740e+06 3.8400000e+03
 2.1600000e+03 0.0000000e+00 1.6251000e+01 7.5000000e-01 4.8100000e+00
 1.1000000e+01 0.0000000e+00 1.0485951e+04 2.6726070e+06 3.8400000e+03
 2.1600000e+03 0.0000000e+00 2.3198000e+01 7.2300000e-01 1.4002000e+01
 1.1000000e+01 0.0000000e+00 1.2430859e+04 3.1729770e+06 3.8400000e+03
 2.1600000e+03 0.0000000e+00 2.4110000e+01 8.8300000e-01 3.6588000e+01
 1.1000000e+01 0.0000000e+00 1.1732717e+04 2.9991760e+06 3.8400000e+03
 2.1600000e+03 0.0000000e+00 1.8530000e+01 8.4600000e-01 6.3520000e+00
 2.3000000e+02]
deleted_idx_col 465
query_origi 54
query_idx 538
deleted_scaled [1.         0.         0.72983448 0.72617442 1.         1.
 1.         0.04406693 0.15348837 0.08377202 1.         0.
 0.80238597 0.79958974 1.         1.         1.         0.15400563
 0.07560976 0.09303755 0.91666667 0.         0.59234787 0.59651183
 1.         1.         0.         0.1737421  0.12376238 0.09514923
 1.         0.         0.83887743 0.83846254 1.         1.
 1.         0.040707   0.18969555 0.12046765]
deleted_not_scaled [1.2000000e+01 0.0000000e+00 1.4685460e+04 3.7301070e+06 3.8400000e+03
 2.1600000e+03 1.0000000e+00 1.5677000e+01 6.3600000e-01 8.0840000e+00
 1.2000000e+01 0.0000000e+00 1.6113666e+04 4.0989140e+06 3.8400000e+03
 2.1600000e+03 1.0000000e+00 1.8820000e+01 6.1800000e-01 8.6270000e+00
 1.1000000e+01 0.0000000e+00 1.1519933e+04 2.9347030e+06 3.8400000e+03
 2.1600000e+03 0.0000000e+00 1.9949000e+01 6.4100000e-01 8.6170000e+00
 1.2000000e+01 0.0000000e+00 1.6829667e+04 4.2936690e+06 3.8400000e+03
 2.1600000e+03 1.0000000e+00 1.4979000e+01 6.5100000e-01 1.1386000e+01
 2.3600000e+02]
deleted_idx_col 538
query_origi 23
query_idx 463
deleted_scaled [1.         0.         0.83411185 0.82660971 1.         1.
 1.         0.23646608 0.55813953 0.04356477 0.91666667 0.
 0.57196982 0.56767057 1.         1.         0.         0.26779209
 0.4804878  0.01467765 1.         0.         0.86579768 0.86839803
 1.         1.         1.         0.24844652 0.42574257 0.02938286
 0.91666667 0.         0.57037356 0.5677981  1.         1.
 0.         0.71626161 0.88056206 0.68819764]
deleted_not_scaled [1.2000000e+01 0.0000000e+00 1.6736909e+04 4.2344380e+06 3.8400000e+03
 2.1600000e+03 1.0000000e+00 2.4658000e+01 8.1000000e-01 4.2040000e+00
 1.1000000e+01 0.0000000e+00 1.1581738e+04 2.9345230e+06 3.8400000e+03
 2.1600000e+03 0.0000000e+00 2.2662000e+01 7.8400000e-01 1.3610000e+00
 1.2000000e+01 0.0000000e+00 1.6689663e+04 4.2350020e+06 3.8400000e+03
 2.1600000e+03 1.0000000e+00 2.2666000e+01 7.6300000e-01 2.6610000e+00
 1.1000000e+01 0.0000000e+00 1.1545731e+04 2.9340590e+06 3.8400000e+03
 2.1600000e+03 0.0000000e+00 3.7300000e+01 9.4600000e-01 6.5045000e+01
 8.3000000e+01]
deleted_idx_col 463
query_origi 199
query_idx 810
deleted_scaled [0.91666667 0.         0.56986191 0.56784432 1.         1.
 0.         0.31403843 0.81162791 0.35033161 0.91666667 0.
 0.56888437 0.56776319 1.         1.         0.         0.41688139
 0.78536585 0.24167979 0.91666667 0.         0.59114368 0.59650117
 1.         1.         0.         0.28715975 0.61633663 0.
 0.91666667 0.         0.5670036  0.56787096 1.         1.
 0.         0.33836748 0.67447307 0.        ]
deleted_not_scaled [1.1000000e+01 0.0000000e+00 1.1538319e+04 2.9350600e+06 3.8400000e+03
 2.1600000e+03 0.0000000e+00 2.8279000e+01 9.1900000e-01 3.3807000e+01
 1.1000000e+01 0.0000000e+00 1.1521052e+04 2.9349880e+06 3.8400000e+03
 2.1600000e+03 0.0000000e+00 2.7696000e+01 9.0900000e-01 2.2410000e+01
 1.1000000e+01 0.0000000e+00 1.1497167e+04 2.9346520e+06 3.8400000e+03
 2.1600000e+03 0.0000000e+00 2.4074000e+01 8.4000000e-01 0.0000000e+00
 1.1000000e+01 0.0000000e+00 1.1479413e+04 2.9344250e+06 3.8400000e+03
 2.1600000e+03 0.0000000e+00 2.4814000e+01 8.5800000e-01 0.0000000e+00
 4.9000000e+01]
deleted_idx_col 810
query_origi 78
query_idx 377
deleted_scaled [0.91666667 0.         0.55408038 0.55491161 1.         1.
 0.         0.56423659 0.89767442 0.92324352 0.91666667 0.
 0.54045365 0.53584199 1.         1.         0.         0.11103213
 0.55853659 0.06168712 0.91666667 0.         0.63165619 0.63289188
 1.         1.         0.         0.12719274 0.17821782 0.07808929
 0.91666667 0.         0.5727449  0.56958201 1.         1.
 0.         0.2093157  0.55503513 0.05887954]
deleted_not_scaled [1.1000000e+01 0.0000000e+00 1.1227849e+04 2.8701190e+06 3.8400000e+03
 2.1600000e+03 0.0000000e+00 3.9958000e+01 9.5600000e-01 8.9093000e+01
 1.1000000e+01 0.0000000e+00 1.0961864e+04 2.7747220e+06 3.8400000e+03
 2.1600000e+03 0.0000000e+00 1.7369000e+01 8.1600000e-01 5.7200000e+00
 1.1000000e+01 0.0000000e+00 1.2263080e+04 3.1086910e+06 3.8400000e+03
 2.1600000e+03 0.0000000e+00 1.8256000e+01 6.6300000e-01 7.0720000e+00
 1.1000000e+01 0.0000000e+00 1.1592397e+04 2.9430200e+06 3.8400000e+03
 2.1600000e+03 0.0000000e+00 2.0550000e+01 8.0700000e-01 5.5650000e+00
 2.4800000e+02]
deleted_idx_col 377
query_origi 32
query_idx 878
deleted_scaled [0.91666667 0.         0.56892733 0.56777323 1.         1.
 0.         0.1355856  0.16511628 0.08929534 0.91666667 0.
 0.56990799 0.5696468  1.         1.         0.         0.04042648
 0.16829268 0.12068891 0.91666667 0.         0.58842395 0.59435523
 1.         1.         0.         0.13244432 0.38366337 0.02228283
 0.91666667 0.         0.65514666 0.64923612 1.         1.
 0.         0.82833449 0.87587822 0.927165  ]
deleted_not_scaled [1.1000000e+01 0.0000000e+00 1.1519933e+04 2.9347030e+06 3.8400000e+03
 2.1600000e+03 0.0000000e+00 1.9949000e+01 6.4100000e-01 8.6170000e+00
 1.1000000e+01 0.0000000e+00 1.1541185e+04 2.9444450e+06 3.8400000e+03
 2.1600000e+03 0.0000000e+00 1.4985000e+01 6.5600000e-01 1.1191000e+01
 1.1000000e+01 0.0000000e+00 1.1445749e+04 2.9243890e+06 3.8400000e+03
 2.1600000e+03 0.0000000e+00 1.8447000e+01 7.4600000e-01 2.0180000e+00
 1.1000000e+01 0.0000000e+00 1.3213996e+04 3.3431410e+06 3.8400000e+03
 2.1600000e+03 0.0000000e+00 4.1003000e+01 9.4400000e-01 8.7631000e+01
 2.3800000e+02]
deleted_idx_col 878
query_origi 437
query_idx 737
deleted_scaled [1.         0.         0.80946818 0.80380117 1.         1.
 1.         0.19940444 0.66976744 0.03418653 0.91666667 0.
 0.57094706 0.56780681 1.         1.         0.         0.58963424
 0.9097561  0.51528158 1.         0.         0.86394278 0.86827864
 1.         1.         1.         0.22708276 0.35643564 0.06525844
 0.91666667 0.         0.56931249 0.56788887 1.         1.
 0.         0.22441815 0.31147541 0.04756917]
deleted_not_scaled [1.2000000e+01 0.0000000e+00 1.6252094e+04 4.1199060e+06 3.8400000e+03
 2.1600000e+03 1.0000000e+00 2.2928000e+01 8.5800000e-01 3.2990000e+00
 1.1000000e+01 0.0000000e+00 1.1561622e+04 2.9352070e+06 3.8400000e+03
 2.1600000e+03 0.0000000e+00 3.3529000e+01 9.6000000e-01 4.7780000e+01
 1.2000000e+01 0.0000000e+00 1.6654595e+04 4.2344310e+06 3.8400000e+03
 2.1600000e+03 1.0000000e+00 2.1889000e+01 7.3500000e-01 5.9100000e+00
 1.1000000e+01 0.0000000e+00 1.1524850e+04 2.9345150e+06 3.8400000e+03
 2.1600000e+03 0.0000000e+00 2.1049000e+01 7.0300000e-01 4.4960000e+00
 2.8000000e+02]
deleted_idx_col 737
query_origi 841
query_idx 638
deleted_scaled [0.         0.         0.00177802 0.00159934 0.         0.
 0.         0.74395338 0.99302326 0.67647668 0.08333333 0.
 0.00881    0.0086815  0.01818182 0.01818182 0.         0.58394788
 0.99268293 0.16319048 0.25       0.         0.02925595 0.02927081
 0.05454545 0.05454545 0.         0.69477591 0.99009901 0.52422071
 0.33333333 0.         0.04297882 0.04274042 0.09090909 0.09090909
 0.         0.67858116 0.98594848 0.51712427]
deleted_not_scaled [0.000000e+00 0.000000e+00 3.624030e+02 9.168800e+04 3.200000e+02
 1.800000e+02 0.000000e+00 4.834700e+01 9.970000e-01 6.528000e+01
 1.000000e+00 0.000000e+00 5.052590e+02 1.280200e+05 3.840000e+02
 2.160000e+02 0.000000e+00 3.333700e+01 9.940000e-01 1.513200e+01
 3.000000e+00 0.000000e+00 8.743480e+02 2.218660e+05 5.120000e+02
 2.880000e+02 0.000000e+00 3.889900e+01 9.910000e-01 4.747500e+01
 4.000000e+00 0.000000e+00 1.167035e+03 2.965730e+05 6.400000e+02
 3.600000e+02 0.000000e+00 3.605500e+01 9.910000e-01 4.887600e+01
 0.000000e+00]
deleted_idx_col 638
query_origi 744
query_idx 776
deleted_scaled [0.33333333 0.         0.04289426 0.04244131 0.09090909 0.09090909
 0.         0.48019452 0.98837209 0.66275648 0.33333333 0.
 0.04260438 0.04231303 0.09090909 0.09090909 0.         0.75761884
 0.98780488 0.5705843  0.41666667 0.         0.08116086 0.08148166
 0.18181818 0.17171717 0.         0.72205114 1.         0.766483
 0.41666667 0.         0.07852075 0.07826417 0.18181818 0.17171717
 0.         0.72325293 0.61124122 0.54498228]
deleted_not_scaled [4.000000e+00 0.000000e+00 1.171283e+03 2.967740e+05 6.400000e+02
 3.600000e+02 0.000000e+00 3.603500e+01 9.950000e-01 6.395600e+01
 4.000000e+00 0.000000e+00 1.169942e+03 2.968730e+05 6.400000e+02
 3.600000e+02 0.000000e+00 3.920100e+01 9.920000e-01 5.290800e+01
 5.000000e+00 0.000000e+00 1.855641e+03 4.715650e+05 9.600000e+02
 5.200000e+02 0.000000e+00 3.989100e+01 9.950000e-01 6.941500e+01
 5.000000e+00 0.000000e+00 1.866471e+03 4.750170e+05 9.600000e+02
 5.200000e+02 0.000000e+00 3.753100e+01 8.310000e-01 5.150900e+01
 1.000000e+00]
deleted_idx_col 776
query_origi 350
query_idx 583
deleted_scaled [0.33333333 0.         0.04258445 0.04242378 0.09090909 0.09090909
 0.         0.03421239 0.21395349 0.43318135 0.33333333 0.
 0.04241987 0.04241998 0.09090909 0.09090909 0.         0.06394195
 0.17560976 0.4141449  0.33333333 0.         0.04445786 0.04494479
 0.09090909 0.09090909 0.         0.58831454 0.81435644 0.67249318
 0.33333333 0.         0.04265528 0.04282264 0.09090909 0.09090909
 0.         0.10623165 0.17330211 0.32232979]
deleted_not_scaled [4.000000e+00 0.000000e+00 1.165188e+03 2.966860e+05 6.400000e+02
 3.600000e+02 0.000000e+00 1.521700e+01 6.620000e-01 4.180200e+01
 4.000000e+00 0.000000e+00 1.166313e+03 2.974100e+05 6.400000e+02
 3.600000e+02 0.000000e+00 1.577900e+01 6.590000e-01 3.840200e+01
 4.000000e+00 0.000000e+00 1.161749e+03 2.968270e+05 6.400000e+02
 3.600000e+02 0.000000e+00 3.502700e+01 9.200000e-01 6.090300e+01
 4.000000e+00 0.000000e+00 1.160668e+03 2.969860e+05 6.400000e+02
 3.600000e+02 0.000000e+00 1.714400e+01 6.440000e-01 3.046500e+01
 1.400000e+02]
deleted_idx_col 583
query_origi 123
query_idx 909
deleted_scaled [0.         0.         0.00177802 0.00159934 0.         0.
 0.         0.74395338 0.99302326 0.67647668 0.41666667 0.
 0.07778687 0.07714758 0.18181818 0.17171717 0.         0.70451651
 0.99756098 0.84936264 0.58333333 0.         0.14651206 0.14688933
 0.27272727 0.27272727 0.         1.         1.         0.7411084
 0.58333333 0.         0.14046088 0.13979051 0.27272727 0.27272727
 0.         0.93323447 1.         0.86506904]
deleted_not_scaled [0.000000e+00 0.000000e+00 3.624030e+02 9.168800e+04 3.200000e+02
 1.800000e+02 0.000000e+00 4.834700e+01 9.970000e-01 6.528000e+01
 5.000000e+00 0.000000e+00 1.861927e+03 4.717660e+05 9.600000e+02
 5.200000e+02 0.000000e+00 3.740800e+01 9.960000e-01 7.875800e+01
 7.000000e+00 0.000000e+00 3.091144e+03 7.843780e+05 1.280000e+03
 7.200000e+02 0.000000e+00 5.000000e+01 9.950000e-01 6.711700e+01
 7.000000e+00 0.000000e+00 3.085402e+03 7.840780e+05 1.280000e+03
 7.200000e+02 0.000000e+00 4.446900e+01 9.970000e-01 8.176200e+01
 0.000000e+00]
deleted_idx_col 909
query_origi 592
query_idx 305
deleted_scaled [0.41666667 0.         0.06890854 0.06893524 0.18181818 0.17171717
 0.         0.2447139  0.80232558 0.26504663 0.58333333 0.
 0.12919037 0.12952937 0.27272727 0.27272727 0.         0.65763364
 0.79512195 0.69353795 0.5        0.         0.1128818  0.11289841
 0.27272727 0.27272727 0.         0.13959307 0.41584158 0.26812274
 0.58333333 0.         0.14087477 0.13989462 0.27272727 0.27272727
 0.         0.88983384 0.94847775 0.81813469]
deleted_not_scaled [5.000000e+00 0.000000e+00 1.683062e+03 4.298120e+05 9.600000e+02
 5.200000e+02 0.000000e+00 2.504300e+01 9.150000e-01 2.557700e+01
 7.000000e+00 0.000000e+00 2.872954e+03 7.347580e+05 1.280000e+03
 7.200000e+02 0.000000e+00 3.582500e+01 9.130000e-01 6.430900e+01
 6.000000e+00 0.000000e+00 2.455344e+03 6.218160e+05 1.280000e+03
 7.200000e+02 0.000000e+00 1.870700e+01 7.590000e-01 2.428200e+01
 7.000000e+00 0.000000e+00 3.093547e+03 7.846010e+05 1.280000e+03
 7.200000e+02 0.000000e+00 4.303500e+01 9.750000e-01 7.732600e+01
 1.870000e+02]
deleted_idx_col 305
query_origi 659
query_idx 99
deleted_scaled [0.33333333 0.         0.04698002 0.04677751 0.09090909 0.09090909
 0.         0.48312946 0.79767442 0.66814508 0.33333333 0.
 0.03804403 0.03802177 0.09090909 0.09090909 0.         0.15412409
 0.35365854 0.3700688  0.33333333 0.3068243  0.04455661 0.04498368
 0.09090909 0.09090909 0.         0.09103657 0.35148515 0.33052129
 0.33333333 0.         0.0431797  0.04329007 0.09090909 0.09090909
 0.         0.04397567 0.38407494 0.20538539]
deleted_not_scaled [4.00000000e+00 0.00000000e+00 1.25166200e+03 3.18548000e+05
 6.40000000e+02 3.60000000e+02 0.00000000e+00 3.61720000e+01
 9.13000000e-01 6.44760000e+01 4.00000000e+00 0.00000000e+00
 1.08024700e+03 2.75328000e+05 6.40000000e+02 3.60000000e+02
 0.00000000e+00 1.88240000e+01 7.32000000e-01 3.43150000e+01
 4.00000000e+00 1.50839697e+00 1.16361600e+03 2.97013000e+05
 6.40000000e+02 3.60000000e+02 0.00000000e+00 1.69410000e+01
 7.33000000e-01 2.99330000e+01 4.00000000e+00 0.00000000e+00
 1.17098800e+03 2.99334000e+05 6.40000000e+02 3.60000000e+02
 0.00000000e+00 1.50870000e+01 7.34000000e-01 1.94120000e+01
 2.60000000e+02]
deleted_idx_col 99
query_origi 246
query_idx 267
deleted_scaled [0.         0.06355588 0.00226661 0.00225035 0.         0.
 0.         0.05839885 0.54418605 0.06873575 0.         0.11253251
 0.00168554 0.00177347 0.         0.         0.         0.47605509
 0.70243902 0.11304273 0.         0.11637707 0.00238517 0.0022691
 0.         0.         0.         0.10505911 0.58910891 0.03816128
 0.         0.         0.0026339  0.00252786 0.         0.
 0.         0.15274961 0.33021077 0.02509655]
deleted_not_scaled [0.00000000e+00 2.98616716e-01 3.72015000e+02 9.49570000e+04
 3.20000000e+02 1.80000000e+02 0.00000000e+00 1.63460000e+01
 8.04000000e-01 6.63300000e+00 0.00000000e+00 3.69280874e-01
 3.65132000e+02 9.33370000e+04 3.20000000e+02 1.80000000e+02
 0.00000000e+00 2.96940000e+01 8.75000000e-01 1.04820000e+01
 0.00000000e+00 5.72128146e-01 3.66340000e+02 9.27300000e+04
 3.20000000e+02 1.80000000e+02 0.00000000e+00 1.74510000e+01
 8.29000000e-01 3.45600000e+00 0.00000000e+00 0.00000000e+00
 3.73080000e+02 9.45760000e+04 3.20000000e+02 1.80000000e+02
 0.00000000e+00 1.86810000e+01 7.11000000e-01 2.37200000e+00
 2.47000000e+02]
deleted_idx_col 267
query_origi 736
query_idx 820
deleted_scaled [0.25       0.         0.02482798 0.02446683 0.05454545 0.05454545
 0.         0.0696673  0.20930233 0.41202073 0.5        0.
 0.11879357 0.11791699 0.27272727 0.27272727 0.         0.04140382
 0.         0.27071156 0.25       0.         0.02461161 0.02463266
 0.05454545 0.05454545 0.         0.08446522 0.35643564 0.23097733
 0.5        0.         0.11834274 0.11783631 0.27272727 0.27272727
 0.         0.1294755  0.47775176 0.22252553]
deleted_not_scaled [3.000000e+00 0.000000e+00 8.158650e+02 2.065160e+05 5.120000e+02
 2.880000e+02 0.000000e+00 1.687200e+01 6.600000e-01 3.976000e+01
 6.000000e+00 0.000000e+00 2.668465e+03 6.764560e+05 1.280000e+03
 7.200000e+02 0.000000e+00 1.501800e+01 5.870000e-01 2.510200e+01
 3.000000e+00 0.000000e+00 7.865440e+02 1.996840e+05 5.120000e+02
 2.880000e+02 0.000000e+00 1.670200e+01 7.350000e-01 2.091800e+01
 6.000000e+00 0.000000e+00 2.650135e+03 6.737970e+05 1.280000e+03
 7.200000e+02 0.000000e+00 1.791200e+01 7.740000e-01 2.103200e+01
 2.300000e+01]
deleted_idx_col 820
