query_origi 8
query_idx 12
deleted_scaled [1.66666667e-01 0.00000000e+00 1.81388678e-02 1.81228457e-02
 5.45454545e-02 5.45454545e-02 0.00000000e+00 5.45834315e-01
 8.81395349e-01 5.06466321e-01 8.33333333e-02 4.45394773e-01
 8.67475709e-03 8.77252386e-03 1.81818182e-02 1.81818182e-02
 0.00000000e+00 3.05641937e-01 7.53658537e-01 0.00000000e+00
 8.33333333e-02 0.00000000e+00 1.12787805e-02 1.11681894e-02
 1.81818182e-02 1.81818182e-02 0.00000000e+00 2.25570525e-01
 7.10396040e-01 0.00000000e+00 0.00000000e+00 0.00000000e+00
 1.92873890e-03 1.82750903e-03 0.00000000e+00 0.00000000e+00
 0.00000000e+00 2.79561757e-01 7.21311475e-01 2.11606623e-05]
deleted_not_scaled [2.00000000e+00 0.00000000e+00 6.84270000e+02 1.74660000e+05
 5.12000000e+02 2.88000000e+02 0.00000000e+00 3.90990000e+01
 9.49000000e-01 4.88740000e+01 1.00000000e+00 1.46158451e+00
 5.02599000e+02 1.28477000e+05 3.84000000e+02 2.16000000e+02
 0.00000000e+00 2.39400000e+01 8.96000000e-01 0.00000000e+00
 1.00000000e+00 0.00000000e+00 5.34479000e+02 1.35290000e+05
 3.84000000e+02 2.16000000e+02 0.00000000e+00 2.18340000e+01
 8.78000000e-01 0.00000000e+00 0.00000000e+00 0.00000000e+00
 3.59203000e+02 9.10580000e+04 3.20000000e+02 1.80000000e+02
 0.00000000e+00 2.28710000e+01 8.78000000e-01 2.00000000e-03
 2.77000000e+02]
deleted_idx_col 12
query_origi 634
query_idx 96
deleted_scaled [1.         0.06823407 0.83214581 0.82673936 1.         1.
 1.         0.31262452 0.58372093 0.07807254 1.         0.16071157
 0.83067575 0.82653571 1.         1.         1.         0.36306827
 0.48292683 0.00786187 1.         0.13351528 0.86354877 0.86831774
 1.         1.         1.         0.15515535 0.34405941 0.07892848
 1.         0.         0.8283464  0.82669601 1.         1.
 1.         0.25550074 0.54098361 0.13796752]
deleted_not_scaled [1.20000000e+01 3.20597144e-01 1.66982310e+04 4.23508900e+06
 3.84000000e+03 2.16000000e+03 1.00000000e+00 2.82130000e+01
 8.21000000e-01 7.53400000e+00 1.20000000e+01 5.27382807e-01
 1.66700820e+04 4.23420100e+06 3.84000000e+03 2.16000000e+03
 1.00000000e+00 2.58790000e+01 7.85000000e-01 7.29000000e-01
 1.20000000e+01 6.56382343e-01 1.66471460e+04 4.23461800e+06
 3.84000000e+03 2.16000000e+03 1.00000000e+00 1.92730000e+01
 7.30000000e-01 7.14800000e+00 1.20000000e+01 0.00000000e+00
 1.66224250e+04 4.23456300e+06 3.84000000e+03 2.16000000e+03
 1.00000000e+00 2.20760000e+01 8.01000000e-01 1.30400000e+01
 7.70000000e+01]
deleted_idx_col 96
query_origi 424
query_idx 447
deleted_scaled [0.41666667 0.         0.07626492 0.07624986 0.18181818 0.17171717
 0.         0.05998415 0.26976744 0.00592746 0.41666667 0.
 0.07720106 0.07739535 0.18181818 0.17171717 0.         0.18311861
 0.26829268 0.01847378 0.5        0.         0.11298563 0.11293814
 0.27272727 0.27272727 0.         0.10478416 0.43811881 0.22693595
 0.58333333 0.         0.14092483 0.13986735 0.27272727 0.27272727
 0.         0.20120456 0.70257611 0.13476168]
deleted_not_scaled [5.000000e+00 0.000000e+00 1.827784e+03 4.665420e+05 9.600000e+02
 5.200000e+02 0.000000e+00 1.642000e+01 6.860000e-01 5.720000e-01
 5.000000e+00 0.000000e+00 1.850405e+03 4.730100e+05 9.600000e+02
 5.200000e+02 0.000000e+00 1.980300e+01 6.970000e-01 1.713000e+00
 6.000000e+00 0.000000e+00 2.457307e+03 6.220060e+05 1.280000e+03
 7.200000e+02 0.000000e+00 1.744100e+01 7.680000e-01 2.055200e+01
 7.000000e+00 0.000000e+00 3.094532e+03 7.844640e+05 1.280000e+03
 7.200000e+02 0.000000e+00 2.028200e+01 8.700000e-01 1.273700e+01
 1.490000e+02]
deleted_idx_col 447
query_origi 830
query_idx 565
deleted_scaled [0.25       0.         0.03174126 0.03160699 0.05454545 0.05454545
 0.         0.12817327 0.60930233 0.16746114 0.16666667 0.
 0.01596186 0.01598948 0.05454545 0.05454545 0.         0.18122316
 0.60487805 0.19491836 0.25       0.         0.02733086 0.02764635
 0.05454545 0.05454545 0.         0.17970855 0.63118812 0.1939313
 0.25       0.         0.02889511 0.02902912 0.05454545 0.05454545
 0.         0.30292667 0.67213115 0.24516743]
deleted_not_scaled [3.00000e+00 0.00000e+00 9.51870e+02 2.42370e+05 5.12000e+02 2.88000e+02
 0.00000e+00 1.96030e+01 8.32000e-01 1.61600e+01 2.00000e+00 0.00000e+00
 6.45925e+02 1.64711e+05 5.12000e+02 2.88000e+02 0.00000e+00 1.97390e+01
 8.35000e-01 1.80740e+01 3.00000e+00 0.00000e+00 8.37953e+02 2.14097e+05
 5.12000e+02 2.88000e+02 0.00000e+00 2.01660e+01 8.46000e-01 1.75630e+01
 3.00000e+00 0.00000e+00 8.89879e+02 2.27698e+05 5.12000e+02 2.88000e+02
 0.00000e+00 2.36430e+01 8.57000e-01 2.31720e+01 2.68000e+02]
deleted_idx_col 565
query_origi 194
query_idx 519
deleted_scaled [0.5        0.         0.0916337  0.09183101 0.27272727 0.27272727
 0.         0.18554382 0.67674419 0.27235233 0.5        0.
 0.10792759 0.10700392 0.27272727 0.27272727 0.         0.16700726
 0.58292683 0.20474301 0.5        0.         0.11314966 0.11335946
 0.27272727 0.27272727 0.         0.11811933 0.53712871 0.25097446
 0.5        0.         0.10757425 0.10698891 0.27272727 0.27272727
 0.         0.45143912 0.78220141 0.49192192]
deleted_not_scaled [6.000000e+00 0.000000e+00 2.130134e+03 5.447820e+05 1.280000e+03
 7.200000e+02 0.000000e+00 2.228100e+01 8.610000e-01 2.628200e+01
 6.000000e+00 0.000000e+00 2.454748e+03 6.216650e+05 1.280000e+03
 7.200000e+02 0.000000e+00 1.925900e+01 8.260000e-01 1.898500e+01
 6.000000e+00 0.000000e+00 2.460408e+03 6.240210e+05 1.280000e+03
 7.200000e+02 0.000000e+00 1.792600e+01 8.080000e-01 2.272900e+01
 6.000000e+00 0.000000e+00 2.438220e+03 6.193080e+05 1.280000e+03
 7.200000e+02 0.000000e+00 2.855000e+01 9.040000e-01 4.649400e+01
 6.000000e+01]
deleted_idx_col 519
query_origi 90
query_idx 753
deleted_scaled [0.16666667 0.         0.01814822 0.01809815 0.05454545 0.05454545
 0.         0.0458236  0.21395349 0.38260104 0.16666667 0.
 0.01781152 0.01790516 0.05454545 0.05454545 0.         0.58735377
 0.78292683 0.51133447 0.25       0.1072546  0.02864079 0.02903704
 0.05454545 0.05454545 0.         0.09747044 0.13861386 0.3198326
 0.16666667 0.         0.02132192 0.0210504  0.05454545 0.05454545
 0.         0.08849611 0.26932084 0.28936148]
deleted_not_scaled [2.00000000e+00 0.00000000e+00 6.84454000e+02 1.74536000e+05
 5.12000000e+02 2.88000000e+02 0.00000000e+00 1.57590000e+01
 6.62000000e-01 3.69210000e+01 2.00000000e+00 0.00000000e+00
 6.82305000e+02 1.74329000e+05 5.12000000e+02 2.88000000e+02
 0.00000000e+00 3.34520000e+01 9.08000000e-01 4.74140000e+01
 3.00000000e+00 5.27280643e-01 8.62718000e+02 2.20748000e+05
 5.12000000e+02 2.88000000e+02 0.00000000e+00 1.71750000e+01
 6.47000000e-01 2.89650000e+01 2.00000000e+00 0.00000000e+00
 7.40845000e+02 1.87619000e+05 5.12000000e+02 2.88000000e+02
 0.00000000e+00 1.65580000e+01 6.85000000e-01 2.73490000e+01
 1.41000000e+02]
deleted_idx_col 753
query_origi 507
query_idx 520
deleted_scaled [0.16666667 0.         0.01820551 0.01812125 0.05454545 0.05454545
 0.         0.14927483 0.26976744 0.27471503 0.25       0.
 0.02923576 0.02927215 0.05454545 0.05454545 0.         0.04309196
 0.23170732 0.40155943 0.25       0.         0.02695838 0.02727019
 0.05454545 0.05454545 0.         0.13112455 0.43069307 0.19242958
 0.25       0.         0.03242193 0.03201545 0.05454545 0.05454545
 0.         0.68790291 0.82669789 0.58768449]
deleted_not_scaled [2.00000e+00 0.00000e+00 6.85581e+02 1.74652e+05 5.12000e+02 2.88000e+02
 0.00000e+00 2.05880e+01 6.86000e-01 2.65100e+01 3.00000e+00 0.00000e+00
 9.07002e+02 2.31399e+05 5.12000e+02 2.88000e+02 0.00000e+00 1.50750e+01
 6.82000e-01 3.72350e+01 3.00000e+00 0.00000e+00 8.30911e+02 2.12298e+05
 5.12000e+02 2.88000e+02 0.00000e+00 1.83990e+01 7.65000e-01 1.74270e+01
 3.00000e+00 0.00000e+00 9.59284e+02 2.42699e+05 5.12000e+02 2.88000e+02
 0.00000e+00 3.63630e+01 9.23000e-01 5.55450e+01 2.38000e+02]
deleted_idx_col 520
query_origi 939
query_idx 965
deleted_scaled [0.58333333 0.         0.1406007  0.13966259 0.27272727 0.27272727
 0.         0.19259196 0.4627907  0.22415544 0.58333333 0.
 0.13998004 0.139341   0.27272727 0.27272727 0.         0.6931734
 0.86585366 0.76803701 0.58333333 0.         0.14599449 0.14685337
 0.27272727 0.27272727 0.         0.17629915 0.4950495  0.31979948
 0.58333333 0.         0.1399728  0.13976383 0.27272727 0.27272727
 0.         0.20417058 0.46604215 0.33129133]
deleted_not_scaled [7.000000e+00 0.000000e+00 3.093462e+03 7.849660e+05 1.280000e+03
 7.200000e+02 0.000000e+00 2.261000e+01 7.690000e-01 2.163100e+01
 7.000000e+00 0.000000e+00 3.085170e+03 7.840190e+05 1.280000e+03
 7.200000e+02 0.000000e+00 3.702500e+01 9.420000e-01 7.121700e+01
 7.000000e+00 0.000000e+00 3.081359e+03 7.842060e+05 1.280000e+03
 7.200000e+02 0.000000e+00 2.004200e+01 7.910000e-01 2.896200e+01
 7.000000e+00 0.000000e+00 3.075797e+03 7.839440e+05 1.280000e+03
 7.200000e+02 0.000000e+00 2.038000e+01 7.690000e-01 3.131200e+01
 8.500000e+01]
deleted_idx_col 965
query_origi 707
query_idx 787
deleted_scaled [0.41666667 0.         0.07723066 0.07739953 0.18181818 0.17171717
 0.         0.55843099 0.88139535 0.85380311 0.5        0.
 0.1079645  0.10704057 0.27272727 0.27272727 0.         0.45262846
 0.56829268 0.42710782 0.5        0.         0.11274983 0.11295863
 0.27272727 0.27272727 0.         0.22680781 0.11138614 0.36018021
 0.5        0.         0.10809861 0.10751068 0.27272727 0.27272727
 0.         0.24953845 0.15456674 0.32557795]
deleted_not_scaled [5.000000e+00 0.000000e+00 1.846783e+03 4.723150e+05 9.600000e+02
 5.200000e+02 0.000000e+00 3.968700e+01 9.490000e-01 8.239200e+01
 6.000000e+00 0.000000e+00 2.455474e+03 6.218490e+05 1.280000e+03
 7.200000e+02 0.000000e+00 2.890300e+01 8.200000e-01 3.960400e+01
 6.000000e+00 0.000000e+00 2.452849e+03 6.221040e+05 1.280000e+03
 7.200000e+02 0.000000e+00 2.187900e+01 6.360000e-01 3.261900e+01
 6.000000e+00 0.000000e+00 2.448539e+03 6.219290e+05 1.280000e+03
 7.200000e+02 0.000000e+00 2.187900e+01 6.360000e-01 3.077200e+01
 9.000000e+01]
deleted_idx_col 787
query_origi 731
query_idx 630
deleted_scaled [1.         0.         0.8275702  0.82674055 1.         1.
 1.         0.27228518 0.58372093 0.22115026 1.         0.
 0.90362401 0.90408065 1.         1.         1.         0.12287872
 0.36097561 0.11227703 1.         0.         0.85407914 0.86353009
 1.         1.         1.         0.22760517 0.58415842 0.0165741
 1.         0.         0.75991337 0.75383712 1.         1.
 1.         0.2296238  0.36065574 0.06032905]
deleted_not_scaled [1.2000000e+01 0.0000000e+00 1.6608215e+04 4.2350950e+06 3.8400000e+03
 2.1600000e+03 1.0000000e+00 2.6330000e+01 8.2100000e-01 2.1341000e+01
 1.2000000e+01 0.0000000e+00 1.8104861e+04 4.6235290e+06 3.8400000e+03
 2.1600000e+03 1.0000000e+00 1.7769000e+01 7.3500000e-01 1.0411000e+01
 1.2000000e+01 0.0000000e+00 1.6468117e+04 4.2117210e+06 3.8400000e+03
 2.1600000e+03 1.0000000e+00 2.1908000e+01 8.2700000e-01 1.5010000e+00
 1.2000000e+01 0.0000000e+00 1.5275719e+04 3.8685760e+06 3.8400000e+03
 2.1600000e+03 1.0000000e+00 2.1221000e+01 7.2400000e-01 5.7020000e+00
 2.8400000e+02]
deleted_idx_col 630
query_origi 731
query_idx 775
deleted_scaled [0.25       0.         0.02576206 0.02551772 0.05454545 0.05454545
 0.         0.24842006 0.73953488 0.12557513 0.33333333 0.
 0.04256803 0.0423933  0.09090909 0.09090909 0.         0.3805716
 0.76585366 0.25173091 0.33333333 0.         0.04485181 0.04512879
 0.09090909 0.09090909 0.         0.21710201 0.67574257 0.23368263
 0.33333333 0.         0.04284411 0.0428091  0.09090909 0.09090909
 0.         0.16385703 0.70725995 0.1507803 ]
deleted_not_scaled [3.000000e+00 0.000000e+00 8.342410e+02 2.117930e+05 5.120000e+02
 2.880000e+02 0.000000e+00 2.521600e+01 8.880000e-01 1.211800e+01
 4.000000e+00 0.000000e+00 1.169227e+03 2.972760e+05 6.400000e+02
 3.600000e+02 0.000000e+00 2.647000e+01 9.010000e-01 2.334200e+01
 4.000000e+00 0.000000e+00 1.169197e+03 2.977070e+05 6.400000e+02
 3.600000e+02 0.000000e+00 2.152600e+01 8.640000e-01 2.116300e+01
 4.000000e+00 0.000000e+00 1.164384e+03 2.969180e+05 6.400000e+02
 3.600000e+02 0.000000e+00 1.904800e+01 8.720000e-01 1.425100e+01
 1.680000e+02]
deleted_idx_col 775
query_origi 4
query_idx 191
deleted_scaled [0.00000000e+00 9.67075496e-01 1.01148767e-03 9.69241566e-04
 0.00000000e+00 0.00000000e+00 0.00000000e+00 1.16304977e-01
 4.34883721e-01 2.29637306e-02 0.00000000e+00 0.00000000e+00
 1.60587158e-03 1.66650865e-03 0.00000000e+00 0.00000000e+00
 0.00000000e+00 1.02087961e-01 4.09756098e-01 1.74276902e-02
 0.00000000e+00 0.00000000e+00 2.57040378e-03 2.64777171e-03
 0.00000000e+00 0.00000000e+00 0.00000000e+00 4.20126478e-02
 3.91089109e-01 1.76672593e-04 0.00000000e+00 0.00000000e+00
 2.22458456e-03 2.09407053e-03 0.00000000e+00 0.00000000e+00
 0.00000000e+00 3.62912745e-01 6.90866511e-01 0.00000000e+00]
deleted_not_scaled [0.00000000e+00 4.54379515e+00 3.47323000e+02 8.85240000e+04
 3.20000000e+02 1.80000000e+02 0.00000000e+00 1.90490000e+01
 7.57000000e-01 2.21600000e+00 0.00000000e+00 0.00000000e+00
 3.63565000e+02 9.28000000e+04 3.20000000e+02 1.80000000e+02
 0.00000000e+00 1.70670000e+01 7.55000000e-01 1.61600000e+00
 0.00000000e+00 0.00000000e+00 3.69842000e+02 9.45410000e+04
 3.20000000e+02 1.80000000e+02 0.00000000e+00 1.51580000e+01
 7.49000000e-01 1.60000000e-02 0.00000000e+00 0.00000000e+00
 3.65025000e+02 9.23970000e+04 3.20000000e+02 1.80000000e+02
 0.00000000e+00 2.56250000e+01 8.65000000e-01 0.00000000e+00
 2.61000000e+02]
deleted_idx_col 191
query_origi 529
query_idx 18
deleted_scaled [0.16666667 0.         0.01576577 0.01555924 0.05454545 0.05454545
 0.         0.04070353 0.40930233 0.19353368 0.         0.
 0.00168346 0.00166233 0.         0.         0.         0.16164668
 0.47804878 0.         0.08333333 0.87573434 0.01265964 0.0127111
 0.01818182 0.01818182 0.         0.05389057 0.35643564 0.03267339
 0.         0.         0.00097433 0.00097288 0.         0.
 0.         0.14037105 0.54332553 0.        ]
deleted_not_scaled [2.00000000e+00 0.00000000e+00 6.37584000e+02 1.61787000e+05
 5.12000000e+02 2.88000000e+02 0.00000000e+00 1.55200000e+01
 7.46000000e-01 1.86760000e+01 0.00000000e+00 0.00000000e+00
 3.65091000e+02 9.27790000e+04 3.20000000e+02 1.80000000e+02
 0.00000000e+00 1.90780000e+01 7.83000000e-01 0.00000000e+00
 1.00000000e+00 4.30524906e+00 5.60585000e+02 1.42669000e+05
 3.84000000e+02 2.16000000e+02 0.00000000e+00 1.55900000e+01
 7.35000000e-01 2.95900000e+00 0.00000000e+00 0.00000000e+00
 3.40421000e+02 8.67650000e+04 3.20000000e+02 1.80000000e+02
 0.00000000e+00 1.82720000e+01 8.02000000e-01 0.00000000e+00
 1.45000000e+02]
deleted_idx_col 18
query_origi 938
query_idx 213
deleted_scaled [1.         0.17254221 0.87674073 0.87280113 1.         1.
 1.         0.19672658 0.72093023 0.         1.         0.21357078
 0.8699544  0.86735671 1.         1.         1.         0.19834148
 0.58780488 0.02023165 1.         0.07643264 0.88407804 0.89074215
 1.         1.         1.         0.76271652 0.89356436 0.92625023
 1.         0.         0.73682465 0.73719982 1.         1.
 1.         0.22045338 0.56206089 0.03144474]
deleted_not_scaled [1.20000000e+01 8.10687978e-01 1.75755470e+04 4.46638600e+06
 3.84000000e+03 2.16000000e+03 1.00000000e+00 2.28030000e+01
 8.80000000e-01 0.00000000e+00 1.20000000e+01 7.00842850e-01
 1.74426320e+04 4.43915000e+06 3.84000000e+03 2.16000000e+03
 1.00000000e+00 2.03170000e+01 8.28000000e-01 1.87600000e+00
 1.20000000e+01 3.75755016e-01 1.70352640e+04 4.34186300e+06
 3.84000000e+03 2.16000000e+03 1.00000000e+00 4.13700000e+01
 9.52000000e-01 8.38840000e+01 1.20000000e+01 0.00000000e+00
 1.48213520e+04 3.78500300e+06 3.84000000e+03 2.16000000e+03
 1.00000000e+00 2.09180000e+01 8.10000000e-01 2.97200000e+00
 2.14000000e+02]
deleted_idx_col 213
query_origi 784
query_idx 19
deleted_scaled [1.         0.31695068 0.83632016 0.83381122 1.         1.
 1.         0.72317316 0.57906977 0.37598964 1.         0.19686446
 0.94830237 0.94688763 1.         1.         1.         0.15213979
 0.36829268 0.05822531 1.         0.23782077 0.73190416 0.73853134
 1.         1.         1.         0.03621116 0.40841584 0.17934477
 1.         0.         0.8317718  0.83302181 1.         1.
 1.         0.08849611 0.56674473 0.50249167]
deleted_not_scaled [1.20000000e+01 1.48918978e+00 1.67803530e+04 4.27060000e+06
 3.84000000e+03 2.16000000e+03 1.00000000e+00 4.73770000e+01
 8.19000000e-01 3.62830000e+01 1.20000000e+01 6.46020246e-01
 1.89836150e+04 4.83844900e+06 3.84000000e+03 2.16000000e+03
 1.00000000e+00 1.87570000e+01 7.38000000e-01 5.39900000e+00
 1.20000000e+01 1.16916468e+00 1.41583270e+04 3.61391300e+06
 3.84000000e+03 2.16000000e+03 1.00000000e+00 1.49470000e+01
 7.56000000e-01 1.62420000e+01 1.20000000e+01 0.00000000e+00
 1.66898340e+04 4.26633900e+06 3.84000000e+03 2.16000000e+03
 1.00000000e+00 1.65580000e+01 8.12000000e-01 4.74930000e+01
 4.00000000e+00]
deleted_idx_col 19
query_origi 694
query_idx 262
deleted_scaled [1.         0.1491634  0.86998452 0.8673772  1.         1.
 1.         0.14346923 0.6        0.01944041 1.         0.1145054
 0.84924265 0.84797944 1.         1.         1.         0.82185695
 0.8902439  0.90464379 1.         0.2245671  0.76697448 0.77430543
 1.         1.         1.         0.20038493 0.54207921 0.03281693
 1.         0.         0.94161449 0.94349235 1.         1.
 1.         0.1507521  0.48477752 0.02695868]
deleted_not_scaled [1.20000000e+01 7.00842850e-01 1.74426320e+04 4.43915000e+06
 3.84000000e+03 2.16000000e+03 1.00000000e+00 2.03170000e+01
 8.28000000e-01 1.87600000e+00 1.20000000e+01 3.75755016e-01
 1.70352640e+04 4.34186300e+06 3.84000000e+03 2.16000000e+03
 1.00000000e+00 4.13700000e+01 9.52000000e-01 8.38840000e+01
 1.20000000e+01 1.10400753e+00 1.48213520e+04 3.78500300e+06
 3.84000000e+03 2.16000000e+03 1.00000000e+00 2.09180000e+01
 8.10000000e-01 2.97200000e+00 1.20000000e+01 0.00000000e+00
 1.88514480e+04 4.82125800e+06 3.84000000e+03 2.16000000e+03
 1.00000000e+00 1.86150000e+01 7.77000000e-01 2.54800000e+00
 2.15000000e+02]
deleted_idx_col 262
query_origi 56
query_idx 538
deleted_scaled [1.         0.         0.72983448 0.72617442 1.         1.
 1.         0.04406693 0.15348837 0.08377202 1.         0.
 0.80238597 0.79958974 1.         1.         1.         0.15400563
 0.07560976 0.09303755 0.91666667 0.         0.59234787 0.59651183
 1.         1.         0.         0.1737421  0.12376238 0.09514923
 1.         0.         0.83887743 0.83846254 1.         1.
 1.         0.040707   0.18969555 0.12046765]
deleted_not_scaled [1.2000000e+01 0.0000000e+00 1.4685460e+04 3.7301070e+06 3.8400000e+03
 2.1600000e+03 1.0000000e+00 1.5677000e+01 6.3600000e-01 8.0840000e+00
 1.2000000e+01 0.0000000e+00 1.6113666e+04 4.0989140e+06 3.8400000e+03
 2.1600000e+03 1.0000000e+00 1.8820000e+01 6.1800000e-01 8.6270000e+00
 1.1000000e+01 0.0000000e+00 1.1519933e+04 2.9347030e+06 3.8400000e+03
 2.1600000e+03 0.0000000e+00 1.9949000e+01 6.4100000e-01 8.6170000e+00
 1.2000000e+01 0.0000000e+00 1.6829667e+04 4.2936690e+06 3.8400000e+03
 2.1600000e+03 1.0000000e+00 1.4979000e+01 6.5100000e-01 1.1386000e+01
 2.3600000e+02]
deleted_idx_col 538
query_origi 81
query_idx 377
deleted_scaled [0.91666667 0.         0.55408038 0.55491161 1.         1.
 0.         0.56423659 0.89767442 0.92324352 0.91666667 0.
 0.54045365 0.53584199 1.         1.         0.         0.11103213
 0.55853659 0.06168712 0.91666667 0.         0.63165619 0.63289188
 1.         1.         0.         0.12719274 0.17821782 0.07808929
 0.91666667 0.         0.5727449  0.56958201 1.         1.
 0.         0.2093157  0.55503513 0.05887954]
deleted_not_scaled [1.1000000e+01 0.0000000e+00 1.1227849e+04 2.8701190e+06 3.8400000e+03
 2.1600000e+03 0.0000000e+00 3.9958000e+01 9.5600000e-01 8.9093000e+01
 1.1000000e+01 0.0000000e+00 1.0961864e+04 2.7747220e+06 3.8400000e+03
 2.1600000e+03 0.0000000e+00 1.7369000e+01 8.1600000e-01 5.7200000e+00
 1.1000000e+01 0.0000000e+00 1.2263080e+04 3.1086910e+06 3.8400000e+03
 2.1600000e+03 0.0000000e+00 1.8256000e+01 6.6300000e-01 7.0720000e+00
 1.1000000e+01 0.0000000e+00 1.1592397e+04 2.9430200e+06 3.8400000e+03
 2.1600000e+03 0.0000000e+00 2.0550000e+01 8.0700000e-01 5.5650000e+00
 2.4800000e+02]
deleted_idx_col 377
query_origi 456
query_idx 400
deleted_scaled [0.91666667 0.         0.57502762 0.57241292 1.         1.
 0.         0.03530496 0.50697674 0.04557513 0.91666667 0.
 0.60309912 0.6013017  1.         1.         0.         0.07792092
 0.39756098 0.05187326 0.91666667 0.         0.53765601 0.54170883
 1.         1.         0.         0.26307396 0.32673267 0.1546106
 1.         0.         0.91107602 0.91107815 1.         1.
 1.         0.31815018 0.73302108 0.38911284]
deleted_not_scaled [1.1000000e+01 0.0000000e+00 1.1639944e+04 2.9580010e+06 3.8400000e+03
 2.1600000e+03 0.0000000e+00 1.5268000e+01 7.8800000e-01 4.3980000e+00
 1.1000000e+01 0.0000000e+00 1.2194003e+04 3.1033740e+06 3.8400000e+03
 2.1600000e+03 0.0000000e+00 1.6251000e+01 7.5000000e-01 4.8100000e+00
 1.1000000e+01 0.0000000e+00 1.0485951e+04 2.6726070e+06 3.8400000e+03
 2.1600000e+03 0.0000000e+00 2.3198000e+01 7.2300000e-01 1.4002000e+01
 1.2000000e+01 0.0000000e+00 1.8250476e+04 4.6584340e+06 3.8400000e+03
 2.1600000e+03 1.0000000e+00 2.4146000e+01 8.8300000e-01 3.6777000e+01
 2.2900000e+02]
deleted_idx_col 400
query_origi 278
query_idx 111
deleted_scaled [1.         0.07833125 0.83252841 0.83294155 1.         1.
 1.         0.24584931 0.78837209 0.07468394 1.         0.18551408
 0.78047011 0.78204529 1.         1.         1.         0.73490301
 0.80731707 0.79312167 1.         0.1099702  0.86740816 0.86826546
 1.         1.         1.         0.14162772 0.3960396  0.03271756
 1.         0.         0.86940528 0.86376975 1.         1.
 1.         0.97085439 0.96252927 0.94812464]
deleted_not_scaled [1.20000000e+01 3.68038646e-01 1.67057580e+04 4.26623300e+06
 3.84000000e+03 2.16000000e+03 1.00000000e+00 2.50960000e+01
 9.09000000e-01 7.20700000e+00 1.20000000e+01 6.08773441e-01
 1.56826150e+04 4.01082900e+06 3.84000000e+03 2.16000000e+03
 1.00000000e+00 3.84340000e+01 9.18000000e-01 7.35430000e+01
 1.20000000e+01 5.40630960e-01 1.67201100e+04 4.23436800e+06
 3.84000000e+03 2.16000000e+03 1.00000000e+00 1.87810000e+01
 7.51000000e-01 2.96300000e+00 1.20000000e+01 0.00000000e+00
 1.74304300e+04 4.42079300e+06 3.84000000e+03 2.16000000e+03
 1.00000000e+00 4.57120000e+01 9.81000000e-01 8.96120000e+01
 1.87000000e+02]
deleted_idx_col 111
query_origi 447
query_idx 737
deleted_scaled [1.         0.         0.80946818 0.80380117 1.         1.
 1.         0.19940444 0.66976744 0.03418653 0.91666667 0.
 0.57094706 0.56780681 1.         1.         0.         0.58963424
 0.9097561  0.51528158 1.         0.         0.86394278 0.86827864
 1.         1.         1.         0.22708276 0.35643564 0.06525844
 0.91666667 0.         0.56931249 0.56788887 1.         1.
 0.         0.22441815 0.31147541 0.04756917]
deleted_not_scaled [1.2000000e+01 0.0000000e+00 1.6252094e+04 4.1199060e+06 3.8400000e+03
 2.1600000e+03 1.0000000e+00 2.2928000e+01 8.5800000e-01 3.2990000e+00
 1.1000000e+01 0.0000000e+00 1.1561622e+04 2.9352070e+06 3.8400000e+03
 2.1600000e+03 0.0000000e+00 3.3529000e+01 9.6000000e-01 4.7780000e+01
 1.2000000e+01 0.0000000e+00 1.6654595e+04 4.2344310e+06 3.8400000e+03
 2.1600000e+03 1.0000000e+00 2.1889000e+01 7.3500000e-01 5.9100000e+00
 1.1000000e+01 0.0000000e+00 1.1524850e+04 2.9345150e+06 3.8400000e+03
 2.1600000e+03 0.0000000e+00 2.1049000e+01 7.0300000e-01 4.4960000e+00
 2.8000000e+02]
deleted_idx_col 737
query_origi 869
query_idx 437
deleted_scaled [0.91666667 0.         0.56423791 0.56366187 1.         1.
 0.         0.13397888 0.55116279 0.00568912 0.91666667 0.
 0.56739798 0.5677104  1.         1.         0.         0.44116689
 0.7902439  0.14615103 1.         0.         0.85729083 0.86677712
 1.         1.         1.         0.27613418 0.67079208 0.00986054
 1.         0.         0.83732691 0.83064227 1.         1.
 1.         0.18095699 0.57845433 0.        ]
deleted_not_scaled [1.1000000e+01 0.0000000e+00 1.1427678e+04 2.9140580e+06 3.8400000e+03
 2.1600000e+03 0.0000000e+00 1.9874000e+01 8.0700000e-01 5.4900000e-01
 1.1000000e+01 0.0000000e+00 1.1491817e+04 2.9347230e+06 3.8400000e+03
 2.1600000e+03 0.0000000e+00 2.8516000e+01 9.1100000e-01 1.3552000e+01
 1.2000000e+01 0.0000000e+00 1.6528836e+04 4.2272500e+06 3.8400000e+03
 2.1600000e+03 1.0000000e+00 2.3673000e+01 8.6200000e-01 8.9300000e-01
 1.2000000e+01 0.0000000e+00 1.6799154e+04 4.2543860e+06 3.8400000e+03
 2.1600000e+03 1.0000000e+00 1.9613000e+01 8.1700000e-01 0.0000000e+00
 2.0100000e+02]
deleted_idx_col 437
query_origi 131
query_idx 926
deleted_scaled [0.91666667 0.         0.60981478 0.60704732 1.         1.
 0.         0.01808094 0.52325581 0.07344041 0.91666667 0.
 0.54426905 0.54264804 1.         1.         0.         0.06450466
 0.33902439 0.1223605  0.91666667 0.         0.57723837 0.58158955
 1.         1.         0.         0.05817982 0.51237624 0.16569681
 0.91666667 0.         0.62205031 0.62205939 1.         1.
 0.         0.08595381 0.51053864 0.09997355]
deleted_not_scaled [1.1000000e+01 0.0000000e+00 1.2324312e+04 3.1319160e+06 3.8400000e+03
 2.1600000e+03 0.0000000e+00 1.4464000e+01 7.9500000e-01 7.0870000e+00
 1.1000000e+01 0.0000000e+00 1.1036907e+04 2.8088930e+06 3.8400000e+03
 2.1600000e+03 0.0000000e+00 1.5798000e+01 7.2600000e-01 1.1346000e+01
 1.1000000e+01 0.0000000e+00 1.1234279e+04 2.8633370e+06 3.8400000e+03
 2.1600000e+03 0.0000000e+00 1.5746000e+01 7.9800000e-01 1.5006000e+01
 1.1000000e+01 0.0000000e+00 1.2562687e+04 3.2066260e+06 3.8400000e+03
 2.1600000e+03 0.0000000e+00 1.6474000e+01 7.8800000e-01 9.4490000e+00
 2.4400000e+02]
deleted_idx_col 926
query_origi 499
query_idx 918
deleted_scaled [0.91666667 0.         0.56860221 0.56343623 1.         1.
 0.         0.13254354 0.6        0.02491192 0.91666667 0.
 0.60949469 0.60491754 1.         1.         0.         0.90087369
 0.94390244 0.97746047 0.91666667 0.         0.58773088 0.58947181
 1.         1.         0.         0.26612593 0.6980198  0.01966587
 0.91666667 0.         0.53940098 0.5372349  1.         1.
 0.         0.35631488 0.71662763 0.1635825 ]
deleted_not_scaled [1.1000000e+01 0.0000000e+00 1.1513537e+04 2.9129250e+06 3.8400000e+03
 2.1600000e+03 0.0000000e+00 1.9807000e+01 8.2800000e-01 2.4040000e+00
 1.1000000e+01 0.0000000e+00 1.2319794e+04 3.1215280e+06 3.8400000e+03
 2.1600000e+03 0.0000000e+00 4.4038000e+01 9.7400000e-01 9.0636000e+01
 1.1000000e+01 0.0000000e+00 1.1432646e+04 2.9010340e+06 3.8400000e+03
 2.1600000e+03 0.0000000e+00 2.3309000e+01 8.7300000e-01 1.7810000e+00
 1.1000000e+01 0.0000000e+00 1.0936216e+04 2.7805330e+06 3.8400000e+03
 2.1600000e+03 0.0000000e+00 2.5407000e+01 8.7600000e-01 1.5461000e+01
 1.9600000e+02]
deleted_idx_col 918
query_origi 483
query_idx 875
deleted_scaled [0.91666667 0.         0.5946721  0.59346798 1.         1.
 0.         0.22569035 0.67906977 0.05239378 0.91666667 0.
 0.55976951 0.5595139  1.         1.         0.         0.4566563
 0.74390244 0.12308306 0.91666667 0.         0.55396208 0.55954841
 1.         1.         0.         0.33736596 0.6509901  0.18025021
 1.         0.         0.83336674 0.82588099 1.         1.
 1.         0.78239157 0.93208431 0.73912077]
deleted_not_scaled [1.1000000e+01 0.0000000e+00 1.2026410e+04 3.0637280e+06 3.8400000e+03
 2.1600000e+03 0.0000000e+00 2.4155000e+01 8.6200000e-01 5.0560000e+00
 1.1000000e+01 0.0000000e+00 1.1341777e+04 2.8935710e+06 3.8400000e+03
 2.1600000e+03 0.0000000e+00 2.9039000e+01 8.9200000e-01 1.1413000e+01
 1.1000000e+01 0.0000000e+00 1.0794227e+04 2.7579250e+06 3.8400000e+03
 2.1600000e+03 0.0000000e+00 2.5900000e+01 8.5400000e-01 1.6324000e+01
 1.2000000e+01 0.0000000e+00 1.6721221e+04 4.2304690e+06 3.8400000e+03
 2.1600000e+03 1.0000000e+00 3.9485000e+01 9.6800000e-01 6.9858000e+01
 6.5000000e+01]
deleted_idx_col 875
query_origi 348
query_idx 237
deleted_scaled [1.         0.15847189 0.83512497 0.82928245 1.         1.
 1.         0.02911373 0.         0.03474611 1.         0.25996863
 0.77903919 0.77476539 1.         1.         1.         0.08861247
 0.2902439  0.03839268 1.         0.09232453 0.89841978 0.9029303
 1.         1.         1.         0.11737696 0.44059406 0.02445811
 1.         0.         0.79574769 0.79376421 1.         1.
 1.         0.45219576 0.81498829 0.36661906]
deleted_not_scaled [1.20000000e+01 7.44578712e-01 1.67568400e+04 4.24785900e+06
 3.84000000e+03 2.16000000e+03 1.00000000e+00 1.49790000e+01
 5.70000000e-01 3.35300000e+00 1.20000000e+01 8.53099655e-01
 1.56544710e+04 3.97427900e+06 3.84000000e+03 2.16000000e+03
 1.00000000e+00 1.66120000e+01 7.06000000e-01 3.56000000e+00
 1.20000000e+01 4.53882070e-01 1.73064030e+04 4.40015300e+06
 3.84000000e+03 2.16000000e+03 1.00000000e+00 1.78990000e+01
 7.69000000e-01 2.21500000e+00 1.20000000e+01 0.00000000e+00
 1.59809090e+04 4.06913900e+06 3.84000000e+03 2.16000000e+03
 1.00000000e+00 2.85750000e+01 9.18000000e-01 3.46510000e+01
 2.40000000e+01]
deleted_idx_col 237
query_origi 125
query_idx 599
deleted_scaled [1.         0.         0.8196896  0.8176388  1.         1.
 1.         0.16846976 0.65581395 0.01847668 1.         0.
 0.90201743 0.90112347 1.         1.         1.         0.16034355
 0.67560976 0.00796972 0.91666667 0.         0.60862226 0.61444655
 1.         1.         0.         0.17871872 0.67574257 0.
 1.         0.         0.76672981 0.76826927 1.         1.
 1.         0.26691081 0.73302108 0.00756494]
deleted_not_scaled [1.2000000e+01 0.0000000e+00 1.6453180e+04 4.1893910e+06 3.8400000e+03
 2.1600000e+03 1.0000000e+00 2.1484000e+01 8.5200000e-01 1.7830000e+00
 1.2000000e+01 0.0000000e+00 1.8073262e+04 4.6086820e+06 3.8400000e+03
 2.1600000e+03 1.0000000e+00 1.9034000e+01 8.6400000e-01 7.3900000e-01
 1.1000000e+01 0.0000000e+00 1.1827610e+04 3.0204760e+06 3.8400000e+03
 2.1600000e+03 0.0000000e+00 2.0130000e+01 8.6400000e-01 0.0000000e+00
 1.2000000e+01 0.0000000e+00 1.5409861e+04 3.9410720e+06 3.8400000e+03
 2.1600000e+03 1.0000000e+00 2.2453000e+01 8.8300000e-01 7.1500000e-01
 1.7000000e+02]
deleted_idx_col 599
query_origi 499
query_idx 90
deleted_scaled [0.91666667 0.21971778 0.57025209 0.56765832 1.         1.
 0.         1.         1.         1.         0.91666667 0.07854106
 0.57076489 0.5690644  1.         1.         0.         1.
 0.56829268 0.39120635 0.83333333 0.         0.44177928 0.44510939
 0.63636364 0.63636364 0.         0.14118779 0.37623762 0.05761735
 0.83333333 0.         0.35907899 0.35909438 0.63636364 0.63636364
 0.         0.03973851 0.44496487 0.16303232]
deleted_not_scaled [1.10000000e+01 1.03234195e+00 1.15459950e+04 2.93412600e+06
 3.84000000e+03 2.16000000e+03 0.00000000e+00 6.02990000e+01
 1.00000000e+00 9.65000000e+01 1.10000000e+01 2.57736305e-01
 1.15580390e+04 2.94152100e+06 3.84000000e+03 2.16000000e+03
 0.00000000e+00 4.73850000e+01 8.20000000e-01 3.62750000e+01
 1.00000000e+01 0.00000000e+00 8.67334500e+03 2.21061900e+06
 2.56000000e+03 1.44000000e+03 0.00000000e+00 1.87650000e+01
 7.43000000e-01 5.21800000e+00 1.00000000e+01 0.00000000e+00
 7.38762700e+03 1.88569200e+06 2.56000000e+03 1.44000000e+03
 0.00000000e+00 1.49470000e+01 7.60000000e-01 1.54090000e+01
 3.00000000e+00]
deleted_idx_col 90
query_origi 750
query_idx 990
deleted_scaled [0.83333333 0.         0.39508559 0.39346269 0.63636364 0.63636364
 0.         0.17748881 0.39302326 0.06048705 0.83333333 0.
 0.39435417 0.39338408 0.63636364 0.63636364 0.         0.22005035
 0.2902439  0.04885361 0.83333333 0.         0.41032742 0.41363158
 0.63636364 0.63636364 0.         0.3502612  0.57920792 0.23415744
 0.91666667 0.         0.62083964 0.62116076 1.         1.
 0.         0.12526861 0.3911007  0.10814156]
deleted_not_scaled [1.0000000e+01 0.0000000e+00 8.0999440e+03 2.0594110e+06 2.5600000e+03
 1.4400000e+03 0.0000000e+00 2.1905000e+01 7.3900000e-01 5.8370000e+00
 1.0000000e+01 0.0000000e+00 8.0883140e+03 2.0594870e+06 2.5600000e+03
 1.4400000e+03 0.0000000e+00 2.1050000e+01 7.0600000e-01 4.5300000e+00
 1.0000000e+01 0.0000000e+00 8.0787290e+03 2.0600760e+06 2.5600000e+03
 1.4400000e+03 0.0000000e+00 2.6369000e+01 8.2500000e-01 2.1206000e+01
 1.1000000e+01 0.0000000e+00 1.2538862e+04 3.2021120e+06 3.8400000e+03
 2.1600000e+03 0.0000000e+00 1.7773000e+01 7.3700000e-01 1.0221000e+01
 2.8200000e+02]
deleted_idx_col 990
query_origi 240
query_idx 574
deleted_scaled [0.91666667 0.         0.57000759 0.5697133  1.         1.
 0.         0.02924227 0.2        0.11596891 0.91666667 0.
 0.56505575 0.56565212 1.         1.         0.         0.14295869
 0.38780488 0.02176304 1.         0.         1.         1.
 1.         1.         1.         0.77165246 0.88366337 1.
 0.91666667 0.         0.54587625 0.54175749 1.         1.
 0.         0.08686178 0.52693208 0.11360102]
deleted_not_scaled [1.1000000e+01 0.0000000e+00 1.1541185e+04 2.9444450e+06 3.8400000e+03
 2.1600000e+03 0.0000000e+00 1.4985000e+01 6.5600000e-01 1.1191000e+01
 1.1000000e+01 0.0000000e+00 1.1445749e+04 2.9243890e+06 3.8400000e+03
 2.1600000e+03 0.0000000e+00 1.8447000e+01 7.4600000e-01 2.0180000e+00
 1.2000000e+01 0.0000000e+00 1.9226837e+04 4.8643900e+06 3.8400000e+03
 2.1600000e+03 1.0000000e+00 4.1695000e+01 9.4800000e-01 9.0563000e+01
 1.1000000e+01 0.0000000e+00 1.1063644e+04 2.8032510e+06 3.8400000e+03
 2.1600000e+03 0.0000000e+00 1.6504000e+01 7.9500000e-01 1.0737000e+01
 2.3900000e+02]
deleted_idx_col 574
query_origi 667
query_idx 971
deleted_scaled [0.91666667 0.         0.57153344 0.56951017 1.         1.
 0.         0.23526639 0.69534884 0.06897409 1.         0.
 0.89347191 0.89169526 1.         1.         1.         0.31186139
 0.66829268 0.05452624 1.         0.         0.80576449 0.81265138
 1.         1.         1.         0.42320594 0.74009901 0.12777845
 1.         0.         0.76634784 0.76712001 1.         1.
 1.         0.3713568  0.66276347 0.17403587]
deleted_not_scaled [1.1000000e+01 0.0000000e+00 1.1571203e+04 2.9434250e+06 3.8400000e+03
 2.1600000e+03 0.0000000e+00 2.4602000e+01 8.6900000e-01 6.6560000e+00
 1.2000000e+01 0.0000000e+00 1.7905185e+04 4.5613460e+06 3.8400000e+03
 2.1600000e+03 1.0000000e+00 2.4150000e+01 8.6100000e-01 5.0560000e+00
 1.2000000e+01 0.0000000e+00 1.5554700e+04 3.9683930e+06 3.8400000e+03
 2.1600000e+03 1.0000000e+00 2.9022000e+01 8.9000000e-01 1.1572000e+01
 1.2000000e+01 0.0000000e+00 1.5402344e+04 3.9352990e+06 3.8400000e+03
 2.1600000e+03 1.0000000e+00 2.5904000e+01 8.5300000e-01 1.6449000e+01
 6.4000000e+01]
deleted_idx_col 971
query_origi 624
query_idx 960
deleted_scaled [0.83333333 0.         0.39385868 0.39344676 0.63636364 0.63636364
 0.         0.16418518 0.49767442 0.02733679 0.83333333 0.
 0.39315061 0.39338826 0.63636364 0.63636364 0.         0.25283578
 0.44146341 0.0621185  0.91666667 0.         0.59001057 0.59655762
 1.         1.         0.         0.57954358 0.73514851 0.36495037
 0.91666667 0.         0.60068316 0.59585832 1.         1.
 0.         0.43763809 0.69086651 0.10380363]
deleted_not_scaled [1.0000000e+01 0.0000000e+00 8.0758070e+03 2.0593310e+06 2.5600000e+03
 1.4400000e+03 0.0000000e+00 2.1284000e+01 7.8400000e-01 2.6380000e+00
 1.0000000e+01 0.0000000e+00 8.0646420e+03 2.0595080e+06 2.5600000e+03
 1.4400000e+03 0.0000000e+00 2.2157000e+01 7.6800000e-01 5.7600000e+00
 1.1000000e+01 0.0000000e+00 1.1475745e+04 2.9349220e+06 3.8400000e+03
 2.1600000e+03 0.0000000e+00 3.4708000e+01 8.8800000e-01 3.3051000e+01
 1.1000000e+01 0.0000000e+00 1.2142199e+04 3.0750120e+06 3.8400000e+03
 2.1600000e+03 0.0000000e+00 2.8094000e+01 8.6500000e-01 9.8110000e+00
 1.5600000e+02]
deleted_idx_col 960
query_origi 135
query_idx 566
deleted_scaled [1.         0.         0.88993409 0.8837167  1.         1.
 1.         0.17915979 0.61162791 0.         0.91666667 0.
 0.52519764 0.52230656 1.         1.         0.         0.33555457
 0.70731707 0.01717965 1.         0.         0.873563   0.87794761
 1.         1.         1.         0.34767666 0.75       0.07602442
 1.         0.         0.8197462  0.81770339 1.         1.
 1.         0.23758361 0.66042155 0.01886473]
deleted_not_scaled [1.2000000e+01 0.0000000e+00 1.7835100e+04 4.5211980e+06 3.8400000e+03
 2.1600000e+03 1.0000000e+00 2.1983000e+01 8.3300000e-01 0.0000000e+00
 1.1000000e+01 0.0000000e+00 1.0661802e+04 2.7067650e+06 3.8400000e+03
 2.1600000e+03 0.0000000e+00 2.4950000e+01 8.7700000e-01 1.5930000e+00
 1.2000000e+01 0.0000000e+00 1.6836471e+04 4.2806730e+06 3.8400000e+03
 2.1600000e+03 1.0000000e+00 2.6275000e+01 8.9400000e-01 6.8850000e+00
 1.2000000e+01 0.0000000e+00 1.6453180e+04 4.1893910e+06 3.8400000e+03
 2.1600000e+03 1.0000000e+00 2.1484000e+01 8.5200000e-01 1.7830000e+00
 1.6700000e+02]
deleted_idx_col 566
query_origi 33
query_idx 878
deleted_scaled [0.91666667 0.         0.56892733 0.56777323 1.         1.
 0.         0.1355856  0.16511628 0.08929534 0.91666667 0.
 0.56990799 0.5696468  1.         1.         0.         0.04042648
 0.16829268 0.12068891 0.91666667 0.         0.58842395 0.59435523
 1.         1.         0.         0.13244432 0.38366337 0.02228283
 0.91666667 0.         0.65514666 0.64923612 1.         1.
 0.         0.82833449 0.87587822 0.927165  ]
deleted_not_scaled [1.1000000e+01 0.0000000e+00 1.1519933e+04 2.9347030e+06 3.8400000e+03
 2.1600000e+03 0.0000000e+00 1.9949000e+01 6.4100000e-01 8.6170000e+00
 1.1000000e+01 0.0000000e+00 1.1541185e+04 2.9444450e+06 3.8400000e+03
 2.1600000e+03 0.0000000e+00 1.4985000e+01 6.5600000e-01 1.1191000e+01
 1.1000000e+01 0.0000000e+00 1.1445749e+04 2.9243890e+06 3.8400000e+03
 2.1600000e+03 0.0000000e+00 1.8447000e+01 7.4600000e-01 2.0180000e+00
 1.1000000e+01 0.0000000e+00 1.3213996e+04 3.3431410e+06 3.8400000e+03
 2.1600000e+03 0.0000000e+00 4.1003000e+01 9.4400000e-01 8.7631000e+01
 2.3800000e+02]
deleted_idx_col 878
query_origi 448
query_idx 453
deleted_scaled [0.83333333 0.         0.39492166 0.39350092 0.63636364 0.63636364
 0.         0.11195613 0.13023256 0.08712953 0.83333333 0.
 0.39419289 0.39342451 0.63636364 0.63636364 0.         0.18756108
 0.13902439 0.0932101  0.83333333 0.         0.42442844 0.42806395
 0.63636364 0.63636364 0.         0.03720099 0.16831683 0.12165012
 0.83333333 0.         0.3793997  0.37980216 0.63636364 0.63636364
 0.         0.14524379 0.41686183 0.01921388]
deleted_not_scaled [1.000000e+01 0.000000e+00 8.096719e+03 2.059603e+06 2.560000e+03
 1.440000e+03 0.000000e+00 1.884600e+01 6.260000e-01 8.408000e+00
 1.000000e+01 0.000000e+00 8.085142e+03 2.059690e+06 2.560000e+03
 1.440000e+03 0.000000e+00 1.995300e+01 6.440000e-01 8.643000e+00
 1.000000e+01 0.000000e+00 8.345317e+03 2.129099e+06 2.560000e+03
 1.440000e+03 0.000000e+00 1.498300e+01 6.590000e-01 1.101700e+01
 1.000000e+01 0.000000e+00 7.787522e+03 1.989712e+06 2.560000e+03
 1.440000e+03 0.000000e+00 1.843300e+01 7.480000e-01 1.816000e+00
 2.370000e+02]
deleted_idx_col 453
query_origi 733
query_idx 405
deleted_scaled [0.83333333 0.         0.39612646 0.39348878 0.63636364 0.63636364
 0.         0.05392146 0.43488372 0.0180829  0.83333333 0.
 0.41400457 0.41193019 0.63636364 0.63636364 0.         0.78208204
 0.87073171 0.9328128  0.83333333 0.         0.41192171 0.41417899
 0.63636364 0.63636364 0.         0.16037943 0.70049505 0.11110498
 0.83333333 0.         0.39342203 0.39263394 0.63636364 0.63636364
 0.         0.22420629 0.70023419 0.00849601]
deleted_not_scaled [1.000000e+01 0.000000e+00 8.120421e+03 2.059542e+06 2.560000e+03
 1.440000e+03 0.000000e+00 1.613700e+01 7.570000e-01 1.745000e+00
 1.000000e+01 0.000000e+00 8.474807e+03 2.152601e+06 2.560000e+03
 1.440000e+03 0.000000e+00 4.002700e+01 9.440000e-01 8.649600e+01
 1.000000e+01 0.000000e+00 8.108870e+03 2.062694e+06 2.560000e+03
 1.440000e+03 0.000000e+00 1.946300e+01 8.740000e-01 1.006200e+01
 1.000000e+01 0.000000e+00 8.063470e+03 2.054169e+06 2.560000e+03
 1.440000e+03 0.000000e+00 2.104200e+01 8.690000e-01 8.030000e-01
 2.200000e+02]
deleted_idx_col 405
query_origi 314
query_idx 911
deleted_scaled [0.91666667 0.         0.56640402 0.56782461 1.         1.
 0.         0.20538143 0.63953488 0.08335751 0.91666667 0.
 0.57221788 0.56762834 1.         1.         0.         0.27478158
 0.44146341 0.01395509 0.91666667 0.         0.59461477 0.59637697
 1.         1.         0.         0.25243332 0.43316832 0.02043881
 1.         0.         0.83039161 0.82666395 1.         1.
 1.         0.47985836 0.70257611 0.27249643]
deleted_not_scaled [1.1000000e+01 0.0000000e+00 1.1470292e+04 2.9349610e+06 3.8400000e+03
 2.1600000e+03 0.0000000e+00 2.3207000e+01 8.4500000e-01 8.0440000e+00
 1.1000000e+01 0.0000000e+00 1.1586617e+04 2.9343110e+06 3.8400000e+03
 2.1600000e+03 0.0000000e+00 2.2898000e+01 7.6800000e-01 1.2940000e+00
 1.1000000e+01 0.0000000e+00 1.1562790e+04 2.9340580e+06 3.8400000e+03
 2.1600000e+03 0.0000000e+00 2.2811000e+01 7.6600000e-01 1.8510000e+00
 1.2000000e+01 0.0000000e+00 1.6662673e+04 4.2344020e+06 3.8400000e+03
 2.1600000e+03 1.0000000e+00 2.9489000e+01 8.7000000e-01 2.5755000e+01
 2.7100000e+02]
deleted_idx_col 911
query_origi 92
query_idx 475
deleted_scaled [1.         0.         0.8252157  0.82026553 1.         1.
 1.         0.08642002 0.61162791 0.00251813 0.91666667 0.
 0.57492917 0.57234683 1.         1.         0.         0.04880794
 0.4902439  0.04743006 1.         0.         0.89627142 0.90167364
 1.         1.         1.         0.0719824  0.39108911 0.05291344
 1.         0.         0.75020849 0.74908839 1.         1.
 1.         0.2899428  0.35362998 0.15048405]
deleted_not_scaled [1.2000000e+01 0.0000000e+00 1.6561895e+04 4.2025810e+06 3.8400000e+03
 2.1600000e+03 1.0000000e+00 1.7654000e+01 8.3300000e-01 2.4300000e-01
 1.1000000e+01 0.0000000e+00 1.1639944e+04 2.9580010e+06 3.8400000e+03
 2.1600000e+03 0.0000000e+00 1.5268000e+01 7.8800000e-01 4.3980000e+00
 1.2000000e+01 0.0000000e+00 1.7265787e+04 4.3941430e+06 3.8400000e+03
 2.1600000e+03 1.0000000e+00 1.6248000e+01 7.4900000e-01 4.7920000e+00
 1.2000000e+01 0.0000000e+00 1.5084735e+04 3.8447220e+06 3.8400000e+03
 2.1600000e+03 1.0000000e+00 2.3214000e+01 7.2100000e-01 1.4223000e+01
 2.2800000e+02]
deleted_idx_col 475
query_origi 825
query_idx 819
deleted_scaled [8.33333333e-01 0.00000000e+00 4.31791730e-01 4.31782480e-01
 6.36363636e-01 6.36363636e-01 0.00000000e+00 2.57032070e-01
 6.41860465e-01 7.58238342e-02 8.33333333e-01 0.00000000e+00
 3.44312594e-01 3.44883040e-01 6.36363636e-01 6.36363636e-01
 0.00000000e+00 2.72382645e-01 6.63414634e-01 1.16806505e-01
 9.16666667e-01 0.00000000e+00 5.81059094e-01 5.81301835e-01
 1.00000000e+00 1.00000000e+00 0.00000000e+00 1.87847127e-01
 5.47029703e-01 9.38573148e-04 9.16666667e-01 0.00000000e+00
 6.15907116e-01 6.11581868e-01 1.00000000e+00 1.00000000e+00
 0.00000000e+00 2.52837384e-01 6.18266979e-01 0.00000000e+00]
deleted_not_scaled [1.0000000e+01 0.0000000e+00 8.8220640e+03 2.2518320e+06 2.5600000e+03
 1.4400000e+03 0.0000000e+00 2.5618000e+01 8.4600000e-01 7.3170000e+00
 1.0000000e+01 0.0000000e+00 7.1040740e+03 1.8159790e+06 2.5600000e+03
 1.4400000e+03 0.0000000e+00 2.2817000e+01 8.5900000e-01 1.0831000e+01
 1.1000000e+01 0.0000000e+00 1.1306512e+04 2.8619610e+06 3.8400000e+03
 2.1600000e+03 0.0000000e+00 2.0462000e+01 8.1200000e-01 8.5000000e-02
 1.1000000e+01 0.0000000e+00 1.2441794e+04 3.1539950e+06 3.8400000e+03
 2.1600000e+03 0.0000000e+00 2.1988000e+01 8.3400000e-01 0.0000000e+00
 1.6400000e+02]
deleted_idx_col 819
query_origi 757
query_idx 995
deleted_scaled [0.91666667 0.         0.5682374  0.56765752 1.         1.
 0.         0.11298443 0.54186047 0.06062176 0.91666667 0.
 0.59659408 0.59691902 1.         1.         0.         0.07347845
 0.45365854 0.00140198 0.91666667 0.         0.59658355 0.60320288
 1.         1.         0.         0.60772615 0.92821782 0.48816846
 0.91666667 0.         0.59204006 0.58728316 1.         1.
 0.         0.58657426 0.90632319 0.4025816 ]
deleted_not_scaled [1.1000000e+01 0.0000000e+00 1.1506360e+04 2.9341220e+06 3.8400000e+03
 2.1600000e+03 0.0000000e+00 1.8894000e+01 8.0300000e-01 5.8500000e+00
 1.1000000e+01 0.0000000e+00 1.2066059e+04 3.0813700e+06 3.8400000e+03
 2.1600000e+03 0.0000000e+00 1.6101000e+01 7.7300000e-01 1.3000000e-01
 1.1000000e+01 0.0000000e+00 1.1600011e+04 2.9667030e+06 3.8400000e+03
 2.1600000e+03 0.0000000e+00 3.5733000e+01 9.6600000e-01 4.4210000e+01
 1.1000000e+01 0.0000000e+00 1.1972110e+04 3.0319370e+06 3.8400000e+03
 2.1600000e+03 0.0000000e+00 3.3015000e+01 9.5700000e-01 3.8050000e+01
 2.8000000e+01]
deleted_idx_col 995
query_origi 569
query_idx 373
deleted_scaled [0.83333333 0.         0.39724957 0.39440206 0.63636364 0.63636364
 0.         0.31131772 0.68372093 0.40968912 0.83333333 0.
 0.39458148 0.39240194 0.63636364 0.63636364 0.         0.37396713
 0.52195122 0.38926515 0.83333333 0.         0.41139949 0.41344214
 0.63636364 0.63636364 0.         0.30646137 0.49257426 0.00171152
 0.91666667 0.         0.56930731 0.5678837  1.         1.
 0.         0.36191399 0.68618267 0.21547902]
deleted_not_scaled [1.0000000e+01 0.0000000e+00 8.1425160e+03 2.0641280e+06 2.5600000e+03
 1.4400000e+03 0.0000000e+00 2.8152000e+01 8.6400000e-01 3.9535000e+01
 1.0000000e+01 0.0000000e+00 8.0927850e+03 2.0545560e+06 2.5600000e+03
 1.4400000e+03 0.0000000e+00 2.6247000e+01 8.0100000e-01 3.6095000e+01
 1.0000000e+01 0.0000000e+00 8.0989970e+03 2.0591700e+06 2.5600000e+03
 1.4400000e+03 0.0000000e+00 2.4776000e+01 7.9000000e-01 1.5500000e-01
 1.1000000e+01 0.0000000e+00 1.1524748e+04 2.9344890e+06 3.8400000e+03
 2.1600000e+03 0.0000000e+00 2.5592000e+01 8.6300000e-01 2.0366000e+01
 9.0000000e+00]
deleted_idx_col 373
query_origi 434
query_idx 457
deleted_scaled [0.83333333 0.         0.39180892 0.39139894 0.63636364 0.63636364
 0.         0.13395745 0.55116279 0.00567876 0.83333333 0.
 0.39318961 0.3934273  0.63636364 0.63636364 0.         0.44101881
 0.7902439  0.14676574 0.83333333 0.         0.40903685 0.41359373
 0.63636364 0.63636364 0.         0.27627165 0.67574257 0.0098495
 0.83333333 0.         0.39945425 0.39621092 0.63636364 0.63636364
 0.         0.18104779 0.58313817 0.        ]
deleted_not_scaled [1.000000e+01 0.000000e+00 8.035482e+03 2.049048e+06 2.560000e+03
 1.440000e+03 0.000000e+00 1.987300e+01 8.070000e-01 5.480000e-01
 1.000000e+01 0.000000e+00 8.065409e+03 2.059704e+06 2.560000e+03
 1.440000e+03 0.000000e+00 2.851100e+01 9.110000e-01 1.360900e+01
 1.000000e+01 0.000000e+00 8.054330e+03 2.059895e+06 2.560000e+03
 1.440000e+03 0.000000e+00 2.367800e+01 8.640000e-01 8.920000e-01
 1.000000e+01 0.000000e+00 8.182179e+03 2.072137e+06 2.560000e+03
 1.440000e+03 0.000000e+00 1.961600e+01 8.190000e-01 0.000000e+00
 2.010000e+02]
deleted_idx_col 457
query_origi 10
query_idx 412
deleted_scaled [5.83333333e-01 0.00000000e+00 1.40960737e-01 1.39557443e-01
 2.72727273e-01 2.72727273e-01 0.00000000e+00 2.03260567e-01
 6.97674419e-01 2.28062176e-01 6.66666667e-01 0.00000000e+00
 2.05761187e-01 2.04174099e-01 4.54545455e-01 4.54545455e-01
 0.00000000e+00 1.33274100e-01 5.04878049e-01 9.70601557e-05
 6.66666667e-01 0.00000000e+00 2.24654242e-01 2.25273036e-01
 4.54545455e-01 4.54545455e-01 0.00000000e+00 2.26890294e-01
 6.23762376e-01 5.96270000e-04 6.66666667e-01 0.00000000e+00
 1.95504792e-01 1.94590494e-01 4.54545455e-01 4.54545455e-01
 0.00000000e+00 2.77745831e-01 7.33021077e-01 0.00000000e+00]
deleted_not_scaled [7.000000e+00 0.000000e+00 3.100545e+03 7.844380e+05 1.280000e+03
 7.200000e+02 0.000000e+00 2.310800e+01 8.700000e-01 2.200800e+01
 8.000000e+00 0.000000e+00 4.378983e+03 1.109525e+06 1.920000e+03
 1.080000e+03 0.000000e+00 1.812000e+01 7.940000e-01 9.000000e-03
 8.000000e+00 0.000000e+00 4.568468e+03 1.159249e+06 1.920000e+03
 1.080000e+03 0.000000e+00 2.188200e+01 8.430000e-01 5.400000e-02
 8.000000e+00 0.000000e+00 4.168621e+03 1.059351e+06 1.920000e+03
 1.080000e+03 0.000000e+00 2.281100e+01 8.830000e-01 0.000000e+00
 2.110000e+02]
deleted_idx_col 412
query_origi 714
query_idx 738
deleted_scaled [0.41666667 0.         0.07823142 0.07793762 0.18181818 0.17171717
 0.         0.51224319 0.60697674 0.53377202 0.41666667 0.21135092
 0.07912206 0.07903697 0.18181818 0.17171717 0.         0.15397601
 0.4195122  0.3409939  0.41666667 0.63500961 0.0780165  0.07874544
 0.18181818 0.17171717 0.         0.03607369 0.44059406 0.29104601
 0.33333333 0.         0.04272546 0.04283518 0.09090909 0.09090909
 0.         0.08713417 0.60187354 0.4217849 ]
deleted_not_scaled [5.0000000e+00 0.0000000e+00 1.8664710e+03 4.7501700e+05 9.6000000e+02
 5.2000000e+02 0.0000000e+00 3.7531000e+01 8.3100000e-01 5.1509000e+01
 5.0000000e+00 6.9355827e-01 1.8881880e+03 4.8125200e+05 9.6000000e+02
 5.2000000e+02 0.0000000e+00 1.8819000e+01 7.5900000e-01 3.1619000e+01
 5.0000000e+00 3.1218081e+00 1.7961950e+03 4.5847900e+05 9.6000000e+02
 5.2000000e+02 0.0000000e+00 1.4942000e+01 7.6900000e-01 2.6358000e+01
 4.0000000e+00 0.0000000e+00 1.1620490e+03 2.9704900e+05 6.4000000e+02
 3.6000000e+02 0.0000000e+00 1.6513000e+01 8.2700000e-01 3.9865000e+01
 4.0000000e+00]
deleted_idx_col 738
query_origi 39
query_idx 608
deleted_scaled [4.16666667e-01 0.00000000e+00 7.85581134e-02 7.84498189e-02
 1.81818182e-01 1.71717172e-01 0.00000000e+00 5.34415904e-01
 9.00000000e-01 6.87502591e-01 0.00000000e+00 0.00000000e+00
 5.41832306e-04 6.11073091e-04 0.00000000e+00 0.00000000e+00
 0.00000000e+00 3.40411669e-01 8.26829268e-01 2.16444147e-02
 3.33333333e-01 0.00000000e+00 4.34313343e-02 4.39676889e-02
 9.09090909e-02 9.09090909e-02 0.00000000e+00 5.39868023e-01
 7.79702970e-01 6.53500878e-01 5.00000000e-01 0.00000000e+00
 1.08444407e-01 1.07488188e-01 2.72727273e-01 2.72727273e-01
 0.00000000e+00 1.53536515e-01 4.42622951e-01 2.56911601e-01]
deleted_not_scaled [5.000000e+00 0.000000e+00 1.872898e+03 4.775890e+05 9.600000e+02
 5.200000e+02 0.000000e+00 3.856600e+01 9.570000e-01 6.634400e+01
 0.000000e+00 0.000000e+00 3.426370e+02 8.750100e+04 3.200000e+02
 1.800000e+02 0.000000e+00 2.511400e+01 9.260000e-01 2.007000e+00
 4.000000e+00 0.000000e+00 1.142342e+03 2.921540e+05 6.400000e+02
 3.600000e+02 0.000000e+00 3.326500e+01 9.060000e-01 5.918300e+01
 6.000000e+00 0.000000e+00 2.455344e+03 6.218160e+05 1.280000e+03
 7.200000e+02 0.000000e+00 1.870700e+01 7.590000e-01 2.428200e+01
 1.860000e+02]
deleted_idx_col 608
query_origi 825
query_idx 206
deleted_scaled [1.         0.1290645  0.84926373 0.84841317 1.         1.
 1.         0.61413055 0.92093023 0.77       1.         0.13462823
 0.83248962 0.83291573 1.         1.         1.         0.33987857
 0.78536585 0.07772362 1.         0.12302871 0.81253047 0.82152455
 1.         1.         1.         0.68199065 0.80940594 0.81206453
 1.         0.         0.83331028 0.82665719 1.         1.
 1.         0.15577616 0.42388759 0.03134952]
deleted_not_scaled [1.20000000e+01 6.06408352e-01 1.70349920e+04 4.34392300e+06
 3.84000000e+03 2.16000000e+03 1.00000000e+00 4.22870000e+01
 9.66000000e-01 7.43050000e+01 1.20000000e+01 4.41789066e-01
 1.67057580e+04 4.26623300e+06 3.84000000e+03 2.16000000e+03
 1.00000000e+00 2.50960000e+01 9.09000000e-01 7.20700000e+00
 1.20000000e+01 6.04828658e-01 1.56826150e+04 4.01082900e+06
 3.84000000e+03 2.16000000e+03 1.00000000e+00 3.84340000e+01
 9.18000000e-01 7.35430000e+01 1.20000000e+01 0.00000000e+00
 1.67201100e+04 4.23436800e+06 3.84000000e+03 2.16000000e+03
 1.00000000e+00 1.87810000e+01 7.51000000e-01 2.96300000e+00
 1.86000000e+02]
deleted_idx_col 206
query_origi 238
query_idx 597
deleted_scaled [0.33333333 0.         0.0445079  0.04401317 0.09090909 0.09090909
 0.         0.32209345 0.5744186  0.47564767 0.41666667 0.
 0.07597799 0.07544303 0.18181818 0.17171717 0.         0.25031838
 0.13902439 0.33250652 0.41666667 0.         0.08128437 0.08155714
 0.18181818 0.17171717 0.         0.23172945 0.12871287 0.3197001
 0.58333333 0.         0.14040392 0.13988726 0.27272727 0.27272727
 0.         0.35458975 0.48946136 0.33697297]
deleted_not_scaled [4.000000e+00 0.000000e+00 1.203028e+03 3.046670e+05 6.400000e+02
 3.600000e+02 0.000000e+00 2.865500e+01 8.170000e-01 4.590000e+01
 5.000000e+00 0.000000e+00 1.826349e+03 4.632080e+05 9.600000e+02
 5.200000e+02 0.000000e+00 2.207200e+01 6.440000e-01 3.083200e+01
 5.000000e+00 0.000000e+00 1.857976e+03 4.719260e+05 9.600000e+02
 5.200000e+02 0.000000e+00 2.205800e+01 6.430000e-01 2.895300e+01
 7.000000e+00 0.000000e+00 3.084281e+03 7.845640e+05 1.280000e+03
 7.200000e+02 0.000000e+00 2.535000e+01 7.790000e-01 3.184900e+01
 9.100000e+01]
deleted_idx_col 597
query_origi 274
query_idx 178
deleted_scaled [0.58333333 0.11807126 0.14020717 0.13942501 0.27272727 0.27272727
 0.         0.17142612 0.27906977 0.0306114  0.5        0.82180303
 0.10733705 0.10696548 0.27272727 0.27272727 0.         0.26998371
 0.25853659 0.27889697 0.41666667 0.         0.08147035 0.08208448
 0.18181818 0.17171717 0.         0.33739346 0.38366337 0.38601857
 0.33333333 0.         0.04268562 0.04270857 0.09090909 0.09090909
 0.         0.31609213 0.40749415 0.22875734]
deleted_not_scaled [7.00000000e+00 5.54756686e-01 3.08572000e+03 7.83773000e+05
 1.28000000e+03 7.20000000e+02 0.00000000e+00 2.16220000e+01
 6.90000000e-01 2.95400000e+00 6.00000000e+00 2.69678641e+00
 2.44313300e+03 6.21472000e+05 1.28000000e+03 7.20000000e+02
 0.00000000e+00 2.27360000e+01 6.93000000e-01 2.58610000e+01
 5.00000000e+00 0.00000000e+00 1.86149200e+03 4.74448000e+05
 9.60000000e+02 5.20000000e+02 0.00000000e+00 2.59010000e+01
 7.46000000e-01 3.49590000e+01 4.00000000e+00 0.00000000e+00
 1.16126500e+03 2.96413000e+05 6.40000000e+02 3.60000000e+02
 0.00000000e+00 2.40780000e+01 7.44000000e-01 2.16210000e+01
 2.89000000e+02]
deleted_idx_col 178
query_origi 438
query_idx 252
deleted_scaled [1.         0.03074584 0.90113629 0.89888741 1.         1.
 1.         0.39818762 0.85116279 0.64818653 1.         0.06277161
 0.80491856 0.80412558 1.         1.         1.         0.37885384
 0.74634146 0.10037099 1.         0.48443365 0.86114551 0.86937241
 1.         1.         1.         0.32095133 0.72524752 0.0187825
 1.         0.         0.82152747 0.82317297 1.         1.
 1.         0.33410006 0.71662763 0.00300481]
deleted_not_scaled [1.20000000e+01 1.44459029e-01 1.80554810e+04 4.59737700e+06
 3.84000000e+03 2.16000000e+03 1.00000000e+00 3.22070000e+01
 9.36000000e-01 6.25500000e+01 1.20000000e+01 2.05988070e-01
 1.61634780e+04 4.12168700e+06 3.84000000e+03 2.16000000e+03
 1.00000000e+00 2.64120000e+01 8.93000000e-01 9.30700000e+00
 1.20000000e+01 2.38155277e+00 1.66017110e+04 4.23966200e+06
 3.84000000e+03 2.16000000e+03 1.00000000e+00 2.53030000e+01
 8.84000000e-01 1.70100000e+00 1.20000000e+01 0.00000000e+00
 1.64882340e+04 4.21686600e+06 3.84000000e+03 2.16000000e+03
 1.00000000e+00 2.46730000e+01 8.76000000e-01 2.84000000e-01
 7.20000000e+01]
deleted_idx_col 252
query_origi 107
query_idx 150
deleted_scaled [1.         0.15432864 0.82025759 0.81574632 1.         1.
 1.         0.42642302 0.90465116 0.4979171  1.         0.19418479
 0.82988835 0.82658152 1.         1.         1.         0.24489856
 0.36097561 0.06373617 1.         0.09398806 0.86266141 0.86829474
 1.         1.         1.         0.20409678 0.27227723 0.050959
 1.         0.         0.82762432 0.82680191 1.         1.
 1.         0.38424987 0.58782201 0.22579485]
deleted_not_scaled [1.20000000e+01 7.25111676e-01 1.64643540e+04 4.17988800e+06
 3.84000000e+03 2.16000000e+03 1.00000000e+00 3.35250000e+01
 9.59000000e-01 4.80490000e+01 1.20000000e+01 6.37226772e-01
 1.66545950e+04 4.23443100e+06 3.84000000e+03 2.16000000e+03
 1.00000000e+00 2.18890000e+01 7.35000000e-01 5.91000000e+00
 1.20000000e+01 4.62060206e-01 1.66303700e+04 4.23450800e+06
 3.84000000e+03 2.16000000e+03 1.00000000e+00 2.10530000e+01
 7.01000000e-01 4.61500000e+00 1.20000000e+01 0.00000000e+00
 1.66082150e+04 4.23509500e+06 3.84000000e+03 2.16000000e+03
 1.00000000e+00 2.63300000e+01 8.21000000e-01 2.13410000e+01
 2.81000000e+02]
deleted_idx_col 150
