query_origi 8
query_idx 12
deleted_scaled [1.66666667e-01 0.00000000e+00 1.81388678e-02 1.81228457e-02
 5.45454545e-02 5.45454545e-02 0.00000000e+00 5.45834315e-01
 8.81395349e-01 5.06466321e-01 8.33333333e-02 4.45394773e-01
 8.67475709e-03 8.77252386e-03 1.81818182e-02 1.81818182e-02
 0.00000000e+00 3.05641937e-01 7.53658537e-01 0.00000000e+00
 8.33333333e-02 0.00000000e+00 1.12787805e-02 1.11681894e-02
 1.81818182e-02 1.81818182e-02 0.00000000e+00 2.25570525e-01
 7.10396040e-01 0.00000000e+00 0.00000000e+00 0.00000000e+00
 1.92873890e-03 1.82750903e-03 0.00000000e+00 0.00000000e+00
 0.00000000e+00 2.79561757e-01 7.21311475e-01 2.11606623e-05]
deleted_not_scaled [2.00000000e+00 0.00000000e+00 6.84270000e+02 1.74660000e+05
 5.12000000e+02 2.88000000e+02 0.00000000e+00 3.90990000e+01
 9.49000000e-01 4.88740000e+01 1.00000000e+00 1.46158451e+00
 5.02599000e+02 1.28477000e+05 3.84000000e+02 2.16000000e+02
 0.00000000e+00 2.39400000e+01 8.96000000e-01 0.00000000e+00
 1.00000000e+00 0.00000000e+00 5.34479000e+02 1.35290000e+05
 3.84000000e+02 2.16000000e+02 0.00000000e+00 2.18340000e+01
 8.78000000e-01 0.00000000e+00 0.00000000e+00 0.00000000e+00
 3.59203000e+02 9.10580000e+04 3.20000000e+02 1.80000000e+02
 0.00000000e+00 2.28710000e+01 8.78000000e-01 2.00000000e-03
 2.77000000e+02]
deleted_idx_col 12
query_origi 634
query_idx 96
deleted_scaled [1.         0.06823407 0.83214581 0.82673936 1.         1.
 1.         0.31262452 0.58372093 0.07807254 1.         0.16071157
 0.83067575 0.82653571 1.         1.         1.         0.36306827
 0.48292683 0.00786187 1.         0.13351528 0.86354877 0.86831774
 1.         1.         1.         0.15515535 0.34405941 0.07892848
 1.         0.         0.8283464  0.82669601 1.         1.
 1.         0.25550074 0.54098361 0.13796752]
deleted_not_scaled [1.20000000e+01 3.20597144e-01 1.66982310e+04 4.23508900e+06
 3.84000000e+03 2.16000000e+03 1.00000000e+00 2.82130000e+01
 8.21000000e-01 7.53400000e+00 1.20000000e+01 5.27382807e-01
 1.66700820e+04 4.23420100e+06 3.84000000e+03 2.16000000e+03
 1.00000000e+00 2.58790000e+01 7.85000000e-01 7.29000000e-01
 1.20000000e+01 6.56382343e-01 1.66471460e+04 4.23461800e+06
 3.84000000e+03 2.16000000e+03 1.00000000e+00 1.92730000e+01
 7.30000000e-01 7.14800000e+00 1.20000000e+01 0.00000000e+00
 1.66224250e+04 4.23456300e+06 3.84000000e+03 2.16000000e+03
 1.00000000e+00 2.20760000e+01 8.01000000e-01 1.30400000e+01
 7.70000000e+01]
deleted_idx_col 96
query_origi 424
query_idx 447
deleted_scaled [0.41666667 0.         0.07626492 0.07624986 0.18181818 0.17171717
 0.         0.05998415 0.26976744 0.00592746 0.41666667 0.
 0.07720106 0.07739535 0.18181818 0.17171717 0.         0.18311861
 0.26829268 0.01847378 0.5        0.         0.11298563 0.11293814
 0.27272727 0.27272727 0.         0.10478416 0.43811881 0.22693595
 0.58333333 0.         0.14092483 0.13986735 0.27272727 0.27272727
 0.         0.20120456 0.70257611 0.13476168]
deleted_not_scaled [5.000000e+00 0.000000e+00 1.827784e+03 4.665420e+05 9.600000e+02
 5.200000e+02 0.000000e+00 1.642000e+01 6.860000e-01 5.720000e-01
 5.000000e+00 0.000000e+00 1.850405e+03 4.730100e+05 9.600000e+02
 5.200000e+02 0.000000e+00 1.980300e+01 6.970000e-01 1.713000e+00
 6.000000e+00 0.000000e+00 2.457307e+03 6.220060e+05 1.280000e+03
 7.200000e+02 0.000000e+00 1.744100e+01 7.680000e-01 2.055200e+01
 7.000000e+00 0.000000e+00 3.094532e+03 7.844640e+05 1.280000e+03
 7.200000e+02 0.000000e+00 2.028200e+01 8.700000e-01 1.273700e+01
 1.490000e+02]
deleted_idx_col 447
query_origi 830
query_idx 565
deleted_scaled [0.25       0.         0.03174126 0.03160699 0.05454545 0.05454545
 0.         0.12817327 0.60930233 0.16746114 0.16666667 0.
 0.01596186 0.01598948 0.05454545 0.05454545 0.         0.18122316
 0.60487805 0.19491836 0.25       0.         0.02733086 0.02764635
 0.05454545 0.05454545 0.         0.17970855 0.63118812 0.1939313
 0.25       0.         0.02889511 0.02902912 0.05454545 0.05454545
 0.         0.30292667 0.67213115 0.24516743]
deleted_not_scaled [3.00000e+00 0.00000e+00 9.51870e+02 2.42370e+05 5.12000e+02 2.88000e+02
 0.00000e+00 1.96030e+01 8.32000e-01 1.61600e+01 2.00000e+00 0.00000e+00
 6.45925e+02 1.64711e+05 5.12000e+02 2.88000e+02 0.00000e+00 1.97390e+01
 8.35000e-01 1.80740e+01 3.00000e+00 0.00000e+00 8.37953e+02 2.14097e+05
 5.12000e+02 2.88000e+02 0.00000e+00 2.01660e+01 8.46000e-01 1.75630e+01
 3.00000e+00 0.00000e+00 8.89879e+02 2.27698e+05 5.12000e+02 2.88000e+02
 0.00000e+00 2.36430e+01 8.57000e-01 2.31720e+01 2.68000e+02]
deleted_idx_col 565
query_origi 194
query_idx 519
deleted_scaled [0.5        0.         0.0916337  0.09183101 0.27272727 0.27272727
 0.         0.18554382 0.67674419 0.27235233 0.5        0.
 0.10792759 0.10700392 0.27272727 0.27272727 0.         0.16700726
 0.58292683 0.20474301 0.5        0.         0.11314966 0.11335946
 0.27272727 0.27272727 0.         0.11811933 0.53712871 0.25097446
 0.5        0.         0.10757425 0.10698891 0.27272727 0.27272727
 0.         0.45143912 0.78220141 0.49192192]
deleted_not_scaled [6.000000e+00 0.000000e+00 2.130134e+03 5.447820e+05 1.280000e+03
 7.200000e+02 0.000000e+00 2.228100e+01 8.610000e-01 2.628200e+01
 6.000000e+00 0.000000e+00 2.454748e+03 6.216650e+05 1.280000e+03
 7.200000e+02 0.000000e+00 1.925900e+01 8.260000e-01 1.898500e+01
 6.000000e+00 0.000000e+00 2.460408e+03 6.240210e+05 1.280000e+03
 7.200000e+02 0.000000e+00 1.792600e+01 8.080000e-01 2.272900e+01
 6.000000e+00 0.000000e+00 2.438220e+03 6.193080e+05 1.280000e+03
 7.200000e+02 0.000000e+00 2.855000e+01 9.040000e-01 4.649400e+01
 6.000000e+01]
deleted_idx_col 519
query_origi 90
query_idx 753
deleted_scaled [0.16666667 0.         0.01814822 0.01809815 0.05454545 0.05454545
 0.         0.0458236  0.21395349 0.38260104 0.16666667 0.
 0.01781152 0.01790516 0.05454545 0.05454545 0.         0.58735377
 0.78292683 0.51133447 0.25       0.1072546  0.02864079 0.02903704
 0.05454545 0.05454545 0.         0.09747044 0.13861386 0.3198326
 0.16666667 0.         0.02132192 0.0210504  0.05454545 0.05454545
 0.         0.08849611 0.26932084 0.28936148]
deleted_not_scaled [2.00000000e+00 0.00000000e+00 6.84454000e+02 1.74536000e+05
 5.12000000e+02 2.88000000e+02 0.00000000e+00 1.57590000e+01
 6.62000000e-01 3.69210000e+01 2.00000000e+00 0.00000000e+00
 6.82305000e+02 1.74329000e+05 5.12000000e+02 2.88000000e+02
 0.00000000e+00 3.34520000e+01 9.08000000e-01 4.74140000e+01
 3.00000000e+00 5.27280643e-01 8.62718000e+02 2.20748000e+05
 5.12000000e+02 2.88000000e+02 0.00000000e+00 1.71750000e+01
 6.47000000e-01 2.89650000e+01 2.00000000e+00 0.00000000e+00
 7.40845000e+02 1.87619000e+05 5.12000000e+02 2.88000000e+02
 0.00000000e+00 1.65580000e+01 6.85000000e-01 2.73490000e+01
 1.41000000e+02]
deleted_idx_col 753
query_origi 507
query_idx 520
deleted_scaled [0.16666667 0.         0.01820551 0.01812125 0.05454545 0.05454545
 0.         0.14927483 0.26976744 0.27471503 0.25       0.
 0.02923576 0.02927215 0.05454545 0.05454545 0.         0.04309196
 0.23170732 0.40155943 0.25       0.         0.02695838 0.02727019
 0.05454545 0.05454545 0.         0.13112455 0.43069307 0.19242958
 0.25       0.         0.03242193 0.03201545 0.05454545 0.05454545
 0.         0.68790291 0.82669789 0.58768449]
deleted_not_scaled [2.00000e+00 0.00000e+00 6.85581e+02 1.74652e+05 5.12000e+02 2.88000e+02
 0.00000e+00 2.05880e+01 6.86000e-01 2.65100e+01 3.00000e+00 0.00000e+00
 9.07002e+02 2.31399e+05 5.12000e+02 2.88000e+02 0.00000e+00 1.50750e+01
 6.82000e-01 3.72350e+01 3.00000e+00 0.00000e+00 8.30911e+02 2.12298e+05
 5.12000e+02 2.88000e+02 0.00000e+00 1.83990e+01 7.65000e-01 1.74270e+01
 3.00000e+00 0.00000e+00 9.59284e+02 2.42699e+05 5.12000e+02 2.88000e+02
 0.00000e+00 3.63630e+01 9.23000e-01 5.55450e+01 2.38000e+02]
deleted_idx_col 520
query_origi 939
query_idx 965
deleted_scaled [0.58333333 0.         0.1406007  0.13966259 0.27272727 0.27272727
 0.         0.19259196 0.4627907  0.22415544 0.58333333 0.
 0.13998004 0.139341   0.27272727 0.27272727 0.         0.6931734
 0.86585366 0.76803701 0.58333333 0.         0.14599449 0.14685337
 0.27272727 0.27272727 0.         0.17629915 0.4950495  0.31979948
 0.58333333 0.         0.1399728  0.13976383 0.27272727 0.27272727
 0.         0.20417058 0.46604215 0.33129133]
deleted_not_scaled [7.000000e+00 0.000000e+00 3.093462e+03 7.849660e+05 1.280000e+03
 7.200000e+02 0.000000e+00 2.261000e+01 7.690000e-01 2.163100e+01
 7.000000e+00 0.000000e+00 3.085170e+03 7.840190e+05 1.280000e+03
 7.200000e+02 0.000000e+00 3.702500e+01 9.420000e-01 7.121700e+01
 7.000000e+00 0.000000e+00 3.081359e+03 7.842060e+05 1.280000e+03
 7.200000e+02 0.000000e+00 2.004200e+01 7.910000e-01 2.896200e+01
 7.000000e+00 0.000000e+00 3.075797e+03 7.839440e+05 1.280000e+03
 7.200000e+02 0.000000e+00 2.038000e+01 7.690000e-01 3.131200e+01
 8.500000e+01]
deleted_idx_col 965
query_origi 707
query_idx 787
deleted_scaled [0.41666667 0.         0.07723066 0.07739953 0.18181818 0.17171717
 0.         0.55843099 0.88139535 0.85380311 0.5        0.
 0.1079645  0.10704057 0.27272727 0.27272727 0.         0.45262846
 0.56829268 0.42710782 0.5        0.         0.11274983 0.11295863
 0.27272727 0.27272727 0.         0.22680781 0.11138614 0.36018021
 0.5        0.         0.10809861 0.10751068 0.27272727 0.27272727
 0.         0.24953845 0.15456674 0.32557795]
deleted_not_scaled [5.000000e+00 0.000000e+00 1.846783e+03 4.723150e+05 9.600000e+02
 5.200000e+02 0.000000e+00 3.968700e+01 9.490000e-01 8.239200e+01
 6.000000e+00 0.000000e+00 2.455474e+03 6.218490e+05 1.280000e+03
 7.200000e+02 0.000000e+00 2.890300e+01 8.200000e-01 3.960400e+01
 6.000000e+00 0.000000e+00 2.452849e+03 6.221040e+05 1.280000e+03
 7.200000e+02 0.000000e+00 2.187900e+01 6.360000e-01 3.261900e+01
 6.000000e+00 0.000000e+00 2.448539e+03 6.219290e+05 1.280000e+03
 7.200000e+02 0.000000e+00 2.187900e+01 6.360000e-01 3.077200e+01
 9.000000e+01]
deleted_idx_col 787
query_origi 731
query_idx 630
deleted_scaled [1.         0.         0.8275702  0.82674055 1.         1.
 1.         0.27228518 0.58372093 0.22115026 1.         0.
 0.90362401 0.90408065 1.         1.         1.         0.12287872
 0.36097561 0.11227703 1.         0.         0.85407914 0.86353009
 1.         1.         1.         0.22760517 0.58415842 0.0165741
 1.         0.         0.75991337 0.75383712 1.         1.
 1.         0.2296238  0.36065574 0.06032905]
deleted_not_scaled [1.2000000e+01 0.0000000e+00 1.6608215e+04 4.2350950e+06 3.8400000e+03
 2.1600000e+03 1.0000000e+00 2.6330000e+01 8.2100000e-01 2.1341000e+01
 1.2000000e+01 0.0000000e+00 1.8104861e+04 4.6235290e+06 3.8400000e+03
 2.1600000e+03 1.0000000e+00 1.7769000e+01 7.3500000e-01 1.0411000e+01
 1.2000000e+01 0.0000000e+00 1.6468117e+04 4.2117210e+06 3.8400000e+03
 2.1600000e+03 1.0000000e+00 2.1908000e+01 8.2700000e-01 1.5010000e+00
 1.2000000e+01 0.0000000e+00 1.5275719e+04 3.8685760e+06 3.8400000e+03
 2.1600000e+03 1.0000000e+00 2.1221000e+01 7.2400000e-01 5.7020000e+00
 2.8400000e+02]
deleted_idx_col 630
query_origi 731
query_idx 775
deleted_scaled [0.25       0.         0.02576206 0.02551772 0.05454545 0.05454545
 0.         0.24842006 0.73953488 0.12557513 0.33333333 0.
 0.04256803 0.0423933  0.09090909 0.09090909 0.         0.3805716
 0.76585366 0.25173091 0.33333333 0.         0.04485181 0.04512879
 0.09090909 0.09090909 0.         0.21710201 0.67574257 0.23368263
 0.33333333 0.         0.04284411 0.0428091  0.09090909 0.09090909
 0.         0.16385703 0.70725995 0.1507803 ]
deleted_not_scaled [3.000000e+00 0.000000e+00 8.342410e+02 2.117930e+05 5.120000e+02
 2.880000e+02 0.000000e+00 2.521600e+01 8.880000e-01 1.211800e+01
 4.000000e+00 0.000000e+00 1.169227e+03 2.972760e+05 6.400000e+02
 3.600000e+02 0.000000e+00 2.647000e+01 9.010000e-01 2.334200e+01
 4.000000e+00 0.000000e+00 1.169197e+03 2.977070e+05 6.400000e+02
 3.600000e+02 0.000000e+00 2.152600e+01 8.640000e-01 2.116300e+01
 4.000000e+00 0.000000e+00 1.164384e+03 2.969180e+05 6.400000e+02
 3.600000e+02 0.000000e+00 1.904800e+01 8.720000e-01 1.425100e+01
 1.680000e+02]
deleted_idx_col 775
query_origi 44
query_idx 863
deleted_scaled [1.         0.         0.82340708 0.82093586 1.         1.
 1.         0.1952484  0.44418605 0.11318135 1.         0.
 0.82168724 0.82046621 1.         1.         1.         0.24398045
 0.27804878 0.0834286  1.         0.         0.93754144 0.94602355
 1.         1.         1.         0.47159747 0.70792079 0.47770061
 0.91666667 0.         0.52203562 0.52283799 1.         1.
 0.         0.38137466 0.56206089 0.12170555]
deleted_not_scaled [1.2000000e+01 0.0000000e+00 1.6526314e+04 4.2059470e+06 3.8400000e+03
 2.1600000e+03 1.0000000e+00 2.2734000e+01 7.6100000e-01 1.0922000e+01
 1.2000000e+01 0.0000000e+00 1.6493292e+04 4.2037280e+06 3.8400000e+03
 2.1600000e+03 1.0000000e+00 2.1858000e+01 7.0100000e-01 7.7360000e+00
 1.2000000e+01 0.0000000e+00 1.8046021e+04 4.6062470e+06 3.8400000e+03
 2.1600000e+03 1.0000000e+00 3.0782000e+01 8.7700000e-01 4.3262000e+01
 1.1000000e+01 0.0000000e+00 1.0594480e+04 2.7082140e+06 3.8400000e+03
 2.1600000e+03 0.0000000e+00 2.6235000e+01 8.1000000e-01 1.1503000e+01
 1.1700000e+02]
deleted_idx_col 863
query_origi 901
query_idx 817
deleted_scaled [0.83333333 0.         0.41549813 0.41210252 0.63636364 0.63636364
 0.         0.12061098 0.58604651 0.         0.91666667 0.
 0.55685007 0.55322471 1.         1.         0.         0.12735081
 0.52926829 0.00378535 0.91666667 0.         0.60614332 0.60855697
 1.         1.         0.         0.40934836 0.76732673 0.28615439
 0.91666667 0.         0.57166793 0.56966263 1.         1.
 0.         0.33195121 0.70023419 0.07042268]
deleted_not_scaled [1.0000000e+01 0.0000000e+00 8.5015200e+03 2.1530100e+06 2.5600000e+03
 1.4400000e+03 0.0000000e+00 1.9250000e+01 8.2200000e-01 0.0000000e+00
 1.1000000e+01 0.0000000e+00 1.1284356e+04 2.8619950e+06 3.8400000e+03
 2.1600000e+03 0.0000000e+00 1.7920000e+01 8.0400000e-01 3.5100000e-01
 1.1000000e+01 0.0000000e+00 1.1780744e+04 2.9923090e+06 3.8400000e+03
 2.1600000e+03 0.0000000e+00 2.8518000e+01 9.0100000e-01 2.5915000e+01
 1.1000000e+01 0.0000000e+00 1.1571203e+04 2.9434250e+06 3.8400000e+03
 2.1600000e+03 0.0000000e+00 2.4602000e+01 8.6900000e-01 6.6560000e+00
 6.1000000e+01]
deleted_idx_col 817
query_origi 509
query_idx 90
deleted_scaled [0.91666667 0.21971778 0.57025209 0.56765832 1.         1.
 0.         1.         1.         1.         0.91666667 0.07854106
 0.57076489 0.5690644  1.         1.         0.         1.
 0.56829268 0.39120635 0.83333333 0.         0.44177928 0.44510939
 0.63636364 0.63636364 0.         0.14118779 0.37623762 0.05761735
 0.83333333 0.         0.35907899 0.35909438 0.63636364 0.63636364
 0.         0.03973851 0.44496487 0.16303232]
deleted_not_scaled [1.10000000e+01 1.03234195e+00 1.15459950e+04 2.93412600e+06
 3.84000000e+03 2.16000000e+03 0.00000000e+00 6.02990000e+01
 1.00000000e+00 9.65000000e+01 1.10000000e+01 2.57736305e-01
 1.15580390e+04 2.94152100e+06 3.84000000e+03 2.16000000e+03
 0.00000000e+00 4.73850000e+01 8.20000000e-01 3.62750000e+01
 1.00000000e+01 0.00000000e+00 8.67334500e+03 2.21061900e+06
 2.56000000e+03 1.44000000e+03 0.00000000e+00 1.87650000e+01
 7.43000000e-01 5.21800000e+00 1.00000000e+01 0.00000000e+00
 7.38762700e+03 1.88569200e+06 2.56000000e+03 1.44000000e+03
 0.00000000e+00 1.49470000e+01 7.60000000e-01 1.54090000e+01
 3.00000000e+00]
deleted_idx_col 90
query_origi 129
query_idx 909
deleted_scaled [0.         0.         0.00177802 0.00159934 0.         0.
 0.         0.74395338 0.99302326 0.67647668 0.41666667 0.
 0.07778687 0.07714758 0.18181818 0.17171717 0.         0.70451651
 0.99756098 0.84936264 0.58333333 0.         0.14651206 0.14688933
 0.27272727 0.27272727 0.         1.         1.         0.7411084
 0.58333333 0.         0.14046088 0.13979051 0.27272727 0.27272727
 0.         0.93323447 1.         0.86506904]
deleted_not_scaled [0.000000e+00 0.000000e+00 3.624030e+02 9.168800e+04 3.200000e+02
 1.800000e+02 0.000000e+00 4.834700e+01 9.970000e-01 6.528000e+01
 5.000000e+00 0.000000e+00 1.861927e+03 4.717660e+05 9.600000e+02
 5.200000e+02 0.000000e+00 3.740800e+01 9.960000e-01 7.875800e+01
 7.000000e+00 0.000000e+00 3.091144e+03 7.843780e+05 1.280000e+03
 7.200000e+02 0.000000e+00 5.000000e+01 9.950000e-01 6.711700e+01
 7.000000e+00 0.000000e+00 3.085402e+03 7.840780e+05 1.280000e+03
 7.200000e+02 0.000000e+00 4.446900e+01 9.970000e-01 8.176200e+01
 0.000000e+00]
deleted_idx_col 909
query_origi 416
query_idx 938
deleted_scaled [0.5        0.         0.09966353 0.09987669 0.27272727 0.27272727
 0.         0.46157801 0.79534884 0.74629016 0.5        0.
 0.10795789 0.10703399 0.27272727 0.27272727 0.         0.15065897
 0.4195122  0.2618683  0.5        0.05950068 0.11274607 0.11295487
 0.27272727 0.27272727 0.         0.79136651 0.94554455 0.89967205
 0.5        0.         0.10808982 0.10750192 0.27272727 0.27272727
 0.         0.26391453 0.74473068 0.2171613 ]
deleted_not_scaled [6.00000000e+00 0.00000000e+00 2.28810500e+03 5.85183000e+05
 1.28000000e+03 7.20000000e+02 0.00000000e+00 3.51660000e+01
 9.12000000e-01 7.20170000e+01 6.00000000e+00 0.00000000e+00
 2.45534400e+03 6.21816000e+05 1.28000000e+03 7.20000000e+02
 0.00000000e+00 1.87070000e+01 7.59000000e-01 2.42820000e+01
 6.00000000e+00 2.92514804e-01 2.45277800e+03 6.22086000e+05
 1.28000000e+03 7.20000000e+02 0.00000000e+00 4.24120000e+01
 9.73000000e-01 8.14770000e+01 6.00000000e+00 0.00000000e+00
 2.44836600e+03 6.21885000e+05 1.28000000e+03 7.20000000e+02
 0.00000000e+00 2.23540000e+01 8.88000000e-01 2.05250000e+01
 1.88000000e+02]
deleted_idx_col 938
query_origi 279
query_idx 111
deleted_scaled [1.         0.07833125 0.83252841 0.83294155 1.         1.
 1.         0.24584931 0.78837209 0.07468394 1.         0.18551408
 0.78047011 0.78204529 1.         1.         1.         0.73490301
 0.80731707 0.79312167 1.         0.1099702  0.86740816 0.86826546
 1.         1.         1.         0.14162772 0.3960396  0.03271756
 1.         0.         0.86940528 0.86376975 1.         1.
 1.         0.97085439 0.96252927 0.94812464]
deleted_not_scaled [1.20000000e+01 3.68038646e-01 1.67057580e+04 4.26623300e+06
 3.84000000e+03 2.16000000e+03 1.00000000e+00 2.50960000e+01
 9.09000000e-01 7.20700000e+00 1.20000000e+01 6.08773441e-01
 1.56826150e+04 4.01082900e+06 3.84000000e+03 2.16000000e+03
 1.00000000e+00 3.84340000e+01 9.18000000e-01 7.35430000e+01
 1.20000000e+01 5.40630960e-01 1.67201100e+04 4.23436800e+06
 3.84000000e+03 2.16000000e+03 1.00000000e+00 1.87810000e+01
 7.51000000e-01 2.96300000e+00 1.20000000e+01 0.00000000e+00
 1.74304300e+04 4.42079300e+06 3.84000000e+03 2.16000000e+03
 1.00000000e+00 4.57120000e+01 9.81000000e-01 8.96120000e+01
 1.87000000e+02]
deleted_idx_col 111
query_origi 632
query_idx 194
deleted_scaled [0.00000000e+00 8.47904596e-01 3.76134747e-03 3.58521798e-03
 0.00000000e+00 0.00000000e+00 0.00000000e+00 3.15966495e-01
 7.23255814e-01 2.38341969e-02 0.00000000e+00 0.00000000e+00
 4.69787981e-05 0.00000000e+00 0.00000000e+00 0.00000000e+00
 0.00000000e+00 4.52509996e-01 7.07317073e-01 3.30004529e-03
 0.00000000e+00 0.00000000e+00 2.43652803e-03 2.38765736e-03
 0.00000000e+00 0.00000000e+00 0.00000000e+00 2.67885620e-01
 4.87623762e-01 0.00000000e+00 0.00000000e+00 0.00000000e+00
 2.20715497e-03 2.16752923e-03 0.00000000e+00 0.00000000e+00
 0.00000000e+00 4.00593202e-01 7.16627635e-01 5.34306724e-03]
deleted_not_scaled [0.0000000e+00 3.9838718e+00 4.0142100e+02 1.0166000e+05 3.2000000e+02
 1.8000000e+02 0.0000000e+00 2.8369000e+01 8.8100000e-01 2.3000000e+00
 0.0000000e+00 0.0000000e+00 3.3290400e+02 8.4433000e+04 3.2000000e+02
 1.8000000e+02 0.0000000e+00 2.8899000e+01 8.7700000e-01 3.0600000e-01
 0.0000000e+00 0.0000000e+00 3.6731100e+02 9.3297000e+04 3.2000000e+02
 1.8000000e+02 0.0000000e+00 2.3373000e+01 7.8800000e-01 0.0000000e+00
 0.0000000e+00 0.0000000e+00 3.6468200e+02 9.2766000e+04 3.2000000e+02
 1.8000000e+02 0.0000000e+00 2.6870000e+01 8.7600000e-01 5.0500000e-01
 1.5900000e+02]
deleted_idx_col 194
query_origi 950
query_idx 137
deleted_scaled [1.00000000e+00 8.70172709e-02 8.06616356e-01 8.00565653e-01
 1.00000000e+00 1.00000000e+00 1.00000000e+00 9.60817498e-02
 5.09302326e-01 4.35233161e-04 1.00000000e+00 1.00000000e+00
 8.51369048e-01 8.46276079e-01 1.00000000e+00 1.00000000e+00
 1.00000000e+00 2.44069303e-01 6.07317073e-01 6.25498781e-04
 1.00000000e+00 6.34026088e-02 9.12655992e-01 9.16779299e-01
 1.00000000e+00 1.00000000e+00 1.00000000e+00 2.52213363e-01
 7.15346535e-01 0.00000000e+00 1.00000000e+00 0.00000000e+00
 8.70025326e-01 8.67424174e-01 1.00000000e+00 1.00000000e+00
 1.00000000e+00 2.02263854e-01 6.04215457e-01 1.98487013e-02]
deleted_not_scaled [1.20000000e+01 4.08849832e-01 1.61959900e+04 4.10365900e+06
 3.84000000e+03 2.16000000e+03 1.00000000e+00 1.81050000e+01
 7.89000000e-01 4.20000000e-02 1.20000000e+01 3.28154840e+00
 1.70770870e+04 4.33331100e+06 3.84000000e+03 2.16000000e+03
 1.00000000e+00 2.18610000e+01 8.36000000e-01 5.80000000e-02
 1.20000000e+01 3.11697293e-01 1.75755470e+04 4.46638600e+06
 3.84000000e+03 2.16000000e+03 1.00000000e+00 2.28030000e+01
 8.80000000e-01 0.00000000e+00 1.20000000e+01 0.00000000e+00
 1.74426320e+04 4.43915000e+06 3.84000000e+03 2.16000000e+03
 1.00000000e+00 2.03170000e+01 8.28000000e-01 1.87600000e+00
 2.12000000e+02]
deleted_idx_col 137
query_origi 910
query_idx 187
deleted_scaled [0.33333333 0.         0.04253001 0.04257235 0.09090909 0.09090909
 0.         0.06827481 0.55348837 0.23474611 0.33333333 0.
 0.04274877 0.04228136 0.09090909 0.09090909 0.         0.10273952
 0.57073171 0.17382395 0.25       0.94608443 0.02900232 0.02894818
 0.05454545 0.05454545 0.         0.27415452 0.75990099 0.22964124
 0.08333333 0.         0.0095161  0.00938798 0.01818182 0.01818182
 0.         0.12348295 0.64168618 0.        ]
deleted_not_scaled [4.00000000e+00 0.00000000e+00 1.16411700e+03 2.97432000e+05
 6.40000000e+02 3.60000000e+02 0.00000000e+00 1.68070000e+01
 8.08000000e-01 2.26530000e+01 4.00000000e+00 0.00000000e+00
 1.17278200e+03 2.96714000e+05 6.40000000e+02 3.60000000e+02
 0.00000000e+00 1.70890000e+01 8.21000000e-01 1.61180000e+01
 3.00000000e+00 4.65110132e+00 8.69553000e+02 2.20323000e+05
 5.12000000e+02 2.88000000e+02 0.00000000e+00 2.36010000e+01
 8.98000000e-01 2.07970000e+01 1.00000000e+00 0.00000000e+00
 5.08516000e+02 1.29036000e+05 3.84000000e+02 2.16000000e+02
 0.00000000e+00 1.77140000e+01 8.44000000e-01 0.00000000e+00
 2.25000000e+02]
deleted_idx_col 187
query_origi 472
query_idx 30
deleted_scaled [1.         0.16851943 0.80243174 0.79962071 1.         1.
 1.         0.11139913 0.11162791 0.08939896 1.         0.26336434
 0.8282807  0.8266357  1.         1.         1.         0.18676144
 0.12195122 0.09449345 1.         0.41632058 0.87320311 0.88066501
 1.         1.         1.         0.03709101 0.14851485 0.12572463
 1.         0.         0.81405003 0.81486776 1.         1.
 1.         0.14609122 0.40515222 0.02223986]
deleted_not_scaled [1.20000000e+01 7.91786966e-01 1.61136660e+04 4.09891400e+06
 3.84000000e+03 2.16000000e+03 1.00000000e+00 1.88200000e+01
 6.18000000e-01 8.62700000e+00 1.20000000e+01 8.64242835e-01
 1.66229750e+04 4.23470300e+06 3.84000000e+03 2.16000000e+03
 1.00000000e+00 1.99260000e+01 6.37000000e-01 8.76200000e+00
 1.20000000e+01 2.04669810e+00 1.68296670e+04 4.29366900e+06
 3.84000000e+03 2.16000000e+03 1.00000000e+00 1.49790000e+01
 6.51000000e-01 1.13860000e+01 1.20000000e+01 0.00000000e+00
 1.63410840e+04 4.17514700e+06 3.84000000e+03 2.16000000e+03
 1.00000000e+00 1.84610000e+01 7.43000000e-01 2.10200000e+00
 2.37000000e+02]
deleted_idx_col 30
query_origi 70
query_idx 153
deleted_scaled [1.         0.17798595 0.81640739 0.81110085 1.         1.
 1.         0.05411427 0.43023256 0.0192228  1.         0.46596187
 0.83073142 0.82659108 1.         1.         1.         0.79318821
 0.87804878 0.96556521 1.         0.25633486 0.91806408 0.92313621
 1.         1.         1.         0.16032444 0.69554455 0.1110056
 1.         0.         0.81001027 0.80839623 1.         1.
 1.         0.22417602 0.69789227 0.00896154]
deleted_not_scaled [1.20000000e+01 8.36265331e-01 1.63886090e+04 4.15656100e+06
 3.84000000e+03 2.16000000e+03 1.00000000e+00 1.61460000e+01
 7.55000000e-01 1.85500000e+00 1.20000000e+01 1.52907642e+00
 1.66711770e+04 4.23447900e+06 3.84000000e+03 2.16000000e+03
 1.00000000e+00 4.04020000e+01 9.47000000e-01 8.95330000e+01
 1.20000000e+01 1.26018286e+00 1.76777900e+04 4.49678800e+06
 3.84000000e+03 2.16000000e+03 1.00000000e+00 1.94610000e+01
 8.72000000e-01 1.00530000e+01 1.20000000e+01 0.00000000e+00
 1.62615850e+04 4.14263900e+06 3.84000000e+03 2.16000000e+03
 1.00000000e+00 2.10410000e+01 8.68000000e-01 8.47000000e-01
 2.20000000e+02]
deleted_idx_col 153
query_origi 817
query_idx 133
deleted_scaled [1.         0.06425106 0.83882684 0.83840531 1.         1.
 1.         0.02911373 0.18837209 0.11798964 1.         0.24353603
 0.81394855 0.81477355 1.         1.         1.         0.14337332
 0.3804878  0.02266894 1.         0.02986542 1.         1.
 1.         1.         1.         0.77165246 0.88366337 1.
 1.         0.         0.8058257  0.79979121 1.         1.
 1.         0.08680125 0.52459016 0.11470137]
deleted_not_scaled [1.20000000e+01 3.01883015e-01 1.68296670e+04 4.29366900e+06
 3.84000000e+03 2.16000000e+03 1.00000000e+00 1.49790000e+01
 6.51000000e-01 1.13860000e+01 1.20000000e+01 7.99175276e-01
 1.63410840e+04 4.17514700e+06 3.84000000e+03 2.16000000e+03
 1.00000000e+00 1.84610000e+01 7.43000000e-01 2.10200000e+00
 1.20000000e+01 1.46823144e-01 1.92268370e+04 4.86439000e+06
 3.84000000e+03 2.16000000e+03 1.00000000e+00 4.16950000e+01
 9.48000000e-01 9.05630000e+01 1.20000000e+01 0.00000000e+00
 1.61792360e+04 4.09941400e+06 3.84000000e+03 2.16000000e+03
 1.00000000e+00 1.65020000e+01 7.94000000e-01 1.08410000e+01
 2.39000000e+02]
deleted_idx_col 133
query_origi 469
query_idx 601
deleted_scaled [0.00000000e+00 4.44900492e-01 1.99044345e-03 1.93768655e-03
 0.00000000e+00 0.00000000e+00 0.00000000e+00 1.56665738e-01
 2.97674419e-01 8.08290155e-04 0.00000000e+00 3.86872509e-01
 2.78212103e-03 2.83308463e-03 0.00000000e+00 0.00000000e+00
 0.00000000e+00 4.59943729e-02 2.65853659e-01 6.69175851e-02
 0.00000000e+00 6.46239054e-02 1.12834352e-03 1.18159662e-03
 0.00000000e+00 0.00000000e+00 0.00000000e+00 1.33049216e-01
 4.55445545e-01 7.17732407e-04 0.00000000e+00 0.00000000e+00
 3.76941519e-03 3.61619842e-03 0.00000000e+00 0.00000000e+00
 0.00000000e+00 5.91840441e-01 7.93911007e-01 8.66000106e-02]
deleted_not_scaled [0.00000000e+00 2.09036079e+00 3.66582000e+02 9.33870000e+04
 3.20000000e+02 1.80000000e+02 0.00000000e+00 2.09330000e+01
 6.98000000e-01 7.80000000e-02 0.00000000e+00 1.26954086e+00
 3.86700000e+02 9.86570000e+04 3.20000000e+02 1.80000000e+02
 0.00000000e+00 1.51730000e+01 6.96000000e-01 6.20500000e+00
 0.00000000e+00 3.17701381e-01 3.42579000e+02 8.75290000e+04
 3.20000000e+02 1.80000000e+02 0.00000000e+00 1.84690000e+01
 7.75000000e-01 6.50000000e-02 0.00000000e+00 0.00000000e+00
 3.95426000e+02 1.00043000e+05 3.20000000e+02 1.80000000e+02
 0.00000000e+00 3.31890000e+01 9.09000000e-01 8.18500000e+00
 2.38000000e+02]
deleted_idx_col 601
query_origi 507
query_idx 23
deleted_scaled [0.41666667 0.04043739 0.0728355  0.072908   0.18181818 0.17171717
 0.         0.25626085 0.48604651 0.28976166 0.25       0.94242099
 0.03105126 0.03122747 0.05454545 0.05454545 0.         0.23755368
 0.4097561  0.29499817 0.16666667 0.         0.01689278 0.01681919
 0.05454545 0.05454545 0.         0.07195491 0.32673267 0.29760498
 0.08333333 0.         0.00941818 0.00929063 0.01818182 0.01818182
 0.         0.32483884 0.50117096 0.02713855]
deleted_not_scaled [5.00000000e+00 1.89994716e-01 1.76031700e+03 4.49761000e+05
 9.60000000e+02 5.20000000e+02 0.00000000e+00 2.55820000e+01
 7.79000000e-01 2.79620000e+01 3.00000000e+00 3.09260008e+00
 9.42710000e+02 2.41216000e+05 5.12000000e+02 2.88000000e+02
 0.00000000e+00 2.16410000e+01 7.55000000e-01 2.73540000e+01
 2.00000000e+00 0.00000000e+00 6.40615000e+02 1.62316000e+05
 5.12000000e+02 2.88000000e+02 0.00000000e+00 1.62470000e+01
 7.23000000e-01 2.69520000e+01 1.00000000e+00 0.00000000e+00
 5.06589000e+02 1.28547000e+05 3.84000000e+02 2.16000000e+02
 0.00000000e+00 2.43670000e+01 7.84000000e-01 2.56500000e+00
 1.27000000e+02]
deleted_idx_col 23
query_origi 464
query_idx 478
deleted_scaled [0.         0.         0.00201637 0.00186301 0.         0.
 0.         0.39028257 0.98139535 0.15226943 0.         0.
 0.00177686 0.00172785 0.         0.         0.         0.68662817
 0.98292683 0.39396717 0.25       0.         0.02912509 0.02920787
 0.05454545 0.05454545 0.         0.5965906  0.98762376 0.40075969
 0.58333333 0.         0.14053655 0.14009628 0.27272727 0.27272727
 0.         1.         0.60421546 0.55613395]
deleted_not_scaled [0.000000e+00 0.000000e+00 3.670920e+02 9.301200e+04 3.200000e+02
 1.800000e+02 0.000000e+00 3.183800e+01 9.920000e-01 1.469400e+01
 0.000000e+00 0.000000e+00 3.669280e+02 9.310800e+04 3.200000e+02
 1.800000e+02 0.000000e+00 3.680400e+01 9.900000e-01 3.653100e+01
 3.000000e+00 0.000000e+00 8.718740e+02 2.215650e+05 5.120000e+02
 2.880000e+02 0.000000e+00 3.532800e+01 9.900000e-01 3.629400e+01
 7.000000e+00 0.000000e+00 3.086891e+03 7.856140e+05 1.280000e+03
 7.200000e+02 0.000000e+00 4.667500e+01 8.280000e-01 5.256300e+01
 1.000000e+00]
deleted_idx_col 478
query_origi 214
query_idx 215
deleted_scaled [0.         0.26687991 0.00185371 0.00184648 0.         0.
 0.         0.05499261 0.51162791 0.         0.         0.38049263
 0.00169795 0.00179498 0.         0.         0.         0.62093884
 0.9097561  0.10690637 0.         0.25961798 0.00249302 0.00238661
 0.         0.         0.         0.53112455 0.90346535 0.12577984
 0.         0.         0.00252678 0.00243071 0.         0.
 0.         0.50609848 0.81967213 0.08730889]
deleted_not_scaled [0.00000000e+00 1.25393275e+00 3.63892000e+02 9.29290000e+04
 3.20000000e+02 1.80000000e+02 0.00000000e+00 1.61870000e+01
 7.90000000e-01 0.00000000e+00 0.00000000e+00 1.24860500e+00
 3.65376000e+02 9.34450000e+04 3.20000000e+02 1.80000000e+02
 0.00000000e+00 3.45860000e+01 9.60000000e-01 9.91300000e+00
 0.00000000e+00 1.27632323e+00 3.68379000e+02 9.32920000e+04
 3.20000000e+02 1.80000000e+02 0.00000000e+00 3.29470000e+01
 9.56000000e-01 1.13910000e+01 0.00000000e+00 0.00000000e+00
 3.70972000e+02 9.40880000e+04 3.20000000e+02 1.80000000e+02
 0.00000000e+00 3.03560000e+01 9.20000000e-01 8.25200000e+00
 2.90000000e+01]
deleted_idx_col 215
query_origi 121
query_idx 130
deleted_scaled [0.         0.13012505 0.00190637 0.00184469 0.         0.
 0.         0.03603333 0.2372093  0.06710881 0.         0.18138309
 0.00179246 0.00183481 0.         0.         0.         0.06293499
 0.2        0.06253909 0.         0.12193019 0.00227441 0.00233915
 0.         0.         0.         0.46246907 0.71287129 0.01935669
 0.         0.         0.00218785 0.00225711 0.         0.
 0.         0.11289005 0.21311475 0.02364704]
deleted_not_scaled [0.00000000e+00 6.11391326e-01 3.64928000e+02 9.29200000e+04
 3.20000000e+02 1.80000000e+02 0.00000000e+00 1.53020000e+01
 6.72000000e-01 6.47600000e+00 0.00000000e+00 5.95217403e-01
 3.67235000e+02 9.36450000e+04 3.20000000e+02 1.80000000e+02
 0.00000000e+00 1.57450000e+01 6.69000000e-01 5.79900000e+00
 0.00000000e+00 5.99428200e-01 3.64246000e+02 9.30650000e+04
 3.20000000e+02 1.80000000e+02 0.00000000e+00 3.04500000e+01
 8.79000000e-01 1.75300000e+00 0.00000000e+00 0.00000000e+00
 3.64302000e+02 9.32160000e+04 3.20000000e+02 1.80000000e+02
 0.00000000e+00 1.73640000e+01 6.61000000e-01 2.23500000e+00
 1.40000000e+02]
deleted_idx_col 130
query_origi 360
query_idx 511
deleted_scaled [4.16666667e-01 0.00000000e+00 8.09417861e-02 8.11179715e-02
 1.81818182e-01 1.71717172e-01 0.00000000e+00 1.07757236e-01
 5.09302326e-01 2.14196891e-02 0.00000000e+00 0.00000000e+00
 7.88979425e-04 7.11258803e-04 0.00000000e+00 0.00000000e+00
 0.00000000e+00 1.27498889e-01 6.34146341e-01 2.84709790e-03
 0.00000000e+00 0.00000000e+00 2.72363888e-03 2.64672624e-03
 0.00000000e+00 0.00000000e+00 0.00000000e+00 6.79681056e-02
 4.55445545e-01 0.00000000e+00 0.00000000e+00 0.00000000e+00
 2.05145743e-03 1.98537555e-03 0.00000000e+00 0.00000000e+00
 0.00000000e+00 5.91719379e-01 8.14988290e-01 2.47368143e-02]
deleted_not_scaled [5.000000e+00 0.000000e+00 1.919792e+03 4.909870e+05 9.600000e+02
 5.200000e+02 0.000000e+00 1.865000e+01 7.890000e-01 2.067000e+00
 0.000000e+00 0.000000e+00 3.474980e+02 8.800400e+04 3.200000e+02
 1.800000e+02 0.000000e+00 1.792500e+01 8.470000e-01 2.640000e-01
 0.000000e+00 0.000000e+00 3.727390e+02 9.453600e+04 3.200000e+02
 1.800000e+02 0.000000e+00 1.610200e+01 7.750000e-01 0.000000e+00
 0.000000e+00 0.000000e+00 3.616180e+02 9.185100e+04 3.200000e+02
 1.800000e+02 0.000000e+00 3.318500e+01 9.180000e-01 2.338000e+00
 2.180000e+02]
deleted_idx_col 511
query_origi 621
query_idx 158
deleted_scaled [0.         0.04357984 0.00136548 0.00119925 0.         0.
 0.         0.16050044 0.6        0.         0.         0.04205748
 0.00206219 0.00199296 0.         0.         0.         0.17740264
 0.44390244 0.         0.         0.6808652  0.00208832 0.00202864
 0.         0.         0.         0.4737421  0.76485149 0.
 0.         0.         0.00266713 0.00261664 0.         0.
 0.         0.53255047 0.75175644 0.        ]
deleted_not_scaled [0.00000000e+00 2.04759462e-01 3.54287000e+02 8.96790000e+04
 3.20000000e+02 1.80000000e+02 0.00000000e+00 2.11120000e+01
 8.28000000e-01 0.00000000e+00 0.00000000e+00 1.38013655e-01
 3.72540000e+02 9.44390000e+04 3.20000000e+02 1.80000000e+02
 0.00000000e+00 1.96100000e+01 7.69000000e-01 0.00000000e+00
 0.00000000e+00 3.34724145e+00 3.60728000e+02 9.15800000e+04
 3.20000000e+02 1.80000000e+02 0.00000000e+00 3.08600000e+01
 9.00000000e-01 0.00000000e+00 0.00000000e+00 0.00000000e+00
 3.73734000e+02 9.50220000e+04 3.20000000e+02 1.80000000e+02
 0.00000000e+00 3.12300000e+01 8.91000000e-01 0.00000000e+00
 3.80000000e+01]
deleted_idx_col 158
query_origi 63
query_idx 247
deleted_scaled [0.33333333 0.         0.0442817  0.04429595 0.09090909 0.09090909
 0.         0.09094025 0.43488372 0.38377202 0.         0.
 0.00179516 0.00189237 0.         0.         0.         0.25621205
 0.66341463 0.00682656 0.         0.49454116 0.00181777 0.00171061
 0.         0.         0.         0.21385757 0.43316832 0.00298135
 0.         0.         0.00226214 0.00216773 0.         0.
 0.         0.34720499 0.50117096 0.        ]
deleted_not_scaled [4.0000000e+00 0.0000000e+00 1.1985780e+03 3.0608700e+05 6.4000000e+02
 3.6000000e+02 0.0000000e+00 1.7865000e+01 7.5700000e-01 3.7034000e+01
 0.0000000e+00 0.0000000e+00 3.6728800e+02 9.3934000e+04 3.2000000e+02
 1.8000000e+02 0.0000000e+00 2.2271000e+01 8.5900000e-01 6.3300000e-01
 0.0000000e+00 2.4312429e+00 3.5561300e+02 9.0059000e+04 3.2000000e+02
 1.8000000e+02 0.0000000e+00 2.1408000e+01 7.6600000e-01 2.7000000e-01
 0.0000000e+00 0.0000000e+00 3.6576400e+02 9.2767000e+04 3.2000000e+02
 1.8000000e+02 0.0000000e+00 2.5106000e+01 7.8400000e-01 0.0000000e+00
 2.8500000e+02]
deleted_idx_col 247
query_origi 750
query_idx 557
deleted_scaled [1.         0.         0.81724351 0.81397353 1.         1.
 1.         0.59682084 0.91395349 0.83851813 1.         0.
 0.8057205  0.80371826 1.         1.         1.         0.23530283
 0.49756098 0.02167677 1.         0.         0.84134074 0.84810681
 1.         1.         1.         0.21017322 0.46782178 0.03075207
 1.         0.         0.82627101 0.82668784 1.         1.
 1.         0.25752853 0.44964871 0.06497381]
deleted_not_scaled [1.2000000e+01 0.0000000e+00 1.6405058e+04 4.1709860e+06 3.8400000e+03
 2.1600000e+03 1.0000000e+00 4.1479000e+01 9.6300000e-01 8.0917000e+01
 1.2000000e+01 0.0000000e+00 1.6179251e+04 4.1196420e+06 3.8400000e+03
 2.1600000e+03 1.0000000e+00 2.1565000e+01 7.9100000e-01 2.0100000e+00
 1.2000000e+01 0.0000000e+00 1.6227290e+04 4.1379590e+06 3.8400000e+03
 2.1600000e+03 1.0000000e+00 2.1274000e+01 7.8000000e-01 2.7850000e+00
 1.2000000e+01 0.0000000e+00 1.6581583e+04 4.2345220e+06 3.8400000e+03
 2.1600000e+03 1.0000000e+00 2.2143000e+01 7.6200000e-01 6.1410000e+00
 1.5400000e+02]
deleted_idx_col 557
query_origi 594
query_idx 123
deleted_scaled [1.         0.11382056 0.82511236 0.82387286 1.         1.
 1.         0.12791619 0.28139535 0.0033057  1.         0.18074138
 0.82722093 0.82723143 1.         1.         1.         0.49465423
 0.64634146 0.65516684 1.         0.14067344 0.89616674 0.9056293
 1.         1.         1.         0.2902942  0.3539604  0.33264137
 1.         0.         0.8467863  0.83960463 1.         1.
 1.         0.09240035 0.14051522 0.12820187]
deleted_not_scaled [1.20000000e+01 5.34784847e-01 1.65598620e+04 4.22069500e+06
 3.84000000e+03 2.16000000e+03 1.00000000e+00 1.95910000e+01
 6.91000000e-01 3.19000000e-01 1.20000000e+01 5.93111573e-01
 1.66021310e+04 4.23769400e+06 3.84000000e+03 2.16000000e+03
 1.00000000e+00 3.03220000e+01 8.52000000e-01 6.07510000e+01
 1.20000000e+01 6.91572982e-01 1.72638080e+04 4.41306100e+06
 3.84000000e+03 2.16000000e+03 1.00000000e+00 2.41880000e+01
 7.34000000e-01 3.01250000e+01 1.20000000e+01 0.00000000e+00
 1.69853070e+04 4.29940600e+06 3.84000000e+03 2.16000000e+03
 1.00000000e+00 1.66870000e+01 6.30000000e-01 1.21170000e+01
 2.00000000e+01]
deleted_idx_col 123
query_origi 540
query_idx 116
deleted_scaled [1.         0.3412623  0.82737546 0.82654599 1.         1.
 1.         0.11292016 0.53953488 0.06082902 1.         0.34004739
 0.88467691 0.88512543 1.         1.         1.         0.07344884
 0.45121951 0.00162845 1.         0.24262021 0.85413621 0.8635878
 1.         1.         1.         0.6074512  0.92821782 0.49091792
 1.         0.         0.85404407 0.84722801 1.         1.
 1.         0.58624134 0.90398126 0.40483521]
deleted_not_scaled [1.20000000e+01 1.60341772e+00 1.66043840e+04 4.23411800e+06
 3.84000000e+03 2.16000000e+03 1.00000000e+00 1.88910000e+01
 8.02000000e-01 5.87000000e+00 1.20000000e+01 1.11588198e+00
 1.77322010e+04 4.52836100e+06 3.84000000e+03 2.16000000e+03
 1.00000000e+00 1.61000000e+01 7.72000000e-01 1.51000000e-01
 1.20000000e+01 1.19275950e+00 1.64691960e+04 4.21199700e+06
 3.84000000e+03 2.16000000e+03 1.00000000e+00 3.57230000e+01
 9.66000000e-01 4.44590000e+01 1.20000000e+01 0.00000000e+00
 1.71281340e+04 4.33770000e+06 3.84000000e+03 2.16000000e+03
 1.00000000e+00 3.30040000e+01 9.56000000e-01 3.82630000e+01
 2.80000000e+01]
deleted_idx_col 116
query_origi 360
query_idx 93
deleted_scaled [1.         0.41938379 0.82745319 0.82662365 1.         1.
 1.         0.18526532 0.52093023 0.00430052 1.         0.33952178
 0.88121472 0.88166175 1.         1.         1.         0.51811047
 0.81219512 0.24546513 1.         0.22482621 0.83811772 0.84739317
 1.         1.         1.         0.23700852 0.65346535 0.06640681
 1.         0.         0.84026768 0.83355991 1.         1.
 1.         0.16994038 0.58548009 0.        ]
deleted_not_scaled [1.20000000e+01 1.97047081e+00 1.66059130e+04 4.23450800e+06
 3.84000000e+03 2.16000000e+03 1.00000000e+00 2.22680000e+01
 7.94000000e-01 4.15000000e-01 1.20000000e+01 1.11415715e+00
 1.76641050e+04 4.51097100e+06 3.84000000e+03 2.16000000e+03
 1.00000000e+00 3.11140000e+01 9.20000000e-01 2.27610000e+01
 1.20000000e+01 1.10528137e+00 1.61663570e+04 4.13454600e+06
 3.84000000e+03 2.16000000e+03 1.00000000e+00 2.22500000e+01
 8.55000000e-01 6.01400000e+00 1.20000000e+01 0.00000000e+00
 1.68570260e+04 4.26904200e+06 3.84000000e+03 2.16000000e+03
 1.00000000e+00 1.92490000e+01 8.20000000e-01 0.00000000e+00
 5.80000000e+01]
deleted_idx_col 93
query_origi 320
query_idx 285
deleted_scaled [1.         0.11657769 0.86343681 0.86084862 1.         1.
 1.         0.1373637  0.49767442 0.03002073 1.         0.1872807
 0.79338125 0.79220348 1.         1.         1.         0.19958537
 0.42926829 0.08076483 1.         0.12093879 0.86000447 0.86822051
 1.         1.         1.         0.24363486 0.57425743 0.21731833
 1.         0.         0.82510531 0.82675772 1.         1.
 1.         0.86313974 0.92271663 1.        ]
deleted_not_scaled [1.20000000e+01 5.47739179e-01 1.73138190e+04 4.40636700e+06
 3.84000000e+03 2.16000000e+03 1.00000000e+00 2.00320000e+01
 7.84000000e-01 2.89700000e+00 1.20000000e+01 6.14570693e-01
 1.59365570e+04 4.06183000e+06 3.84000000e+03 2.16000000e+03
 1.00000000e+00 2.03590000e+01 7.63000000e-01 7.48900000e+00
 1.20000000e+01 5.94554275e-01 1.65801390e+04 4.23415300e+06
 3.84000000e+03 2.16000000e+03 1.00000000e+00 2.24910000e+01
 8.23000000e-01 1.96810000e+01 1.20000000e+01 0.00000000e+00
 1.65586430e+04 4.23487300e+06 3.84000000e+03 2.16000000e+03
 1.00000000e+00 4.21530000e+01 9.64000000e-01 9.45150000e+01
 8.70000000e+01]
deleted_idx_col 285
query_origi 698
query_idx 338
deleted_scaled [0.83333333 0.         0.3896914  0.38908447 0.63636364 0.63636364
 0.         0.04560937 0.53255814 0.15702591 0.83333333 0.
 0.42206718 0.42210232 0.63636364 0.63636364 0.         0.08417
 0.49512195 0.09880724 0.83333333 0.         0.39213048 0.39629927
 0.63636364 0.63636364 0.         0.71190542 0.89851485 0.96950189
 0.83333333 0.         0.39739049 0.39396078 0.63636364 0.63636364
 0.         0.11301111 0.57845433 0.05894302]
deleted_not_scaled [1.000000e+01 0.000000e+00 7.993824e+03 2.037426e+06 2.560000e+03
 1.440000e+03 0.000000e+00 1.574900e+01 7.990000e-01 1.515300e+01
 1.000000e+01 0.000000e+00 8.633386e+03 2.203672e+06 2.560000e+03
 1.440000e+03 0.000000e+00 1.646200e+01 7.900000e-01 9.162000e+00
 1.000000e+01 0.000000e+00 7.734705e+03 1.977184e+06 2.560000e+03
 1.440000e+03 0.000000e+00 3.952200e+01 9.540000e-01 8.780100e+01
 1.000000e+01 0.000000e+00 8.141566e+03 2.060834e+06 2.560000e+03
 1.440000e+03 0.000000e+00 1.736800e+01 8.170000e-01 5.571000e+00
 2.460000e+02]
deleted_idx_col 338
query_origi 519
query_idx 439
deleted_scaled [1.         0.03640551 0.83189658 0.82940054 1.         1.
 1.         0.14089848 0.5255814  0.04721244 1.         0.02219106
 0.82507185 0.82384563 1.         1.         1.         0.17683992
 0.25365854 0.00344024 1.         0.03226093 0.86116773 0.86896091
 1.         1.         1.         0.45894968 0.6460396  0.67081479
 1.         0.         0.86093836 0.8622305  1.         1.
 1.         0.31942133 0.38407494 0.31873248]
deleted_not_scaled [1.20000000e+01 1.71050940e-01 1.66933280e+04 4.24845200e+06
 3.84000000e+03 2.16000000e+03 1.00000000e+00 2.01970000e+01
 7.96000000e-01 4.55600000e+00 1.20000000e+01 7.28210451e-02
 1.65598620e+04 4.22069500e+06 3.84000000e+03 2.16000000e+03
 1.00000000e+00 1.95910000e+01 6.91000000e-01 3.19000000e-01
 1.20000000e+01 1.58599869e-01 1.66021310e+04 4.23769400e+06
 3.84000000e+03 2.16000000e+03 1.00000000e+00 3.03220000e+01
 8.52000000e-01 6.07510000e+01 1.20000000e+01 0.00000000e+00
 1.72638080e+04 4.41306100e+06 3.84000000e+03 2.16000000e+03
 1.00000000e+00 2.41880000e+01 7.34000000e-01 3.01250000e+01
 1.90000000e+01]
deleted_idx_col 439
query_origi 925
query_idx 318
deleted_scaled [0.83333333 0.         0.39533695 0.39351128 0.63636364 0.63636364
 0.         0.21455044 0.54418605 0.04798964 0.83333333 0.
 0.39758731 0.39640618 0.63636364 0.63636364 0.         0.27066489
 0.43414634 0.11444471 0.83333333 0.         0.40735719 0.41042783
 0.63636364 0.63636364 0.         0.22601045 0.28465347 0.0822963
 0.83333333 0.         0.3937597  0.39377425 0.63636364 0.63636364
 0.         0.52023244 0.7236534  0.44751627]
deleted_not_scaled [1.000000e+01 0.000000e+00 8.104889e+03 2.059655e+06 2.560000e+03
 1.440000e+03 0.000000e+00 2.363500e+01 8.040000e-01 4.631000e+00
 1.000000e+01 0.000000e+00 8.151905e+03 2.074660e+06 2.560000e+03
 1.440000e+03 0.000000e+00 2.275900e+01 7.650000e-01 1.061200e+01
 1.000000e+01 0.000000e+00 8.022575e+03 2.044754e+06 2.560000e+03
 1.440000e+03 0.000000e+00 2.185000e+01 7.060000e-01 7.453000e+00
 1.000000e+01 0.000000e+00 8.070115e+03 2.059897e+06 2.560000e+03
 1.440000e+03 0.000000e+00 3.082300e+01 8.790000e-01 4.229700e+01
 1.160000e+02]
deleted_idx_col 318
query_origi 80
query_idx 377
deleted_scaled [0.91666667 0.         0.55408038 0.55491161 1.         1.
 0.         0.56423659 0.89767442 0.92324352 0.91666667 0.
 0.54045365 0.53584199 1.         1.         0.         0.11103213
 0.55853659 0.06168712 0.91666667 0.         0.63165619 0.63289188
 1.         1.         0.         0.12719274 0.17821782 0.07808929
 0.91666667 0.         0.5727449  0.56958201 1.         1.
 0.         0.2093157  0.55503513 0.05887954]
deleted_not_scaled [1.1000000e+01 0.0000000e+00 1.1227849e+04 2.8701190e+06 3.8400000e+03
 2.1600000e+03 0.0000000e+00 3.9958000e+01 9.5600000e-01 8.9093000e+01
 1.1000000e+01 0.0000000e+00 1.0961864e+04 2.7747220e+06 3.8400000e+03
 2.1600000e+03 0.0000000e+00 1.7369000e+01 8.1600000e-01 5.7200000e+00
 1.1000000e+01 0.0000000e+00 1.2263080e+04 3.1086910e+06 3.8400000e+03
 2.1600000e+03 0.0000000e+00 1.8256000e+01 6.6300000e-01 7.0720000e+00
 1.1000000e+01 0.0000000e+00 1.1592397e+04 2.9430200e+06 3.8400000e+03
 2.1600000e+03 0.0000000e+00 2.0550000e+01 8.0700000e-01 5.5650000e+00
 2.4800000e+02]
deleted_idx_col 377
query_origi 74
query_idx 552
deleted_scaled [0.08333333 0.         0.00895872 0.00884226 0.01818182 0.01818182
 0.         0.04344566 0.27906977 0.1339171  0.08333333 0.
 0.0086655  0.00866318 0.01818182 0.01818182 0.         0.04865985
 0.2        0.08227466 0.         0.         0.00243251 0.00246042
 0.         0.         0.         0.05815232 0.19306931 0.06403277
 0.08333333 0.         0.00914779 0.00919647 0.01818182 0.01818182
 0.         0.55043734 0.75644028 0.09852404]
deleted_not_scaled [1.00000e+00 0.00000e+00 5.03669e+02 1.28058e+05 3.84000e+02 2.16000e+02
 0.00000e+00 1.56480e+01 6.90000e-01 1.29230e+01 1.00000e+00 0.00000e+00
 5.02417e+02 1.27928e+05 3.84000e+02 2.16000e+02 0.00000e+00 1.52630e+01
 6.69000e-01 7.62900e+00 0.00000e+00 0.00000e+00 3.67235e+02 9.36450e+04
 3.20000e+02 1.80000e+02 0.00000e+00 1.57450e+01 6.69000e-01 5.79900e+00
 1.00000e+00 0.00000e+00 5.01268e+02 1.28074e+05 3.84000e+02 2.16000e+02
 0.00000e+00 3.18210e+01 8.93000e-01 9.31200e+00 1.39000e+02]
deleted_idx_col 552
query_origi 400
query_idx 380
deleted_scaled [1.         0.29442365 0.769784   0.76323303 1.         1.
 1.         0.         0.4        0.16212435 1.         0.0738676
 0.87042927 0.86435412 1.         1.         1.         0.01839183
 0.37073171 0.20330867 1.         0.09440562 0.75978655 0.76282694
 1.         1.         1.         0.05628265 0.11138614 0.08926383
 1.         0.         0.80249375 0.79969167 1.         1.
 1.         0.15695651 0.11241218 0.09127652]
deleted_not_scaled [1.20000000e+01 1.38334674e+00 1.54713870e+04 3.91619500e+06
 3.84000000e+03 2.16000000e+03 1.00000000e+00 1.36200000e+01
 7.42000000e-01 1.56450000e+01 1.20000000e+01 2.42400105e-01
 1.74519720e+04 4.42407500e+06 3.84000000e+03 2.16000000e+03
 1.00000000e+00 1.42410000e+01 7.39000000e-01 1.88520000e+01
 1.20000000e+01 4.64113009e-01 1.46854600e+04 3.73010700e+06
 3.84000000e+03 2.16000000e+03 1.00000000e+00 1.56770000e+01
 6.36000000e-01 8.08400000e+00 1.20000000e+01 0.00000000e+00
 1.61136660e+04 4.09891400e+06 3.84000000e+03 2.16000000e+03
 1.00000000e+00 1.88200000e+01 6.18000000e-01 8.62700000e+00
 2.34000000e+02]
deleted_idx_col 380
query_origi 446
query_idx 453
deleted_scaled [0.83333333 0.         0.39492166 0.39350092 0.63636364 0.63636364
 0.         0.11195613 0.13023256 0.08712953 0.83333333 0.
 0.39419289 0.39342451 0.63636364 0.63636364 0.         0.18756108
 0.13902439 0.0932101  0.83333333 0.         0.42442844 0.42806395
 0.63636364 0.63636364 0.         0.03720099 0.16831683 0.12165012
 0.83333333 0.         0.3793997  0.37980216 0.63636364 0.63636364
 0.         0.14524379 0.41686183 0.01921388]
deleted_not_scaled [1.000000e+01 0.000000e+00 8.096719e+03 2.059603e+06 2.560000e+03
 1.440000e+03 0.000000e+00 1.884600e+01 6.260000e-01 8.408000e+00
 1.000000e+01 0.000000e+00 8.085142e+03 2.059690e+06 2.560000e+03
 1.440000e+03 0.000000e+00 1.995300e+01 6.440000e-01 8.643000e+00
 1.000000e+01 0.000000e+00 8.345317e+03 2.129099e+06 2.560000e+03
 1.440000e+03 0.000000e+00 1.498300e+01 6.590000e-01 1.101700e+01
 1.000000e+01 0.000000e+00 7.787522e+03 1.989712e+06 2.560000e+03
 1.440000e+03 0.000000e+00 1.843300e+01 7.480000e-01 1.816000e+00
 2.370000e+02]
deleted_idx_col 453
query_origi 717
query_idx 634
deleted_scaled [9.16666667e-01 0.00000000e+00 5.68018365e-01 5.67725033e-01
 1.00000000e+00 1.00000000e+00 0.00000000e+00 1.51288588e-01
 6.27906977e-01 4.66321244e-04 9.16666667e-01 0.00000000e+00
 5.71611577e-01 5.72213981e-01 1.00000000e+00 1.00000000e+00
 0.00000000e+00 1.90019251e-01 6.51219512e-01 2.04904773e-04
 9.16666667e-01 0.00000000e+00 5.92009559e-01 5.91958159e-01
 1.00000000e+00 1.00000000e+00 0.00000000e+00 1.69837778e-01
 5.86633663e-01 2.65450570e-02 9.16666667e-01 0.00000000e+00
 6.09707671e-01 6.05118498e-01 1.00000000e+00 1.00000000e+00
 0.00000000e+00 9.20190067e-01 9.46135831e-01 9.58958895e-01]
deleted_not_scaled [1.1000000e+01 0.0000000e+00 1.1502051e+04 2.9344610e+06 3.8400000e+03
 2.1600000e+03 0.0000000e+00 2.0682000e+01 8.4000000e-01 4.5000000e-02
 1.1000000e+01 0.0000000e+00 1.1574692e+04 2.9573340e+06 3.8400000e+03
 2.1600000e+03 0.0000000e+00 2.0036000e+01 8.5400000e-01 1.9000000e-02
 1.1000000e+01 0.0000000e+00 1.1513537e+04 2.9129250e+06 3.8400000e+03
 2.1600000e+03 0.0000000e+00 1.9807000e+01 8.2800000e-01 2.4040000e+00
 1.1000000e+01 0.0000000e+00 1.2319794e+04 3.1215280e+06 3.8400000e+03
 2.1600000e+03 0.0000000e+00 4.4038000e+01 9.7400000e-01 9.0636000e+01
 1.9400000e+02]
deleted_idx_col 634
query_origi 24
query_idx 463
deleted_scaled [1.         0.         0.83411185 0.82660971 1.         1.
 1.         0.23646608 0.55813953 0.04356477 0.91666667 0.
 0.57196982 0.56767057 1.         1.         0.         0.26779209
 0.4804878  0.01467765 1.         0.         0.86579768 0.86839803
 1.         1.         1.         0.24844652 0.42574257 0.02938286
 0.91666667 0.         0.57037356 0.5677981  1.         1.
 0.         0.71626161 0.88056206 0.68819764]
deleted_not_scaled [1.2000000e+01 0.0000000e+00 1.6736909e+04 4.2344380e+06 3.8400000e+03
 2.1600000e+03 1.0000000e+00 2.4658000e+01 8.1000000e-01 4.2040000e+00
 1.1000000e+01 0.0000000e+00 1.1581738e+04 2.9345230e+06 3.8400000e+03
 2.1600000e+03 0.0000000e+00 2.2662000e+01 7.8400000e-01 1.3610000e+00
 1.2000000e+01 0.0000000e+00 1.6689663e+04 4.2350020e+06 3.8400000e+03
 2.1600000e+03 1.0000000e+00 2.2666000e+01 7.6300000e-01 2.6610000e+00
 1.1000000e+01 0.0000000e+00 1.1545731e+04 2.9340590e+06 3.8400000e+03
 2.1600000e+03 0.0000000e+00 3.7300000e+01 9.4600000e-01 6.5045000e+01
 8.3000000e+01]
deleted_idx_col 463
query_origi 436
query_idx 737
deleted_scaled [1.         0.         0.80946818 0.80380117 1.         1.
 1.         0.19940444 0.66976744 0.03418653 0.91666667 0.
 0.57094706 0.56780681 1.         1.         0.         0.58963424
 0.9097561  0.51528158 1.         0.         0.86394278 0.86827864
 1.         1.         1.         0.22708276 0.35643564 0.06525844
 0.91666667 0.         0.56931249 0.56788887 1.         1.
 0.         0.22441815 0.31147541 0.04756917]
deleted_not_scaled [1.2000000e+01 0.0000000e+00 1.6252094e+04 4.1199060e+06 3.8400000e+03
 2.1600000e+03 1.0000000e+00 2.2928000e+01 8.5800000e-01 3.2990000e+00
 1.1000000e+01 0.0000000e+00 1.1561622e+04 2.9352070e+06 3.8400000e+03
 2.1600000e+03 0.0000000e+00 3.3529000e+01 9.6000000e-01 4.7780000e+01
 1.2000000e+01 0.0000000e+00 1.6654595e+04 4.2344310e+06 3.8400000e+03
 2.1600000e+03 1.0000000e+00 2.1889000e+01 7.3500000e-01 5.9100000e+00
 1.1000000e+01 0.0000000e+00 1.1524850e+04 2.9345150e+06 3.8400000e+03
 2.1600000e+03 0.0000000e+00 2.1049000e+01 7.0300000e-01 4.4960000e+00
 2.8000000e+02]
deleted_idx_col 737
query_origi 470
query_idx 875
deleted_scaled [0.91666667 0.         0.5946721  0.59346798 1.         1.
 0.         0.22569035 0.67906977 0.05239378 0.91666667 0.
 0.55976951 0.5595139  1.         1.         0.         0.4566563
 0.74390244 0.12308306 0.91666667 0.         0.55396208 0.55954841
 1.         1.         0.         0.33736596 0.6509901  0.18025021
 1.         0.         0.83336674 0.82588099 1.         1.
 1.         0.78239157 0.93208431 0.73912077]
deleted_not_scaled [1.1000000e+01 0.0000000e+00 1.2026410e+04 3.0637280e+06 3.8400000e+03
 2.1600000e+03 0.0000000e+00 2.4155000e+01 8.6200000e-01 5.0560000e+00
 1.1000000e+01 0.0000000e+00 1.1341777e+04 2.8935710e+06 3.8400000e+03
 2.1600000e+03 0.0000000e+00 2.9039000e+01 8.9200000e-01 1.1413000e+01
 1.1000000e+01 0.0000000e+00 1.0794227e+04 2.7579250e+06 3.8400000e+03
 2.1600000e+03 0.0000000e+00 2.5900000e+01 8.5400000e-01 1.6324000e+01
 1.2000000e+01 0.0000000e+00 1.6721221e+04 4.2304690e+06 3.8400000e+03
 2.1600000e+03 1.0000000e+00 3.9485000e+01 9.6800000e-01 6.9858000e+01
 6.5000000e+01]
deleted_idx_col 875
query_origi 60
query_idx 226
deleted_scaled [1.         0.23524179 0.80511008 0.80671666 1.         1.
 1.         0.18487971 0.6627907  0.06232124 1.         0.24302896
 0.84018052 0.83347521 1.         1.         1.         0.16671109
 0.56829268 0.         1.         0.21843907 0.82742803 0.82949253
 1.         1.         1.         0.11789937 0.52475248 0.00511246
 1.         0.         0.8663427  0.86202347 1.         1.
 1.         0.45007718 0.7704918  0.27804052]
deleted_not_scaled [1.20000000e+01 1.10528137e+00 1.61663570e+04 4.13454600e+06
 3.84000000e+03 2.16000000e+03 1.00000000e+00 2.22500000e+01
 8.55000000e-01 6.01400000e+00 1.20000000e+01 7.97511288e-01
 1.68570260e+04 4.26904200e+06 3.84000000e+03 2.16000000e+03
 1.00000000e+00 1.92490000e+01 8.20000000e-01 0.00000000e+00
 1.20000000e+01 1.07388114e+00 1.59642620e+04 4.04893600e+06
 3.84000000e+03 2.16000000e+03 1.00000000e+00 1.79180000e+01
 8.03000000e-01 4.63000000e-01 1.20000000e+01 0.00000000e+00
 1.73701610e+04 4.41202100e+06 3.84000000e+03 2.16000000e+03
 1.00000000e+00 2.85050000e+01 8.99000000e-01 2.62790000e+01
 6.00000000e+01]
deleted_idx_col 226
query_origi 623
query_idx 183
deleted_scaled [2.50000000e-01 0.00000000e+00 3.24233164e-02 3.24075586e-02
 5.45454545e-02 5.45454545e-02 0.00000000e+00 1.76267701e-01
 6.16279070e-01 4.41378238e-01 1.66666667e-01 9.04023116e-01
 1.51458323e-02 1.52527269e-02 5.45454545e-02 5.45454545e-02
 0.00000000e+00 1.47519621e-01 6.60975610e-01 3.27502534e-01
 3.33333333e-01 1.64101163e-01 4.72354473e-02 4.71471896e-02
 9.09090909e-02 9.09090909e-02 0.00000000e+00 3.57437448e-04
 4.05940594e-01 5.70608306e-01 0.00000000e+00 0.00000000e+00
 2.89112656e-03 2.78326838e-03 0.00000000e+00 0.00000000e+00
 0.00000000e+00 2.28503980e-02 4.70725995e-01 1.68692800e-01]
deleted_not_scaled [3.00000000e+00 0.00000000e+00 9.65288000e+02 2.46390000e+05
 5.12000000e+02 2.88000000e+02 0.00000000e+00 2.18480000e+01
 8.35000000e-01 4.25930000e+01 2.00000000e+00 2.96659561e+00
 6.29875000e+02 1.61012000e+05 5.12000000e+02 2.88000000e+02
 0.00000000e+00 1.86010000e+01 8.58000000e-01 3.03680000e+01
 4.00000000e+00 8.06747378e-01 1.21426100e+03 3.07360000e+05
 6.40000000e+02 3.60000000e+02 0.00000000e+00 1.36430000e+01
 7.55000000e-01 5.16760000e+01 0.00000000e+00 0.00000000e+00
 3.78142000e+02 9.58590000e+04 3.20000000e+02 1.80000000e+02
 0.00000000e+00 1.43890000e+01 7.71000000e-01 1.59440000e+01
 2.32000000e+02]
deleted_idx_col 183
query_origi 572
query_idx 512
deleted_scaled [1.         0.         0.82901309 0.82652548 1.         1.
 1.         0.19274192 0.41395349 0.1333057  0.91666667 0.
 0.568473   0.5676393  1.         1.         0.         0.75205094
 0.86097561 0.90601342 0.91666667 0.         0.59103572 0.59639223
 1.         1.         0.         0.12930987 0.20792079 0.11357839
 1.         0.         0.8818089  0.8831312  1.         1.
 1.         0.05456857 0.16627635 0.16620642]
deleted_not_scaled [1.2000000e+01 0.0000000e+00 1.6636601e+04 4.2340150e+06 3.8400000e+03
 2.1600000e+03 1.0000000e+00 2.2617000e+01 7.4800000e-01 1.2864000e+01
 1.1000000e+01 0.0000000e+00 1.1512961e+04 2.9343660e+06 3.8400000e+03
 2.1600000e+03 0.0000000e+00 3.9013000e+01 9.4000000e-01 8.4011000e+01
 1.1000000e+01 0.0000000e+00 1.1495126e+04 2.9341310e+06 3.8400000e+03
 2.1600000e+03 0.0000000e+00 1.8333000e+01 6.7500000e-01 1.0286000e+01
 1.2000000e+01 0.0000000e+00 1.7674523e+04 4.5180500e+06 3.8400000e+03
 2.1600000e+03 1.0000000e+00 1.5437000e+01 6.4100000e-01 1.5709000e+01
 1.3200000e+02]
deleted_idx_col 512
