query_origi 8
query_idx 12
deleted_scaled [1.66666667e-01 0.00000000e+00 1.81388678e-02 1.81228457e-02
 5.45454545e-02 5.45454545e-02 0.00000000e+00 5.45834315e-01
 8.81395349e-01 5.06466321e-01 8.33333333e-02 4.45394773e-01
 8.67475709e-03 8.77252386e-03 1.81818182e-02 1.81818182e-02
 0.00000000e+00 3.05641937e-01 7.53658537e-01 0.00000000e+00
 8.33333333e-02 0.00000000e+00 1.12787805e-02 1.11681894e-02
 1.81818182e-02 1.81818182e-02 0.00000000e+00 2.25570525e-01
 7.10396040e-01 0.00000000e+00 0.00000000e+00 0.00000000e+00
 1.92873890e-03 1.82750903e-03 0.00000000e+00 0.00000000e+00
 0.00000000e+00 2.79561757e-01 7.21311475e-01 2.11606623e-05]
deleted_not_scaled [2.00000000e+00 0.00000000e+00 6.84270000e+02 1.74660000e+05
 5.12000000e+02 2.88000000e+02 0.00000000e+00 3.90990000e+01
 9.49000000e-01 4.88740000e+01 1.00000000e+00 1.46158451e+00
 5.02599000e+02 1.28477000e+05 3.84000000e+02 2.16000000e+02
 0.00000000e+00 2.39400000e+01 8.96000000e-01 0.00000000e+00
 1.00000000e+00 0.00000000e+00 5.34479000e+02 1.35290000e+05
 3.84000000e+02 2.16000000e+02 0.00000000e+00 2.18340000e+01
 8.78000000e-01 0.00000000e+00 0.00000000e+00 0.00000000e+00
 3.59203000e+02 9.10580000e+04 3.20000000e+02 1.80000000e+02
 0.00000000e+00 2.28710000e+01 8.78000000e-01 2.00000000e-03
 2.77000000e+02]
deleted_idx_col 12
query_origi 634
query_idx 96
deleted_scaled [1.         0.06823407 0.83214581 0.82673936 1.         1.
 1.         0.31262452 0.58372093 0.07807254 1.         0.16071157
 0.83067575 0.82653571 1.         1.         1.         0.36306827
 0.48292683 0.00786187 1.         0.13351528 0.86354877 0.86831774
 1.         1.         1.         0.15515535 0.34405941 0.07892848
 1.         0.         0.8283464  0.82669601 1.         1.
 1.         0.25550074 0.54098361 0.13796752]
deleted_not_scaled [1.20000000e+01 3.20597144e-01 1.66982310e+04 4.23508900e+06
 3.84000000e+03 2.16000000e+03 1.00000000e+00 2.82130000e+01
 8.21000000e-01 7.53400000e+00 1.20000000e+01 5.27382807e-01
 1.66700820e+04 4.23420100e+06 3.84000000e+03 2.16000000e+03
 1.00000000e+00 2.58790000e+01 7.85000000e-01 7.29000000e-01
 1.20000000e+01 6.56382343e-01 1.66471460e+04 4.23461800e+06
 3.84000000e+03 2.16000000e+03 1.00000000e+00 1.92730000e+01
 7.30000000e-01 7.14800000e+00 1.20000000e+01 0.00000000e+00
 1.66224250e+04 4.23456300e+06 3.84000000e+03 2.16000000e+03
 1.00000000e+00 2.20760000e+01 8.01000000e-01 1.30400000e+01
 7.70000000e+01]
deleted_idx_col 96
query_origi 424
query_idx 447
deleted_scaled [0.41666667 0.         0.07626492 0.07624986 0.18181818 0.17171717
 0.         0.05998415 0.26976744 0.00592746 0.41666667 0.
 0.07720106 0.07739535 0.18181818 0.17171717 0.         0.18311861
 0.26829268 0.01847378 0.5        0.         0.11298563 0.11293814
 0.27272727 0.27272727 0.         0.10478416 0.43811881 0.22693595
 0.58333333 0.         0.14092483 0.13986735 0.27272727 0.27272727
 0.         0.20120456 0.70257611 0.13476168]
deleted_not_scaled [5.000000e+00 0.000000e+00 1.827784e+03 4.665420e+05 9.600000e+02
 5.200000e+02 0.000000e+00 1.642000e+01 6.860000e-01 5.720000e-01
 5.000000e+00 0.000000e+00 1.850405e+03 4.730100e+05 9.600000e+02
 5.200000e+02 0.000000e+00 1.980300e+01 6.970000e-01 1.713000e+00
 6.000000e+00 0.000000e+00 2.457307e+03 6.220060e+05 1.280000e+03
 7.200000e+02 0.000000e+00 1.744100e+01 7.680000e-01 2.055200e+01
 7.000000e+00 0.000000e+00 3.094532e+03 7.844640e+05 1.280000e+03
 7.200000e+02 0.000000e+00 2.028200e+01 8.700000e-01 1.273700e+01
 1.490000e+02]
deleted_idx_col 447
query_origi 830
query_idx 565
deleted_scaled [0.25       0.         0.03174126 0.03160699 0.05454545 0.05454545
 0.         0.12817327 0.60930233 0.16746114 0.16666667 0.
 0.01596186 0.01598948 0.05454545 0.05454545 0.         0.18122316
 0.60487805 0.19491836 0.25       0.         0.02733086 0.02764635
 0.05454545 0.05454545 0.         0.17970855 0.63118812 0.1939313
 0.25       0.         0.02889511 0.02902912 0.05454545 0.05454545
 0.         0.30292667 0.67213115 0.24516743]
deleted_not_scaled [3.00000e+00 0.00000e+00 9.51870e+02 2.42370e+05 5.12000e+02 2.88000e+02
 0.00000e+00 1.96030e+01 8.32000e-01 1.61600e+01 2.00000e+00 0.00000e+00
 6.45925e+02 1.64711e+05 5.12000e+02 2.88000e+02 0.00000e+00 1.97390e+01
 8.35000e-01 1.80740e+01 3.00000e+00 0.00000e+00 8.37953e+02 2.14097e+05
 5.12000e+02 2.88000e+02 0.00000e+00 2.01660e+01 8.46000e-01 1.75630e+01
 3.00000e+00 0.00000e+00 8.89879e+02 2.27698e+05 5.12000e+02 2.88000e+02
 0.00000e+00 2.36430e+01 8.57000e-01 2.31720e+01 2.68000e+02]
deleted_idx_col 565
query_origi 194
query_idx 519
deleted_scaled [0.5        0.         0.0916337  0.09183101 0.27272727 0.27272727
 0.         0.18554382 0.67674419 0.27235233 0.5        0.
 0.10792759 0.10700392 0.27272727 0.27272727 0.         0.16700726
 0.58292683 0.20474301 0.5        0.         0.11314966 0.11335946
 0.27272727 0.27272727 0.         0.11811933 0.53712871 0.25097446
 0.5        0.         0.10757425 0.10698891 0.27272727 0.27272727
 0.         0.45143912 0.78220141 0.49192192]
deleted_not_scaled [6.000000e+00 0.000000e+00 2.130134e+03 5.447820e+05 1.280000e+03
 7.200000e+02 0.000000e+00 2.228100e+01 8.610000e-01 2.628200e+01
 6.000000e+00 0.000000e+00 2.454748e+03 6.216650e+05 1.280000e+03
 7.200000e+02 0.000000e+00 1.925900e+01 8.260000e-01 1.898500e+01
 6.000000e+00 0.000000e+00 2.460408e+03 6.240210e+05 1.280000e+03
 7.200000e+02 0.000000e+00 1.792600e+01 8.080000e-01 2.272900e+01
 6.000000e+00 0.000000e+00 2.438220e+03 6.193080e+05 1.280000e+03
 7.200000e+02 0.000000e+00 2.855000e+01 9.040000e-01 4.649400e+01
 6.000000e+01]
deleted_idx_col 519
query_origi 90
query_idx 753
deleted_scaled [0.16666667 0.         0.01814822 0.01809815 0.05454545 0.05454545
 0.         0.0458236  0.21395349 0.38260104 0.16666667 0.
 0.01781152 0.01790516 0.05454545 0.05454545 0.         0.58735377
 0.78292683 0.51133447 0.25       0.1072546  0.02864079 0.02903704
 0.05454545 0.05454545 0.         0.09747044 0.13861386 0.3198326
 0.16666667 0.         0.02132192 0.0210504  0.05454545 0.05454545
 0.         0.08849611 0.26932084 0.28936148]
deleted_not_scaled [2.00000000e+00 0.00000000e+00 6.84454000e+02 1.74536000e+05
 5.12000000e+02 2.88000000e+02 0.00000000e+00 1.57590000e+01
 6.62000000e-01 3.69210000e+01 2.00000000e+00 0.00000000e+00
 6.82305000e+02 1.74329000e+05 5.12000000e+02 2.88000000e+02
 0.00000000e+00 3.34520000e+01 9.08000000e-01 4.74140000e+01
 3.00000000e+00 5.27280643e-01 8.62718000e+02 2.20748000e+05
 5.12000000e+02 2.88000000e+02 0.00000000e+00 1.71750000e+01
 6.47000000e-01 2.89650000e+01 2.00000000e+00 0.00000000e+00
 7.40845000e+02 1.87619000e+05 5.12000000e+02 2.88000000e+02
 0.00000000e+00 1.65580000e+01 6.85000000e-01 2.73490000e+01
 1.41000000e+02]
deleted_idx_col 753
query_origi 507
query_idx 520
deleted_scaled [0.16666667 0.         0.01820551 0.01812125 0.05454545 0.05454545
 0.         0.14927483 0.26976744 0.27471503 0.25       0.
 0.02923576 0.02927215 0.05454545 0.05454545 0.         0.04309196
 0.23170732 0.40155943 0.25       0.         0.02695838 0.02727019
 0.05454545 0.05454545 0.         0.13112455 0.43069307 0.19242958
 0.25       0.         0.03242193 0.03201545 0.05454545 0.05454545
 0.         0.68790291 0.82669789 0.58768449]
deleted_not_scaled [2.00000e+00 0.00000e+00 6.85581e+02 1.74652e+05 5.12000e+02 2.88000e+02
 0.00000e+00 2.05880e+01 6.86000e-01 2.65100e+01 3.00000e+00 0.00000e+00
 9.07002e+02 2.31399e+05 5.12000e+02 2.88000e+02 0.00000e+00 1.50750e+01
 6.82000e-01 3.72350e+01 3.00000e+00 0.00000e+00 8.30911e+02 2.12298e+05
 5.12000e+02 2.88000e+02 0.00000e+00 1.83990e+01 7.65000e-01 1.74270e+01
 3.00000e+00 0.00000e+00 9.59284e+02 2.42699e+05 5.12000e+02 2.88000e+02
 0.00000e+00 3.63630e+01 9.23000e-01 5.55450e+01 2.38000e+02]
deleted_idx_col 520
query_origi 939
query_idx 965
deleted_scaled [0.58333333 0.         0.1406007  0.13966259 0.27272727 0.27272727
 0.         0.19259196 0.4627907  0.22415544 0.58333333 0.
 0.13998004 0.139341   0.27272727 0.27272727 0.         0.6931734
 0.86585366 0.76803701 0.58333333 0.         0.14599449 0.14685337
 0.27272727 0.27272727 0.         0.17629915 0.4950495  0.31979948
 0.58333333 0.         0.1399728  0.13976383 0.27272727 0.27272727
 0.         0.20417058 0.46604215 0.33129133]
deleted_not_scaled [7.000000e+00 0.000000e+00 3.093462e+03 7.849660e+05 1.280000e+03
 7.200000e+02 0.000000e+00 2.261000e+01 7.690000e-01 2.163100e+01
 7.000000e+00 0.000000e+00 3.085170e+03 7.840190e+05 1.280000e+03
 7.200000e+02 0.000000e+00 3.702500e+01 9.420000e-01 7.121700e+01
 7.000000e+00 0.000000e+00 3.081359e+03 7.842060e+05 1.280000e+03
 7.200000e+02 0.000000e+00 2.004200e+01 7.910000e-01 2.896200e+01
 7.000000e+00 0.000000e+00 3.075797e+03 7.839440e+05 1.280000e+03
 7.200000e+02 0.000000e+00 2.038000e+01 7.690000e-01 3.131200e+01
 8.500000e+01]
deleted_idx_col 965
query_origi 707
query_idx 787
deleted_scaled [0.41666667 0.         0.07723066 0.07739953 0.18181818 0.17171717
 0.         0.55843099 0.88139535 0.85380311 0.5        0.
 0.1079645  0.10704057 0.27272727 0.27272727 0.         0.45262846
 0.56829268 0.42710782 0.5        0.         0.11274983 0.11295863
 0.27272727 0.27272727 0.         0.22680781 0.11138614 0.36018021
 0.5        0.         0.10809861 0.10751068 0.27272727 0.27272727
 0.         0.24953845 0.15456674 0.32557795]
deleted_not_scaled [5.000000e+00 0.000000e+00 1.846783e+03 4.723150e+05 9.600000e+02
 5.200000e+02 0.000000e+00 3.968700e+01 9.490000e-01 8.239200e+01
 6.000000e+00 0.000000e+00 2.455474e+03 6.218490e+05 1.280000e+03
 7.200000e+02 0.000000e+00 2.890300e+01 8.200000e-01 3.960400e+01
 6.000000e+00 0.000000e+00 2.452849e+03 6.221040e+05 1.280000e+03
 7.200000e+02 0.000000e+00 2.187900e+01 6.360000e-01 3.261900e+01
 6.000000e+00 0.000000e+00 2.448539e+03 6.219290e+05 1.280000e+03
 7.200000e+02 0.000000e+00 2.187900e+01 6.360000e-01 3.077200e+01
 9.000000e+01]
deleted_idx_col 787
query_origi 731
query_idx 630
deleted_scaled [1.         0.         0.8275702  0.82674055 1.         1.
 1.         0.27228518 0.58372093 0.22115026 1.         0.
 0.90362401 0.90408065 1.         1.         1.         0.12287872
 0.36097561 0.11227703 1.         0.         0.85407914 0.86353009
 1.         1.         1.         0.22760517 0.58415842 0.0165741
 1.         0.         0.75991337 0.75383712 1.         1.
 1.         0.2296238  0.36065574 0.06032905]
deleted_not_scaled [1.2000000e+01 0.0000000e+00 1.6608215e+04 4.2350950e+06 3.8400000e+03
 2.1600000e+03 1.0000000e+00 2.6330000e+01 8.2100000e-01 2.1341000e+01
 1.2000000e+01 0.0000000e+00 1.8104861e+04 4.6235290e+06 3.8400000e+03
 2.1600000e+03 1.0000000e+00 1.7769000e+01 7.3500000e-01 1.0411000e+01
 1.2000000e+01 0.0000000e+00 1.6468117e+04 4.2117210e+06 3.8400000e+03
 2.1600000e+03 1.0000000e+00 2.1908000e+01 8.2700000e-01 1.5010000e+00
 1.2000000e+01 0.0000000e+00 1.5275719e+04 3.8685760e+06 3.8400000e+03
 2.1600000e+03 1.0000000e+00 2.1221000e+01 7.2400000e-01 5.7020000e+00
 2.8400000e+02]
deleted_idx_col 630
query_origi 731
query_idx 775
deleted_scaled [0.25       0.         0.02576206 0.02551772 0.05454545 0.05454545
 0.         0.24842006 0.73953488 0.12557513 0.33333333 0.
 0.04256803 0.0423933  0.09090909 0.09090909 0.         0.3805716
 0.76585366 0.25173091 0.33333333 0.         0.04485181 0.04512879
 0.09090909 0.09090909 0.         0.21710201 0.67574257 0.23368263
 0.33333333 0.         0.04284411 0.0428091  0.09090909 0.09090909
 0.         0.16385703 0.70725995 0.1507803 ]
deleted_not_scaled [3.000000e+00 0.000000e+00 8.342410e+02 2.117930e+05 5.120000e+02
 2.880000e+02 0.000000e+00 2.521600e+01 8.880000e-01 1.211800e+01
 4.000000e+00 0.000000e+00 1.169227e+03 2.972760e+05 6.400000e+02
 3.600000e+02 0.000000e+00 2.647000e+01 9.010000e-01 2.334200e+01
 4.000000e+00 0.000000e+00 1.169197e+03 2.977070e+05 6.400000e+02
 3.600000e+02 0.000000e+00 2.152600e+01 8.640000e-01 2.116300e+01
 4.000000e+00 0.000000e+00 1.164384e+03 2.969180e+05 6.400000e+02
 3.600000e+02 0.000000e+00 1.904800e+01 8.720000e-01 1.425100e+01
 1.680000e+02]
deleted_idx_col 775
query_origi 695
query_idx 449
deleted_scaled [0.91666667 0.         0.57024644 0.56765274 1.         1.
 0.         0.11133486 0.42093023 0.0480829  1.         0.
 0.83767651 0.83517558 1.         1.         1.         0.05585666
 0.3        0.05618705 0.91666667 0.         0.65641675 0.66136478
 1.         1.         0.         0.12301347 0.47029703 0.
 0.91666667 0.         0.50594339 0.50595523 1.         1.
 0.         0.08326019 0.2529274  0.01077078]
deleted_not_scaled [1.1000000e+01 0.0000000e+00 1.1545884e+04 2.9340980e+06 3.8400000e+03
 2.1600000e+03 0.0000000e+00 1.8817000e+01 7.5100000e-01 4.6400000e+00
 1.2000000e+01 0.0000000e+00 1.6807776e+04 4.2775790e+06 3.8400000e+03
 2.1600000e+03 1.0000000e+00 1.5506000e+01 7.1000000e-01 5.2100000e+00
 1.1000000e+01 0.0000000e+00 1.2731193e+04 3.2448630e+06 3.8400000e+03
 2.1600000e+03 0.0000000e+00 1.8104000e+01 7.8100000e-01 0.0000000e+00
 1.1000000e+01 0.0000000e+00 1.0277798e+04 2.6234080e+06 3.8400000e+03
 2.1600000e+03 0.0000000e+00 1.6385000e+01 6.7800000e-01 1.0180000e+00
 1.4600000e+02]
deleted_idx_col 449
query_origi 759
query_idx 806
deleted_scaled [8.33333333e-01 0.00000000e+00 4.01226442e-01 3.98351712e-01
 6.36363636e-01 6.36363636e-01 0.00000000e+00 9.93166092e-02
 2.20930233e-01 7.39067358e-02 8.33333333e-01 0.00000000e+00
 4.21274542e-01 4.18949560e-01 6.36363636e-01 6.36363636e-01
 0.00000000e+00 2.05242115e-01 5.41463415e-01 5.95517978e-02
 8.33333333e-01 0.00000000e+00 3.90025331e-01 3.91959707e-01
 6.36363636e-01 6.36363636e-01 0.00000000e+00 2.89166896e-01
 6.83168317e-01 1.41989554e-01 8.33333333e-01 0.00000000e+00
 3.72020430e-01 3.71274783e-01 6.36363636e-01 6.36363636e-01
 0.00000000e+00 1.78384431e-01 5.10538642e-01 6.77141195e-04]
deleted_not_scaled [1.000000e+01 0.000000e+00 8.220753e+03 2.083961e+06 2.560000e+03
 1.440000e+03 0.000000e+00 1.825600e+01 6.650000e-01 7.132000e+00
 1.000000e+01 0.000000e+00 8.617796e+03 2.187843e+06 2.560000e+03
 1.440000e+03 0.000000e+00 2.055000e+01 8.090000e-01 5.522000e+00
 1.000000e+01 0.000000e+00 7.694906e+03 1.956430e+06 2.560000e+03
 1.440000e+03 0.000000e+00 2.414700e+01 8.670000e-01 1.285900e+01
 1.000000e+01 0.000000e+00 7.642304e+03 1.946877e+06 2.560000e+03
 1.440000e+03 0.000000e+00 1.952800e+01 7.880000e-01 6.400000e-02
 2.500000e+02]
deleted_idx_col 806
query_origi 658
query_idx 801
deleted_scaled [0.91666667 0.         0.55127451 0.54848598 1.         1.
 0.         0.07416611 0.26976744 0.05970984 0.91666667 0.
 0.55185877 0.5499365  1.         1.         0.         0.31994669
 0.44878049 0.1318724  0.91666667 0.         0.5906378  0.59478973
 1.         1.         0.         0.17162497 0.17326733 0.08015415
 0.91666667 0.         0.56809923 0.56782338 1.         1.
 0.         0.10305378 0.09601874 0.03545469]
deleted_not_scaled [1.1000000e+01 0.0000000e+00 1.1172649e+04 2.8378530e+06 3.8400000e+03
 2.1600000e+03 0.0000000e+00 1.7082000e+01 6.8600000e-01 5.7620000e+00
 1.1000000e+01 0.0000000e+00 1.1186185e+04 2.8454860e+06 3.8400000e+03
 2.1600000e+03 0.0000000e+00 2.4423000e+01 7.7100000e-01 1.2228000e+01
 1.1000000e+01 0.0000000e+00 1.1487603e+04 2.9264670e+06 3.8400000e+03
 2.1600000e+03 0.0000000e+00 1.9872000e+01 6.6100000e-01 7.2590000e+00
 1.1000000e+01 0.0000000e+00 1.1500974e+04 2.9341860e+06 3.8400000e+03
 2.1600000e+03 0.0000000e+00 1.7039000e+01 6.1100000e-01 3.3510000e+00
 1.0800000e+02]
deleted_idx_col 801
query_origi 938
query_idx 136
deleted_scaled [1.         0.13702574 0.73168158 0.72984487 1.         1.
 1.         0.13072259 0.54418605 0.02379275 1.         0.1752333
 0.84922882 0.84838974 1.         1.         1.         0.84901525
 0.92439024 0.80133943 1.         0.08607532 0.86664902 0.87492828
 1.         1.         1.         0.31525983 0.78712871 0.07957996
 1.         0.         0.78058984 0.78215615 1.         1.
 1.         0.75058261 0.81498829 0.77810929]
deleted_not_scaled [1.20000000e+01 6.43814147e-01 1.47217980e+04 3.74853800e+06
 3.84000000e+03 2.16000000e+03 1.00000000e+00 1.97220000e+01
 8.04000000e-01 2.29600000e+00 1.20000000e+01 5.75036547e-01
 1.70349920e+04 4.34392300e+06 3.84000000e+03 2.16000000e+03
 1.00000000e+00 4.22870000e+01 9.66000000e-01 7.43050000e+01
 1.20000000e+01 4.23159964e-01 1.67057580e+04 4.26623300e+06
 3.84000000e+03 2.16000000e+03 1.00000000e+00 2.50960000e+01
 9.09000000e-01 7.20700000e+00 1.20000000e+01 0.00000000e+00
 1.56826150e+04 4.01082900e+06 3.84000000e+03 2.16000000e+03
 1.00000000e+00 3.84340000e+01 9.18000000e-01 7.35430000e+01
 1.85000000e+02]
deleted_idx_col 136
query_origi 130
query_idx 909
deleted_scaled [0.         0.         0.00177802 0.00159934 0.         0.
 0.         0.74395338 0.99302326 0.67647668 0.41666667 0.
 0.07778687 0.07714758 0.18181818 0.17171717 0.         0.70451651
 0.99756098 0.84936264 0.58333333 0.         0.14651206 0.14688933
 0.27272727 0.27272727 0.         1.         1.         0.7411084
 0.58333333 0.         0.14046088 0.13979051 0.27272727 0.27272727
 0.         0.93323447 1.         0.86506904]
deleted_not_scaled [0.000000e+00 0.000000e+00 3.624030e+02 9.168800e+04 3.200000e+02
 1.800000e+02 0.000000e+00 4.834700e+01 9.970000e-01 6.528000e+01
 5.000000e+00 0.000000e+00 1.861927e+03 4.717660e+05 9.600000e+02
 5.200000e+02 0.000000e+00 3.740800e+01 9.960000e-01 7.875800e+01
 7.000000e+00 0.000000e+00 3.091144e+03 7.843780e+05 1.280000e+03
 7.200000e+02 0.000000e+00 5.000000e+01 9.950000e-01 6.711700e+01
 7.000000e+00 0.000000e+00 3.085402e+03 7.840780e+05 1.280000e+03
 7.200000e+02 0.000000e+00 4.446900e+01 9.970000e-01 8.176200e+01
 0.000000e+00]
deleted_idx_col 909
query_origi 417
query_idx 938
deleted_scaled [0.5        0.         0.09966353 0.09987669 0.27272727 0.27272727
 0.         0.46157801 0.79534884 0.74629016 0.5        0.
 0.10795789 0.10703399 0.27272727 0.27272727 0.         0.15065897
 0.4195122  0.2618683  0.5        0.05950068 0.11274607 0.11295487
 0.27272727 0.27272727 0.         0.79136651 0.94554455 0.89967205
 0.5        0.         0.10808982 0.10750192 0.27272727 0.27272727
 0.         0.26391453 0.74473068 0.2171613 ]
deleted_not_scaled [6.00000000e+00 0.00000000e+00 2.28810500e+03 5.85183000e+05
 1.28000000e+03 7.20000000e+02 0.00000000e+00 3.51660000e+01
 9.12000000e-01 7.20170000e+01 6.00000000e+00 0.00000000e+00
 2.45534400e+03 6.21816000e+05 1.28000000e+03 7.20000000e+02
 0.00000000e+00 1.87070000e+01 7.59000000e-01 2.42820000e+01
 6.00000000e+00 2.92514804e-01 2.45277800e+03 6.22086000e+05
 1.28000000e+03 7.20000000e+02 0.00000000e+00 4.24120000e+01
 9.73000000e-01 8.14770000e+01 6.00000000e+00 0.00000000e+00
 2.44836600e+03 6.21885000e+05 1.28000000e+03 7.20000000e+02
 0.00000000e+00 2.23540000e+01 8.88000000e-01 2.05250000e+01
 1.88000000e+02]
deleted_idx_col 938
query_origi 599
query_idx 312
deleted_scaled [0.33333333 0.         0.04247389 0.04237141 0.09090909 0.09090909
 0.         0.14618994 0.47674419 0.29516062 0.33333333 0.83156016
 0.04217135 0.04225845 0.09090909 0.09090909 0.         0.2620465
 0.59512195 0.37342277 0.33333333 0.11874465 0.04449869 0.04504683
 0.09090909 0.09090909 0.         0.67640913 0.86138614 0.77012687
 0.25       0.         0.03006629 0.02972609 0.05454545 0.05454545
 0.         0.44556763 0.56440281 0.40759668]
deleted_not_scaled [4.00000000e+00 0.00000000e+00 1.16301300e+03 2.96423000e+05
 6.40000000e+02 3.60000000e+02 0.00000000e+00 2.04440000e+01
 7.75000000e-01 2.84830000e+01 4.00000000e+00 2.72880492e+00
 1.16142500e+03 2.96599000e+05 6.40000000e+02 3.60000000e+02
 0.00000000e+00 2.24680000e+01 8.31000000e-01 3.46260000e+01
 4.00000000e+00 5.83767579e-01 1.16252100e+03 2.97315000e+05
 6.40000000e+02 3.60000000e+02 0.00000000e+00 3.82310000e+01
 9.39000000e-01 6.97450000e+01 3.00000000e+00 0.00000000e+00
 9.12927000e+02 2.31199000e+05 5.12000000e+02 2.88000000e+02
 0.00000000e+00 2.83560000e+01 8.11000000e-01 3.85240000e+01
 8.80000000e+01]
deleted_idx_col 312
query_origi 596
query_idx 512
deleted_scaled [1.         0.         0.82901309 0.82652548 1.         1.
 1.         0.19274192 0.41395349 0.1333057  0.91666667 0.
 0.568473   0.5676393  1.         1.         0.         0.75205094
 0.86097561 0.90601342 0.91666667 0.         0.59103572 0.59639223
 1.         1.         0.         0.12930987 0.20792079 0.11357839
 1.         0.         0.8818089  0.8831312  1.         1.
 1.         0.05456857 0.16627635 0.16620642]
deleted_not_scaled [1.2000000e+01 0.0000000e+00 1.6636601e+04 4.2340150e+06 3.8400000e+03
 2.1600000e+03 1.0000000e+00 2.2617000e+01 7.4800000e-01 1.2864000e+01
 1.1000000e+01 0.0000000e+00 1.1512961e+04 2.9343660e+06 3.8400000e+03
 2.1600000e+03 0.0000000e+00 3.9013000e+01 9.4000000e-01 8.4011000e+01
 1.1000000e+01 0.0000000e+00 1.1495126e+04 2.9341310e+06 3.8400000e+03
 2.1600000e+03 0.0000000e+00 1.8333000e+01 6.7500000e-01 1.0286000e+01
 1.2000000e+01 0.0000000e+00 1.7674523e+04 4.5180500e+06 3.8400000e+03
 2.1600000e+03 1.0000000e+00 1.5437000e+01 6.4100000e-01 1.5709000e+01
 1.3200000e+02]
deleted_idx_col 512
query_origi 296
query_idx 108
deleted_scaled [1.         0.47907371 0.85437287 0.85095805 1.         1.
 1.         0.10848561 0.57906977 0.05373057 1.         0.41945903
 0.73161943 0.72980312 1.         1.         1.         0.18071968
 0.52926829 0.02476112 1.         0.10424979 0.88406366 0.89117288
 1.         1.         1.         0.78792961 0.92821782 0.82047856
 1.         0.         0.83258098 0.83300071 1.         1.
 1.         0.34690233 0.79391101 0.07625245]
deleted_not_scaled [1.20000000e+01 2.25092335e+00 1.71355040e+04 4.35670200e+06
 3.84000000e+03 2.16000000e+03 1.00000000e+00 1.86840000e+01
 8.19000000e-01 5.18500000e+00 1.20000000e+01 1.37647510e+00
 1.47217980e+04 3.74853800e+06 3.84000000e+03 2.16000000e+03
 1.00000000e+00 1.97220000e+01 8.04000000e-01 2.29600000e+00
 1.20000000e+01 5.12508516e-01 1.70349920e+04 4.34392300e+06
 3.84000000e+03 2.16000000e+03 1.00000000e+00 4.22870000e+01
 9.66000000e-01 7.43050000e+01 1.20000000e+01 0.00000000e+00
 1.67057580e+04 4.26623300e+06 3.84000000e+03 2.16000000e+03
 1.00000000e+00 2.50960000e+01 9.09000000e-01 7.20700000e+00
 1.84000000e+02]
deleted_idx_col 108
query_origi 538
query_idx 956
deleted_scaled [0.91666667 0.         0.55408038 0.55491161 1.         1.
 0.         0.56423659 0.89767442 0.92324352 1.         0.
 0.79254346 0.78581789 1.         1.         1.         0.11091367
 0.55853659 0.06331557 0.91666667 0.         0.63165619 0.63289188
 1.         1.         0.         0.12719274 0.17821782 0.07808929
 0.91666667 0.         0.5727449  0.56958201 1.         1.
 0.         0.2093157  0.55503513 0.05887954]
deleted_not_scaled [1.1000000e+01 0.0000000e+00 1.1227849e+04 2.8701190e+06 3.8400000e+03
 2.1600000e+03 0.0000000e+00 3.9958000e+01 9.5600000e-01 8.9093000e+01
 1.2000000e+01 0.0000000e+00 1.5920079e+04 4.0297700e+06 3.8400000e+03
 2.1600000e+03 1.0000000e+00 1.7365000e+01 8.1600000e-01 5.8710000e+00
 1.1000000e+01 0.0000000e+00 1.2263080e+04 3.1086910e+06 3.8400000e+03
 2.1600000e+03 0.0000000e+00 1.8256000e+01 6.6300000e-01 7.0720000e+00
 1.1000000e+01 0.0000000e+00 1.1592397e+04 2.9430200e+06 3.8400000e+03
 2.1600000e+03 0.0000000e+00 2.0550000e+01 8.0700000e-01 5.5650000e+00
 2.4800000e+02]
deleted_idx_col 956
query_origi 947
query_idx 137
deleted_scaled [1.00000000e+00 8.70172709e-02 8.06616356e-01 8.00565653e-01
 1.00000000e+00 1.00000000e+00 1.00000000e+00 9.60817498e-02
 5.09302326e-01 4.35233161e-04 1.00000000e+00 1.00000000e+00
 8.51369048e-01 8.46276079e-01 1.00000000e+00 1.00000000e+00
 1.00000000e+00 2.44069303e-01 6.07317073e-01 6.25498781e-04
 1.00000000e+00 6.34026088e-02 9.12655992e-01 9.16779299e-01
 1.00000000e+00 1.00000000e+00 1.00000000e+00 2.52213363e-01
 7.15346535e-01 0.00000000e+00 1.00000000e+00 0.00000000e+00
 8.70025326e-01 8.67424174e-01 1.00000000e+00 1.00000000e+00
 1.00000000e+00 2.02263854e-01 6.04215457e-01 1.98487013e-02]
deleted_not_scaled [1.20000000e+01 4.08849832e-01 1.61959900e+04 4.10365900e+06
 3.84000000e+03 2.16000000e+03 1.00000000e+00 1.81050000e+01
 7.89000000e-01 4.20000000e-02 1.20000000e+01 3.28154840e+00
 1.70770870e+04 4.33331100e+06 3.84000000e+03 2.16000000e+03
 1.00000000e+00 2.18610000e+01 8.36000000e-01 5.80000000e-02
 1.20000000e+01 3.11697293e-01 1.75755470e+04 4.46638600e+06
 3.84000000e+03 2.16000000e+03 1.00000000e+00 2.28030000e+01
 8.80000000e-01 0.00000000e+00 1.20000000e+01 0.00000000e+00
 1.74426320e+04 4.43915000e+06 3.84000000e+03 2.16000000e+03
 1.00000000e+00 2.03170000e+01 8.28000000e-01 1.87600000e+00
 2.12000000e+02]
deleted_idx_col 137
query_origi 71
query_idx 153
deleted_scaled [1.         0.17798595 0.81640739 0.81110085 1.         1.
 1.         0.05411427 0.43023256 0.0192228  1.         0.46596187
 0.83073142 0.82659108 1.         1.         1.         0.79318821
 0.87804878 0.96556521 1.         0.25633486 0.91806408 0.92313621
 1.         1.         1.         0.16032444 0.69554455 0.1110056
 1.         0.         0.81001027 0.80839623 1.         1.
 1.         0.22417602 0.69789227 0.00896154]
deleted_not_scaled [1.20000000e+01 8.36265331e-01 1.63886090e+04 4.15656100e+06
 3.84000000e+03 2.16000000e+03 1.00000000e+00 1.61460000e+01
 7.55000000e-01 1.85500000e+00 1.20000000e+01 1.52907642e+00
 1.66711770e+04 4.23447900e+06 3.84000000e+03 2.16000000e+03
 1.00000000e+00 4.04020000e+01 9.47000000e-01 8.95330000e+01
 1.20000000e+01 1.26018286e+00 1.76777900e+04 4.49678800e+06
 3.84000000e+03 2.16000000e+03 1.00000000e+00 1.94610000e+01
 8.72000000e-01 1.00530000e+01 1.20000000e+01 0.00000000e+00
 1.62615850e+04 4.14263900e+06 3.84000000e+03 2.16000000e+03
 1.00000000e+00 2.10410000e+01 8.68000000e-01 8.47000000e-01
 2.20000000e+02]
deleted_idx_col 153
query_origi 249
query_idx 369
deleted_scaled [0.33333333 0.         0.03670807 0.03656174 0.09090909 0.09090909
 0.         0.32097946 0.77906977 0.4261658  0.33333333 0.
 0.04225082 0.04225108 0.09090909 0.09090909 0.         0.15717459
 0.54634146 0.26563208 0.33333333 0.         0.04446061 0.04491719
 0.09090909 0.09090909 0.         0.06846302 0.46782178 0.20586774
 0.41666667 0.         0.07695448 0.0771593  0.18181818 0.17171717
 0.         0.66804879 0.92740047 0.58610803]
deleted_not_scaled [4.000000e+00 0.000000e+00 1.049582e+03 2.672500e+05 6.400000e+02
 3.600000e+02 0.000000e+00 2.860300e+01 9.050000e-01 4.112500e+01
 4.000000e+00 0.000000e+00 1.162988e+03 2.965620e+05 6.400000e+02
 3.600000e+02 0.000000e+00 1.892700e+01 8.110000e-01 2.463100e+01
 4.000000e+00 0.000000e+00 1.161801e+03 2.966950e+05 6.400000e+02
 3.600000e+02 0.000000e+00 1.612000e+01 7.800000e-01 1.864400e+01
 5.000000e+00 0.000000e+00 1.835648e+03 4.694670e+05 9.600000e+02
 5.200000e+02 0.000000e+00 3.570700e+01 9.660000e-01 5.539600e+01
 2.700000e+01]
deleted_idx_col 369
query_origi 932
query_idx 414
deleted_scaled [0.5        0.         0.10754479 0.10722616 0.27272727 0.27272727
 0.         0.03376251 0.20232558 0.45210363 0.5        0.
 0.10714145 0.10707423 0.27272727 0.27272727 0.         0.06435658
 0.16341463 0.43884132 0.5        0.11847631 0.11174266 0.11290301
 0.27272727 0.27272727 0.         0.66750069 0.8539604  0.92510186
 0.41666667 0.         0.07765522 0.07790743 0.18181818 0.17171717
 0.         0.10483944 0.16159251 0.08597577]
deleted_not_scaled [6.00000000e+00 0.00000000e+00 2.44315300e+03 6.22088000e+05
 1.28000000e+03 7.20000000e+02 0.00000000e+00 1.51960000e+01
 6.57000000e-01 4.36280000e+01 6.00000000e+00 0.00000000e+00
 2.43928600e+03 6.22018000e+05 1.28000000e+03 7.20000000e+02
 0.00000000e+00 1.57930000e+01 6.54000000e-01 4.06920000e+01
 6.00000000e+00 5.82448354e-01 2.43380800e+03 6.21838000e+05
 1.28000000e+03 7.20000000e+02 0.00000000e+00 3.79070000e+01
 9.36000000e-01 8.37800000e+01 5.00000000e+00 0.00000000e+00
 1.84943800e+03 4.73225000e+05 9.60000000e+02 5.20000000e+02
 0.00000000e+00 1.70980000e+01 6.39000000e-01 8.12600000e+00
 1.40000000e+02]
deleted_idx_col 414
query_origi 10
query_idx 25
deleted_scaled [0.         0.31220851 0.00177802 0.00159934 0.         0.
 0.         0.74395338 0.99302326 0.67647668 0.         0.44810769
 0.00178519 0.00170873 0.         0.         0.         0.53955279
 0.98780488 0.15846688 0.         0.29684603 0.00241627 0.00234814
 0.         0.         0.         0.63717349 0.98762376 0.40337665
 0.         0.         0.00223399 0.00217609 0.         0.
 0.         0.58739142 0.97189696 0.1361477 ]
deleted_not_scaled [0.00000000e+00 1.46690878e+00 3.62403000e+02 9.16880000e+04
 3.20000000e+02 1.80000000e+02 0.00000000e+00 4.83470000e+01
 9.97000000e-01 6.52800000e+01 0.00000000e+00 1.47048706e+00
 3.67092000e+02 9.30120000e+04 3.20000000e+02 1.80000000e+02
 0.00000000e+00 3.18380000e+01 9.92000000e-01 1.46940000e+01
 0.00000000e+00 1.45934220e+00 3.66928000e+02 9.31080000e+04
 3.20000000e+02 1.80000000e+02 0.00000000e+00 3.68040000e+01
 9.90000000e-01 3.65310000e+01 0.00000000e+00 0.00000000e+00
 3.65210000e+02 9.28090000e+04 3.20000000e+02 1.80000000e+02
 0.00000000e+00 3.30420000e+01 9.85000000e-01 1.28680000e+01
 0.00000000e+00]
deleted_idx_col 25
query_origi 358
query_idx 126
deleted_scaled [0.25       0.47445009 0.02792583 0.02756075 0.05454545 0.05454545
 0.         0.4191178  0.90232558 0.45438342 0.25       0.51816528
 0.0277933  0.027568   0.05454545 0.05454545 0.         0.48873093
 0.81219512 0.20646852 0.08333333 0.20352387 0.00964366 0.00962423
 0.01818182 0.01818182 0.         0.5183118  0.99009901 0.00888884
 0.         0.         0.00439454 0.0043474  0.         0.
 0.         0.58605974 0.8852459  0.01143734]
deleted_not_scaled [3.00000000e+00 2.22919928e+00 8.76809000e+02 2.22052000e+05
 5.12000000e+02 2.88000000e+02 0.00000000e+00 3.31840000e+01
 9.58000000e-01 4.38480000e+01 3.00000000e+00 1.70038445e+00
 8.78631000e+02 2.22843000e+05 5.12000000e+02 2.88000000e+02
 0.00000000e+00 3.01220000e+01 9.20000000e-01 1.91450000e+01
 1.00000000e+00 1.00055567e+00 5.03566000e+02 1.27906000e+05
 3.84000000e+02 2.16000000e+02 0.00000000e+00 3.24810000e+01
 9.91000000e-01 8.05000000e-01 0.00000000e+00 0.00000000e+00
 4.07728000e+02 1.03716000e+05 3.20000000e+02 1.80000000e+02
 0.00000000e+00 3.29980000e+01 9.48000000e-01 1.08100000e+00
 3.10000000e+01]
deleted_idx_col 126
query_origi 44
query_idx 9
deleted_scaled [1.         0.07339868 0.91099752 0.9032732  1.         1.
 1.         0.20349622 0.44883721 0.01954404 1.         0.17645214
 0.75532888 0.75004979 1.         1.         1.         0.27575892
 0.4        0.02995923 1.         0.76382005 0.86529905 0.86833384
 1.         1.         1.         0.4805609  0.69059406 0.4244559
 1.         0.         0.8909513  0.88739956 1.         1.
 1.         0.31031143 0.44496487 0.00627414]
deleted_not_scaled [1.20000000e+01 3.44862994e-01 1.82494810e+04 4.61940000e+06
 3.84000000e+03 2.16000000e+03 1.00000000e+00 2.31190000e+01
 7.63000000e-01 1.88600000e+00 1.20000000e+01 5.79036254e-01
 1.51881260e+04 3.85019000e+06 3.84000000e+03 2.16000000e+03
 1.00000000e+00 2.29310000e+01 7.51000000e-01 2.77800000e+00
 1.20000000e+01 3.75506067e+00 1.66802360e+04 4.23469500e+06
 3.84000000e+03 2.16000000e+03 1.00000000e+00 3.11080000e+01
 8.70000000e-01 3.84400000e+01 1.20000000e+01 0.00000000e+00
 1.78544380e+04 4.53949100e+06 3.84000000e+03 2.16000000e+03
 1.00000000e+00 2.38870000e+01 7.60000000e-01 5.93000000e-01
 1.21000000e+02]
deleted_idx_col 9
query_origi 366
query_idx 32
deleted_scaled [0.66666667 0.         0.21664049 0.21582801 0.45454545 0.45454545
 0.         0.27963324 0.68139535 0.05059067 0.66666667 0.16616403
 0.20417484 0.20389844 0.45454545 0.45454545 0.         0.27741744
 0.64390244 0.01161487 0.66666667 0.15252243 0.22346835 0.22550931
 0.45454545 0.45454545 0.         0.33060214 0.63861386 0.07866347
 0.58333333 0.         0.13978342 0.14003338 0.27272727 0.27272727
 0.         0.278563   0.68384075 0.36631223]
deleted_not_scaled [8.00000000e+00 0.00000000e+00 4.58939300e+03 1.16742700e+06
 1.92000000e+03 1.08000000e+03 0.00000000e+00 2.66730000e+01
 8.63000000e-01 4.88200000e+00 8.00000000e+00 5.45275321e-01
 4.34778200e+03 1.10814100e+06 1.92000000e+03 1.08000000e+03
 0.00000000e+00 2.29870000e+01 8.51000000e-01 1.07700000e+00
 8.00000000e+00 7.49824501e-01 4.54604800e+03 1.16037900e+06
 1.92000000e+03 1.08000000e+03 0.00000000e+00 2.56540000e+01
 8.49000000e-01 7.12400000e+00 7.00000000e+00 0.00000000e+00
 3.07207000e+03 7.85298000e+05 1.28000000e+03 7.20000000e+02
 0.00000000e+00 2.28380000e+01 8.62000000e-01 3.46220000e+01
 1.62000000e+02]
deleted_idx_col 32
query_origi 220
query_idx 642
deleted_scaled [0.08333333 0.05597007 0.0092051  0.00903703 0.01818182 0.01818182
 0.         0.08770539 0.6372093  0.         0.08333333 0.
 0.00850789 0.00845623 0.01818182 0.01818182 0.         0.04948912
 0.51219512 0.03069258 0.         0.         0.0039309  0.00392952
 0.         0.         0.         0.07717899 0.42821782 0.03525722
 0.08333333 0.         0.0068977  0.0068874  0.01818182 0.01818182
 0.         0.29986986 0.34192037 0.        ]
deleted_not_scaled [1.00000000e+00 2.62974829e-01 5.08516000e+02 1.29036000e+05
 3.84000000e+02 2.16000000e+02 0.00000000e+00 1.77140000e+01
 8.44000000e-01 0.00000000e+00 1.00000000e+00 0.00000000e+00
 4.99317000e+02 1.26889000e+05 3.84000000e+02 2.16000000e+02
 0.00000000e+00 1.52910000e+01 7.97000000e-01 2.84600000e+00
 0.00000000e+00 0.00000000e+00 3.95563000e+02 1.00671000e+05
 3.20000000e+02 1.80000000e+02 0.00000000e+00 1.64370000e+01
 7.64000000e-01 3.19300000e+00 1.00000000e+00 0.00000000e+00
 4.56988000e+02 1.16475000e+05 3.84000000e+02 2.16000000e+02
 0.00000000e+00 2.35420000e+01 7.16000000e-01 0.00000000e+00
 2.28000000e+02]
deleted_idx_col 642
query_origi 298
query_idx 605
deleted_scaled [1.         0.         0.82832047 0.82666249 1.         1.
 1.         0.13509287 0.15581395 0.09079793 1.         0.
 0.83878951 0.83838033 1.         1.         1.         0.04024878
 0.15609756 0.12279188 1.         0.         0.8473598  0.85588264
 1.         1.         1.         0.13282925 0.37623762 0.02321036
 1.         0.         0.96068993 0.95207885 1.         1.
 1.         0.84927817 0.8852459  0.95818653]
deleted_not_scaled [1.2000000e+01 0.0000000e+00 1.6622975e+04 4.2347030e+06 3.8400000e+03
 2.1600000e+03 1.0000000e+00 1.9926000e+01 6.3700000e-01 8.7620000e+00
 1.2000000e+01 0.0000000e+00 1.6829667e+04 4.2936690e+06 3.8400000e+03
 2.1600000e+03 1.0000000e+00 1.4979000e+01 6.5100000e-01 1.1386000e+01
 1.2000000e+01 0.0000000e+00 1.6341084e+04 4.1751470e+06 3.8400000e+03
 2.1600000e+03 1.0000000e+00 1.8461000e+01 7.4300000e-01 2.1020000e+00
 1.2000000e+01 0.0000000e+00 1.9226837e+04 4.8643900e+06 3.8400000e+03
 2.1600000e+03 1.0000000e+00 4.1695000e+01 9.4800000e-01 9.0563000e+01
 2.3800000e+02]
deleted_idx_col 605
query_origi 319
query_idx 285
deleted_scaled [1.         0.11657769 0.86343681 0.86084862 1.         1.
 1.         0.1373637  0.49767442 0.03002073 1.         0.1872807
 0.79338125 0.79220348 1.         1.         1.         0.19958537
 0.42926829 0.08076483 1.         0.12093879 0.86000447 0.86822051
 1.         1.         1.         0.24363486 0.57425743 0.21731833
 1.         0.         0.82510531 0.82675772 1.         1.
 1.         0.86313974 0.92271663 1.        ]
deleted_not_scaled [1.20000000e+01 5.47739179e-01 1.73138190e+04 4.40636700e+06
 3.84000000e+03 2.16000000e+03 1.00000000e+00 2.00320000e+01
 7.84000000e-01 2.89700000e+00 1.20000000e+01 6.14570693e-01
 1.59365570e+04 4.06183000e+06 3.84000000e+03 2.16000000e+03
 1.00000000e+00 2.03590000e+01 7.63000000e-01 7.48900000e+00
 1.20000000e+01 5.94554275e-01 1.65801390e+04 4.23415300e+06
 3.84000000e+03 2.16000000e+03 1.00000000e+00 2.24910000e+01
 8.23000000e-01 1.96810000e+01 1.20000000e+01 0.00000000e+00
 1.65586430e+04 4.23487300e+06 3.84000000e+03 2.16000000e+03
 1.00000000e+00 4.21530000e+01 9.64000000e-01 9.45150000e+01
 8.70000000e+01]
deleted_idx_col 285
query_origi 371
query_idx 273
deleted_scaled [1.         0.13586465 0.78359664 0.78124176 1.         1.
 1.         0.56667881 0.84883721 0.92832124 1.         0.14825281
 0.8156376  0.81442579 1.         1.         1.         0.2046794
 0.42926829 0.01231586 1.         0.03180562 0.92292269 0.93127294
 1.         1.         1.         0.12521309 0.44306931 0.06106246
 1.         0.         0.76560512 0.76675948 1.         1.
 1.         0.20250598 0.19672131 0.17704068]
deleted_not_scaled [1.20000000e+01 6.38358794e-01 1.57431230e+04 4.00662500e+06
 3.84000000e+03 2.16000000e+03 1.00000000e+00 4.00720000e+01
 9.35000000e-01 8.95830000e+01 1.20000000e+01 4.86498784e-01
 1.63743050e+04 4.17340100e+06 3.84000000e+03 2.16000000e+03
 1.00000000e+00 2.05310000e+01 7.63000000e-01 1.14200000e+00
 1.20000000e+01 1.56361491e-01 1.77696450e+04 4.53570200e+06
 3.84000000e+03 2.16000000e+03 1.00000000e+00 1.81840000e+01
 7.70000000e-01 5.53000000e+00 1.20000000e+01 0.00000000e+00
 1.53877280e+04 3.93348800e+06 3.84000000e+03 2.16000000e+03
 1.00000000e+00 2.03250000e+01 6.54000000e-01 1.67330000e+01
 1.02000000e+02]
deleted_idx_col 273
query_origi 93
query_idx 475
deleted_scaled [1.         0.         0.8252157  0.82026553 1.         1.
 1.         0.08642002 0.61162791 0.00251813 0.91666667 0.
 0.57492917 0.57234683 1.         1.         0.         0.04880794
 0.4902439  0.04743006 1.         0.         0.89627142 0.90167364
 1.         1.         1.         0.0719824  0.39108911 0.05291344
 1.         0.         0.75020849 0.74908839 1.         1.
 1.         0.2899428  0.35362998 0.15048405]
deleted_not_scaled [1.2000000e+01 0.0000000e+00 1.6561895e+04 4.2025810e+06 3.8400000e+03
 2.1600000e+03 1.0000000e+00 1.7654000e+01 8.3300000e-01 2.4300000e-01
 1.1000000e+01 0.0000000e+00 1.1639944e+04 2.9580010e+06 3.8400000e+03
 2.1600000e+03 0.0000000e+00 1.5268000e+01 7.8800000e-01 4.3980000e+00
 1.2000000e+01 0.0000000e+00 1.7265787e+04 4.3941430e+06 3.8400000e+03
 2.1600000e+03 1.0000000e+00 1.6248000e+01 7.4900000e-01 4.7920000e+00
 1.2000000e+01 0.0000000e+00 1.5084735e+04 3.8447220e+06 3.8400000e+03
 2.1600000e+03 1.0000000e+00 2.3214000e+01 7.2100000e-01 1.4223000e+01
 2.2800000e+02]
deleted_idx_col 475
query_origi 883
query_idx 216
deleted_scaled [8.33333333e-02 1.37092638e-01 8.93630728e-03 8.79486650e-03
 1.81818182e-02 1.81818182e-02 0.00000000e+00 3.25778187e-01
 7.86046512e-01 6.62901554e-02 0.00000000e+00 1.16799689e-01
 1.88332104e-03 1.87962736e-03 0.00000000e+00 0.00000000e+00
 0.00000000e+00 3.32741004e-01 7.26829268e-01 2.64219313e-03
 0.00000000e+00 3.68588186e-01 2.59357153e-03 2.60344355e-03
 0.00000000e+00 0.00000000e+00 0.00000000e+00 2.98212813e-01
 7.25247525e-01 5.74185926e-04 0.00000000e+00 0.00000000e+00
 1.89413380e-03 1.90912980e-03 0.00000000e+00 0.00000000e+00
 0.00000000e+00 4.80614993e-01 7.84543326e-01 3.59731260e-04]
deleted_not_scaled [1.00000000e+00 6.44128474e-01 5.03228000e+02 1.27820000e+05
 3.84000000e+02 2.16000000e+02 0.00000000e+00 2.88270000e+01
 9.08000000e-01 6.39700000e+00 0.00000000e+00 3.83283832e-01
 3.69022000e+02 9.38700000e+04 3.20000000e+02 1.80000000e+02
 0.00000000e+00 2.48550000e+01 8.85000000e-01 2.45000000e-01
 0.00000000e+00 1.81203805e+00 3.70280000e+02 9.43290000e+04
 3.20000000e+02 1.80000000e+02 0.00000000e+00 2.44760000e+01
 8.84000000e-01 5.20000000e-02 0.00000000e+00 0.00000000e+00
 3.58522000e+02 9.14680000e+04 3.20000000e+02 1.80000000e+02
 0.00000000e+00 2.95140000e+01 9.05000000e-01 3.40000000e-02
 6.30000000e+01]
deleted_idx_col 216
query_origi 341
query_idx 728
deleted_scaled [1.         0.14989766 0.82726094 0.82725813 1.         1.
 1.         0.35780544 0.65581395 0.62954404 1.         0.20043295
 0.86086248 0.86216039 1.         1.         1.         0.31298682
 0.35853659 0.32488191 1.         0.20890517 0.8814356  0.88186459
 1.         1.         1.         0.08405279 0.09653465 0.13379636
 1.         0.         0.83517672 0.82934291 1.         1.
 1.         0.040707   0.         0.03547585]
deleted_not_scaled [1.20000000e+01 7.04292735e-01 1.66021310e+04 4.23769400e+06
 3.84000000e+03 2.16000000e+03 1.00000000e+00 3.03220000e+01
 8.52000000e-01 6.07510000e+01 1.20000000e+01 6.57730426e-01
 1.72638080e+04 4.41306100e+06 3.84000000e+03 2.16000000e+03
 1.00000000e+00 2.41880000e+01 7.34000000e-01 3.01250000e+01
 1.20000000e+01 1.02701098e+00 1.69853070e+04 4.29940600e+06
 3.84000000e+03 2.16000000e+03 1.00000000e+00 1.66870000e+01
 6.30000000e-01 1.21170000e+01 1.20000000e+01 0.00000000e+00
 1.67568400e+04 4.24785900e+06 3.84000000e+03 2.16000000e+03
 1.00000000e+00 1.49790000e+01 5.70000000e-01 3.35300000e+00
 2.10000000e+01]
deleted_idx_col 728
query_origi 162
query_idx 35
deleted_scaled [0.5        0.         0.10749721 0.1072395  0.27272727 0.27272727
 0.         0.13894899 0.21162791 0.07843523 0.5        0.8228571
 0.10854324 0.10853598 0.27272727 0.27272727 0.         0.04113727
 0.2        0.11051916 0.5        0.         0.11019492 0.11133981
 0.27272727 0.27272727 0.         0.1308496  0.40841584 0.01450924
 0.41666667 0.         0.08592848 0.08504905 0.18181818 0.17171717
 0.         0.7475258  0.84777518 0.7975771 ]
deleted_not_scaled [6.0000000e+00 0.0000000e+00 2.4422170e+03 6.2215500e+05 1.2800000e+03
 7.2000000e+02 0.0000000e+00 2.0106000e+01 6.6100000e-01 7.5690000e+00
 6.0000000e+00 2.7002454e+00 2.4668570e+03 6.2935700e+05 1.2800000e+03
 7.2000000e+02 0.0000000e+00 1.5009000e+01 6.6900000e-01 1.0248000e+01
 6.0000000e+00 0.0000000e+00 2.4045470e+03 6.1436200e+05 1.2800000e+03
 7.2000000e+02 0.0000000e+00 1.8389000e+01 7.5600000e-01 1.3140000e+00
 5.0000000e+00 0.0000000e+00 2.0122490e+03 5.0909900e+05 9.6000000e+02
 5.2000000e+02 0.0000000e+00 3.8333000e+01 9.3200000e-01 7.5383000e+01
 2.3800000e+02]
deleted_idx_col 35
query_origi 270
query_idx 204
deleted_scaled [0.00000000e+00 0.00000000e+00 1.83556115e-03 1.79211113e-03
 0.00000000e+00 0.00000000e+00 0.00000000e+00 1.49274835e-01
 5.00000000e-01 1.65803109e-04 0.00000000e+00 5.95621835e-01
 1.60216005e-03 1.67188642e-03 0.00000000e+00 0.00000000e+00
 0.00000000e+00 2.62698060e-01 5.92682927e-01 0.00000000e+00
 3.33333333e-01 0.00000000e+00 4.44986906e-02 4.50468289e-02
 9.09090909e-02 9.09090909e-02 0.00000000e+00 6.76409128e-01
 8.61386139e-01 7.70126873e-01 0.00000000e+00 0.00000000e+00
 3.05094013e-03 2.92301907e-03 0.00000000e+00 0.00000000e+00
 0.00000000e+00 4.16724675e-01 5.24590164e-01 6.66560863e-03]
deleted_not_scaled [0.00000000e+00 0.00000000e+00 3.63535000e+02 9.26560000e+04
 3.20000000e+02 1.80000000e+02 0.00000000e+00 2.05880000e+01
 7.85000000e-01 1.60000000e-02 0.00000000e+00 1.95456188e+00
 3.63492000e+02 9.28270000e+04 3.20000000e+02 1.80000000e+02
 0.00000000e+00 2.24900000e+01 8.30000000e-01 0.00000000e+00
 4.00000000e+00 0.00000000e+00 1.16252100e+03 2.97315000e+05
 6.40000000e+02 3.60000000e+02 0.00000000e+00 3.82310000e+01
 9.39000000e-01 6.97450000e+01 0.00000000e+00 0.00000000e+00
 3.81287000e+02 9.65610000e+04 3.20000000e+02 1.80000000e+02
 0.00000000e+00 2.74030000e+01 7.94000000e-01 6.30000000e-01
 8.80000000e+01]
deleted_idx_col 204
query_origi 215
query_idx 811
deleted_scaled [0.58333333 0.         0.13998549 0.13951124 0.27272727 0.27272727
 0.         0.13757793 0.51395349 0.30012435 0.58333333 0.
 0.13950349 0.13932606 0.27272727 0.27272727 0.         0.20020732
 0.44390244 0.33768307 0.58333333 0.         0.14541805 0.14683518
 0.27272727 0.27272727 0.         0.24316745 0.58910891 0.44848338
 0.58333333 0.         0.13961471 0.13994081 0.27272727 0.27272727
 0.         0.8168639  0.90163934 0.94178702]
deleted_not_scaled [7.000000e+00 0.000000e+00 3.081359e+03 7.842060e+05 1.280000e+03
 7.200000e+02 0.000000e+00 2.004200e+01 7.910000e-01 2.896200e+01
 7.000000e+00 0.000000e+00 3.075797e+03 7.839440e+05 1.280000e+03
 7.200000e+02 0.000000e+00 2.038000e+01 7.690000e-01 3.131200e+01
 7.000000e+00 0.000000e+00 3.070461e+03 7.841190e+05 1.280000e+03
 7.200000e+02 0.000000e+00 2.247400e+01 8.290000e-01 4.061600e+01
 7.000000e+00 0.000000e+00 3.068750e+03 7.848330e+05 1.280000e+03
 7.200000e+02 0.000000e+00 4.062400e+01 9.550000e-01 8.901300e+01
 8.700000e+01]
deleted_idx_col 811
query_origi 471
query_idx 324
deleted_scaled [0.91666667 0.         0.57204205 0.56771069 1.         1.
 0.         0.18815742 0.50930233 0.05410363 0.91666667 0.
 0.60309063 0.59947166 1.         1.         0.         0.15317637
 0.3        0.04737614 0.91666667 0.         0.56039642 0.56290878
 1.         1.         0.         0.25988452 0.54207921 0.03605225
 0.91666667 0.         0.56959314 0.56788191 1.         1.
 0.         0.77827548 0.84543326 0.88428292]
deleted_not_scaled [1.1000000e+01 0.0000000e+00 1.1581209e+04 2.9343890e+06 3.8400000e+03
 2.1600000e+03 0.0000000e+00 2.2403000e+01 7.8900000e-01 5.2210000e+00
 1.1000000e+01 0.0000000e+00 1.2193836e+04 3.0941860e+06 3.8400000e+03
 2.1600000e+03 0.0000000e+00 1.8792000e+01 7.1000000e-01 4.3930000e+00
 1.1000000e+01 0.0000000e+00 1.0915872e+04 2.7739960e+06 3.8400000e+03
 2.1600000e+03 0.0000000e+00 2.3082000e+01 8.1000000e-01 3.2650000e+00
 1.1000000e+01 0.0000000e+00 1.1530373e+04 2.9344800e+06 3.8400000e+03
 2.1600000e+03 0.0000000e+00 3.9349000e+01 9.3100000e-01 8.3578000e+01
 2.5700000e+02]
deleted_idx_col 324
query_origi 159
query_idx 789
deleted_scaled [9.16666667e-01 0.00000000e+00 5.39256361e-01 5.37070951e-01
 1.00000000e+00 1.00000000e+00 0.00000000e+00 2.52511836e-01
 7.11627907e-01 1.60217617e-01 9.16666667e-01 0.00000000e+00
 5.73042244e-01 5.71623821e-01 1.00000000e+00 1.00000000e+00
 0.00000000e+00 1.34695691e-01 4.80487805e-01 6.79421090e-04
 9.16666667e-01 0.00000000e+00 5.87468098e-01 5.92195064e-01
 1.00000000e+00 1.00000000e+00 0.00000000e+00 1.71679956e-01
 5.34653465e-01 6.06207833e-03 9.16666667e-01 0.00000000e+00
 5.67633916e-01 5.67930282e-01 1.00000000e+00 1.00000000e+00
 0.00000000e+00 4.50410097e-01 7.98594848e-01 1.43384648e-01]
deleted_not_scaled [1.1000000e+01 0.0000000e+00 1.0936216e+04 2.7805330e+06 3.8400000e+03
 2.1600000e+03 0.0000000e+00 2.5407000e+01 8.7600000e-01 1.5461000e+01
 1.1000000e+01 0.0000000e+00 1.1602831e+04 2.9543710e+06 3.8400000e+03
 2.1600000e+03 0.0000000e+00 1.8168000e+01 7.8400000e-01 6.3000000e-02
 1.1000000e+01 0.0000000e+00 1.1427678e+04 2.9140580e+06 3.8400000e+03
 2.1600000e+03 0.0000000e+00 1.9874000e+01 8.0700000e-01 5.4900000e-01
 1.1000000e+01 0.0000000e+00 1.1491817e+04 2.9347230e+06 3.8400000e+03
 2.1600000e+03 0.0000000e+00 2.8516000e+01 9.1100000e-01 1.3552000e+01
 1.9900000e+02]
deleted_idx_col 789
query_origi 385
query_idx 278
deleted_scaled [1.         0.08277144 0.87045928 0.86437509 1.         1.
 1.         0.01330363 0.39302326 0.19535751 1.         0.20553617
 0.7297719  0.7261321  1.         1.         1.         0.06092107
 0.1195122  0.08718159 1.         0.16105805 0.83533066 0.83994269
 1.         1.         1.         0.14270003 0.06683168 0.09525965
 1.         0.         0.82837435 0.82672388 1.         1.
 1.         0.19043007 0.15690867 0.09270486]
deleted_not_scaled [1.20000000e+01 3.88900856e-01 1.74519720e+04 4.42407500e+06
 3.84000000e+03 2.16000000e+03 1.00000000e+00 1.42410000e+01
 7.39000000e-01 1.88520000e+01 1.20000000e+01 6.74476903e-01
 1.46854600e+04 3.73010700e+06 3.84000000e+03 2.16000000e+03
 1.00000000e+00 1.56770000e+01 6.36000000e-01 8.08400000e+00
 1.20000000e+01 7.91786966e-01 1.61136660e+04 4.09891400e+06
 3.84000000e+03 2.16000000e+03 1.00000000e+00 1.88200000e+01
 6.18000000e-01 8.62700000e+00 1.20000000e+01 0.00000000e+00
 1.66229750e+04 4.23470300e+06 3.84000000e+03 2.16000000e+03
 1.00000000e+00 1.99260000e+01 6.37000000e-01 8.76200000e+00
 2.35000000e+02]
deleted_idx_col 278
query_origi 670
query_idx 262
deleted_scaled [1.         0.1491634  0.86998452 0.8673772  1.         1.
 1.         0.14346923 0.6        0.01944041 1.         0.1145054
 0.84924265 0.84797944 1.         1.         1.         0.82185695
 0.8902439  0.90464379 1.         0.2245671  0.76697448 0.77430543
 1.         1.         1.         0.20038493 0.54207921 0.03281693
 1.         0.         0.94161449 0.94349235 1.         1.
 1.         0.1507521  0.48477752 0.02695868]
deleted_not_scaled [1.20000000e+01 7.00842850e-01 1.74426320e+04 4.43915000e+06
 3.84000000e+03 2.16000000e+03 1.00000000e+00 2.03170000e+01
 8.28000000e-01 1.87600000e+00 1.20000000e+01 3.75755016e-01
 1.70352640e+04 4.34186300e+06 3.84000000e+03 2.16000000e+03
 1.00000000e+00 4.13700000e+01 9.52000000e-01 8.38840000e+01
 1.20000000e+01 1.10400753e+00 1.48213520e+04 3.78500300e+06
 3.84000000e+03 2.16000000e+03 1.00000000e+00 2.09180000e+01
 8.10000000e-01 2.97200000e+00 1.20000000e+01 0.00000000e+00
 1.88514480e+04 4.82125800e+06 3.84000000e+03 2.16000000e+03
 1.00000000e+00 1.86150000e+01 7.77000000e-01 2.54800000e+00
 2.15000000e+02]
deleted_idx_col 262
query_origi 812
query_idx 780
deleted_scaled [0.41666667 0.         0.078236   0.07738459 0.18181818 0.17171717
 0.         0.13177232 0.61162791 0.13891192 0.41666667 0.
 0.07778367 0.07714439 0.18181818 0.17171717 0.         0.84332889
 0.93170732 0.89066713 0.33333333 0.         0.04483827 0.0449013
 0.09090909 0.09090909 0.         0.26736321 0.71534653 0.20007067
 0.33333333 0.         0.04304941 0.04283976 0.09090909 0.09090909
 0.         0.36224691 0.73770492 0.29253558]
deleted_not_scaled [5.000000e+00 0.000000e+00 1.866561e+03 4.722400e+05 9.600000e+02
 5.200000e+02 0.000000e+00 1.977100e+01 8.330000e-01 1.340500e+01
 5.000000e+00 0.000000e+00 1.861864e+03 4.717500e+05 9.600000e+02
 5.200000e+02 0.000000e+00 4.209500e+01 9.690000e-01 8.258800e+01
 4.000000e+00 0.000000e+00 1.168941e+03 2.966190e+05 6.400000e+02
 3.600000e+02 0.000000e+00 2.335400e+01 8.800000e-01 1.811900e+01
 4.000000e+00 0.000000e+00 1.168424e+03 2.970720e+05 6.400000e+02
 3.600000e+02 0.000000e+00 2.560300e+01 8.850000e-01 2.764900e+01
 1.960000e+02]
deleted_idx_col 780
query_origi 677
query_idx 253
deleted_scaled [0.33333333 0.         0.04209225 0.04176023 0.09090909 0.09090909
 0.         0.24670623 0.73255814 0.14727461 0.41666667 0.
 0.07788307 0.07756784 0.18181818 0.17171717 0.         0.37817266
 0.76341463 0.28097837 0.41666667 0.92733004 0.08087217 0.08138505
 0.18181818 0.17171717 0.         0.21663459 0.66584158 0.24650243
 0.33333333 0.         0.04284411 0.0428091  0.09090909 0.09090909
 0.         0.16385703 0.70725995 0.1507803 ]
deleted_not_scaled [4.00000000e+00 0.00000000e+00 1.15550500e+03 2.93354000e+05
 6.40000000e+02 3.60000000e+02 0.00000000e+00 2.51360000e+01
 8.85000000e-01 1.42120000e+01 5.00000000e+00 0.00000000e+00
 1.86381900e+03 4.73876000e+05 9.60000000e+02 5.20000000e+02
 0.00000000e+00 2.63890000e+01 9.00000000e-01 2.60540000e+01
 5.00000000e+00 4.55890174e+00 1.85018300e+03 4.71103000e+05
 9.60000000e+02 5.20000000e+02 0.00000000e+00 2.15090000e+01
 8.60000000e-01 2.23240000e+01 4.00000000e+00 0.00000000e+00
 1.16438400e+03 2.96918000e+05 6.40000000e+02 3.60000000e+02
 0.00000000e+00 1.90480000e+01 8.72000000e-01 1.42510000e+01
 1.68000000e+02]
deleted_idx_col 253
query_origi 22
query_idx 921
deleted_scaled [0.         0.         0.00183338 0.00182617 0.         0.
 0.         0.19002121 0.60465116 0.         0.         0.
 0.00171844 0.00181549 0.         0.         0.         0.60657486
 0.78292683 0.05217523 0.16666667 0.         0.02004016 0.01995332
 0.05454545 0.05454545 0.         0.40371185 0.54207921 0.42040348
 0.08333333 0.         0.00786085 0.00773068 0.01818182 0.01818182
 0.         0.28119609 0.22716628 0.        ]
deleted_not_scaled [0.00000e+00 0.00000e+00 3.63492e+02 9.28270e+04 3.20000e+02 1.80000e+02
 0.00000e+00 2.24900e+01 8.30000e-01 0.00000e+00 0.00000e+00 0.00000e+00
 3.65779e+02 9.35480e+04 3.20000e+02 1.80000e+02 0.00000e+00 3.41010e+01
 9.08000e-01 4.83800e+00 2.00000e+00 0.00000e+00 7.00118e+02 1.77305e+05
 5.12000e+02 2.88000e+02 0.00000e+00 2.83130e+01 8.10000e-01 3.80730e+01
 1.00000e+00 0.00000e+00 4.75942e+02 1.20711e+05 3.84000e+02 2.16000e+02
 0.00000e+00 2.29250e+01 6.67000e-01 0.00000e+00 8.90000e+01]
deleted_idx_col 921
query_origi 616
query_idx 382
deleted_scaled [0.16666667 0.         0.01990799 0.01987413 0.05454545 0.05454545
 0.         0.42595171 0.69069767 0.42673575 0.08333333 0.
 0.008104   0.00818874 0.01818182 0.01818182 0.         0.36768843
 0.48536585 0.         0.         0.         0.00336329 0.0034691
 0.         0.         0.         0.21564476 0.38613861 0.00673564
 0.         0.         0.00154224 0.00143493 0.         0.
 0.         0.0815048  0.38173302 0.00941649]
deleted_not_scaled [2.00000e+00 0.00000e+00 7.19074e+02 1.83454e+05 5.12000e+02 2.88000e+02
 0.00000e+00 3.35030e+01 8.67000e-01 4.11800e+01 1.00000e+00 0.00000e+00
 4.91373e+02 1.25546e+05 3.84000e+02 2.16000e+02 0.00000e+00 2.60350e+01
 7.86000e-01 0.00000e+00 0.00000e+00 0.00000e+00 3.84832e+02 9.84690e+04
 3.20000e+02 1.80000e+02 0.00000e+00 2.14730e+01 7.47000e-01 6.10000e-01
 0.00000e+00 0.00000e+00 3.51597e+02 8.90860e+04 3.20000e+02 1.80000e+02
 0.00000e+00 1.63270e+01 7.33000e-01 8.90000e-01 1.26000e+02]
deleted_idx_col 382
query_origi 1
query_idx 856
deleted_scaled [0.25       0.         0.02754064 0.02761134 0.05454545 0.05454545
 0.         0.50489513 0.83953488 0.60982383 0.25       0.
 0.029537   0.02923232 0.05454545 0.05454545 0.         0.43642825
 0.54634146 0.4154606  0.25       0.         0.02737302 0.0273601
 0.05454545 0.05454545 0.         0.24679681 0.16831683 0.26621247
 0.25       0.         0.0280718  0.02787767 0.05454545 0.05454545
 0.         0.2678793  0.20608899 0.23401576]
deleted_not_scaled [3.00000e+00 0.00000e+00 8.69231e+02 2.22306e+05 5.12000e+02 2.88000e+02
 0.00000e+00 3.71880e+01 9.31000e-01 5.88480e+01 3.00000e+00 0.00000e+00
 9.12927e+02 2.31199e+05 5.12000e+02 2.88000e+02 0.00000e+00 2.83560e+01
 8.11000e-01 3.85240e+01 3.00000e+00 0.00000e+00 8.38750e+02 2.12728e+05
 5.12000e+02 2.88000e+02 0.00000e+00 2.26060e+01 6.59000e-01 2.41090e+01
 3.00000e+00 0.00000e+00 8.73677e+02 2.21914e+05 5.12000e+02 2.88000e+02
 0.00000e+00 2.24850e+01 6.58000e-01 2.21180e+01 9.00000e+01]
deleted_idx_col 856
query_origi 661
query_idx 372
deleted_scaled [0.5        0.         0.11588114 0.11534751 0.27272727 0.27272727
 0.         0.11013518 0.59069767 0.16492228 0.58333333 0.
 0.12974964 0.12944353 0.27272727 0.27272727 0.         0.17932771
 0.54390244 0.02139637 0.58333333 0.         0.14730114 0.14849267
 0.27272727 0.27272727 0.         0.72073137 0.91336634 0.71158199
 0.58333333 0.         0.13726786 0.13736378 0.27272727 0.27272727
 0.         0.34593384 0.80327869 0.07140666]
deleted_not_scaled [6.000000e+00 0.000000e+00 2.607154e+03 6.628690e+05 1.280000e+03
 7.200000e+02 0.000000e+00 1.876100e+01 8.240000e-01 1.591500e+01
 7.000000e+00 0.000000e+00 2.883954e+03 7.343270e+05 1.280000e+03
 7.200000e+02 0.000000e+00 1.967500e+01 8.100000e-01 1.984000e+00
 7.000000e+00 0.000000e+00 3.106062e+03 7.920460e+05 1.280000e+03
 7.200000e+02 0.000000e+00 3.984300e+01 9.600000e-01 6.444300e+01
 7.000000e+00 0.000000e+00 3.022566e+03 7.718880e+05 1.280000e+03
 7.200000e+02 0.000000e+00 2.506400e+01 9.130000e-01 6.749000e+00
 1.840000e+02]
deleted_idx_col 372
query_origi 80
query_idx 5
deleted_scaled [0.00000000e+00 8.23167636e-01 1.94459382e-03 1.86460012e-03
 0.00000000e+00 0.00000000e+00 0.00000000e+00 1.26309475e-01
 7.18604651e-01 7.70984456e-03 0.00000000e+00 0.00000000e+00
 1.72235256e-03 1.74657755e-03 0.00000000e+00 0.00000000e+00
 0.00000000e+00 2.22538131e-01 7.09756098e-01 5.50007549e-04
 0.00000000e+00 0.00000000e+00 2.27371904e-03 2.30987397e-03
 0.00000000e+00 0.00000000e+00 0.00000000e+00 1.73137201e-01
 6.58415842e-01 0.00000000e+00 0.00000000e+00 0.00000000e+00
 2.30492327e-03 2.34709493e-03 0.00000000e+00 0.00000000e+00
 0.00000000e+00 9.71520232e-02 5.73770492e-01 1.89387928e-03]
deleted_not_scaled [0.00000000e+00 3.86764542e+00 3.65680000e+02 9.30200000e+04
 3.20000000e+02 1.80000000e+02 0.00000000e+00 1.95160000e+01
 8.79000000e-01 7.44000000e-01 0.00000000e+00 0.00000000e+00
 3.65856000e+02 9.32020000e+04 3.20000000e+02 1.80000000e+02
 0.00000000e+00 2.11340000e+01 8.78000000e-01 5.10000000e-02
 0.00000000e+00 0.00000000e+00 3.64233000e+02 9.29250000e+04
 3.20000000e+02 1.80000000e+02 0.00000000e+00 1.99270000e+01
 8.57000000e-01 0.00000000e+00 0.00000000e+00 0.00000000e+00
 3.66606000e+02 9.36680000e+04 3.20000000e+02 1.80000000e+02
 0.00000000e+00 1.68440000e+01 8.15000000e-01 1.79000000e-01
 2.22000000e+02]
deleted_idx_col 5
