query_origi 8
query_idx 12
deleted_scaled [1.66666667e-01 0.00000000e+00 1.81388678e-02 1.81228457e-02
 5.45454545e-02 5.45454545e-02 0.00000000e+00 5.45834315e-01
 8.81395349e-01 5.06466321e-01 8.33333333e-02 4.45394773e-01
 8.67475709e-03 8.77252386e-03 1.81818182e-02 1.81818182e-02
 0.00000000e+00 3.05641937e-01 7.53658537e-01 0.00000000e+00
 8.33333333e-02 0.00000000e+00 1.12787805e-02 1.11681894e-02
 1.81818182e-02 1.81818182e-02 0.00000000e+00 2.25570525e-01
 7.10396040e-01 0.00000000e+00 0.00000000e+00 0.00000000e+00
 1.92873890e-03 1.82750903e-03 0.00000000e+00 0.00000000e+00
 0.00000000e+00 2.79561757e-01 7.21311475e-01 2.11606623e-05]
deleted_not_scaled [2.00000000e+00 0.00000000e+00 6.84270000e+02 1.74660000e+05
 5.12000000e+02 2.88000000e+02 0.00000000e+00 3.90990000e+01
 9.49000000e-01 4.88740000e+01 1.00000000e+00 1.46158451e+00
 5.02599000e+02 1.28477000e+05 3.84000000e+02 2.16000000e+02
 0.00000000e+00 2.39400000e+01 8.96000000e-01 0.00000000e+00
 1.00000000e+00 0.00000000e+00 5.34479000e+02 1.35290000e+05
 3.84000000e+02 2.16000000e+02 0.00000000e+00 2.18340000e+01
 8.78000000e-01 0.00000000e+00 0.00000000e+00 0.00000000e+00
 3.59203000e+02 9.10580000e+04 3.20000000e+02 1.80000000e+02
 0.00000000e+00 2.28710000e+01 8.78000000e-01 2.00000000e-03
 2.77000000e+02]
deleted_idx_col 12
query_origi 634
query_idx 96
deleted_scaled [1.         0.06823407 0.83214581 0.82673936 1.         1.
 1.         0.31262452 0.58372093 0.07807254 1.         0.16071157
 0.83067575 0.82653571 1.         1.         1.         0.36306827
 0.48292683 0.00786187 1.         0.13351528 0.86354877 0.86831774
 1.         1.         1.         0.15515535 0.34405941 0.07892848
 1.         0.         0.8283464  0.82669601 1.         1.
 1.         0.25550074 0.54098361 0.13796752]
deleted_not_scaled [1.20000000e+01 3.20597144e-01 1.66982310e+04 4.23508900e+06
 3.84000000e+03 2.16000000e+03 1.00000000e+00 2.82130000e+01
 8.21000000e-01 7.53400000e+00 1.20000000e+01 5.27382807e-01
 1.66700820e+04 4.23420100e+06 3.84000000e+03 2.16000000e+03
 1.00000000e+00 2.58790000e+01 7.85000000e-01 7.29000000e-01
 1.20000000e+01 6.56382343e-01 1.66471460e+04 4.23461800e+06
 3.84000000e+03 2.16000000e+03 1.00000000e+00 1.92730000e+01
 7.30000000e-01 7.14800000e+00 1.20000000e+01 0.00000000e+00
 1.66224250e+04 4.23456300e+06 3.84000000e+03 2.16000000e+03
 1.00000000e+00 2.20760000e+01 8.01000000e-01 1.30400000e+01
 7.70000000e+01]
deleted_idx_col 96
query_origi 424
query_idx 447
deleted_scaled [0.41666667 0.         0.07626492 0.07624986 0.18181818 0.17171717
 0.         0.05998415 0.26976744 0.00592746 0.41666667 0.
 0.07720106 0.07739535 0.18181818 0.17171717 0.         0.18311861
 0.26829268 0.01847378 0.5        0.         0.11298563 0.11293814
 0.27272727 0.27272727 0.         0.10478416 0.43811881 0.22693595
 0.58333333 0.         0.14092483 0.13986735 0.27272727 0.27272727
 0.         0.20120456 0.70257611 0.13476168]
deleted_not_scaled [5.000000e+00 0.000000e+00 1.827784e+03 4.665420e+05 9.600000e+02
 5.200000e+02 0.000000e+00 1.642000e+01 6.860000e-01 5.720000e-01
 5.000000e+00 0.000000e+00 1.850405e+03 4.730100e+05 9.600000e+02
 5.200000e+02 0.000000e+00 1.980300e+01 6.970000e-01 1.713000e+00
 6.000000e+00 0.000000e+00 2.457307e+03 6.220060e+05 1.280000e+03
 7.200000e+02 0.000000e+00 1.744100e+01 7.680000e-01 2.055200e+01
 7.000000e+00 0.000000e+00 3.094532e+03 7.844640e+05 1.280000e+03
 7.200000e+02 0.000000e+00 2.028200e+01 8.700000e-01 1.273700e+01
 1.490000e+02]
deleted_idx_col 447
query_origi 830
query_idx 565
deleted_scaled [0.25       0.         0.03174126 0.03160699 0.05454545 0.05454545
 0.         0.12817327 0.60930233 0.16746114 0.16666667 0.
 0.01596186 0.01598948 0.05454545 0.05454545 0.         0.18122316
 0.60487805 0.19491836 0.25       0.         0.02733086 0.02764635
 0.05454545 0.05454545 0.         0.17970855 0.63118812 0.1939313
 0.25       0.         0.02889511 0.02902912 0.05454545 0.05454545
 0.         0.30292667 0.67213115 0.24516743]
deleted_not_scaled [3.00000e+00 0.00000e+00 9.51870e+02 2.42370e+05 5.12000e+02 2.88000e+02
 0.00000e+00 1.96030e+01 8.32000e-01 1.61600e+01 2.00000e+00 0.00000e+00
 6.45925e+02 1.64711e+05 5.12000e+02 2.88000e+02 0.00000e+00 1.97390e+01
 8.35000e-01 1.80740e+01 3.00000e+00 0.00000e+00 8.37953e+02 2.14097e+05
 5.12000e+02 2.88000e+02 0.00000e+00 2.01660e+01 8.46000e-01 1.75630e+01
 3.00000e+00 0.00000e+00 8.89879e+02 2.27698e+05 5.12000e+02 2.88000e+02
 0.00000e+00 2.36430e+01 8.57000e-01 2.31720e+01 2.68000e+02]
deleted_idx_col 565
query_origi 194
query_idx 519
deleted_scaled [0.5        0.         0.0916337  0.09183101 0.27272727 0.27272727
 0.         0.18554382 0.67674419 0.27235233 0.5        0.
 0.10792759 0.10700392 0.27272727 0.27272727 0.         0.16700726
 0.58292683 0.20474301 0.5        0.         0.11314966 0.11335946
 0.27272727 0.27272727 0.         0.11811933 0.53712871 0.25097446
 0.5        0.         0.10757425 0.10698891 0.27272727 0.27272727
 0.         0.45143912 0.78220141 0.49192192]
deleted_not_scaled [6.000000e+00 0.000000e+00 2.130134e+03 5.447820e+05 1.280000e+03
 7.200000e+02 0.000000e+00 2.228100e+01 8.610000e-01 2.628200e+01
 6.000000e+00 0.000000e+00 2.454748e+03 6.216650e+05 1.280000e+03
 7.200000e+02 0.000000e+00 1.925900e+01 8.260000e-01 1.898500e+01
 6.000000e+00 0.000000e+00 2.460408e+03 6.240210e+05 1.280000e+03
 7.200000e+02 0.000000e+00 1.792600e+01 8.080000e-01 2.272900e+01
 6.000000e+00 0.000000e+00 2.438220e+03 6.193080e+05 1.280000e+03
 7.200000e+02 0.000000e+00 2.855000e+01 9.040000e-01 4.649400e+01
 6.000000e+01]
deleted_idx_col 519
query_origi 90
query_idx 753
deleted_scaled [0.16666667 0.         0.01814822 0.01809815 0.05454545 0.05454545
 0.         0.0458236  0.21395349 0.38260104 0.16666667 0.
 0.01781152 0.01790516 0.05454545 0.05454545 0.         0.58735377
 0.78292683 0.51133447 0.25       0.1072546  0.02864079 0.02903704
 0.05454545 0.05454545 0.         0.09747044 0.13861386 0.3198326
 0.16666667 0.         0.02132192 0.0210504  0.05454545 0.05454545
 0.         0.08849611 0.26932084 0.28936148]
deleted_not_scaled [2.00000000e+00 0.00000000e+00 6.84454000e+02 1.74536000e+05
 5.12000000e+02 2.88000000e+02 0.00000000e+00 1.57590000e+01
 6.62000000e-01 3.69210000e+01 2.00000000e+00 0.00000000e+00
 6.82305000e+02 1.74329000e+05 5.12000000e+02 2.88000000e+02
 0.00000000e+00 3.34520000e+01 9.08000000e-01 4.74140000e+01
 3.00000000e+00 5.27280643e-01 8.62718000e+02 2.20748000e+05
 5.12000000e+02 2.88000000e+02 0.00000000e+00 1.71750000e+01
 6.47000000e-01 2.89650000e+01 2.00000000e+00 0.00000000e+00
 7.40845000e+02 1.87619000e+05 5.12000000e+02 2.88000000e+02
 0.00000000e+00 1.65580000e+01 6.85000000e-01 2.73490000e+01
 1.41000000e+02]
deleted_idx_col 753
query_origi 507
query_idx 520
deleted_scaled [0.16666667 0.         0.01820551 0.01812125 0.05454545 0.05454545
 0.         0.14927483 0.26976744 0.27471503 0.25       0.
 0.02923576 0.02927215 0.05454545 0.05454545 0.         0.04309196
 0.23170732 0.40155943 0.25       0.         0.02695838 0.02727019
 0.05454545 0.05454545 0.         0.13112455 0.43069307 0.19242958
 0.25       0.         0.03242193 0.03201545 0.05454545 0.05454545
 0.         0.68790291 0.82669789 0.58768449]
deleted_not_scaled [2.00000e+00 0.00000e+00 6.85581e+02 1.74652e+05 5.12000e+02 2.88000e+02
 0.00000e+00 2.05880e+01 6.86000e-01 2.65100e+01 3.00000e+00 0.00000e+00
 9.07002e+02 2.31399e+05 5.12000e+02 2.88000e+02 0.00000e+00 1.50750e+01
 6.82000e-01 3.72350e+01 3.00000e+00 0.00000e+00 8.30911e+02 2.12298e+05
 5.12000e+02 2.88000e+02 0.00000e+00 1.83990e+01 7.65000e-01 1.74270e+01
 3.00000e+00 0.00000e+00 9.59284e+02 2.42699e+05 5.12000e+02 2.88000e+02
 0.00000e+00 3.63630e+01 9.23000e-01 5.55450e+01 2.38000e+02]
deleted_idx_col 520
query_origi 939
query_idx 965
deleted_scaled [0.58333333 0.         0.1406007  0.13966259 0.27272727 0.27272727
 0.         0.19259196 0.4627907  0.22415544 0.58333333 0.
 0.13998004 0.139341   0.27272727 0.27272727 0.         0.6931734
 0.86585366 0.76803701 0.58333333 0.         0.14599449 0.14685337
 0.27272727 0.27272727 0.         0.17629915 0.4950495  0.31979948
 0.58333333 0.         0.1399728  0.13976383 0.27272727 0.27272727
 0.         0.20417058 0.46604215 0.33129133]
deleted_not_scaled [7.000000e+00 0.000000e+00 3.093462e+03 7.849660e+05 1.280000e+03
 7.200000e+02 0.000000e+00 2.261000e+01 7.690000e-01 2.163100e+01
 7.000000e+00 0.000000e+00 3.085170e+03 7.840190e+05 1.280000e+03
 7.200000e+02 0.000000e+00 3.702500e+01 9.420000e-01 7.121700e+01
 7.000000e+00 0.000000e+00 3.081359e+03 7.842060e+05 1.280000e+03
 7.200000e+02 0.000000e+00 2.004200e+01 7.910000e-01 2.896200e+01
 7.000000e+00 0.000000e+00 3.075797e+03 7.839440e+05 1.280000e+03
 7.200000e+02 0.000000e+00 2.038000e+01 7.690000e-01 3.131200e+01
 8.500000e+01]
deleted_idx_col 965
query_origi 707
query_idx 787
deleted_scaled [0.41666667 0.         0.07723066 0.07739953 0.18181818 0.17171717
 0.         0.55843099 0.88139535 0.85380311 0.5        0.
 0.1079645  0.10704057 0.27272727 0.27272727 0.         0.45262846
 0.56829268 0.42710782 0.5        0.         0.11274983 0.11295863
 0.27272727 0.27272727 0.         0.22680781 0.11138614 0.36018021
 0.5        0.         0.10809861 0.10751068 0.27272727 0.27272727
 0.         0.24953845 0.15456674 0.32557795]
deleted_not_scaled [5.000000e+00 0.000000e+00 1.846783e+03 4.723150e+05 9.600000e+02
 5.200000e+02 0.000000e+00 3.968700e+01 9.490000e-01 8.239200e+01
 6.000000e+00 0.000000e+00 2.455474e+03 6.218490e+05 1.280000e+03
 7.200000e+02 0.000000e+00 2.890300e+01 8.200000e-01 3.960400e+01
 6.000000e+00 0.000000e+00 2.452849e+03 6.221040e+05 1.280000e+03
 7.200000e+02 0.000000e+00 2.187900e+01 6.360000e-01 3.261900e+01
 6.000000e+00 0.000000e+00 2.448539e+03 6.219290e+05 1.280000e+03
 7.200000e+02 0.000000e+00 2.187900e+01 6.360000e-01 3.077200e+01
 9.000000e+01]
deleted_idx_col 787
query_origi 731
query_idx 630
deleted_scaled [1.         0.         0.8275702  0.82674055 1.         1.
 1.         0.27228518 0.58372093 0.22115026 1.         0.
 0.90362401 0.90408065 1.         1.         1.         0.12287872
 0.36097561 0.11227703 1.         0.         0.85407914 0.86353009
 1.         1.         1.         0.22760517 0.58415842 0.0165741
 1.         0.         0.75991337 0.75383712 1.         1.
 1.         0.2296238  0.36065574 0.06032905]
deleted_not_scaled [1.2000000e+01 0.0000000e+00 1.6608215e+04 4.2350950e+06 3.8400000e+03
 2.1600000e+03 1.0000000e+00 2.6330000e+01 8.2100000e-01 2.1341000e+01
 1.2000000e+01 0.0000000e+00 1.8104861e+04 4.6235290e+06 3.8400000e+03
 2.1600000e+03 1.0000000e+00 1.7769000e+01 7.3500000e-01 1.0411000e+01
 1.2000000e+01 0.0000000e+00 1.6468117e+04 4.2117210e+06 3.8400000e+03
 2.1600000e+03 1.0000000e+00 2.1908000e+01 8.2700000e-01 1.5010000e+00
 1.2000000e+01 0.0000000e+00 1.5275719e+04 3.8685760e+06 3.8400000e+03
 2.1600000e+03 1.0000000e+00 2.1221000e+01 7.2400000e-01 5.7020000e+00
 2.8400000e+02]
deleted_idx_col 630
query_origi 731
query_idx 775
deleted_scaled [0.25       0.         0.02576206 0.02551772 0.05454545 0.05454545
 0.         0.24842006 0.73953488 0.12557513 0.33333333 0.
 0.04256803 0.0423933  0.09090909 0.09090909 0.         0.3805716
 0.76585366 0.25173091 0.33333333 0.         0.04485181 0.04512879
 0.09090909 0.09090909 0.         0.21710201 0.67574257 0.23368263
 0.33333333 0.         0.04284411 0.0428091  0.09090909 0.09090909
 0.         0.16385703 0.70725995 0.1507803 ]
deleted_not_scaled [3.000000e+00 0.000000e+00 8.342410e+02 2.117930e+05 5.120000e+02
 2.880000e+02 0.000000e+00 2.521600e+01 8.880000e-01 1.211800e+01
 4.000000e+00 0.000000e+00 1.169227e+03 2.972760e+05 6.400000e+02
 3.600000e+02 0.000000e+00 2.647000e+01 9.010000e-01 2.334200e+01
 4.000000e+00 0.000000e+00 1.169197e+03 2.977070e+05 6.400000e+02
 3.600000e+02 0.000000e+00 2.152600e+01 8.640000e-01 2.116300e+01
 4.000000e+00 0.000000e+00 1.164384e+03 2.969180e+05 6.400000e+02
 3.600000e+02 0.000000e+00 1.904800e+01 8.720000e-01 1.425100e+01
 1.680000e+02]
deleted_idx_col 775
query_origi 916
query_idx 635
deleted_scaled [8.33333333e-01 0.00000000e+00 3.71823254e-01 3.71052038e-01
 6.36363636e-01 6.36363636e-01 0.00000000e+00 1.26566550e-01
 5.06976744e-01 6.63212435e-04 8.33333333e-01 0.00000000e+00
 4.41746926e-01 4.41556276e-01 6.36363636e-01 6.36363636e-01
 0.00000000e+00 1.61617059e-01 3.51219512e-01 1.11834868e-02
 9.16666667e-01 0.00000000e+00 5.13786928e-01 5.18971202e-01
 1.00000000e+00 1.00000000e+00 0.00000000e+00 1.43497388e-01
 3.76237624e-01 3.85808774e-02 9.16666667e-01 0.00000000e+00
 5.66474365e-01 5.67911768e-01 1.00000000e+00 1.00000000e+00
 0.00000000e+00 2.57104809e-01 5.38641686e-01 9.15198646e-02]
deleted_not_scaled [1.0000000e+01 0.0000000e+00 7.6423040e+03 1.9468770e+06 2.5600000e+03
 1.4400000e+03 0.0000000e+00 1.9528000e+01 7.8800000e-01 6.4000000e-02
 1.0000000e+01 0.0000000e+00 9.0204560e+03 2.3013440e+06 2.5600000e+03
 1.4400000e+03 0.0000000e+00 1.9077000e+01 7.3100000e-01 1.0370000e+00
 1.1000000e+01 0.0000000e+00 1.0034692e+04 2.5638640e+06 3.8400000e+03
 2.1600000e+03 0.0000000e+00 1.8849000e+01 7.4300000e-01 3.4940000e+00
 1.1000000e+01 0.0000000e+00 1.1468998e+04 2.9346300e+06 3.8400000e+03
 2.1600000e+03 0.0000000e+00 2.2129000e+01 8.0000000e-01 8.6500000e+00
 2.5300000e+02]
deleted_idx_col 635
query_origi 598
query_idx 512
deleted_scaled [1.         0.         0.82901309 0.82652548 1.         1.
 1.         0.19274192 0.41395349 0.1333057  0.91666667 0.
 0.568473   0.5676393  1.         1.         0.         0.75205094
 0.86097561 0.90601342 0.91666667 0.         0.59103572 0.59639223
 1.         1.         0.         0.12930987 0.20792079 0.11357839
 1.         0.         0.8818089  0.8831312  1.         1.
 1.         0.05456857 0.16627635 0.16620642]
deleted_not_scaled [1.2000000e+01 0.0000000e+00 1.6636601e+04 4.2340150e+06 3.8400000e+03
 2.1600000e+03 1.0000000e+00 2.2617000e+01 7.4800000e-01 1.2864000e+01
 1.1000000e+01 0.0000000e+00 1.1512961e+04 2.9343660e+06 3.8400000e+03
 2.1600000e+03 0.0000000e+00 3.9013000e+01 9.4000000e-01 8.4011000e+01
 1.1000000e+01 0.0000000e+00 1.1495126e+04 2.9341310e+06 3.8400000e+03
 2.1600000e+03 0.0000000e+00 1.8333000e+01 6.7500000e-01 1.0286000e+01
 1.2000000e+01 0.0000000e+00 1.7674523e+04 4.5180500e+06 3.8400000e+03
 2.1600000e+03 1.0000000e+00 1.5437000e+01 6.4100000e-01 1.5709000e+01
 1.3200000e+02]
deleted_idx_col 512
query_origi 815
query_idx 443
deleted_scaled [1.         0.22060351 0.82906738 0.82657964 1.         1.
 1.         0.24066497 0.50697674 0.0272228  1.         0.18718031
 0.87855188 0.87724382 1.         1.         1.         0.25014068
 0.55853659 0.03606324 1.         0.0770712  0.80790131 0.81521405
 1.         1.         1.         0.84696178 0.94306931 0.89839118
 1.         0.         0.87718645 0.8785021  1.         1.
 1.         0.30686117 0.72131148 0.00513146]
deleted_not_scaled [1.20000000e+01 1.03650351e+00 1.66376690e+04 4.23428700e+06
 3.84000000e+03 2.16000000e+03 1.00000000e+00 2.48540000e+01
 7.88000000e-01 2.62700000e+00 1.20000000e+01 6.14241244e-01
 1.76117310e+04 4.48879000e+06 3.84000000e+03 2.16000000e+03
 1.00000000e+00 2.20660000e+01 8.16000000e-01 3.34400000e+00
 1.20000000e+01 3.78894259e-01 1.55950980e+04 3.98064900e+06
 3.84000000e+03 2.16000000e+03 1.00000000e+00 4.44340000e+01
 9.72000000e-01 8.13610000e+01 1.20000000e+01 0.00000000e+00
 1.75835570e+04 4.49479700e+06 3.84000000e+03 2.16000000e+03
 1.00000000e+00 2.37730000e+01 8.78000000e-01 4.85000000e-01
 2.75000000e+02]
deleted_idx_col 443
query_origi 245
query_idx 574
deleted_scaled [0.91666667 0.         0.57000759 0.5697133  1.         1.
 0.         0.02924227 0.2        0.11596891 0.91666667 0.
 0.56505575 0.56565212 1.         1.         0.         0.14295869
 0.38780488 0.02176304 1.         0.         1.         1.
 1.         1.         1.         0.77165246 0.88366337 1.
 0.91666667 0.         0.54587625 0.54175749 1.         1.
 0.         0.08686178 0.52693208 0.11360102]
deleted_not_scaled [1.1000000e+01 0.0000000e+00 1.1541185e+04 2.9444450e+06 3.8400000e+03
 2.1600000e+03 0.0000000e+00 1.4985000e+01 6.5600000e-01 1.1191000e+01
 1.1000000e+01 0.0000000e+00 1.1445749e+04 2.9243890e+06 3.8400000e+03
 2.1600000e+03 0.0000000e+00 1.8447000e+01 7.4600000e-01 2.0180000e+00
 1.2000000e+01 0.0000000e+00 1.9226837e+04 4.8643900e+06 3.8400000e+03
 2.1600000e+03 1.0000000e+00 4.1695000e+01 9.4800000e-01 9.0563000e+01
 1.1000000e+01 0.0000000e+00 1.1063644e+04 2.8032510e+06 3.8400000e+03
 2.1600000e+03 0.0000000e+00 1.6504000e+01 7.9500000e-01 1.0737000e+01
 2.3900000e+02]
deleted_idx_col 574
query_origi 530
query_idx 504
deleted_scaled [0.91666667 0.         0.55695269 0.55329375 1.         1.
 0.         0.09211851 0.54418605 0.00363731 0.91666667 0.
 0.58208785 0.57918017 1.         1.         0.         0.44122612
 0.76585366 0.27947933 0.91666667 0.         0.59505977 0.59833556
 1.         1.         0.         0.30167721 0.68811881 0.0734958
 0.83333333 0.         0.39441496 0.39362494 0.63636364 0.63636364
 0.         0.3183923  0.68618267 0.05272179]
deleted_not_scaled [1.1000000e+01 0.0000000e+00 1.1284356e+04 2.8619950e+06 3.8400000e+03
 2.1600000e+03 0.0000000e+00 1.7920000e+01 8.0400000e-01 3.5100000e-01
 1.1000000e+01 0.0000000e+00 1.1780744e+04 2.9923090e+06 3.8400000e+03
 2.1600000e+03 0.0000000e+00 2.8518000e+01 9.0100000e-01 2.5915000e+01
 1.1000000e+01 0.0000000e+00 1.1571203e+04 2.9434250e+06 3.8400000e+03
 2.1600000e+03 0.0000000e+00 2.4602000e+01 8.6900000e-01 6.6560000e+00
 1.0000000e+01 0.0000000e+00 8.0830100e+03 2.0591470e+06 2.5600000e+03
 1.4400000e+03 0.0000000e+00 2.4154000e+01 8.6300000e-01 4.9830000e+00
 6.2000000e+01]
deleted_idx_col 504
query_origi 806
query_idx 591
deleted_scaled [1.         0.         0.76665657 0.76818717 1.         1.
 1.         0.18922856 0.72790698 0.00740933 1.         0.
 0.79403992 0.78769891 1.         1.         1.         0.16825115
 0.28292683 0.03631128 1.         0.         0.86615514 0.86832025
 1.         1.         1.         0.22449821 0.69554455 0.46608438
 0.91666667 0.         0.62020841 0.61710043 1.         1.
 0.         0.45268    0.80093677 0.2389462 ]
deleted_not_scaled [1.2000000e+01 0.0000000e+00 1.5409861e+04 3.9410720e+06 3.8400000e+03
 2.1600000e+03 1.0000000e+00 2.2453000e+01 8.8300000e-01 7.1500000e-01
 1.2000000e+01 0.0000000e+00 1.5949512e+04 4.0392140e+06 3.8400000e+03
 2.1600000e+03 1.0000000e+00 1.9301000e+01 7.0300000e-01 3.3670000e+00
 1.2000000e+01 0.0000000e+00 1.6696421e+04 4.2346300e+06 3.8400000e+03
 2.1600000e+03 1.0000000e+00 2.1795000e+01 8.7200000e-01 4.2210000e+01
 1.1000000e+01 0.0000000e+00 1.2526440e+04 3.1817160e+06 3.8400000e+03
 2.1600000e+03 0.0000000e+00 2.8591000e+01 9.1200000e-01 2.2584000e+01
 1.7300000e+02]
deleted_idx_col 591
query_origi 678
query_idx 971
deleted_scaled [0.91666667 0.         0.57153344 0.56951017 1.         1.
 0.         0.23526639 0.69534884 0.06897409 1.         0.
 0.89347191 0.89169526 1.         1.         1.         0.31186139
 0.66829268 0.05452624 1.         0.         0.80576449 0.81265138
 1.         1.         1.         0.42320594 0.74009901 0.12777845
 1.         0.         0.76634784 0.76712001 1.         1.
 1.         0.3713568  0.66276347 0.17403587]
deleted_not_scaled [1.1000000e+01 0.0000000e+00 1.1571203e+04 2.9434250e+06 3.8400000e+03
 2.1600000e+03 0.0000000e+00 2.4602000e+01 8.6900000e-01 6.6560000e+00
 1.2000000e+01 0.0000000e+00 1.7905185e+04 4.5613460e+06 3.8400000e+03
 2.1600000e+03 1.0000000e+00 2.4150000e+01 8.6100000e-01 5.0560000e+00
 1.2000000e+01 0.0000000e+00 1.5554700e+04 3.9683930e+06 3.8400000e+03
 2.1600000e+03 1.0000000e+00 2.9022000e+01 8.9000000e-01 1.1572000e+01
 1.2000000e+01 0.0000000e+00 1.5402344e+04 3.9352990e+06 3.8400000e+03
 2.1600000e+03 1.0000000e+00 2.5904000e+01 8.5300000e-01 1.6449000e+01
 6.4000000e+01]
deleted_idx_col 971
query_origi 729
query_idx 689
deleted_scaled [1.         0.15357874 0.81399164 0.81480217 1.         1.
 1.         0.10370831 0.40232558 0.02178238 1.         0.03557312
 0.96066848 0.95205446 1.         1.         1.         0.8314823
 0.8804878  0.97667321 1.         0.         0.83879895 0.84004724
 1.         1.         1.         0.07896618 0.50247525 0.11970672
 1.         0.         0.73262966 0.72823488 1.         1.
 1.         0.19878333 0.31147541 0.02644025]
deleted_not_scaled [1.20000000e+01 7.21588286e-01 1.63410840e+04 4.17514700e+06
 3.84000000e+03 2.16000000e+03 1.00000000e+00 1.84610000e+01
 7.43000000e-01 2.10200000e+00 1.20000000e+01 1.16734910e-01
 1.92268370e+04 4.86439000e+06 3.84000000e+03 2.16000000e+03
 1.00000000e+00 4.16950000e+01 9.48000000e-01 9.05630000e+01
 1.20000000e+01 0.00000000e+00 1.61792360e+04 4.09941400e+06
 3.84000000e+03 2.16000000e+03 1.00000000e+00 1.65020000e+01
 7.94000000e-01 1.08410000e+01 1.20000000e+01 0.00000000e+00
 1.47387980e+04 3.73997000e+06 3.84000000e+03 2.16000000e+03
 1.00000000e+00 2.02020000e+01 7.03000000e-01 2.49900000e+00
 2.40000000e+02]
deleted_idx_col 689
query_origi 130
query_idx 909
deleted_scaled [0.         0.         0.00177802 0.00159934 0.         0.
 0.         0.74395338 0.99302326 0.67647668 0.41666667 0.
 0.07778687 0.07714758 0.18181818 0.17171717 0.         0.70451651
 0.99756098 0.84936264 0.58333333 0.         0.14651206 0.14688933
 0.27272727 0.27272727 0.         1.         1.         0.7411084
 0.58333333 0.         0.14046088 0.13979051 0.27272727 0.27272727
 0.         0.93323447 1.         0.86506904]
deleted_not_scaled [0.000000e+00 0.000000e+00 3.624030e+02 9.168800e+04 3.200000e+02
 1.800000e+02 0.000000e+00 4.834700e+01 9.970000e-01 6.528000e+01
 5.000000e+00 0.000000e+00 1.861927e+03 4.717660e+05 9.600000e+02
 5.200000e+02 0.000000e+00 3.740800e+01 9.960000e-01 7.875800e+01
 7.000000e+00 0.000000e+00 3.091144e+03 7.843780e+05 1.280000e+03
 7.200000e+02 0.000000e+00 5.000000e+01 9.950000e-01 6.711700e+01
 7.000000e+00 0.000000e+00 3.085402e+03 7.840780e+05 1.280000e+03
 7.200000e+02 0.000000e+00 4.446900e+01 9.970000e-01 8.176200e+01
 0.000000e+00]
deleted_idx_col 909
query_origi 303
query_idx 605
deleted_scaled [1.         0.         0.82832047 0.82666249 1.         1.
 1.         0.13509287 0.15581395 0.09079793 1.         0.
 0.83878951 0.83838033 1.         1.         1.         0.04024878
 0.15609756 0.12279188 1.         0.         0.8473598  0.85588264
 1.         1.         1.         0.13282925 0.37623762 0.02321036
 1.         0.         0.96068993 0.95207885 1.         1.
 1.         0.84927817 0.8852459  0.95818653]
deleted_not_scaled [1.2000000e+01 0.0000000e+00 1.6622975e+04 4.2347030e+06 3.8400000e+03
 2.1600000e+03 1.0000000e+00 1.9926000e+01 6.3700000e-01 8.7620000e+00
 1.2000000e+01 0.0000000e+00 1.6829667e+04 4.2936690e+06 3.8400000e+03
 2.1600000e+03 1.0000000e+00 1.4979000e+01 6.5100000e-01 1.1386000e+01
 1.2000000e+01 0.0000000e+00 1.6341084e+04 4.1751470e+06 3.8400000e+03
 2.1600000e+03 1.0000000e+00 1.8461000e+01 7.4300000e-01 2.1020000e+00
 1.2000000e+01 0.0000000e+00 1.9226837e+04 4.8643900e+06 3.8400000e+03
 2.1600000e+03 1.0000000e+00 4.1695000e+01 9.4800000e-01 9.0563000e+01
 2.3800000e+02]
deleted_idx_col 605
query_origi 139
query_idx 566
deleted_scaled [1.         0.         0.88993409 0.8837167  1.         1.
 1.         0.17915979 0.61162791 0.         0.91666667 0.
 0.52519764 0.52230656 1.         1.         0.         0.33555457
 0.70731707 0.01717965 1.         0.         0.873563   0.87794761
 1.         1.         1.         0.34767666 0.75       0.07602442
 1.         0.         0.8197462  0.81770339 1.         1.
 1.         0.23758361 0.66042155 0.01886473]
deleted_not_scaled [1.2000000e+01 0.0000000e+00 1.7835100e+04 4.5211980e+06 3.8400000e+03
 2.1600000e+03 1.0000000e+00 2.1983000e+01 8.3300000e-01 0.0000000e+00
 1.1000000e+01 0.0000000e+00 1.0661802e+04 2.7067650e+06 3.8400000e+03
 2.1600000e+03 0.0000000e+00 2.4950000e+01 8.7700000e-01 1.5930000e+00
 1.2000000e+01 0.0000000e+00 1.6836471e+04 4.2806730e+06 3.8400000e+03
 2.1600000e+03 1.0000000e+00 2.6275000e+01 8.9400000e-01 6.8850000e+00
 1.2000000e+01 0.0000000e+00 1.6453180e+04 4.1893910e+06 3.8400000e+03
 2.1600000e+03 1.0000000e+00 2.1484000e+01 8.5200000e-01 1.7830000e+00
 1.6700000e+02]
deleted_idx_col 566
query_origi 10
query_idx 25
deleted_scaled [0.         0.31220851 0.00177802 0.00159934 0.         0.
 0.         0.74395338 0.99302326 0.67647668 0.         0.44810769
 0.00178519 0.00170873 0.         0.         0.         0.53955279
 0.98780488 0.15846688 0.         0.29684603 0.00241627 0.00234814
 0.         0.         0.         0.63717349 0.98762376 0.40337665
 0.         0.         0.00223399 0.00217609 0.         0.
 0.         0.58739142 0.97189696 0.1361477 ]
deleted_not_scaled [0.00000000e+00 1.46690878e+00 3.62403000e+02 9.16880000e+04
 3.20000000e+02 1.80000000e+02 0.00000000e+00 4.83470000e+01
 9.97000000e-01 6.52800000e+01 0.00000000e+00 1.47048706e+00
 3.67092000e+02 9.30120000e+04 3.20000000e+02 1.80000000e+02
 0.00000000e+00 3.18380000e+01 9.92000000e-01 1.46940000e+01
 0.00000000e+00 1.45934220e+00 3.66928000e+02 9.31080000e+04
 3.20000000e+02 1.80000000e+02 0.00000000e+00 3.68040000e+01
 9.90000000e-01 3.65310000e+01 0.00000000e+00 0.00000000e+00
 3.65210000e+02 9.28090000e+04 3.20000000e+02 1.80000000e+02
 0.00000000e+00 3.30420000e+01 9.85000000e-01 1.28680000e+01
 0.00000000e+00]
deleted_idx_col 25
query_origi 553
query_idx 106
deleted_scaled [1.         0.23232535 0.83033836 0.82660254 1.         1.
 1.         0.33996015 0.69767442 0.26689119 1.         0.36934205
 0.82902778 0.82655284 1.         1.         1.         0.33271139
 0.4902439  0.02833078 1.         0.07581307 0.91456992 0.92146387
 1.         1.         1.         0.23194941 0.55693069 0.03692457
 1.         0.         0.77614265 0.77614806 1.         1.
 1.         0.93217518 0.94145199 0.86082632]
deleted_not_scaled [1.20000000e+01 1.09157850e+00 1.66626730e+04 4.23440200e+06
 3.84000000e+03 2.16000000e+03 1.00000000e+00 2.94890000e+01
 8.70000000e-01 2.57550000e+01 1.20000000e+01 1.21201380e+00
 1.66376690e+04 4.23428700e+06 3.84000000e+03 2.16000000e+03
 1.00000000e+00 2.48540000e+01 7.88000000e-01 2.62700000e+00
 1.20000000e+01 3.72709115e-01 1.76117310e+04 4.48879000e+06
 3.84000000e+03 2.16000000e+03 1.00000000e+00 2.20660000e+01
 8.16000000e-01 3.34400000e+00 1.20000000e+01 0.00000000e+00
 1.55950980e+04 3.98064900e+06 3.84000000e+03 2.16000000e+03
 1.00000000e+00 4.44340000e+01 9.72000000e-01 8.13610000e+01
 2.74000000e+02]
deleted_idx_col 106
query_origi 815
query_idx 802
deleted_scaled [1.         0.53981463 0.769784   0.76323303 1.         1.
 1.         0.         0.4        0.16212435 1.         0.1349734
 0.87042927 0.86435412 1.         1.         1.         0.01839183
 0.37073171 0.20330867 1.         0.14043041 0.75978655 0.76282694
 1.         1.         1.         0.05628265 0.11138614 0.08926383
 1.         0.         0.80249375 0.79969167 1.         1.
 1.         0.15695651 0.11241218 0.09127652]
deleted_not_scaled [1.20000000e+01 2.53631397e+00 1.54713870e+04 3.91619500e+06
 3.84000000e+03 2.16000000e+03 1.00000000e+00 1.36200000e+01
 7.42000000e-01 1.56450000e+01 1.20000000e+01 4.42921755e-01
 1.74519720e+04 4.42407500e+06 3.84000000e+03 2.16000000e+03
 1.00000000e+00 1.42410000e+01 7.39000000e-01 1.88520000e+01
 1.20000000e+01 6.90378186e-01 1.46854600e+04 3.73010700e+06
 3.84000000e+03 2.16000000e+03 1.00000000e+00 1.56770000e+01
 6.36000000e-01 8.08400000e+00 1.20000000e+01 0.00000000e+00
 1.61136660e+04 4.09891400e+06 3.84000000e+03 2.16000000e+03
 1.00000000e+00 1.88200000e+01 6.18000000e-01 8.62700000e+00
 2.34000000e+02]
deleted_idx_col 802
query_origi 56
query_idx 538
deleted_scaled [1.         0.         0.72983448 0.72617442 1.         1.
 1.         0.04406693 0.15348837 0.08377202 1.         0.
 0.80238597 0.79958974 1.         1.         1.         0.15400563
 0.07560976 0.09303755 0.91666667 0.         0.59234787 0.59651183
 1.         1.         0.         0.1737421  0.12376238 0.09514923
 1.         0.         0.83887743 0.83846254 1.         1.
 1.         0.040707   0.18969555 0.12046765]
deleted_not_scaled [1.2000000e+01 0.0000000e+00 1.4685460e+04 3.7301070e+06 3.8400000e+03
 2.1600000e+03 1.0000000e+00 1.5677000e+01 6.3600000e-01 8.0840000e+00
 1.2000000e+01 0.0000000e+00 1.6113666e+04 4.0989140e+06 3.8400000e+03
 2.1600000e+03 1.0000000e+00 1.8820000e+01 6.1800000e-01 8.6270000e+00
 1.1000000e+01 0.0000000e+00 1.1519933e+04 2.9347030e+06 3.8400000e+03
 2.1600000e+03 0.0000000e+00 1.9949000e+01 6.4100000e-01 8.6170000e+00
 1.2000000e+01 0.0000000e+00 1.6829667e+04 4.2936690e+06 3.8400000e+03
 2.1600000e+03 1.0000000e+00 1.4979000e+01 6.5100000e-01 1.1386000e+01
 2.3600000e+02]
deleted_idx_col 538
query_origi 396
query_idx 644
deleted_scaled [1.         0.         0.84942477 0.84475686 1.         1.
 1.         0.05490692 0.4        0.01918135 1.         0.
 0.81720118 0.81394478 1.         1.         1.         0.82508515
 0.91707317 0.87264629 0.91666667 0.         0.58312113 0.58692357
 1.         1.         0.         0.21836679 0.5        0.02188532
 1.         0.         0.80826757 0.80746456 1.         1.
 1.         0.23122787 0.49180328 0.02946622]
deleted_not_scaled [1.2000000e+01 0.0000000e+00 1.7038160e+04 4.3255630e+06 3.8400000e+03
 2.1600000e+03 1.0000000e+00 1.6183000e+01 7.4200000e-01 1.8510000e+00
 1.2000000e+01 0.0000000e+00 1.6405058e+04 4.1709860e+06 3.8400000e+03
 2.1600000e+03 1.0000000e+00 4.1479000e+01 9.6300000e-01 8.0917000e+01
 1.1000000e+01 0.0000000e+00 1.1345496e+04 2.8888470e+06 3.8400000e+03
 2.1600000e+03 0.0000000e+00 2.1572000e+01 7.9300000e-01 1.9820000e+00
 1.2000000e+01 0.0000000e+00 1.6227290e+04 4.1379590e+06 3.8400000e+03
 2.1600000e+03 1.0000000e+00 2.1274000e+01 7.8000000e-01 2.7850000e+00
 1.5300000e+02]
deleted_idx_col 644
query_origi 653
query_idx 188
deleted_scaled [1.         0.07694354 0.82910474 0.82661688 1.         1.
 1.         0.56871398 0.85116279 0.89611399 1.         0.23242167
 0.82782809 0.82659765 1.         1.         1.         0.15080705
 0.28292683 0.10299161 1.         0.07990841 0.9410102  0.9495236
 1.         1.         1.         0.08982678 0.29207921 0.05558561
 1.         0.         0.74965558 0.75078689 1.         1.
 1.         0.04288611 0.33723653 0.004412  ]
deleted_not_scaled [1.20000000e+01 3.61518484e-01 1.66384040e+04 4.23447400e+06
 3.84000000e+03 2.16000000e+03 1.00000000e+00 4.01670000e+01
 9.36000000e-01 8.64750000e+01 1.20000000e+01 7.62702965e-01
 1.66140730e+04 4.23451200e+06 3.84000000e+03 2.16000000e+03
 1.00000000e+00 1.87120000e+01 7.03000000e-01 9.55000000e+00
 1.20000000e+01 3.92842439e-01 1.81116000e+04 4.62298600e+06
 3.84000000e+03 2.16000000e+03 1.00000000e+00 1.68970000e+01
 7.09000000e-01 5.03400000e+00 1.20000000e+01 0.00000000e+00
 1.50738540e+04 3.85325400e+06 3.84000000e+03 2.16000000e+03
 1.00000000e+00 1.50510000e+01 7.14000000e-01 4.17000000e-01
 2.60000000e+02]
deleted_idx_col 188
query_origi 677
query_idx 372
deleted_scaled [0.5        0.         0.11588114 0.11534751 0.27272727 0.27272727
 0.         0.11013518 0.59069767 0.16492228 0.58333333 0.
 0.12974964 0.12944353 0.27272727 0.27272727 0.         0.17932771
 0.54390244 0.02139637 0.58333333 0.         0.14730114 0.14849267
 0.27272727 0.27272727 0.         0.72073137 0.91336634 0.71158199
 0.58333333 0.         0.13726786 0.13736378 0.27272727 0.27272727
 0.         0.34593384 0.80327869 0.07140666]
deleted_not_scaled [6.000000e+00 0.000000e+00 2.607154e+03 6.628690e+05 1.280000e+03
 7.200000e+02 0.000000e+00 1.876100e+01 8.240000e-01 1.591500e+01
 7.000000e+00 0.000000e+00 2.883954e+03 7.343270e+05 1.280000e+03
 7.200000e+02 0.000000e+00 1.967500e+01 8.100000e-01 1.984000e+00
 7.000000e+00 0.000000e+00 3.106062e+03 7.920460e+05 1.280000e+03
 7.200000e+02 0.000000e+00 3.984300e+01 9.600000e-01 6.444300e+01
 7.000000e+00 0.000000e+00 3.022566e+03 7.718880e+05 1.280000e+03
 7.200000e+02 0.000000e+00 2.506400e+01 9.130000e-01 6.749000e+00
 1.840000e+02]
deleted_idx_col 372
query_origi 503
query_idx 90
deleted_scaled [0.91666667 0.21971778 0.57025209 0.56765832 1.         1.
 0.         1.         1.         1.         0.91666667 0.07854106
 0.57076489 0.5690644  1.         1.         0.         1.
 0.56829268 0.39120635 0.83333333 0.         0.44177928 0.44510939
 0.63636364 0.63636364 0.         0.14118779 0.37623762 0.05761735
 0.83333333 0.         0.35907899 0.35909438 0.63636364 0.63636364
 0.         0.03973851 0.44496487 0.16303232]
deleted_not_scaled [1.10000000e+01 1.03234195e+00 1.15459950e+04 2.93412600e+06
 3.84000000e+03 2.16000000e+03 0.00000000e+00 6.02990000e+01
 1.00000000e+00 9.65000000e+01 1.10000000e+01 2.57736305e-01
 1.15580390e+04 2.94152100e+06 3.84000000e+03 2.16000000e+03
 0.00000000e+00 4.73850000e+01 8.20000000e-01 3.62750000e+01
 1.00000000e+01 0.00000000e+00 8.67334500e+03 2.21061900e+06
 2.56000000e+03 1.44000000e+03 0.00000000e+00 1.87650000e+01
 7.43000000e-01 5.21800000e+00 1.00000000e+01 0.00000000e+00
 7.38762700e+03 1.88569200e+06 2.56000000e+03 1.44000000e+03
 0.00000000e+00 1.49470000e+01 7.60000000e-01 1.54090000e+01
 3.00000000e+00]
deleted_idx_col 90
query_origi 532
query_idx 956
deleted_scaled [0.91666667 0.         0.55408038 0.55491161 1.         1.
 0.         0.56423659 0.89767442 0.92324352 1.         0.
 0.79254346 0.78581789 1.         1.         1.         0.11091367
 0.55853659 0.06331557 0.91666667 0.         0.63165619 0.63289188
 1.         1.         0.         0.12719274 0.17821782 0.07808929
 0.91666667 0.         0.5727449  0.56958201 1.         1.
 0.         0.2093157  0.55503513 0.05887954]
deleted_not_scaled [1.1000000e+01 0.0000000e+00 1.1227849e+04 2.8701190e+06 3.8400000e+03
 2.1600000e+03 0.0000000e+00 3.9958000e+01 9.5600000e-01 8.9093000e+01
 1.2000000e+01 0.0000000e+00 1.5920079e+04 4.0297700e+06 3.8400000e+03
 2.1600000e+03 1.0000000e+00 1.7365000e+01 8.1600000e-01 5.8710000e+00
 1.1000000e+01 0.0000000e+00 1.2263080e+04 3.1086910e+06 3.8400000e+03
 2.1600000e+03 0.0000000e+00 1.8256000e+01 6.6300000e-01 7.0720000e+00
 1.1000000e+01 0.0000000e+00 1.1592397e+04 2.9430200e+06 3.8400000e+03
 2.1600000e+03 0.0000000e+00 2.0550000e+01 8.0700000e-01 5.5650000e+00
 2.4800000e+02]
deleted_idx_col 956
query_origi 309
query_idx 836
deleted_scaled [0.58333333 0.         0.14067095 0.13957835 0.27272727 0.27272727
 0.         0.19996144 0.44651163 0.22795855 0.66666667 0.
 0.20534875 0.20419999 0.45454545 0.45454545 0.         0.52225677
 0.69756098 0.59927097 0.75       0.         0.29353948 0.29498494
 0.45454545 0.45454545 0.         0.28309046 0.43564356 0.00514559
 0.75       0.         0.27813141 0.27757195 0.45454545 0.45454545
 0.         0.26312763 0.41920375 0.0192562 ]
deleted_not_scaled [7.000000e+00 0.000000e+00 3.094844e+03 7.845430e+05 1.280000e+03
 7.200000e+02 0.000000e+00 2.295400e+01 7.620000e-01 2.199800e+01
 8.000000e+00 0.000000e+00 4.370871e+03 1.109655e+06 1.920000e+03
 1.080000e+03 0.000000e+00 3.125400e+01 8.730000e-01 5.556800e+01
 9.000000e+00 0.000000e+00 5.870784e+03 1.492647e+06 1.920000e+03
 1.080000e+03 0.000000e+00 2.392600e+01 7.670000e-01 4.660000e-01
 9.000000e+00 0.000000e+00 5.794645e+03 1.476186e+06 1.920000e+03
 1.080000e+03 0.000000e+00 2.232800e+01 7.490000e-01 1.820000e+00
 1.220000e+02]
deleted_idx_col 836
query_origi 15
query_idx 528
deleted_scaled [0.33333333 0.         0.04267833 0.04240128 0.09090909 0.09090909
 0.         0.48062298 0.97906977 0.50648705 0.66666667 0.
 0.20648412 0.20587606 0.45454545 0.45454545 0.         0.94266252
 0.5804878  0.57192158 0.75       0.         0.28908085 0.29125991
 0.45454545 0.45454545 0.         0.14146274 0.38366337 0.36045626
 0.83333333 0.         0.35907899 0.35909438 0.63636364 0.63636364
 0.         0.03973851 0.44496487 0.16303232]
deleted_not_scaled [4.000000e+00 0.000000e+00 1.167035e+03 2.965730e+05 6.400000e+02
 3.600000e+02 0.000000e+00 3.605500e+01 9.910000e-01 4.887600e+01
 8.000000e+00 0.000000e+00 4.393202e+03 1.118070e+06 1.920000e+03
 1.080000e+03 0.000000e+00 4.544900e+01 8.250000e-01 5.303200e+01
 9.000000e+00 0.000000e+00 5.786491e+03 1.474832e+06 1.920000e+03
 1.080000e+03 0.000000e+00 1.877500e+01 7.460000e-01 3.264400e+01
 1.000000e+01 0.000000e+00 7.387627e+03 1.885692e+06 2.560000e+03
 1.440000e+03 0.000000e+00 1.494700e+01 7.600000e-01 1.540900e+01
 3.000000e+00]
deleted_idx_col 528
query_origi 365
query_idx 32
deleted_scaled [0.66666667 0.         0.21664049 0.21582801 0.45454545 0.45454545
 0.         0.27963324 0.68139535 0.05059067 0.66666667 0.16616403
 0.20417484 0.20389844 0.45454545 0.45454545 0.         0.27741744
 0.64390244 0.01161487 0.66666667 0.15252243 0.22346835 0.22550931
 0.45454545 0.45454545 0.         0.33060214 0.63861386 0.07866347
 0.58333333 0.         0.13978342 0.14003338 0.27272727 0.27272727
 0.         0.278563   0.68384075 0.36631223]
deleted_not_scaled [8.00000000e+00 0.00000000e+00 4.58939300e+03 1.16742700e+06
 1.92000000e+03 1.08000000e+03 0.00000000e+00 2.66730000e+01
 8.63000000e-01 4.88200000e+00 8.00000000e+00 5.45275321e-01
 4.34778200e+03 1.10814100e+06 1.92000000e+03 1.08000000e+03
 0.00000000e+00 2.29870000e+01 8.51000000e-01 1.07700000e+00
 8.00000000e+00 7.49824501e-01 4.54604800e+03 1.16037900e+06
 1.92000000e+03 1.08000000e+03 0.00000000e+00 2.56540000e+01
 8.49000000e-01 7.12400000e+00 7.00000000e+00 0.00000000e+00
 3.07207000e+03 7.85298000e+05 1.28000000e+03 7.20000000e+02
 0.00000000e+00 2.28380000e+01 8.62000000e-01 3.46220000e+01
 1.62000000e+02]
deleted_idx_col 32
query_origi 692
query_idx 982
deleted_scaled [5.83333333e-01 0.00000000e+00 1.45589568e-01 1.44225017e-01
 2.72727273e-01 2.72727273e-01 0.00000000e+00 2.14229097e-04
 4.16279070e-01 5.41347150e-01 5.00000000e-01 0.00000000e+00
 1.20378238e-01 1.19490682e-01 2.72727273e-01 2.72727273e-01
 0.00000000e+00 1.91026211e-02 4.02439024e-01 1.93872269e-01
 5.00000000e-01 0.00000000e+00 9.44611091e-02 9.47876346e-02
 2.72727273e-01 2.72727273e-01 0.00000000e+00 5.86747319e-02
 1.58415842e-01 7.94474565e-02 5.00000000e-01 0.00000000e+00
 1.07942760e-01 1.07538156e-01 2.72727273e-01 2.72727273e-01
 0.00000000e+00 1.61526588e-01 1.70960187e-01 7.44961117e-02]
deleted_not_scaled [7.000000e+00 0.000000e+00 3.191608e+03 8.078760e+05 1.280000e+03
 7.200000e+02 0.000000e+00 1.363000e+01 7.490000e-01 5.224000e+01
 6.000000e+00 0.000000e+00 2.699633e+03 6.843570e+05 1.280000e+03
 7.200000e+02 0.000000e+00 1.426500e+01 7.520000e-01 1.797700e+01
 6.000000e+00 0.000000e+00 2.107090e+03 5.352010e+05 1.280000e+03
 7.200000e+02 0.000000e+00 1.576400e+01 6.550000e-01 7.195000e+00
 6.000000e+00 0.000000e+00 2.445472e+03 6.220670e+05 1.280000e+03
 7.200000e+02 0.000000e+00 1.897100e+01 6.430000e-01 7.041000e+00
 2.340000e+02]
deleted_idx_col 982
query_origi 769
query_idx 949
deleted_scaled [0.83333333 0.         0.394915   0.39188187 0.63636364 0.63636364
 0.         0.06180509 0.52790698 0.11022798 0.83333333 0.
 0.34736179 0.34526108 0.63636364 0.63636364 0.         0.19603139
 0.3        0.02606604 0.83333333 0.         0.43264283 0.434571
 0.63636364 0.63636364 0.         0.02295848 0.50742574 0.07931495
 0.83333333 0.         0.37930818 0.37816059 0.63636364 0.63636364
 0.         0.06555492 0.37002342 0.11848913]
deleted_not_scaled [1.000000e+01 0.000000e+00 8.096588e+03 2.051473e+06 2.560000e+03
 1.440000e+03 0.000000e+00 1.650500e+01 7.970000e-01 1.063700e+01
 1.000000e+01 0.000000e+00 7.164047e+03 1.817877e+06 2.560000e+03
 1.440000e+03 0.000000e+00 2.023900e+01 7.100000e-01 2.417000e+00
 1.000000e+01 0.000000e+00 8.500615e+03 2.160219e+06 2.560000e+03
 1.440000e+03 0.000000e+00 1.446500e+01 7.960000e-01 7.183000e+00
 1.000000e+01 0.000000e+00 7.785721e+03 1.981466e+06 2.560000e+03
 1.440000e+03 0.000000e+00 1.580000e+01 7.280000e-01 1.119900e+01
 2.420000e+02]
deleted_idx_col 949
query_origi 875
query_idx 892
deleted_scaled [0.5        0.30478528 0.11797091 0.11815427 0.27272727 0.27272727
 0.         0.2326528  0.41627907 0.23030052 0.5        0.4351572
 0.09872188 0.09781432 0.27272727 0.27272727 0.         0.09272916
 0.13902439 0.12614585 0.41666667 0.         0.09060193 0.09070003
 0.18181818 0.17171717 0.         0.03857575 0.         0.27184391
 0.33333333 0.         0.03658674 0.03632483 0.09090909 0.09090909
 0.         0.09215823 0.37470726 0.23914723]
deleted_not_scaled [6.00000000e+00 1.43203080e+00 2.64826600e+03 6.76963000e+05
 1.28000000e+03 7.20000000e+02 0.00000000e+00 2.44800000e+01
 7.49000000e-01 2.22240000e+01 6.00000000e+00 1.42798942e+00
 2.27368600e+03 5.75527000e+05 1.28000000e+03 7.20000000e+02
 0.00000000e+00 1.67510000e+01 6.44000000e-01 1.16970000e+01
 5.00000000e+00 0.00000000e+00 2.03413000e+03 5.15652000e+05
 9.60000000e+02 5.20000000e+02 0.00000000e+00 1.50330000e+01
 5.91000000e-01 2.46190000e+01 4.00000000e+00 0.00000000e+00
 1.04124400e+03 2.64346000e+05 6.40000000e+02 3.60000000e+02
 0.00000000e+00 1.66790000e+01 7.30000000e-01 2.26030000e+01
 2.20000000e+01]
deleted_idx_col 892
query_origi 253
query_idx 446
deleted_scaled [1.         0.05228403 0.77909036 0.7748002  1.         1.
 1.         0.06409735 0.31627907 0.03689119 1.         0.01893309
 0.86302813 0.85958943 1.         1.         1.         0.12672886
 0.44390244 0.02388758 1.         0.02964444 0.82830856 0.83371688
 1.         1.         1.         0.41091559 0.80940594 0.38261763
 1.         0.         0.82742965 0.82660742 1.         1.
 1.         0.15910535 0.54332553 0.06210654]
deleted_not_scaled [1.20000000e+01 2.45656023e-01 1.56544710e+04 3.97427900e+06
 3.84000000e+03 2.16000000e+03 1.00000000e+00 1.66120000e+01
 7.06000000e-01 3.56000000e+00 1.20000000e+01 6.21298657e-02
 1.73064030e+04 4.40015300e+06 3.84000000e+03 2.16000000e+03
 1.00000000e+00 1.78990000e+01 7.69000000e-01 2.21500000e+00
 1.20000000e+01 1.45736772e-01 1.59809090e+04 4.06913900e+06
 3.84000000e+03 2.16000000e+03 1.00000000e+00 2.85750000e+01
 9.18000000e-01 3.46510000e+01 1.20000000e+01 0.00000000e+00
 1.66043840e+04 4.23411800e+06 3.84000000e+03 2.16000000e+03
 1.00000000e+00 1.88910000e+01 8.02000000e-01 5.87000000e+00
 2.50000000e+01]
deleted_idx_col 446
query_origi 849
query_idx 790
deleted_scaled [0.91666667 0.         0.61721756 0.61379677 1.         1.
 0.         0.13747081 0.61162791 0.0575544  0.91666667 0.
 0.57608982 0.57379265 1.         1.         0.         0.15006664
 0.56829268 0.05441839 0.91666667 0.         0.53215843 0.53562709
 1.         1.         0.         0.16708826 0.53217822 0.02454645
 0.91666667 0.         0.58054446 0.57996994 1.         1.
 0.         0.84731092 0.92271663 0.76615352]
deleted_not_scaled [1.1000000e+01 0.0000000e+00 1.2469947e+04 3.1658080e+06 3.8400000e+03
 2.1600000e+03 0.0000000e+00 2.0037000e+01 8.3300000e-01 5.5540000e+00
 1.1000000e+01 0.0000000e+00 1.1662772e+04 2.9652600e+06 3.8400000e+03
 2.1600000e+03 0.0000000e+00 1.8687000e+01 8.2000000e-01 5.0460000e+00
 1.1000000e+01 0.0000000e+00 1.0382016e+04 2.6435210e+06 3.8400000e+03
 2.1600000e+03 0.0000000e+00 1.9707000e+01 8.0600000e-01 2.2230000e+00
 1.1000000e+01 0.0000000e+00 1.1745886e+04 2.9952010e+06 3.8400000e+03
 2.1600000e+03 0.0000000e+00 4.1630000e+01 9.6400000e-01 7.2413000e+01
 1.8300000e+02]
deleted_idx_col 790
query_origi 831
query_idx 556
deleted_scaled [1.         0.         0.82819456 0.82653683 1.         1.
 1.         0.13333619 0.20232558 0.07762694 1.         0.
 0.8269354  0.82653272 1.         1.         1.         0.10099215
 0.05121951 0.03681815 1.         0.         0.86531179 0.87401433
 1.         1.         1.         0.10907341 0.18316832 0.03816128
 1.         0.         0.89485405 0.88682483 1.         1.
 1.         0.27928937 0.49882904 0.0077977 ]
deleted_not_scaled [1.2000000e+01 0.0000000e+00 1.6620498e+04 4.2340720e+06 3.8400000e+03
 2.1600000e+03 1.0000000e+00 1.9844000e+01 6.5700000e-01 7.4910000e+00
 1.2000000e+01 0.0000000e+00 1.6596515e+04 4.2341860e+06 3.8400000e+03
 2.1600000e+03 1.0000000e+00 1.7030000e+01 6.0800000e-01 3.4140000e+00
 1.2000000e+01 0.0000000e+00 1.6680477e+04 4.2618620e+06 3.8400000e+03
 2.1600000e+03 1.0000000e+00 1.7597000e+01 6.6500000e-01 3.4560000e+00
 1.2000000e+01 0.0000000e+00 1.7931241e+04 4.5366040e+06 3.8400000e+03
 2.1600000e+03 1.0000000e+00 2.2862000e+01 7.8300000e-01 7.3700000e-01
 1.1000000e+02]
deleted_idx_col 556
query_origi 915
query_idx 414
deleted_scaled [0.5        0.         0.10754479 0.10722616 0.27272727 0.27272727
 0.         0.03376251 0.20232558 0.45210363 0.5        0.
 0.10714145 0.10707423 0.27272727 0.27272727 0.         0.06435658
 0.16341463 0.43884132 0.5        0.11847631 0.11174266 0.11290301
 0.27272727 0.27272727 0.         0.66750069 0.8539604  0.92510186
 0.41666667 0.         0.07765522 0.07790743 0.18181818 0.17171717
 0.         0.10483944 0.16159251 0.08597577]
deleted_not_scaled [6.00000000e+00 0.00000000e+00 2.44315300e+03 6.22088000e+05
 1.28000000e+03 7.20000000e+02 0.00000000e+00 1.51960000e+01
 6.57000000e-01 4.36280000e+01 6.00000000e+00 0.00000000e+00
 2.43928600e+03 6.22018000e+05 1.28000000e+03 7.20000000e+02
 0.00000000e+00 1.57930000e+01 6.54000000e-01 4.06920000e+01
 6.00000000e+00 5.82448354e-01 2.43380800e+03 6.21838000e+05
 1.28000000e+03 7.20000000e+02 0.00000000e+00 3.79070000e+01
 9.36000000e-01 8.37800000e+01 5.00000000e+00 0.00000000e+00
 1.84943800e+03 4.73225000e+05 9.60000000e+02 5.20000000e+02
 0.00000000e+00 1.70980000e+01 6.39000000e-01 8.12600000e+00
 1.40000000e+02]
deleted_idx_col 414
query_origi 744
query_idx 820
deleted_scaled [0.25       0.         0.02482798 0.02446683 0.05454545 0.05454545
 0.         0.0696673  0.20930233 0.41202073 0.5        0.
 0.11879357 0.11791699 0.27272727 0.27272727 0.         0.04140382
 0.         0.27071156 0.25       0.         0.02461161 0.02463266
 0.05454545 0.05454545 0.         0.08446522 0.35643564 0.23097733
 0.5        0.         0.11834274 0.11783631 0.27272727 0.27272727
 0.         0.1294755  0.47775176 0.22252553]
deleted_not_scaled [3.000000e+00 0.000000e+00 8.158650e+02 2.065160e+05 5.120000e+02
 2.880000e+02 0.000000e+00 1.687200e+01 6.600000e-01 3.976000e+01
 6.000000e+00 0.000000e+00 2.668465e+03 6.764560e+05 1.280000e+03
 7.200000e+02 0.000000e+00 1.501800e+01 5.870000e-01 2.510200e+01
 3.000000e+00 0.000000e+00 7.865440e+02 1.996840e+05 5.120000e+02
 2.880000e+02 0.000000e+00 1.670200e+01 7.350000e-01 2.091800e+01
 6.000000e+00 0.000000e+00 2.650135e+03 6.737970e+05 1.280000e+03
 7.200000e+02 0.000000e+00 1.791200e+01 7.740000e-01 2.103200e+01
 2.300000e+01]
deleted_idx_col 820
query_origi 96
query_idx 47
deleted_scaled [0.33333333 0.04024789 0.0427466  0.04241104 0.09090909 0.09090909
 0.         0.07894342 0.39302326 0.5138342  0.25       0.44519602
 0.02749134 0.02737659 0.05454545 0.05454545 0.         0.05896639
 0.23902439 0.54483101 0.25       0.         0.02908478 0.02925847
 0.05454545 0.05454545 0.         0.04396481 0.18069307 0.44917902
 0.16666667 0.         0.01845641 0.0184459  0.05454545 0.05454545
 0.         0.06431403 0.21545667 0.39063641]
deleted_not_scaled [4.00000000e+00 1.89104331e-01 1.16837800e+03 2.96622000e+05
 6.40000000e+02 3.60000000e+02 0.00000000e+00 1.73050000e+01
 7.39000000e-01 4.95850000e+01 3.00000000e+00 1.46093229e+00
 8.72692000e+02 2.21882000e+05 5.12000000e+02 2.88000000e+02
 0.00000000e+00 1.56110000e+01 6.85000000e-01 5.05200000e+01
 3.00000000e+00 0.00000000e+00 8.71112000e+02 2.21807000e+05
 5.12000000e+02 2.88000000e+02 0.00000000e+00 1.52290000e+01
 6.64000000e-01 4.06790000e+01 2.00000000e+00 0.00000000e+00
 6.84454000e+02 1.74536000e+05 5.12000000e+02 2.88000000e+02
 0.00000000e+00 1.57590000e+01 6.62000000e-01 3.69210000e+01
 1.38000000e+02]
deleted_idx_col 47
query_origi 585
query_idx 325
deleted_scaled [0.         0.         0.00194302 0.00183572 0.         0.
 0.         0.28584588 0.59534884 0.         0.58333333 0.
 0.13993799 0.13945274 0.27272727 0.27272727 0.         0.16792537
 0.36829268 0.32867804 0.5        0.         0.11215402 0.11293563
 0.27272727 0.27272727 0.         0.2325543  0.53217822 0.14024491
 0.5        0.         0.10763162 0.1075923  0.27272727 0.27272727
 0.         0.17684089 0.55269321 0.01946781]
deleted_not_scaled [0.000000e+00 0.000000e+00 3.656490e+02 9.287500e+04 3.200000e+02
 1.800000e+02 0.000000e+00 2.696300e+01 8.260000e-01 0.000000e+00
 7.000000e+00 0.000000e+00 3.084343e+03 7.845800e+05 1.280000e+03
 7.200000e+02 0.000000e+00 1.929000e+01 7.380000e-01 3.047700e+01
 6.000000e+00 0.000000e+00 2.441585e+03 6.219940e+05 1.280000e+03
 7.200000e+02 0.000000e+00 2.208800e+01 8.060000e-01 1.270100e+01
 6.000000e+00 0.000000e+00 2.439349e+03 6.223390e+05 1.280000e+03
 7.200000e+02 0.000000e+00 1.947700e+01 8.060000e-01 1.840000e+00
 7.800000e+01]
deleted_idx_col 325
query_origi 447
query_idx 400
deleted_scaled [0.91666667 0.         0.57502762 0.57241292 1.         1.
 0.         0.03530496 0.50697674 0.04557513 0.91666667 0.
 0.60309912 0.6013017  1.         1.         0.         0.07792092
 0.39756098 0.05187326 0.91666667 0.         0.53765601 0.54170883
 1.         1.         0.         0.26307396 0.32673267 0.1546106
 1.         0.         0.91107602 0.91107815 1.         1.
 1.         0.31815018 0.73302108 0.38911284]
deleted_not_scaled [1.1000000e+01 0.0000000e+00 1.1639944e+04 2.9580010e+06 3.8400000e+03
 2.1600000e+03 0.0000000e+00 1.5268000e+01 7.8800000e-01 4.3980000e+00
 1.1000000e+01 0.0000000e+00 1.2194003e+04 3.1033740e+06 3.8400000e+03
 2.1600000e+03 0.0000000e+00 1.6251000e+01 7.5000000e-01 4.8100000e+00
 1.1000000e+01 0.0000000e+00 1.0485951e+04 2.6726070e+06 3.8400000e+03
 2.1600000e+03 0.0000000e+00 2.3198000e+01 7.2300000e-01 1.4002000e+01
 1.2000000e+01 0.0000000e+00 1.8250476e+04 4.6584340e+06 3.8400000e+03
 2.1600000e+03 1.0000000e+00 2.4146000e+01 8.8300000e-01 3.6777000e+01
 2.2900000e+02]
deleted_idx_col 400
query_origi 91
query_idx 197
deleted_scaled [0.58333333 0.25144935 0.14060502 0.1395899  0.27272727 0.27272727
 0.         0.63015489 0.94186047 0.8013057  0.58333333 0.05792249
 0.14013389 0.13941728 0.27272727 0.27272727 0.         0.25849252
 0.73414634 0.00656774 0.5        0.12136087 0.11237666 0.11296804
 0.27272727 0.27272727 0.         0.20533407 0.67326733 0.17260912
 0.5        0.         0.10787929 0.1076574  0.27272727 0.27272727
 0.         0.26775824 0.68384075 0.21813469]
deleted_not_scaled [7.00000000e+00 1.18143242e+00 3.09354700e+03 7.84601000e+05
 1.28000000e+03 7.20000000e+02 0.00000000e+00 4.30350000e+01
 9.75000000e-01 7.73260000e+01 7.00000000e+00 1.90075460e-01
 3.08819600e+03 7.84402000e+05 1.28000000e+03 7.20000000e+02
 0.00000000e+00 2.23480000e+01 8.88000000e-01 6.09000000e-01
 6.00000000e+00 5.96629286e-01 2.44579400e+03 6.22149000e+05
 1.28000000e+03 7.20000000e+02 0.00000000e+00 2.10980000e+01
 8.63000000e-01 1.56320000e+01 6.00000000e+00 0.00000000e+00
 2.44422300e+03 6.22666000e+05 1.28000000e+03 7.20000000e+02
 0.00000000e+00 2.24810000e+01 8.62000000e-01 2.06170000e+01
 1.90000000e+02]
deleted_idx_col 197
query_origi 160
query_idx 35
deleted_scaled [0.5        0.         0.10749721 0.1072395  0.27272727 0.27272727
 0.         0.13894899 0.21162791 0.07843523 0.5        0.8228571
 0.10854324 0.10853598 0.27272727 0.27272727 0.         0.04113727
 0.2        0.11051916 0.5        0.         0.11019492 0.11133981
 0.27272727 0.27272727 0.         0.1308496  0.40841584 0.01450924
 0.41666667 0.         0.08592848 0.08504905 0.18181818 0.17171717
 0.         0.7475258  0.84777518 0.7975771 ]
deleted_not_scaled [6.0000000e+00 0.0000000e+00 2.4422170e+03 6.2215500e+05 1.2800000e+03
 7.2000000e+02 0.0000000e+00 2.0106000e+01 6.6100000e-01 7.5690000e+00
 6.0000000e+00 2.7002454e+00 2.4668570e+03 6.2935700e+05 1.2800000e+03
 7.2000000e+02 0.0000000e+00 1.5009000e+01 6.6900000e-01 1.0248000e+01
 6.0000000e+00 0.0000000e+00 2.4045470e+03 6.1436200e+05 1.2800000e+03
 7.2000000e+02 0.0000000e+00 1.8389000e+01 7.5600000e-01 1.3140000e+00
 5.0000000e+00 0.0000000e+00 2.0122490e+03 5.0909900e+05 9.6000000e+02
 5.2000000e+02 0.0000000e+00 3.8333000e+01 9.3200000e-01 7.5383000e+01
 2.3800000e+02]
deleted_idx_col 35
query_origi 341
query_idx 237
deleted_scaled [1.         0.15847189 0.83512497 0.82928245 1.         1.
 1.         0.02911373 0.         0.03474611 1.         0.25996863
 0.77903919 0.77476539 1.         1.         1.         0.08861247
 0.2902439  0.03839268 1.         0.09232453 0.89841978 0.9029303
 1.         1.         1.         0.11737696 0.44059406 0.02445811
 1.         0.         0.79574769 0.79376421 1.         1.
 1.         0.45219576 0.81498829 0.36661906]
deleted_not_scaled [1.20000000e+01 7.44578712e-01 1.67568400e+04 4.24785900e+06
 3.84000000e+03 2.16000000e+03 1.00000000e+00 1.49790000e+01
 5.70000000e-01 3.35300000e+00 1.20000000e+01 8.53099655e-01
 1.56544710e+04 3.97427900e+06 3.84000000e+03 2.16000000e+03
 1.00000000e+00 1.66120000e+01 7.06000000e-01 3.56000000e+00
 1.20000000e+01 4.53882070e-01 1.73064030e+04 4.40015300e+06
 3.84000000e+03 2.16000000e+03 1.00000000e+00 1.78990000e+01
 7.69000000e-01 2.21500000e+00 1.20000000e+01 0.00000000e+00
 1.59809090e+04 4.06913900e+06 3.84000000e+03 2.16000000e+03
 1.00000000e+00 2.85750000e+01 9.18000000e-01 3.46510000e+01
 2.40000000e+01]
deleted_idx_col 237
query_origi 672
query_idx 120
deleted_scaled [1.         0.5972508  0.74957697 0.7506986  1.         1.
 1.         0.03065618 0.33488372 0.00432124 1.         0.32004784
 0.83226825 0.82520959 1.         1.         1.         0.34201096
 0.60487805 0.00143433 1.         0.10205953 0.86653995 0.86826944
 1.         1.         1.         0.45444047 0.68564356 0.28951117
 1.         0.         0.89262551 0.88773182 1.         1.
 1.         0.27266124 0.71662763 0.00135428]
deleted_not_scaled [1.20000000e+01 2.80617727e+00 1.50738540e+04 3.85325400e+06
 3.84000000e+03 2.16000000e+03 1.00000000e+00 1.50510000e+01
 7.14000000e-01 4.17000000e-01 1.20000000e+01 1.05025247e+00
 1.67014040e+04 4.22754300e+06 3.84000000e+03 2.16000000e+03
 1.00000000e+00 2.51680000e+01 8.35000000e-01 1.33000000e-01
 1.20000000e+01 5.01740855e-01 1.67036960e+04 4.23438700e+06
 3.84000000e+03 2.16000000e+03 1.00000000e+00 3.01580000e+01
 8.68000000e-01 2.62190000e+01 1.20000000e+01 0.00000000e+00
 1.78873850e+04 4.54116000e+06 3.84000000e+03 2.16000000e+03
 1.00000000e+00 2.26430000e+01 8.76000000e-01 1.28000000e-01
 2.63000000e+02]
deleted_idx_col 120
query_origi 271
query_idx 111
deleted_scaled [1.         0.07833125 0.83252841 0.83294155 1.         1.
 1.         0.24584931 0.78837209 0.07468394 1.         0.18551408
 0.78047011 0.78204529 1.         1.         1.         0.73490301
 0.80731707 0.79312167 1.         0.1099702  0.86740816 0.86826546
 1.         1.         1.         0.14162772 0.3960396  0.03271756
 1.         0.         0.86940528 0.86376975 1.         1.
 1.         0.97085439 0.96252927 0.94812464]
deleted_not_scaled [1.20000000e+01 3.68038646e-01 1.67057580e+04 4.26623300e+06
 3.84000000e+03 2.16000000e+03 1.00000000e+00 2.50960000e+01
 9.09000000e-01 7.20700000e+00 1.20000000e+01 6.08773441e-01
 1.56826150e+04 4.01082900e+06 3.84000000e+03 2.16000000e+03
 1.00000000e+00 3.84340000e+01 9.18000000e-01 7.35430000e+01
 1.20000000e+01 5.40630960e-01 1.67201100e+04 4.23436800e+06
 3.84000000e+03 2.16000000e+03 1.00000000e+00 1.87810000e+01
 7.51000000e-01 2.96300000e+00 1.20000000e+01 0.00000000e+00
 1.74304300e+04 4.42079300e+06 3.84000000e+03 2.16000000e+03
 1.00000000e+00 4.57120000e+01 9.81000000e-01 8.96120000e+01
 1.87000000e+02]
deleted_idx_col 111
