query_origi 8
query_idx 12
deleted_scaled [1.66666667e-01 0.00000000e+00 1.81388678e-02 1.81228457e-02
 5.45454545e-02 5.45454545e-02 0.00000000e+00 5.45834315e-01
 8.81395349e-01 5.06466321e-01 8.33333333e-02 4.45394773e-01
 8.67475709e-03 8.77252386e-03 1.81818182e-02 1.81818182e-02
 0.00000000e+00 3.05641937e-01 7.53658537e-01 0.00000000e+00
 8.33333333e-02 0.00000000e+00 1.12787805e-02 1.11681894e-02
 1.81818182e-02 1.81818182e-02 0.00000000e+00 2.25570525e-01
 7.10396040e-01 0.00000000e+00 0.00000000e+00 0.00000000e+00
 1.92873890e-03 1.82750903e-03 0.00000000e+00 0.00000000e+00
 0.00000000e+00 2.79561757e-01 7.21311475e-01 2.11606623e-05]
deleted_not_scaled [2.00000000e+00 0.00000000e+00 6.84270000e+02 1.74660000e+05
 5.12000000e+02 2.88000000e+02 0.00000000e+00 3.90990000e+01
 9.49000000e-01 4.88740000e+01 1.00000000e+00 1.46158451e+00
 5.02599000e+02 1.28477000e+05 3.84000000e+02 2.16000000e+02
 0.00000000e+00 2.39400000e+01 8.96000000e-01 0.00000000e+00
 1.00000000e+00 0.00000000e+00 5.34479000e+02 1.35290000e+05
 3.84000000e+02 2.16000000e+02 0.00000000e+00 2.18340000e+01
 8.78000000e-01 0.00000000e+00 0.00000000e+00 0.00000000e+00
 3.59203000e+02 9.10580000e+04 3.20000000e+02 1.80000000e+02
 0.00000000e+00 2.28710000e+01 8.78000000e-01 2.00000000e-03
 2.77000000e+02]
deleted_idx_col 12
query_origi 634
query_idx 96
deleted_scaled [1.         0.06823407 0.83214581 0.82673936 1.         1.
 1.         0.31262452 0.58372093 0.07807254 1.         0.16071157
 0.83067575 0.82653571 1.         1.         1.         0.36306827
 0.48292683 0.00786187 1.         0.13351528 0.86354877 0.86831774
 1.         1.         1.         0.15515535 0.34405941 0.07892848
 1.         0.         0.8283464  0.82669601 1.         1.
 1.         0.25550074 0.54098361 0.13796752]
deleted_not_scaled [1.20000000e+01 3.20597144e-01 1.66982310e+04 4.23508900e+06
 3.84000000e+03 2.16000000e+03 1.00000000e+00 2.82130000e+01
 8.21000000e-01 7.53400000e+00 1.20000000e+01 5.27382807e-01
 1.66700820e+04 4.23420100e+06 3.84000000e+03 2.16000000e+03
 1.00000000e+00 2.58790000e+01 7.85000000e-01 7.29000000e-01
 1.20000000e+01 6.56382343e-01 1.66471460e+04 4.23461800e+06
 3.84000000e+03 2.16000000e+03 1.00000000e+00 1.92730000e+01
 7.30000000e-01 7.14800000e+00 1.20000000e+01 0.00000000e+00
 1.66224250e+04 4.23456300e+06 3.84000000e+03 2.16000000e+03
 1.00000000e+00 2.20760000e+01 8.01000000e-01 1.30400000e+01
 7.70000000e+01]
deleted_idx_col 96
query_origi 424
query_idx 447
deleted_scaled [0.41666667 0.         0.07626492 0.07624986 0.18181818 0.17171717
 0.         0.05998415 0.26976744 0.00592746 0.41666667 0.
 0.07720106 0.07739535 0.18181818 0.17171717 0.         0.18311861
 0.26829268 0.01847378 0.5        0.         0.11298563 0.11293814
 0.27272727 0.27272727 0.         0.10478416 0.43811881 0.22693595
 0.58333333 0.         0.14092483 0.13986735 0.27272727 0.27272727
 0.         0.20120456 0.70257611 0.13476168]
deleted_not_scaled [5.000000e+00 0.000000e+00 1.827784e+03 4.665420e+05 9.600000e+02
 5.200000e+02 0.000000e+00 1.642000e+01 6.860000e-01 5.720000e-01
 5.000000e+00 0.000000e+00 1.850405e+03 4.730100e+05 9.600000e+02
 5.200000e+02 0.000000e+00 1.980300e+01 6.970000e-01 1.713000e+00
 6.000000e+00 0.000000e+00 2.457307e+03 6.220060e+05 1.280000e+03
 7.200000e+02 0.000000e+00 1.744100e+01 7.680000e-01 2.055200e+01
 7.000000e+00 0.000000e+00 3.094532e+03 7.844640e+05 1.280000e+03
 7.200000e+02 0.000000e+00 2.028200e+01 8.700000e-01 1.273700e+01
 1.490000e+02]
deleted_idx_col 447
query_origi 830
query_idx 565
deleted_scaled [0.25       0.         0.03174126 0.03160699 0.05454545 0.05454545
 0.         0.12817327 0.60930233 0.16746114 0.16666667 0.
 0.01596186 0.01598948 0.05454545 0.05454545 0.         0.18122316
 0.60487805 0.19491836 0.25       0.         0.02733086 0.02764635
 0.05454545 0.05454545 0.         0.17970855 0.63118812 0.1939313
 0.25       0.         0.02889511 0.02902912 0.05454545 0.05454545
 0.         0.30292667 0.67213115 0.24516743]
deleted_not_scaled [3.00000e+00 0.00000e+00 9.51870e+02 2.42370e+05 5.12000e+02 2.88000e+02
 0.00000e+00 1.96030e+01 8.32000e-01 1.61600e+01 2.00000e+00 0.00000e+00
 6.45925e+02 1.64711e+05 5.12000e+02 2.88000e+02 0.00000e+00 1.97390e+01
 8.35000e-01 1.80740e+01 3.00000e+00 0.00000e+00 8.37953e+02 2.14097e+05
 5.12000e+02 2.88000e+02 0.00000e+00 2.01660e+01 8.46000e-01 1.75630e+01
 3.00000e+00 0.00000e+00 8.89879e+02 2.27698e+05 5.12000e+02 2.88000e+02
 0.00000e+00 2.36430e+01 8.57000e-01 2.31720e+01 2.68000e+02]
deleted_idx_col 565
query_origi 194
query_idx 519
deleted_scaled [0.5        0.         0.0916337  0.09183101 0.27272727 0.27272727
 0.         0.18554382 0.67674419 0.27235233 0.5        0.
 0.10792759 0.10700392 0.27272727 0.27272727 0.         0.16700726
 0.58292683 0.20474301 0.5        0.         0.11314966 0.11335946
 0.27272727 0.27272727 0.         0.11811933 0.53712871 0.25097446
 0.5        0.         0.10757425 0.10698891 0.27272727 0.27272727
 0.         0.45143912 0.78220141 0.49192192]
deleted_not_scaled [6.000000e+00 0.000000e+00 2.130134e+03 5.447820e+05 1.280000e+03
 7.200000e+02 0.000000e+00 2.228100e+01 8.610000e-01 2.628200e+01
 6.000000e+00 0.000000e+00 2.454748e+03 6.216650e+05 1.280000e+03
 7.200000e+02 0.000000e+00 1.925900e+01 8.260000e-01 1.898500e+01
 6.000000e+00 0.000000e+00 2.460408e+03 6.240210e+05 1.280000e+03
 7.200000e+02 0.000000e+00 1.792600e+01 8.080000e-01 2.272900e+01
 6.000000e+00 0.000000e+00 2.438220e+03 6.193080e+05 1.280000e+03
 7.200000e+02 0.000000e+00 2.855000e+01 9.040000e-01 4.649400e+01
 6.000000e+01]
deleted_idx_col 519
query_origi 90
query_idx 753
deleted_scaled [0.16666667 0.         0.01814822 0.01809815 0.05454545 0.05454545
 0.         0.0458236  0.21395349 0.38260104 0.16666667 0.
 0.01781152 0.01790516 0.05454545 0.05454545 0.         0.58735377
 0.78292683 0.51133447 0.25       0.1072546  0.02864079 0.02903704
 0.05454545 0.05454545 0.         0.09747044 0.13861386 0.3198326
 0.16666667 0.         0.02132192 0.0210504  0.05454545 0.05454545
 0.         0.08849611 0.26932084 0.28936148]
deleted_not_scaled [2.00000000e+00 0.00000000e+00 6.84454000e+02 1.74536000e+05
 5.12000000e+02 2.88000000e+02 0.00000000e+00 1.57590000e+01
 6.62000000e-01 3.69210000e+01 2.00000000e+00 0.00000000e+00
 6.82305000e+02 1.74329000e+05 5.12000000e+02 2.88000000e+02
 0.00000000e+00 3.34520000e+01 9.08000000e-01 4.74140000e+01
 3.00000000e+00 5.27280643e-01 8.62718000e+02 2.20748000e+05
 5.12000000e+02 2.88000000e+02 0.00000000e+00 1.71750000e+01
 6.47000000e-01 2.89650000e+01 2.00000000e+00 0.00000000e+00
 7.40845000e+02 1.87619000e+05 5.12000000e+02 2.88000000e+02
 0.00000000e+00 1.65580000e+01 6.85000000e-01 2.73490000e+01
 1.41000000e+02]
deleted_idx_col 753
query_origi 507
query_idx 520
deleted_scaled [0.16666667 0.         0.01820551 0.01812125 0.05454545 0.05454545
 0.         0.14927483 0.26976744 0.27471503 0.25       0.
 0.02923576 0.02927215 0.05454545 0.05454545 0.         0.04309196
 0.23170732 0.40155943 0.25       0.         0.02695838 0.02727019
 0.05454545 0.05454545 0.         0.13112455 0.43069307 0.19242958
 0.25       0.         0.03242193 0.03201545 0.05454545 0.05454545
 0.         0.68790291 0.82669789 0.58768449]
deleted_not_scaled [2.00000e+00 0.00000e+00 6.85581e+02 1.74652e+05 5.12000e+02 2.88000e+02
 0.00000e+00 2.05880e+01 6.86000e-01 2.65100e+01 3.00000e+00 0.00000e+00
 9.07002e+02 2.31399e+05 5.12000e+02 2.88000e+02 0.00000e+00 1.50750e+01
 6.82000e-01 3.72350e+01 3.00000e+00 0.00000e+00 8.30911e+02 2.12298e+05
 5.12000e+02 2.88000e+02 0.00000e+00 1.83990e+01 7.65000e-01 1.74270e+01
 3.00000e+00 0.00000e+00 9.59284e+02 2.42699e+05 5.12000e+02 2.88000e+02
 0.00000e+00 3.63630e+01 9.23000e-01 5.55450e+01 2.38000e+02]
deleted_idx_col 520
query_origi 939
query_idx 965
deleted_scaled [0.58333333 0.         0.1406007  0.13966259 0.27272727 0.27272727
 0.         0.19259196 0.4627907  0.22415544 0.58333333 0.
 0.13998004 0.139341   0.27272727 0.27272727 0.         0.6931734
 0.86585366 0.76803701 0.58333333 0.         0.14599449 0.14685337
 0.27272727 0.27272727 0.         0.17629915 0.4950495  0.31979948
 0.58333333 0.         0.1399728  0.13976383 0.27272727 0.27272727
 0.         0.20417058 0.46604215 0.33129133]
deleted_not_scaled [7.000000e+00 0.000000e+00 3.093462e+03 7.849660e+05 1.280000e+03
 7.200000e+02 0.000000e+00 2.261000e+01 7.690000e-01 2.163100e+01
 7.000000e+00 0.000000e+00 3.085170e+03 7.840190e+05 1.280000e+03
 7.200000e+02 0.000000e+00 3.702500e+01 9.420000e-01 7.121700e+01
 7.000000e+00 0.000000e+00 3.081359e+03 7.842060e+05 1.280000e+03
 7.200000e+02 0.000000e+00 2.004200e+01 7.910000e-01 2.896200e+01
 7.000000e+00 0.000000e+00 3.075797e+03 7.839440e+05 1.280000e+03
 7.200000e+02 0.000000e+00 2.038000e+01 7.690000e-01 3.131200e+01
 8.500000e+01]
deleted_idx_col 965
query_origi 707
query_idx 787
deleted_scaled [0.41666667 0.         0.07723066 0.07739953 0.18181818 0.17171717
 0.         0.55843099 0.88139535 0.85380311 0.5        0.
 0.1079645  0.10704057 0.27272727 0.27272727 0.         0.45262846
 0.56829268 0.42710782 0.5        0.         0.11274983 0.11295863
 0.27272727 0.27272727 0.         0.22680781 0.11138614 0.36018021
 0.5        0.         0.10809861 0.10751068 0.27272727 0.27272727
 0.         0.24953845 0.15456674 0.32557795]
deleted_not_scaled [5.000000e+00 0.000000e+00 1.846783e+03 4.723150e+05 9.600000e+02
 5.200000e+02 0.000000e+00 3.968700e+01 9.490000e-01 8.239200e+01
 6.000000e+00 0.000000e+00 2.455474e+03 6.218490e+05 1.280000e+03
 7.200000e+02 0.000000e+00 2.890300e+01 8.200000e-01 3.960400e+01
 6.000000e+00 0.000000e+00 2.452849e+03 6.221040e+05 1.280000e+03
 7.200000e+02 0.000000e+00 2.187900e+01 6.360000e-01 3.261900e+01
 6.000000e+00 0.000000e+00 2.448539e+03 6.219290e+05 1.280000e+03
 7.200000e+02 0.000000e+00 2.187900e+01 6.360000e-01 3.077200e+01
 9.000000e+01]
deleted_idx_col 787
query_origi 731
query_idx 630
deleted_scaled [1.         0.         0.8275702  0.82674055 1.         1.
 1.         0.27228518 0.58372093 0.22115026 1.         0.
 0.90362401 0.90408065 1.         1.         1.         0.12287872
 0.36097561 0.11227703 1.         0.         0.85407914 0.86353009
 1.         1.         1.         0.22760517 0.58415842 0.0165741
 1.         0.         0.75991337 0.75383712 1.         1.
 1.         0.2296238  0.36065574 0.06032905]
deleted_not_scaled [1.2000000e+01 0.0000000e+00 1.6608215e+04 4.2350950e+06 3.8400000e+03
 2.1600000e+03 1.0000000e+00 2.6330000e+01 8.2100000e-01 2.1341000e+01
 1.2000000e+01 0.0000000e+00 1.8104861e+04 4.6235290e+06 3.8400000e+03
 2.1600000e+03 1.0000000e+00 1.7769000e+01 7.3500000e-01 1.0411000e+01
 1.2000000e+01 0.0000000e+00 1.6468117e+04 4.2117210e+06 3.8400000e+03
 2.1600000e+03 1.0000000e+00 2.1908000e+01 8.2700000e-01 1.5010000e+00
 1.2000000e+01 0.0000000e+00 1.5275719e+04 3.8685760e+06 3.8400000e+03
 2.1600000e+03 1.0000000e+00 2.1221000e+01 7.2400000e-01 5.7020000e+00
 2.8400000e+02]
deleted_idx_col 630
query_origi 731
query_idx 775
deleted_scaled [0.25       0.         0.02576206 0.02551772 0.05454545 0.05454545
 0.         0.24842006 0.73953488 0.12557513 0.33333333 0.
 0.04256803 0.0423933  0.09090909 0.09090909 0.         0.3805716
 0.76585366 0.25173091 0.33333333 0.         0.04485181 0.04512879
 0.09090909 0.09090909 0.         0.21710201 0.67574257 0.23368263
 0.33333333 0.         0.04284411 0.0428091  0.09090909 0.09090909
 0.         0.16385703 0.70725995 0.1507803 ]
deleted_not_scaled [3.000000e+00 0.000000e+00 8.342410e+02 2.117930e+05 5.120000e+02
 2.880000e+02 0.000000e+00 2.521600e+01 8.880000e-01 1.211800e+01
 4.000000e+00 0.000000e+00 1.169227e+03 2.972760e+05 6.400000e+02
 3.600000e+02 0.000000e+00 2.647000e+01 9.010000e-01 2.334200e+01
 4.000000e+00 0.000000e+00 1.169197e+03 2.977070e+05 6.400000e+02
 3.600000e+02 0.000000e+00 2.152600e+01 8.640000e-01 2.116300e+01
 4.000000e+00 0.000000e+00 1.164384e+03 2.969180e+05 6.400000e+02
 3.600000e+02 0.000000e+00 1.904800e+01 8.720000e-01 1.425100e+01
 1.680000e+02]
deleted_idx_col 775
query_origi 599
query_idx 533
deleted_scaled [1.         0.         0.76665657 0.76818717 1.         1.
 1.         0.18922856 0.72790698 0.00740933 0.91666667 0.
 0.54689285 0.54250324 1.         1.         0.         0.16845846
 0.28536585 0.03594461 0.91666667 0.         0.59503549 0.59649657
 1.         1.         0.         0.22449821 0.69554455 0.46112651
 1.         0.         0.91607831 0.91151432 1.         1.
 1.         0.45255894 0.79859485 0.24036396]
deleted_not_scaled [1.2000000e+01 0.0000000e+00 1.5409861e+04 3.9410720e+06 3.8400000e+03
 2.1600000e+03 1.0000000e+00 2.2453000e+01 8.8300000e-01 7.1500000e-01
 1.1000000e+01 0.0000000e+00 1.1088513e+04 2.8081660e+06 3.8400000e+03
 2.1600000e+03 0.0000000e+00 1.9308000e+01 7.0400000e-01 3.3330000e+00
 1.1000000e+01 0.0000000e+00 1.1570744e+04 2.9346300e+06 3.8400000e+03
 2.1600000e+03 0.0000000e+00 2.1795000e+01 8.7200000e-01 4.1761000e+01
 1.2000000e+01 0.0000000e+00 1.8348917e+04 4.6606250e+06 3.8400000e+03
 2.1600000e+03 1.0000000e+00 2.8587000e+01 9.1100000e-01 2.2718000e+01
 1.7300000e+02]
deleted_idx_col 533
query_origi 245
query_idx 574
deleted_scaled [0.91666667 0.         0.57000759 0.5697133  1.         1.
 0.         0.02924227 0.2        0.11596891 0.91666667 0.
 0.56505575 0.56565212 1.         1.         0.         0.14295869
 0.38780488 0.02176304 1.         0.         1.         1.
 1.         1.         1.         0.77165246 0.88366337 1.
 0.91666667 0.         0.54587625 0.54175749 1.         1.
 0.         0.08686178 0.52693208 0.11360102]
deleted_not_scaled [1.1000000e+01 0.0000000e+00 1.1541185e+04 2.9444450e+06 3.8400000e+03
 2.1600000e+03 0.0000000e+00 1.4985000e+01 6.5600000e-01 1.1191000e+01
 1.1000000e+01 0.0000000e+00 1.1445749e+04 2.9243890e+06 3.8400000e+03
 2.1600000e+03 0.0000000e+00 1.8447000e+01 7.4600000e-01 2.0180000e+00
 1.2000000e+01 0.0000000e+00 1.9226837e+04 4.8643900e+06 3.8400000e+03
 2.1600000e+03 1.0000000e+00 4.1695000e+01 9.4800000e-01 9.0563000e+01
 1.1000000e+01 0.0000000e+00 1.1063644e+04 2.8032510e+06 3.8400000e+03
 2.1600000e+03 0.0000000e+00 1.6504000e+01 7.9500000e-01 1.0737000e+01
 2.3900000e+02]
deleted_idx_col 574
query_origi 130
query_idx 909
deleted_scaled [0.         0.         0.00177802 0.00159934 0.         0.
 0.         0.74395338 0.99302326 0.67647668 0.41666667 0.
 0.07778687 0.07714758 0.18181818 0.17171717 0.         0.70451651
 0.99756098 0.84936264 0.58333333 0.         0.14651206 0.14688933
 0.27272727 0.27272727 0.         1.         1.         0.7411084
 0.58333333 0.         0.14046088 0.13979051 0.27272727 0.27272727
 0.         0.93323447 1.         0.86506904]
deleted_not_scaled [0.000000e+00 0.000000e+00 3.624030e+02 9.168800e+04 3.200000e+02
 1.800000e+02 0.000000e+00 4.834700e+01 9.970000e-01 6.528000e+01
 5.000000e+00 0.000000e+00 1.861927e+03 4.717660e+05 9.600000e+02
 5.200000e+02 0.000000e+00 3.740800e+01 9.960000e-01 7.875800e+01
 7.000000e+00 0.000000e+00 3.091144e+03 7.843780e+05 1.280000e+03
 7.200000e+02 0.000000e+00 5.000000e+01 9.950000e-01 6.711700e+01
 7.000000e+00 0.000000e+00 3.085402e+03 7.840780e+05 1.280000e+03
 7.200000e+02 0.000000e+00 4.446900e+01 9.970000e-01 8.176200e+01
 0.000000e+00]
deleted_idx_col 909
query_origi 384
query_idx 189
deleted_scaled [0.         0.31447739 0.         0.         0.         0.
 0.         0.11986118 0.37674419 0.         0.         0.44746025
 0.00165966 0.0017657  0.         0.         0.         0.26441582
 0.47073171 0.         0.         0.3328221  0.00243309 0.00233622
 0.         0.         0.         0.25787737 0.46287129 0.
 0.         0.         0.00321162 0.0031207  0.         0.
 0.         0.16882056 0.37236534 0.0005396 ]
deleted_not_scaled [0.00000000e+00 1.47756908e+00 3.27424000e+02 8.36570000e+04
 3.20000000e+02 1.80000000e+02 0.00000000e+00 1.92150000e+01
 7.32000000e-01 0.00000000e+00 0.00000000e+00 1.46836245e+00
 3.64623000e+02 9.32980000e+04 3.20000000e+02 1.80000000e+02
 0.00000000e+00 2.25480000e+01 7.80000000e-01 0.00000000e+00
 0.00000000e+00 1.63620628e+00 3.67246000e+02 9.30510000e+04
 3.20000000e+02 1.80000000e+02 0.00000000e+00 2.30090000e+01
 7.78000000e-01 0.00000000e+00 0.00000000e+00 0.00000000e+00
 3.84449000e+02 9.75540000e+04 3.20000000e+02 1.80000000e+02
 0.00000000e+00 1.92120000e+01 7.29000000e-01 5.10000000e-02
 2.55000000e+02]
deleted_idx_col 189
query_origi 724
query_idx 139
deleted_scaled [0.         0.         0.00264571 0.0026578  0.         0.
 0.         0.25825318 0.71162791 0.         0.         0.
 0.00113415 0.00104488 0.         0.         0.         0.22188657
 0.58780488 0.         0.         1.         0.00271311 0.00262644
 0.         0.         0.         0.16442123 0.44059406 0.
 0.33333333 0.         0.04270036 0.04240538 0.09090909 0.09090909
 0.         0.51902182 0.76112412 0.34770142]
deleted_not_scaled [0.0000000e+00 0.0000000e+00 3.7947300e+02 9.7003000e+04 3.2000000e+02
 1.8000000e+02 0.0000000e+00 2.5675000e+01 8.7600000e-01 0.0000000e+00
 0.0000000e+00 0.0000000e+00 3.5428700e+02 8.9679000e+04 3.2000000e+02
 1.8000000e+02 0.0000000e+00 2.1112000e+01 8.2800000e-01 0.0000000e+00
 0.0000000e+00 4.9161588e+00 3.7254000e+02 9.4439000e+04 3.2000000e+02
 1.8000000e+02 0.0000000e+00 1.9610000e+01 7.6900000e-01 0.0000000e+00
 4.0000000e+00 0.0000000e+00 1.1615550e+03 2.9489000e+05 6.4000000e+02
 3.6000000e+02 0.0000000e+00 3.0783000e+01 8.9500000e-01 3.2863000e+01
 3.7000000e+01]
deleted_idx_col 139
query_origi 276
query_idx 204
deleted_scaled [0.00000000e+00 0.00000000e+00 1.83556115e-03 1.79211113e-03
 0.00000000e+00 0.00000000e+00 0.00000000e+00 1.49274835e-01
 5.00000000e-01 1.65803109e-04 0.00000000e+00 5.95621835e-01
 1.60216005e-03 1.67188642e-03 0.00000000e+00 0.00000000e+00
 0.00000000e+00 2.62698060e-01 5.92682927e-01 0.00000000e+00
 3.33333333e-01 0.00000000e+00 4.44986906e-02 4.50468289e-02
 9.09090909e-02 9.09090909e-02 0.00000000e+00 6.76409128e-01
 8.61386139e-01 7.70126873e-01 0.00000000e+00 0.00000000e+00
 3.05094013e-03 2.92301907e-03 0.00000000e+00 0.00000000e+00
 0.00000000e+00 4.16724675e-01 5.24590164e-01 6.66560863e-03]
deleted_not_scaled [0.00000000e+00 0.00000000e+00 3.63535000e+02 9.26560000e+04
 3.20000000e+02 1.80000000e+02 0.00000000e+00 2.05880000e+01
 7.85000000e-01 1.60000000e-02 0.00000000e+00 1.95456188e+00
 3.63492000e+02 9.28270000e+04 3.20000000e+02 1.80000000e+02
 0.00000000e+00 2.24900000e+01 8.30000000e-01 0.00000000e+00
 4.00000000e+00 0.00000000e+00 1.16252100e+03 2.97315000e+05
 6.40000000e+02 3.60000000e+02 0.00000000e+00 3.82310000e+01
 9.39000000e-01 6.97450000e+01 0.00000000e+00 0.00000000e+00
 3.81287000e+02 9.65610000e+04 3.20000000e+02 1.80000000e+02
 0.00000000e+00 2.74030000e+01 7.94000000e-01 6.30000000e-01
 8.80000000e+01]
deleted_idx_col 204
query_origi 506
query_idx 90
deleted_scaled [0.91666667 0.21971778 0.57025209 0.56765832 1.         1.
 0.         1.         1.         1.         0.91666667 0.07854106
 0.57076489 0.5690644  1.         1.         0.         1.
 0.56829268 0.39120635 0.83333333 0.         0.44177928 0.44510939
 0.63636364 0.63636364 0.         0.14118779 0.37623762 0.05761735
 0.83333333 0.         0.35907899 0.35909438 0.63636364 0.63636364
 0.         0.03973851 0.44496487 0.16303232]
deleted_not_scaled [1.10000000e+01 1.03234195e+00 1.15459950e+04 2.93412600e+06
 3.84000000e+03 2.16000000e+03 0.00000000e+00 6.02990000e+01
 1.00000000e+00 9.65000000e+01 1.10000000e+01 2.57736305e-01
 1.15580390e+04 2.94152100e+06 3.84000000e+03 2.16000000e+03
 0.00000000e+00 4.73850000e+01 8.20000000e-01 3.62750000e+01
 1.00000000e+01 0.00000000e+00 8.67334500e+03 2.21061900e+06
 2.56000000e+03 1.44000000e+03 0.00000000e+00 1.87650000e+01
 7.43000000e-01 5.21800000e+00 1.00000000e+01 0.00000000e+00
 7.38762700e+03 1.88569200e+06 2.56000000e+03 1.44000000e+03
 0.00000000e+00 1.49470000e+01 7.60000000e-01 1.54090000e+01
 3.00000000e+00]
deleted_idx_col 90
query_origi 502
query_idx 918
deleted_scaled [0.91666667 0.         0.56860221 0.56343623 1.         1.
 0.         0.13254354 0.6        0.02491192 0.91666667 0.
 0.60949469 0.60491754 1.         1.         0.         0.90087369
 0.94390244 0.97746047 0.91666667 0.         0.58773088 0.58947181
 1.         1.         0.         0.26612593 0.6980198  0.01966587
 0.91666667 0.         0.53940098 0.5372349  1.         1.
 0.         0.35631488 0.71662763 0.1635825 ]
deleted_not_scaled [1.1000000e+01 0.0000000e+00 1.1513537e+04 2.9129250e+06 3.8400000e+03
 2.1600000e+03 0.0000000e+00 1.9807000e+01 8.2800000e-01 2.4040000e+00
 1.1000000e+01 0.0000000e+00 1.2319794e+04 3.1215280e+06 3.8400000e+03
 2.1600000e+03 0.0000000e+00 4.4038000e+01 9.7400000e-01 9.0636000e+01
 1.1000000e+01 0.0000000e+00 1.1432646e+04 2.9010340e+06 3.8400000e+03
 2.1600000e+03 0.0000000e+00 2.3309000e+01 8.7300000e-01 1.7810000e+00
 1.1000000e+01 0.0000000e+00 1.0936216e+04 2.7805330e+06 3.8400000e+03
 2.1600000e+03 0.0000000e+00 2.5407000e+01 8.7600000e-01 1.5461000e+01
 1.9600000e+02]
deleted_idx_col 918
query_origi 619
query_idx 243
deleted_scaled [0.33333333 0.7960277  0.04295282 0.04261616 0.09090909 0.09090909
 0.         0.42498768 0.9        0.54307772 0.16666667 0.09765861
 0.01799329 0.01791631 0.05454545 0.05454545 0.         0.25908485
 0.41463415 0.21820201 0.         0.14553603 0.00236554 0.00236424
 0.         0.         0.         0.21391257 0.37623762 0.
 0.         0.         0.00236199 0.0023676  0.         0.
 0.         0.38721588 0.55503513 0.        ]
deleted_not_scaled [4.00000000e+00 3.74012868e+00 1.17243500e+03 2.97652000e+05
 6.40000000e+02 3.60000000e+02 0.00000000e+00 3.34580000e+01
 9.57000000e-01 5.24070000e+01 2.00000000e+00 3.20471454e-01
 6.85880000e+02 1.74385000e+05 5.12000000e+02 2.88000000e+02
 0.00000000e+00 2.23680000e+01 7.57000000e-01 2.02330000e+01
 0.00000000e+00 7.15478239e-01 3.65969000e+02 9.31850000e+04
 3.20000000e+02 1.80000000e+02 0.00000000e+00 2.14100000e+01
 7.43000000e-01 0.00000000e+00 0.00000000e+00 0.00000000e+00
 3.67729000e+02 9.37710000e+04 3.20000000e+02 1.80000000e+02
 0.00000000e+00 2.64280000e+01 8.07000000e-01 0.00000000e+00
 2.81000000e+02]
deleted_idx_col 243
query_origi 10
query_idx 25
deleted_scaled [0.         0.31220851 0.00177802 0.00159934 0.         0.
 0.         0.74395338 0.99302326 0.67647668 0.         0.44810769
 0.00178519 0.00170873 0.         0.         0.         0.53955279
 0.98780488 0.15846688 0.         0.29684603 0.00241627 0.00234814
 0.         0.         0.         0.63717349 0.98762376 0.40337665
 0.         0.         0.00223399 0.00217609 0.         0.
 0.         0.58739142 0.97189696 0.1361477 ]
deleted_not_scaled [0.00000000e+00 1.46690878e+00 3.62403000e+02 9.16880000e+04
 3.20000000e+02 1.80000000e+02 0.00000000e+00 4.83470000e+01
 9.97000000e-01 6.52800000e+01 0.00000000e+00 1.47048706e+00
 3.67092000e+02 9.30120000e+04 3.20000000e+02 1.80000000e+02
 0.00000000e+00 3.18380000e+01 9.92000000e-01 1.46940000e+01
 0.00000000e+00 1.45934220e+00 3.66928000e+02 9.31080000e+04
 3.20000000e+02 1.80000000e+02 0.00000000e+00 3.68040000e+01
 9.90000000e-01 3.65310000e+01 0.00000000e+00 0.00000000e+00
 3.65210000e+02 9.28090000e+04 3.20000000e+02 1.80000000e+02
 0.00000000e+00 3.30420000e+01 9.85000000e-01 1.28680000e+01
 0.00000000e+00]
deleted_idx_col 25
query_origi 540
query_idx 75
deleted_scaled [0.5        0.04502675 0.09958637 0.0990594  0.27272727 0.27272727
 0.         0.19709077 0.73255814 0.13915026 0.41666667 0.16713891
 0.08000927 0.07978049 0.18181818 0.17171717 0.         0.19555753
 0.60243902 0.01341587 0.41666667 0.06736392 0.08543838 0.08608238
 0.18181818 0.17171717 0.         0.69991751 0.86138614 0.70288087
 0.41666667 0.         0.07077551 0.07084046 0.18181818 0.17171717
 0.         0.22217851 0.58548009 0.01965826]
deleted_not_scaled [6.00000000e+00 2.11557784e-01 2.28658700e+03 5.81079000e+05
 1.28000000e+03 7.20000000e+02 0.00000000e+00 2.28200000e+01
 8.85000000e-01 1.34280000e+01 5.00000000e+00 5.48474420e-01
 1.90563800e+03 4.84985000e+05 9.60000000e+02 5.20000000e+02
 0.00000000e+00 2.02230000e+01 8.34000000e-01 1.24400000e+00
 5.00000000e+00 3.31171723e-01 1.93651000e+03 4.93568000e+05
 9.60000000e+02 5.20000000e+02 0.00000000e+00 3.90860000e+01
 9.39000000e-01 6.36550000e+01 5.00000000e+00 0.00000000e+00
 1.71405100e+03 4.37726000e+05 9.60000000e+02 5.20000000e+02
 0.00000000e+00 2.09750000e+01 8.20000000e-01 1.85800000e+00
 2.14000000e+02]
deleted_idx_col 75
query_origi 187
query_idx 104
deleted_scaled [0.41666667 0.96208746 0.07950545 0.07911377 0.18181818 0.17171717
 0.         0.21917779 0.62790698 0.31003109 0.25       0.04787334
 0.02987424 0.02981869 0.05454545 0.05454545 0.         0.54275137
 0.84634146 0.5697539  0.08333333 0.         0.00701189 0.00707662
 0.01818182 0.01818182 0.         0.35732747 0.76485149 0.00500204
 0.         0.         0.00211767 0.00215061 0.         0.
 0.         0.36463787 0.76346604 0.        ]
deleted_not_scaled [5.00000000e+00 4.52035891e+00 1.89153500e+03 4.80923000e+05
 9.60000000e+02 5.20000000e+02 0.00000000e+00 2.38510000e+01
 8.40000000e-01 2.99180000e+01 3.00000000e+00 1.57098684e-01
 9.19560000e+02 2.34143000e+05 5.12000000e+02 2.88000000e+02
 0.00000000e+00 3.19460000e+01 9.34000000e-01 5.28310000e+01
 1.00000000e+00 0.00000000e+00 4.53811000e+02 1.15722000e+05
 3.84000000e+02 2.16000000e+02 0.00000000e+00 2.66260000e+01
 9.00000000e-01 4.53000000e-01 0.00000000e+00 0.00000000e+00
 3.62921000e+02 9.26810000e+04 3.20000000e+02 1.80000000e+02
 0.00000000e+00 2.56820000e+01 8.96000000e-01 0.00000000e+00
 7.10000000e+01]
deleted_idx_col 104
query_origi 522
query_idx 18
deleted_scaled [0.16666667 0.         0.01576577 0.01555924 0.05454545 0.05454545
 0.         0.04070353 0.40930233 0.19353368 0.         0.
 0.00168346 0.00166233 0.         0.         0.         0.16164668
 0.47804878 0.         0.08333333 0.87573434 0.01265964 0.0127111
 0.01818182 0.01818182 0.         0.05389057 0.35643564 0.03267339
 0.         0.         0.00097433 0.00097288 0.         0.
 0.         0.14037105 0.54332553 0.        ]
deleted_not_scaled [2.00000000e+00 0.00000000e+00 6.37584000e+02 1.61787000e+05
 5.12000000e+02 2.88000000e+02 0.00000000e+00 1.55200000e+01
 7.46000000e-01 1.86760000e+01 0.00000000e+00 0.00000000e+00
 3.65091000e+02 9.27790000e+04 3.20000000e+02 1.80000000e+02
 0.00000000e+00 1.90780000e+01 7.83000000e-01 0.00000000e+00
 1.00000000e+00 4.30524906e+00 5.60585000e+02 1.42669000e+05
 3.84000000e+02 2.16000000e+02 0.00000000e+00 1.55900000e+01
 7.35000000e-01 2.95900000e+00 0.00000000e+00 0.00000000e+00
 3.40421000e+02 8.67650000e+04 3.20000000e+02 1.80000000e+02
 0.00000000e+00 1.82720000e+01 8.02000000e-01 0.00000000e+00
 1.45000000e+02]
deleted_idx_col 18
query_origi 71
query_idx 114
deleted_scaled [0.33333333 0.61916709 0.04142316 0.04152126 0.09090909 0.09090909
 0.         0.42085306 0.78139535 0.61329534 0.33333333 0.43206846
 0.04270902 0.04230028 0.09090909 0.09090909 0.         0.14941507
 0.43414634 0.24284451 0.25       0.         0.02932112 0.02931326
 0.05454545 0.05454545 0.         0.71176794 0.92574257 0.63295165
 0.16666667 0.         0.01856338 0.01841604 0.05454545 0.05454545
 0.         0.26521594 0.75644028 0.19231868]
deleted_not_scaled [4.00000000e+00 2.90915077e+00 1.14234200e+03 2.92154000e+05
 6.40000000e+02 3.60000000e+02 0.00000000e+00 3.32650000e+01
 9.06000000e-01 5.91830000e+01 4.00000000e+00 1.41785357e+00
 1.17200000e+03 2.96809000e+05 6.40000000e+02 3.60000000e+02
 0.00000000e+00 1.86650000e+01 7.65000000e-01 2.25180000e+01
 3.00000000e+00 0.00000000e+00 8.75580000e+02 2.22069000e+05
 5.12000000e+02 2.88000000e+02 0.00000000e+00 3.95170000e+01
 9.65000000e-01 5.73220000e+01 2.00000000e+00 0.00000000e+00
 6.86559000e+02 1.74386000e+05 5.12000000e+02 2.88000000e+02
 0.00000000e+00 2.23970000e+01 8.93000000e-01 1.81770000e+01
 1.88000000e+02]
deleted_idx_col 114
query_origi 547
query_idx 614
deleted_scaled [0.5        0.         0.09855226 0.09819909 0.27272727 0.27272727
 0.         0.0471304  0.38604651 0.11131606 0.         0.
 0.00116069 0.00119486 0.         0.         0.         0.06536354
 0.55853659 0.12719194 0.5        0.         0.12110519 0.1222228
 0.27272727 0.27272727 0.         0.07596921 0.5        0.39759063
 0.25       0.         0.02764561 0.02773354 0.05454545 0.05454545
 0.         0.59093248 0.77985948 0.62477914]
deleted_not_scaled [6.000000e+00 0.000000e+00 2.266243e+03 5.767590e+05 1.280000e+03
 7.200000e+02 0.000000e+00 1.582000e+01 7.360000e-01 1.074200e+01
 0.000000e+00 0.000000e+00 3.548090e+02 9.043200e+04 3.200000e+02
 1.800000e+02 0.000000e+00 1.582700e+01 8.160000e-01 1.179400e+01
 6.000000e+00 0.000000e+00 2.610812e+03 6.664100e+05 1.280000e+03
 7.200000e+02 0.000000e+00 1.639300e+01 7.930000e-01 3.600700e+01
 3.000000e+00 0.000000e+00 8.652900e+02 2.211900e+05 5.120000e+02
 2.880000e+02 0.000000e+00 3.315900e+01 9.030000e-01 5.905100e+01
 2.450000e+02]
deleted_idx_col 614
query_origi 319
query_idx 127
deleted_scaled [0.         0.34796198 0.00143288 0.00127493 0.         0.
 0.         0.16684162 0.45581395 0.00279793 0.5        0.
 0.1077172  0.10697822 0.27272727 0.27272727 0.         0.31473419
 0.41707317 0.39844272 0.         0.         0.0022697  0.00222017
 0.         0.         0.         0.24011548 0.37623762 0.
 0.         0.         0.00219476 0.00215519 0.         0.
 0.         0.29539058 0.39812646 0.        ]
deleted_not_scaled [0.0000000e+00 1.6348961e+00 3.5561300e+02 9.0059000e+04 3.2000000e+02
 1.8000000e+02 0.0000000e+00 2.1408000e+01 7.6600000e-01 2.7000000e-01
 6.0000000e+00 0.0000000e+00 2.4506100e+03 6.2153600e+05 1.2800000e+03
 7.2000000e+02 0.0000000e+00 2.4247000e+01 7.5800000e-01 3.6946000e+01
 0.0000000e+00 0.0000000e+00 3.6415700e+02 9.2496000e+04 3.2000000e+02
 1.8000000e+02 0.0000000e+00 2.2363000e+01 7.4300000e-01 0.0000000e+00
 0.0000000e+00 0.0000000e+00 3.6443800e+02 9.2704000e+04 3.2000000e+02
 1.8000000e+02 0.0000000e+00 2.3394000e+01 7.4000000e-01 0.0000000e+00
 2.8700000e+02]
deleted_idx_col 127
query_origi 89
query_idx 901
deleted_scaled [0.         0.         0.00207879 0.00190662 0.         0.
 0.         0.08639859 0.50930233 0.         0.         0.
 0.00181006 0.00174259 0.         0.         0.         0.20112543
 0.7195122  0.         0.         0.         0.00356593 0.00351154
 0.         0.         0.         0.06653836 0.42326733 0.
 0.33333333 0.         0.04017439 0.03997606 0.09090909 0.09090909
 0.         0.66574862 0.83138173 0.4333492 ]
deleted_not_scaled [0.000000e+00 0.000000e+00 3.683200e+02 9.323100e+04 3.200000e+02
 1.800000e+02 0.000000e+00 1.765300e+01 7.890000e-01 0.000000e+00
 0.000000e+00 0.000000e+00 3.675810e+02 9.318200e+04 3.200000e+02
 1.800000e+02 0.000000e+00 2.041100e+01 8.820000e-01 0.000000e+00
 0.000000e+00 0.000000e+00 3.886630e+02 9.867200e+04 3.200000e+02
 1.800000e+02 0.000000e+00 1.605000e+01 7.620000e-01 0.000000e+00
 4.000000e+00 0.000000e+00 1.111846e+03 2.826870e+05 6.400000e+02
 3.600000e+02 0.000000e+00 3.563100e+01 9.250000e-01 4.095800e+01
 1.510000e+02]
deleted_idx_col 901
query_origi 758
query_idx 925
deleted_scaled [0.         0.         0.00198414 0.00194047 0.         0.
 0.         0.18185908 0.65116279 0.00154404 0.         0.
 0.00172296 0.00178362 0.         0.         0.         0.70768547
 0.86585366 0.0807217  0.         0.         0.00234714 0.00242216
 0.         0.         0.         0.28504262 0.75990099 0.
 0.08333333 0.         0.01083541 0.010633   0.01818182 0.01818182
 0.         0.24817651 0.72131148 0.        ]
deleted_not_scaled [0.00000e+00 0.00000e+00 3.66458e+02 9.34010e+04 3.20000e+02 1.80000e+02
 0.00000e+00 2.21090e+01 8.50000e-01 1.49000e-01 0.00000e+00 0.00000e+00
 3.65868e+02 9.33880e+04 3.20000e+02 1.80000e+02 0.00000e+00 3.75150e+01
 9.42000e-01 7.48500e+00 0.00000e+00 0.00000e+00 3.65621e+02 9.34620e+04
 3.20000e+02 1.80000e+02 0.00000e+00 2.39970e+01 8.98000e-01 0.00000e+00
 1.00000e+00 0.00000e+00 5.34479e+02 1.35290e+05 3.84000e+02 2.16000e+02
 0.00000e+00 2.18340e+01 8.78000e-01 0.00000e+00 2.76000e+02]
deleted_idx_col 925
query_origi 557
query_idx 350
deleted_scaled [0.25       0.         0.02746129 0.02740223 0.05454545 0.05454545
 0.         0.16534202 0.52093023 0.24010363 0.16666667 0.17320701
 0.01772199 0.0177986  0.05454545 0.05454545 0.         0.25855175
 0.48536585 0.28492548 0.16666667 0.69222732 0.01917787 0.01944752
 0.05454545 0.05454545 0.         0.59265878 0.76485149 0.48710842
 0.08333333 0.         0.01187702 0.01167973 0.01818182 0.01818182
 0.         0.44429648 0.72599532 0.03708406]
deleted_not_scaled [3.00000000e+00 0.00000000e+00 8.67670000e+02 2.21256000e+05
 5.12000000e+02 2.88000000e+02 0.00000000e+00 2.13380000e+01
 7.94000000e-01 2.31700000e+01 2.00000000e+00 5.68387196e-01
 6.80544000e+02 1.73794000e+05 5.12000000e+02 2.88000000e+02
 0.00000000e+00 2.23500000e+01 7.86000000e-01 2.64200000e+01
 2.00000000e+00 3.40309944e+00 6.83816000e+02 1.74886000e+05
 5.12000000e+02 2.88000000e+02 0.00000000e+00 3.51850000e+01
 9.00000000e-01 4.41140000e+01 1.00000000e+00 0.00000000e+00
 5.54977000e+02 1.40548000e+05 3.84000000e+02 2.16000000e+02
 0.00000000e+00 2.83140000e+01 8.80000000e-01 3.50500000e+00
 1.56000000e+02]
deleted_idx_col 350
query_origi 768
query_idx 307
deleted_scaled [0.         0.         0.00191608 0.001818   0.         0.
 0.         0.1440048  0.30465116 0.00134715 0.25       0.
 0.02736042 0.02728955 0.05454545 0.05454545 0.         0.26879905
 0.43658537 0.2951815  0.33333333 0.         0.04446537 0.04480051
 0.09090909 0.09090909 0.         0.53126203 0.73267327 0.61869638
 0.         0.         0.00210537 0.00212931 0.         0.
 0.         0.15259829 0.34192037 0.02569962]
deleted_not_scaled [0.000000e+00 0.000000e+00 3.651190e+02 9.278600e+04 3.200000e+02
 1.800000e+02 0.000000e+00 2.034200e+01 7.010000e-01 1.300000e-01
 3.000000e+00 0.000000e+00 8.701170e+02 2.214450e+05 5.120000e+02
 2.880000e+02 0.000000e+00 2.269600e+01 7.660000e-01 2.737100e+01
 4.000000e+00 0.000000e+00 1.161891e+03 2.961370e+05 6.400000e+02
 3.600000e+02 0.000000e+00 3.295200e+01 8.870000e-01 5.603100e+01
 0.000000e+00 0.000000e+00 3.626790e+02 9.257400e+04 3.200000e+02
 1.800000e+02 0.000000e+00 1.867600e+01 7.160000e-01 2.429000e+00
 1.310000e+02]
deleted_idx_col 307
query_origi 617
query_idx 158
deleted_scaled [0.         0.04357984 0.00136548 0.00119925 0.         0.
 0.         0.16050044 0.6        0.         0.         0.04205748
 0.00206219 0.00199296 0.         0.         0.         0.17740264
 0.44390244 0.         0.         0.6808652  0.00208832 0.00202864
 0.         0.         0.         0.4737421  0.76485149 0.
 0.         0.         0.00266713 0.00261664 0.         0.
 0.         0.53255047 0.75175644 0.        ]
deleted_not_scaled [0.00000000e+00 2.04759462e-01 3.54287000e+02 8.96790000e+04
 3.20000000e+02 1.80000000e+02 0.00000000e+00 2.11120000e+01
 8.28000000e-01 0.00000000e+00 0.00000000e+00 1.38013655e-01
 3.72540000e+02 9.44390000e+04 3.20000000e+02 1.80000000e+02
 0.00000000e+00 1.96100000e+01 7.69000000e-01 0.00000000e+00
 0.00000000e+00 3.34724145e+00 3.60728000e+02 9.15800000e+04
 3.20000000e+02 1.80000000e+02 0.00000000e+00 3.08600000e+01
 9.00000000e-01 0.00000000e+00 0.00000000e+00 0.00000000e+00
 3.73734000e+02 9.50220000e+04 3.20000000e+02 1.80000000e+02
 0.00000000e+00 3.12300000e+01 8.91000000e-01 0.00000000e+00
 3.80000000e+01]
deleted_idx_col 158
query_origi 143
query_idx 148
deleted_scaled [0.25       0.05734176 0.03055512 0.03026196 0.05454545 0.05454545
 0.         0.18158058 0.67209302 0.07055959 0.16666667 0.78918947
 0.01587985 0.01579528 0.05454545 0.05454545 0.         0.27498889
 0.73902439 0.10704657 0.16666667 0.         0.02236709 0.02247731
 0.05454545 0.05454545 0.         0.18152323 0.61138614 0.10132173
 0.08333333 0.         0.0076898  0.00767832 0.01818182 0.01818182
 0.         0.67497957 0.83606557 0.17219489]
deleted_not_scaled [3.00000000e+00 2.69419737e-01 9.28535000e+02 2.35616000e+05
 5.12000000e+02 2.88000000e+02 0.00000000e+00 2.20960000e+01
 8.59000000e-01 6.80900000e+00 2.00000000e+00 2.58976345e+00
 6.44312000e+02 1.63736000e+05 5.12000000e+02 2.88000000e+02
 0.00000000e+00 2.29050000e+01 8.90000000e-01 9.92600000e+00
 2.00000000e+00 0.00000000e+00 7.44110000e+02 1.89376000e+05
 5.12000000e+02 2.88000000e+02 0.00000000e+00 2.02320000e+01
 8.38000000e-01 9.17600000e+00 1.00000000e+00 0.00000000e+00
 4.72576000e+02 1.20448000e+05 3.84000000e+02 2.16000000e+02
 0.00000000e+00 3.59360000e+01 9.27000000e-01 1.62750000e+01
 2.13000000e+02]
deleted_idx_col 148
query_origi 13
query_idx 560
deleted_scaled [3.33333333e-01 0.00000000e+00 4.82442869e-02 4.78156517e-02
 9.09090909e-02 9.09090909e-02 0.00000000e+00 2.13757793e-01
 6.62790698e-01 1.04974093e-01 0.00000000e+00 0.00000000e+00
 5.69287448e-04 5.44548184e-04 0.00000000e+00 0.00000000e+00
 0.00000000e+00 3.95083667e-01 7.43902439e-01 0.00000000e+00
 5.00000000e-01 0.00000000e+00 1.12449228e-01 1.13041013e-01
 2.72727273e-01 2.72727273e-01 0.00000000e+00 4.04316745e-01
 8.14356436e-01 5.34059163e-01 0.00000000e+00 0.00000000e+00
 2.26325487e-03 2.25074260e-03 0.00000000e+00 0.00000000e+00
 0.00000000e+00 4.32825883e-01 7.91569087e-01 0.00000000e+00]
deleted_not_scaled [4.000000e+00 0.000000e+00 1.276534e+03 3.237610e+05 6.400000e+02
 3.600000e+02 0.000000e+00 2.359800e+01 8.550000e-01 1.013000e+01
 0.000000e+00 0.000000e+00 3.431770e+02 8.716700e+04 3.200000e+02
 1.800000e+02 0.000000e+00 2.696000e+01 8.920000e-01 0.000000e+00
 6.000000e+00 0.000000e+00 2.447166e+03 6.224980e+05 1.280000e+03
 7.200000e+02 0.000000e+00 2.833500e+01 9.200000e-01 4.836600e+01
 0.000000e+00 0.000000e+00 3.657860e+02 9.318400e+04 3.200000e+02
 1.800000e+02 0.000000e+00 2.793500e+01 9.080000e-01 0.000000e+00
 4.700000e+01]
deleted_idx_col 560
query_origi 721
query_idx 846
deleted_scaled [0.         0.         0.00199858 0.00191837 0.         0.
 0.         0.12723066 0.23023256 0.         0.         0.
 0.00175926 0.00178343 0.         0.         0.         0.21658522
 0.27073171 0.00084119 0.41666667 0.         0.08360887 0.08433852
 0.18181818 0.17171717 0.         0.03816332 0.20049505 0.43175469
 0.         0.         0.00108399 0.00112497 0.         0.
 0.         0.14633334 0.48009368 0.00068772]
deleted_not_scaled [0.000000e+00 0.000000e+00 3.667420e+02 9.329000e+04 3.200000e+02
 1.800000e+02 0.000000e+00 1.955900e+01 6.690000e-01 0.000000e+00
 0.000000e+00 0.000000e+00 3.665820e+02 9.338700e+04 3.200000e+02
 1.800000e+02 0.000000e+00 2.093300e+01 6.980000e-01 7.800000e-02
 5.000000e+00 0.000000e+00 1.901922e+03 4.852280e+05 9.600000e+02
 5.200000e+02 0.000000e+00 1.501800e+01 6.720000e-01 3.910100e+01
 0.000000e+00 0.000000e+00 3.425790e+02 8.752900e+04 3.200000e+02
 1.800000e+02 0.000000e+00 1.846900e+01 7.750000e-01 6.500000e-02
 2.370000e+02]
deleted_idx_col 846
query_origi 134
query_idx 354
deleted_scaled [0.33333333 0.         0.04117424 0.04098874 0.09090909 0.09090909
 0.         0.51297157 0.81627907 0.69855959 0.41666667 0.
 0.07725928 0.07717706 0.18181818 0.17171717 0.         0.20675255
 0.45609756 0.22495309 0.         0.         0.00295473 0.00300658
 0.         0.         0.         0.131427   0.51485149 0.04477546
 0.41666667 0.         0.07488437 0.07504055 0.18181818 0.17171717
 0.         0.21025393 0.24824356 0.45707031]
deleted_not_scaled [4.000000e+00 0.000000e+00 1.137445e+03 2.894800e+05 6.400000e+02
 3.600000e+02 0.000000e+00 3.756500e+01 9.210000e-01 6.741100e+01
 5.000000e+00 0.000000e+00 1.851550e+03 4.719140e+05 9.600000e+02
 5.200000e+02 0.000000e+00 2.060100e+01 7.740000e-01 2.085900e+01
 0.000000e+00 0.000000e+00 3.771080e+02 9.625700e+04 3.200000e+02
 1.800000e+02 0.000000e+00 1.841000e+01 7.990000e-01 4.055000e+00
 5.000000e+00 0.000000e+00 1.794910e+03 4.588240e+05 9.600000e+02
 5.200000e+02 0.000000e+00 2.058100e+01 6.760000e-01 4.320000e+01
 1.020000e+02]
deleted_idx_col 354
query_origi 308
query_idx 291
deleted_scaled [8.33333333e-02 0.00000000e+00 8.84191397e-03 8.82573407e-03
 1.81818182e-02 1.81818182e-02 0.00000000e+00 3.11146340e-01
 5.02325581e-01 0.00000000e+00 8.33333333e-02 0.00000000e+00
 1.10726587e-02 1.11737941e-02 1.81818182e-02 1.81818182e-02
 0.00000000e+00 3.18140086e-01 3.97560976e-01 2.58827082e-04
 8.33333333e-02 2.14139797e-01 7.60034466e-03 7.48748775e-03
 1.81818182e-02 1.81818182e-02 0.00000000e+00 9.21088809e-02
 2.02970297e-01 1.01873834e-01 8.33333333e-02 0.00000000e+00
 1.11926920e-02 1.10277628e-02 1.81818182e-02 1.81818182e-02
 0.00000000e+00 4.66087588e-02 1.12412178e-01 2.45463683e-03]
deleted_not_scaled [1.00000000e+00 0.00000000e+00 5.01371000e+02 1.27975000e+05
 3.84000000e+02 2.16000000e+02 0.00000000e+00 2.81440000e+01
 7.86000000e-01 0.00000000e+00 1.00000000e+00 0.00000000e+00
 5.49762000e+02 1.40533000e+05 3.84000000e+02 2.16000000e+02
 0.00000000e+00 2.43620000e+01 7.50000000e-01 2.40000000e-02
 1.00000000e+00 1.05274525e+00 4.64936000e+02 1.17687000e+05
 3.84000000e+02 2.16000000e+02 0.00000000e+00 1.69800000e+01
 6.73000000e-01 9.22600000e+00 1.00000000e+00 0.00000000e+00
 5.41510000e+02 1.37273000e+05 3.84000000e+02 2.16000000e+02
 0.00000000e+00 1.51740000e+01 6.18000000e-01 2.32000000e-01
 2.10000000e+01]
deleted_idx_col 291
query_origi 818
query_idx 660
deleted_scaled [0.41666667 0.         0.08211395 0.08180881 0.18181818 0.17171717
 0.         0.04074637 0.34883721 0.04981347 0.25       0.
 0.02290954 0.02291046 0.05454545 0.05454545 0.         0.13472531
 0.5        0.15888747 0.25       0.         0.02793851 0.02821572
 0.05454545 0.05454545 0.         0.07874622 0.25247525 0.18762629
 0.16666667 0.         0.01856642 0.01864119 0.05454545 0.05454545
 0.         0.19615024 0.31850117 0.22022959]
deleted_not_scaled [5.000000e+00 0.000000e+00 1.942852e+03 4.944560e+05 9.600000e+02
 5.200000e+02 0.000000e+00 1.552200e+01 7.200000e-01 4.807000e+00
 3.000000e+00 0.000000e+00 7.825750e+02 1.994590e+05 5.120000e+02
 2.880000e+02 0.000000e+00 1.816900e+01 7.920000e-01 1.473300e+01
 3.000000e+00 0.000000e+00 8.494410e+02 2.168200e+05 5.120000e+02
 2.880000e+02 0.000000e+00 1.649400e+01 6.930000e-01 1.699200e+01
 2.000000e+00 0.000000e+00 6.866190e+02 1.755170e+05 5.120000e+02
 2.880000e+02 0.000000e+00 2.011500e+01 7.060000e-01 2.081500e+01
 1.470000e+02]
deleted_idx_col 660
query_origi 74
query_idx 552
deleted_scaled [0.08333333 0.         0.00895872 0.00884226 0.01818182 0.01818182
 0.         0.04344566 0.27906977 0.1339171  0.08333333 0.
 0.0086655  0.00866318 0.01818182 0.01818182 0.         0.04865985
 0.2        0.08227466 0.         0.         0.00243251 0.00246042
 0.         0.         0.         0.05815232 0.19306931 0.06403277
 0.08333333 0.         0.00914779 0.00919647 0.01818182 0.01818182
 0.         0.55043734 0.75644028 0.09852404]
deleted_not_scaled [1.00000e+00 0.00000e+00 5.03669e+02 1.28058e+05 3.84000e+02 2.16000e+02
 0.00000e+00 1.56480e+01 6.90000e-01 1.29230e+01 1.00000e+00 0.00000e+00
 5.02417e+02 1.27928e+05 3.84000e+02 2.16000e+02 0.00000e+00 1.52630e+01
 6.69000e-01 7.62900e+00 0.00000e+00 0.00000e+00 3.67235e+02 9.36450e+04
 3.20000e+02 1.80000e+02 0.00000e+00 1.57450e+01 6.69000e-01 5.79900e+00
 1.00000e+00 0.00000e+00 5.01268e+02 1.28074e+05 3.84000e+02 2.16000e+02
 0.00000e+00 3.18210e+01 8.93000e-01 9.31200e+00 1.39000e+02]
deleted_idx_col 552
query_origi 684
query_idx 912
deleted_scaled [8.33333333e-02 8.80775096e-02 9.11004792e-03 8.87950338e-03
 1.81818182e-02 1.81818182e-02 0.00000000e+00 8.55416783e-02
 5.00000000e-01 4.14507772e-05 8.33333333e-02 7.19024832e-01
 8.83160729e-03 8.71555942e-03 1.81818182e-02 1.81818182e-02
 0.00000000e+00 2.00296165e-01 7.14634146e-01 0.00000000e+00
 8.33333333e-02 0.00000000e+00 1.11735735e-02 1.11464435e-02
 1.81818182e-02 1.81818182e-02 0.00000000e+00 6.61259280e-02
 4.13366337e-01 6.62522222e-05 0.00000000e+00 0.00000000e+00
 1.25472708e-03 1.20977912e-03 0.00000000e+00 0.00000000e+00
 0.00000000e+00 5.84879392e-01 7.98594848e-01 4.06284717e-03]
deleted_not_scaled [1.00000000e+00 4.13831353e-01 5.06646000e+02 1.28245000e+05
 3.84000000e+02 2.16000000e+02 0.00000000e+00 1.76130000e+01
 7.85000000e-01 4.00000000e-03 1.00000000e+00 2.35951479e+00
 5.05684000e+02 1.28191000e+05 3.84000000e+02 2.16000000e+02
 0.00000000e+00 2.03830000e+01 8.80000000e-01 0.00000000e+00
 1.00000000e+00 0.00000000e+00 5.32490000e+02 1.35186000e+05
 3.84000000e+02 2.16000000e+02 0.00000000e+00 1.60350000e+01
 7.58000000e-01 6.00000000e-03 0.00000000e+00 0.00000000e+00
 3.45939000e+02 8.79550000e+04 3.20000000e+02 1.80000000e+02
 0.00000000e+00 3.29590000e+01 9.11000000e-01 3.84000000e-01
 1.51000000e+02]
deleted_idx_col 912
query_origi 94
query_idx 47
deleted_scaled [0.33333333 0.04024789 0.0427466  0.04241104 0.09090909 0.09090909
 0.         0.07894342 0.39302326 0.5138342  0.25       0.44519602
 0.02749134 0.02737659 0.05454545 0.05454545 0.         0.05896639
 0.23902439 0.54483101 0.25       0.         0.02908478 0.02925847
 0.05454545 0.05454545 0.         0.04396481 0.18069307 0.44917902
 0.16666667 0.         0.01845641 0.0184459  0.05454545 0.05454545
 0.         0.06431403 0.21545667 0.39063641]
deleted_not_scaled [4.00000000e+00 1.89104331e-01 1.16837800e+03 2.96622000e+05
 6.40000000e+02 3.60000000e+02 0.00000000e+00 1.73050000e+01
 7.39000000e-01 4.95850000e+01 3.00000000e+00 1.46093229e+00
 8.72692000e+02 2.21882000e+05 5.12000000e+02 2.88000000e+02
 0.00000000e+00 1.56110000e+01 6.85000000e-01 5.05200000e+01
 3.00000000e+00 0.00000000e+00 8.71112000e+02 2.21807000e+05
 5.12000000e+02 2.88000000e+02 0.00000000e+00 1.52290000e+01
 6.64000000e-01 4.06790000e+01 2.00000000e+00 0.00000000e+00
 6.84454000e+02 1.74536000e+05 5.12000000e+02 2.88000000e+02
 0.00000000e+00 1.57590000e+01 6.62000000e-01 3.69210000e+01
 1.38000000e+02]
deleted_idx_col 47
query_origi 624
query_idx 2
deleted_scaled [0.16666667 0.06232756 0.01841203 0.018087   0.05454545 0.05454545
 0.         0.26337325 0.71162791 0.2568601  0.16666667 0.23853142
 0.018332   0.01813302 0.05454545 0.05454545 0.         0.2571894
 0.6902439  0.17479456 0.16666667 0.64183145 0.01943145 0.01941595
 0.05454545 0.05454545 0.         0.2131427  0.58168317 0.20394642
 0.08333333 0.         0.01099167 0.01089498 0.01818182 0.01818182
 0.         0.21376472 0.55971897 0.00338571]
deleted_not_scaled [2.00000000e+00 2.92845456e-01 6.89644000e+02 1.74480000e+05
 5.12000000e+02 2.88000000e+02 0.00000000e+00 2.59140000e+01
 8.76000000e-01 2.47870000e+01 2.00000000e+00 7.82752399e-01
 6.92542000e+02 1.75473000e+05 5.12000000e+02 2.88000000e+02
 0.00000000e+00 2.23040000e+01 8.70000000e-01 1.62080000e+01
 2.00000000e+00 3.15534533e+00 6.88610000e+02 1.74735000e+05
 5.12000000e+02 2.88000000e+02 0.00000000e+00 2.13820000e+01
 8.26000000e-01 1.84700000e+01 1.00000000e+00 0.00000000e+00
 5.37554000e+02 1.36606000e+05 3.84000000e+02 2.16000000e+02
 0.00000000e+00 2.06970000e+01 8.09000000e-01 3.20000000e-01
 9.80000000e+01]
deleted_idx_col 2
query_origi 533
query_idx 22
deleted_scaled [0.41666667 0.21319187 0.07774177 0.07731071 0.18181818 0.17171717
 0.         0.34615137 0.82325581 0.52807254 0.33333333 0.36999059
 0.04240055 0.04228454 0.09090909 0.09090909 0.         0.19843033
 0.52682927 0.22327071 0.33333333 0.06274338 0.04516162 0.04550203
 0.09090909 0.09090909 0.         0.16989277 0.30693069 0.18833298
 0.25       0.         0.02788622 0.02790953 0.05454545 0.05454545
 0.         0.46266759 0.54332553 0.37242766]
deleted_not_scaled [5.00000000e+00 1.00167998e+00 1.85683800e+03 4.71869000e+05
 9.60000000e+02 5.20000000e+02 0.00000000e+00 2.97780000e+01
 9.24000000e-01 5.09590000e+01 4.00000000e+00 1.21414203e+00
 1.16593300e+03 2.96730000e+05 6.40000000e+02 3.60000000e+02
 0.00000000e+00 2.03200000e+01 8.03000000e-01 2.07030000e+01
 4.00000000e+00 3.08456398e-01 1.17505400e+03 2.99492000e+05
 6.40000000e+02 3.60000000e+02 0.00000000e+00 1.98090000e+01
 7.15000000e-01 1.70560000e+01 3.00000000e+00 0.00000000e+00
 8.70025000e+02 2.22074000e+05 5.12000000e+02 2.88000000e+02
 0.00000000e+00 2.89210000e+01 8.02000000e-01 3.52000000e+01
 1.80000000e+01]
deleted_idx_col 22
query_origi 269
query_idx 111
deleted_scaled [1.         0.07833125 0.83252841 0.83294155 1.         1.
 1.         0.24584931 0.78837209 0.07468394 1.         0.18551408
 0.78047011 0.78204529 1.         1.         1.         0.73490301
 0.80731707 0.79312167 1.         0.1099702  0.86740816 0.86826546
 1.         1.         1.         0.14162772 0.3960396  0.03271756
 1.         0.         0.86940528 0.86376975 1.         1.
 1.         0.97085439 0.96252927 0.94812464]
deleted_not_scaled [1.20000000e+01 3.68038646e-01 1.67057580e+04 4.26623300e+06
 3.84000000e+03 2.16000000e+03 1.00000000e+00 2.50960000e+01
 9.09000000e-01 7.20700000e+00 1.20000000e+01 6.08773441e-01
 1.56826150e+04 4.01082900e+06 3.84000000e+03 2.16000000e+03
 1.00000000e+00 3.84340000e+01 9.18000000e-01 7.35430000e+01
 1.20000000e+01 5.40630960e-01 1.67201100e+04 4.23436800e+06
 3.84000000e+03 2.16000000e+03 1.00000000e+00 1.87810000e+01
 7.51000000e-01 2.96300000e+00 1.20000000e+01 0.00000000e+00
 1.74304300e+04 4.42079300e+06 3.84000000e+03 2.16000000e+03
 1.00000000e+00 4.57120000e+01 9.81000000e-01 8.96120000e+01
 1.87000000e+02]
deleted_idx_col 111
query_origi 567
query_idx 225
deleted_scaled [0.00000000e+00 0.00000000e+00 2.17150376e-04 1.01763394e-04
 0.00000000e+00 0.00000000e+00 0.00000000e+00 2.81132843e-01
 6.93023256e-01 0.00000000e+00 0.00000000e+00 7.55108673e-01
 2.10250459e-03 2.08876255e-03 0.00000000e+00 0.00000000e+00
 0.00000000e+00 3.07270843e-01 6.29268293e-01 2.02747881e-03
 0.00000000e+00 4.61953224e-01 3.92021619e-03 3.92910671e-03
 0.00000000e+00 0.00000000e+00 0.00000000e+00 4.83942810e-01
 8.29207921e-01 8.81375396e-02 0.00000000e+00 0.00000000e+00
 5.45398741e-04 5.52831435e-04 0.00000000e+00 0.00000000e+00
 0.00000000e+00 3.93722950e-01 7.72833724e-01 0.00000000e+00]
deleted_not_scaled [0.00000000e+00 0.00000000e+00 3.31696000e+02 8.41680000e+04
 3.20000000e+02 1.80000000e+02 0.00000000e+00 2.67430000e+01
 8.68000000e-01 0.00000000e+00 0.00000000e+00 2.47792566e+00
 3.73333000e+02 9.49200000e+04 3.20000000e+02 1.80000000e+02
 0.00000000e+00 2.39950000e+01 8.45000000e-01 1.88000000e-01
 0.00000000e+00 2.27103541e+00 3.95361000e+02 1.00669000e+05
 3.20000000e+02 1.80000000e+02 0.00000000e+00 3.12310000e+01
 9.26000000e-01 7.98200000e+00 0.00000000e+00 0.00000000e+00
 3.31980000e+02 8.46550000e+04 3.20000000e+02 1.80000000e+02
 0.00000000e+00 2.66430000e+01 9.00000000e-01 0.00000000e+00
 7.00000000e+01]
deleted_idx_col 225
query_origi 594
query_idx 8
deleted_scaled [0.25       0.         0.02766461 0.02758366 0.05454545 0.05454545
 0.         0.18068082 0.62790698 0.19866321 0.         0.
 0.00172296 0.00178362 0.         0.         0.         0.70768547
 0.86585366 0.0807217  0.         0.55669382 0.00234714 0.00242216
 0.         0.         0.         0.28504262 0.75990099 0.
 0.         0.         0.00285032 0.00271459 0.         0.
 0.         0.24950819 0.72833724 0.        ]
deleted_not_scaled [3.00000000e+00 0.00000000e+00 8.71670000e+02 2.22167000e+05
 5.12000000e+02 2.88000000e+02 0.00000000e+00 2.20540000e+01
 8.40000000e-01 1.91710000e+01 0.00000000e+00 0.00000000e+00
 3.65868000e+02 9.33880000e+04 3.20000000e+02 1.80000000e+02
 0.00000000e+00 3.75150000e+01 9.42000000e-01 7.48500000e+00
 0.00000000e+00 2.73679522e+00 3.65621000e+02 9.34620000e+04
 3.20000000e+02 1.80000000e+02 0.00000000e+00 2.39970000e+01
 8.98000000e-01 0.00000000e+00 0.00000000e+00 0.00000000e+00
 3.77339000e+02 9.55140000e+04 3.20000000e+02 1.80000000e+02
 0.00000000e+00 2.18780000e+01 8.81000000e-01 0.00000000e+00
 2.76000000e+02]
deleted_idx_col 8
query_origi 94
query_idx 335
deleted_scaled [0.         0.         0.00186494 0.00183055 0.         0.
 0.         0.15175989 0.60697674 0.         0.         0.
 0.00158248 0.00165217 0.         0.         0.         0.23000148
 0.59512195 0.         0.         0.         0.0023776  0.00246251
 0.         0.         0.         0.43013473 0.73514851 0.
 0.5        0.         0.10851265 0.10755587 0.27272727 0.27272727
 0.         0.28706758 0.68149883 0.20062424]
deleted_not_scaled [0.000000e+00 0.000000e+00 3.641130e+02 9.284900e+04 3.200000e+02
 1.800000e+02 0.000000e+00 2.070400e+01 8.310000e-01 0.000000e+00
 0.000000e+00 0.000000e+00 3.631050e+02 9.272800e+04 3.200000e+02
 1.800000e+02 0.000000e+00 2.138600e+01 8.310000e-01 0.000000e+00
 0.000000e+00 0.000000e+00 3.661970e+02 9.365500e+04 3.200000e+02
 1.800000e+02 0.000000e+00 2.927400e+01 8.880000e-01 0.000000e+00
 6.000000e+00 0.000000e+00 2.456687e+03 6.221560e+05 1.280000e+03
 7.200000e+02 0.000000e+00 2.311900e+01 8.610000e-01 1.896200e+01
 4.300000e+01]
deleted_idx_col 335
query_origi 552
query_idx 869
deleted_scaled [0.16666667 0.         0.01807924 0.01799519 0.05454545 0.05454545
 0.         0.14151974 0.30930233 0.24940933 0.16666667 0.
 0.01782403 0.01786672 0.05454545 0.05454545 0.         0.10608618
 0.15121951 0.22812372 0.25       0.         0.03188718 0.03224832
 0.05454545 0.05454545 0.         0.11248282 0.26485149 0.24653556
 0.25       0.         0.02541224 0.02506773 0.05454545 0.05454545
 0.         0.28388971 0.54332553 0.20356557]
deleted_not_scaled [2.00000e+00 0.00000e+00 6.83097e+02 1.74019e+05 5.12000e+02 2.88000e+02
 0.00000e+00 2.02260e+01 7.03000e-01 2.40680e+01 2.00000e+00 0.00000e+00
 6.82551e+02 1.74136e+05 5.12000e+02 2.88000e+02 0.00000e+00 1.72020e+01
 6.49000e-01 2.11530e+01 3.00000e+00 0.00000e+00 9.24093e+02 2.36106e+05
 5.12000e+02 2.88000e+02 0.00000e+00 1.77210e+01 6.98000e-01 2.23270e+01
 3.00000e+00 0.00000e+00 8.21339e+02 2.07799e+05 5.12000e+02 2.88000e+02
 0.00000e+00 2.30140e+01 8.02000e-01 1.92400e+01 1.10000e+02]
deleted_idx_col 869
query_origi 766
query_idx 815
deleted_scaled [0.58333333 0.         0.1414263  0.14172196 0.27272727 0.27272727
 0.         0.10745731 0.50232558 0.26032124 0.66666667 0.
 0.20594941 0.20425178 0.45454545 0.45454545 0.         0.12305642
 0.59268293 0.00433535 0.41666667 0.         0.08144512 0.08157261
 0.18181818 0.17171717 0.         0.06879296 0.42821782 0.01387984
 0.58333333 0.         0.14061368 0.13986576 0.27272727 0.27272727
 0.         0.77748857 0.86885246 0.8893509 ]
deleted_not_scaled [7.000000e+00 0.000000e+00 3.109704e+03 7.953070e+05 1.280000e+03
 7.200000e+02 0.000000e+00 1.863600e+01 7.860000e-01 2.512100e+01
 8.000000e+00 0.000000e+00 4.382685e+03 1.109915e+06 1.920000e+03
 1.080000e+03 0.000000e+00 1.777500e+01 8.300000e-01 4.020000e-01
 5.000000e+00 0.000000e+00 1.861015e+03 4.720000e+05 9.600000e+02
 5.200000e+02 0.000000e+00 1.613200e+01 7.640000e-01 1.257000e+00
 7.000000e+00 0.000000e+00 3.088409e+03 7.844560e+05 1.280000e+03
 7.200000e+02 0.000000e+00 3.932300e+01 9.410000e-01 8.405700e+01
 2.180000e+02]
deleted_idx_col 815
query_origi 496
query_idx 23
deleted_scaled [0.41666667 0.04043739 0.0728355  0.072908   0.18181818 0.17171717
 0.         0.25626085 0.48604651 0.28976166 0.25       0.94242099
 0.03105126 0.03122747 0.05454545 0.05454545 0.         0.23755368
 0.4097561  0.29499817 0.16666667 0.         0.01689278 0.01681919
 0.05454545 0.05454545 0.         0.07195491 0.32673267 0.29760498
 0.08333333 0.         0.00941818 0.00929063 0.01818182 0.01818182
 0.         0.32483884 0.50117096 0.02713855]
deleted_not_scaled [5.00000000e+00 1.89994716e-01 1.76031700e+03 4.49761000e+05
 9.60000000e+02 5.20000000e+02 0.00000000e+00 2.55820000e+01
 7.79000000e-01 2.79620000e+01 3.00000000e+00 3.09260008e+00
 9.42710000e+02 2.41216000e+05 5.12000000e+02 2.88000000e+02
 0.00000000e+00 2.16410000e+01 7.55000000e-01 2.73540000e+01
 2.00000000e+00 0.00000000e+00 6.40615000e+02 1.62316000e+05
 5.12000000e+02 2.88000000e+02 0.00000000e+00 1.62470000e+01
 7.23000000e-01 2.69520000e+01 1.00000000e+00 0.00000000e+00
 5.06589000e+02 1.28547000e+05 3.84000000e+02 2.16000000e+02
 0.00000000e+00 2.43670000e+01 7.84000000e-01 2.56500000e+00
 1.27000000e+02]
deleted_idx_col 23
