query_origi 8
query_idx 12
deleted_scaled [1.66666667e-01 0.00000000e+00 1.81388678e-02 1.81228457e-02
 5.45454545e-02 5.45454545e-02 0.00000000e+00 5.45834315e-01
 8.81395349e-01 5.06466321e-01 8.33333333e-02 4.45394773e-01
 8.67475709e-03 8.77252386e-03 1.81818182e-02 1.81818182e-02
 0.00000000e+00 3.05641937e-01 7.53658537e-01 0.00000000e+00
 8.33333333e-02 0.00000000e+00 1.12787805e-02 1.11681894e-02
 1.81818182e-02 1.81818182e-02 0.00000000e+00 2.25570525e-01
 7.10396040e-01 0.00000000e+00 0.00000000e+00 0.00000000e+00
 1.92873890e-03 1.82750903e-03 0.00000000e+00 0.00000000e+00
 0.00000000e+00 2.79561757e-01 7.21311475e-01 2.11606623e-05]
deleted_not_scaled [2.00000000e+00 0.00000000e+00 6.84270000e+02 1.74660000e+05
 5.12000000e+02 2.88000000e+02 0.00000000e+00 3.90990000e+01
 9.49000000e-01 4.88740000e+01 1.00000000e+00 1.46158451e+00
 5.02599000e+02 1.28477000e+05 3.84000000e+02 2.16000000e+02
 0.00000000e+00 2.39400000e+01 8.96000000e-01 0.00000000e+00
 1.00000000e+00 0.00000000e+00 5.34479000e+02 1.35290000e+05
 3.84000000e+02 2.16000000e+02 0.00000000e+00 2.18340000e+01
 8.78000000e-01 0.00000000e+00 0.00000000e+00 0.00000000e+00
 3.59203000e+02 9.10580000e+04 3.20000000e+02 1.80000000e+02
 0.00000000e+00 2.28710000e+01 8.78000000e-01 2.00000000e-03
 2.77000000e+02]
deleted_idx_col 12
query_origi 634
query_idx 96
deleted_scaled [1.         0.06823407 0.83214581 0.82673936 1.         1.
 1.         0.31262452 0.58372093 0.07807254 1.         0.16071157
 0.83067575 0.82653571 1.         1.         1.         0.36306827
 0.48292683 0.00786187 1.         0.13351528 0.86354877 0.86831774
 1.         1.         1.         0.15515535 0.34405941 0.07892848
 1.         0.         0.8283464  0.82669601 1.         1.
 1.         0.25550074 0.54098361 0.13796752]
deleted_not_scaled [1.20000000e+01 3.20597144e-01 1.66982310e+04 4.23508900e+06
 3.84000000e+03 2.16000000e+03 1.00000000e+00 2.82130000e+01
 8.21000000e-01 7.53400000e+00 1.20000000e+01 5.27382807e-01
 1.66700820e+04 4.23420100e+06 3.84000000e+03 2.16000000e+03
 1.00000000e+00 2.58790000e+01 7.85000000e-01 7.29000000e-01
 1.20000000e+01 6.56382343e-01 1.66471460e+04 4.23461800e+06
 3.84000000e+03 2.16000000e+03 1.00000000e+00 1.92730000e+01
 7.30000000e-01 7.14800000e+00 1.20000000e+01 0.00000000e+00
 1.66224250e+04 4.23456300e+06 3.84000000e+03 2.16000000e+03
 1.00000000e+00 2.20760000e+01 8.01000000e-01 1.30400000e+01
 7.70000000e+01]
deleted_idx_col 96
query_origi 424
query_idx 447
deleted_scaled [0.41666667 0.         0.07626492 0.07624986 0.18181818 0.17171717
 0.         0.05998415 0.26976744 0.00592746 0.41666667 0.
 0.07720106 0.07739535 0.18181818 0.17171717 0.         0.18311861
 0.26829268 0.01847378 0.5        0.         0.11298563 0.11293814
 0.27272727 0.27272727 0.         0.10478416 0.43811881 0.22693595
 0.58333333 0.         0.14092483 0.13986735 0.27272727 0.27272727
 0.         0.20120456 0.70257611 0.13476168]
deleted_not_scaled [5.000000e+00 0.000000e+00 1.827784e+03 4.665420e+05 9.600000e+02
 5.200000e+02 0.000000e+00 1.642000e+01 6.860000e-01 5.720000e-01
 5.000000e+00 0.000000e+00 1.850405e+03 4.730100e+05 9.600000e+02
 5.200000e+02 0.000000e+00 1.980300e+01 6.970000e-01 1.713000e+00
 6.000000e+00 0.000000e+00 2.457307e+03 6.220060e+05 1.280000e+03
 7.200000e+02 0.000000e+00 1.744100e+01 7.680000e-01 2.055200e+01
 7.000000e+00 0.000000e+00 3.094532e+03 7.844640e+05 1.280000e+03
 7.200000e+02 0.000000e+00 2.028200e+01 8.700000e-01 1.273700e+01
 1.490000e+02]
deleted_idx_col 447
query_origi 830
query_idx 565
deleted_scaled [0.25       0.         0.03174126 0.03160699 0.05454545 0.05454545
 0.         0.12817327 0.60930233 0.16746114 0.16666667 0.
 0.01596186 0.01598948 0.05454545 0.05454545 0.         0.18122316
 0.60487805 0.19491836 0.25       0.         0.02733086 0.02764635
 0.05454545 0.05454545 0.         0.17970855 0.63118812 0.1939313
 0.25       0.         0.02889511 0.02902912 0.05454545 0.05454545
 0.         0.30292667 0.67213115 0.24516743]
deleted_not_scaled [3.00000e+00 0.00000e+00 9.51870e+02 2.42370e+05 5.12000e+02 2.88000e+02
 0.00000e+00 1.96030e+01 8.32000e-01 1.61600e+01 2.00000e+00 0.00000e+00
 6.45925e+02 1.64711e+05 5.12000e+02 2.88000e+02 0.00000e+00 1.97390e+01
 8.35000e-01 1.80740e+01 3.00000e+00 0.00000e+00 8.37953e+02 2.14097e+05
 5.12000e+02 2.88000e+02 0.00000e+00 2.01660e+01 8.46000e-01 1.75630e+01
 3.00000e+00 0.00000e+00 8.89879e+02 2.27698e+05 5.12000e+02 2.88000e+02
 0.00000e+00 2.36430e+01 8.57000e-01 2.31720e+01 2.68000e+02]
deleted_idx_col 565
query_origi 194
query_idx 519
deleted_scaled [0.5        0.         0.0916337  0.09183101 0.27272727 0.27272727
 0.         0.18554382 0.67674419 0.27235233 0.5        0.
 0.10792759 0.10700392 0.27272727 0.27272727 0.         0.16700726
 0.58292683 0.20474301 0.5        0.         0.11314966 0.11335946
 0.27272727 0.27272727 0.         0.11811933 0.53712871 0.25097446
 0.5        0.         0.10757425 0.10698891 0.27272727 0.27272727
 0.         0.45143912 0.78220141 0.49192192]
deleted_not_scaled [6.000000e+00 0.000000e+00 2.130134e+03 5.447820e+05 1.280000e+03
 7.200000e+02 0.000000e+00 2.228100e+01 8.610000e-01 2.628200e+01
 6.000000e+00 0.000000e+00 2.454748e+03 6.216650e+05 1.280000e+03
 7.200000e+02 0.000000e+00 1.925900e+01 8.260000e-01 1.898500e+01
 6.000000e+00 0.000000e+00 2.460408e+03 6.240210e+05 1.280000e+03
 7.200000e+02 0.000000e+00 1.792600e+01 8.080000e-01 2.272900e+01
 6.000000e+00 0.000000e+00 2.438220e+03 6.193080e+05 1.280000e+03
 7.200000e+02 0.000000e+00 2.855000e+01 9.040000e-01 4.649400e+01
 6.000000e+01]
deleted_idx_col 519
query_origi 90
query_idx 753
deleted_scaled [0.16666667 0.         0.01814822 0.01809815 0.05454545 0.05454545
 0.         0.0458236  0.21395349 0.38260104 0.16666667 0.
 0.01781152 0.01790516 0.05454545 0.05454545 0.         0.58735377
 0.78292683 0.51133447 0.25       0.1072546  0.02864079 0.02903704
 0.05454545 0.05454545 0.         0.09747044 0.13861386 0.3198326
 0.16666667 0.         0.02132192 0.0210504  0.05454545 0.05454545
 0.         0.08849611 0.26932084 0.28936148]
deleted_not_scaled [2.00000000e+00 0.00000000e+00 6.84454000e+02 1.74536000e+05
 5.12000000e+02 2.88000000e+02 0.00000000e+00 1.57590000e+01
 6.62000000e-01 3.69210000e+01 2.00000000e+00 0.00000000e+00
 6.82305000e+02 1.74329000e+05 5.12000000e+02 2.88000000e+02
 0.00000000e+00 3.34520000e+01 9.08000000e-01 4.74140000e+01
 3.00000000e+00 5.27280643e-01 8.62718000e+02 2.20748000e+05
 5.12000000e+02 2.88000000e+02 0.00000000e+00 1.71750000e+01
 6.47000000e-01 2.89650000e+01 2.00000000e+00 0.00000000e+00
 7.40845000e+02 1.87619000e+05 5.12000000e+02 2.88000000e+02
 0.00000000e+00 1.65580000e+01 6.85000000e-01 2.73490000e+01
 1.41000000e+02]
deleted_idx_col 753
query_origi 507
query_idx 520
deleted_scaled [0.16666667 0.         0.01820551 0.01812125 0.05454545 0.05454545
 0.         0.14927483 0.26976744 0.27471503 0.25       0.
 0.02923576 0.02927215 0.05454545 0.05454545 0.         0.04309196
 0.23170732 0.40155943 0.25       0.         0.02695838 0.02727019
 0.05454545 0.05454545 0.         0.13112455 0.43069307 0.19242958
 0.25       0.         0.03242193 0.03201545 0.05454545 0.05454545
 0.         0.68790291 0.82669789 0.58768449]
deleted_not_scaled [2.00000e+00 0.00000e+00 6.85581e+02 1.74652e+05 5.12000e+02 2.88000e+02
 0.00000e+00 2.05880e+01 6.86000e-01 2.65100e+01 3.00000e+00 0.00000e+00
 9.07002e+02 2.31399e+05 5.12000e+02 2.88000e+02 0.00000e+00 1.50750e+01
 6.82000e-01 3.72350e+01 3.00000e+00 0.00000e+00 8.30911e+02 2.12298e+05
 5.12000e+02 2.88000e+02 0.00000e+00 1.83990e+01 7.65000e-01 1.74270e+01
 3.00000e+00 0.00000e+00 9.59284e+02 2.42699e+05 5.12000e+02 2.88000e+02
 0.00000e+00 3.63630e+01 9.23000e-01 5.55450e+01 2.38000e+02]
deleted_idx_col 520
query_origi 939
query_idx 965
deleted_scaled [0.58333333 0.         0.1406007  0.13966259 0.27272727 0.27272727
 0.         0.19259196 0.4627907  0.22415544 0.58333333 0.
 0.13998004 0.139341   0.27272727 0.27272727 0.         0.6931734
 0.86585366 0.76803701 0.58333333 0.         0.14599449 0.14685337
 0.27272727 0.27272727 0.         0.17629915 0.4950495  0.31979948
 0.58333333 0.         0.1399728  0.13976383 0.27272727 0.27272727
 0.         0.20417058 0.46604215 0.33129133]
deleted_not_scaled [7.000000e+00 0.000000e+00 3.093462e+03 7.849660e+05 1.280000e+03
 7.200000e+02 0.000000e+00 2.261000e+01 7.690000e-01 2.163100e+01
 7.000000e+00 0.000000e+00 3.085170e+03 7.840190e+05 1.280000e+03
 7.200000e+02 0.000000e+00 3.702500e+01 9.420000e-01 7.121700e+01
 7.000000e+00 0.000000e+00 3.081359e+03 7.842060e+05 1.280000e+03
 7.200000e+02 0.000000e+00 2.004200e+01 7.910000e-01 2.896200e+01
 7.000000e+00 0.000000e+00 3.075797e+03 7.839440e+05 1.280000e+03
 7.200000e+02 0.000000e+00 2.038000e+01 7.690000e-01 3.131200e+01
 8.500000e+01]
deleted_idx_col 965
query_origi 707
query_idx 787
deleted_scaled [0.41666667 0.         0.07723066 0.07739953 0.18181818 0.17171717
 0.         0.55843099 0.88139535 0.85380311 0.5        0.
 0.1079645  0.10704057 0.27272727 0.27272727 0.         0.45262846
 0.56829268 0.42710782 0.5        0.         0.11274983 0.11295863
 0.27272727 0.27272727 0.         0.22680781 0.11138614 0.36018021
 0.5        0.         0.10809861 0.10751068 0.27272727 0.27272727
 0.         0.24953845 0.15456674 0.32557795]
deleted_not_scaled [5.000000e+00 0.000000e+00 1.846783e+03 4.723150e+05 9.600000e+02
 5.200000e+02 0.000000e+00 3.968700e+01 9.490000e-01 8.239200e+01
 6.000000e+00 0.000000e+00 2.455474e+03 6.218490e+05 1.280000e+03
 7.200000e+02 0.000000e+00 2.890300e+01 8.200000e-01 3.960400e+01
 6.000000e+00 0.000000e+00 2.452849e+03 6.221040e+05 1.280000e+03
 7.200000e+02 0.000000e+00 2.187900e+01 6.360000e-01 3.261900e+01
 6.000000e+00 0.000000e+00 2.448539e+03 6.219290e+05 1.280000e+03
 7.200000e+02 0.000000e+00 2.187900e+01 6.360000e-01 3.077200e+01
 9.000000e+01]
deleted_idx_col 787
query_origi 731
query_idx 630
deleted_scaled [1.         0.         0.8275702  0.82674055 1.         1.
 1.         0.27228518 0.58372093 0.22115026 1.         0.
 0.90362401 0.90408065 1.         1.         1.         0.12287872
 0.36097561 0.11227703 1.         0.         0.85407914 0.86353009
 1.         1.         1.         0.22760517 0.58415842 0.0165741
 1.         0.         0.75991337 0.75383712 1.         1.
 1.         0.2296238  0.36065574 0.06032905]
deleted_not_scaled [1.2000000e+01 0.0000000e+00 1.6608215e+04 4.2350950e+06 3.8400000e+03
 2.1600000e+03 1.0000000e+00 2.6330000e+01 8.2100000e-01 2.1341000e+01
 1.2000000e+01 0.0000000e+00 1.8104861e+04 4.6235290e+06 3.8400000e+03
 2.1600000e+03 1.0000000e+00 1.7769000e+01 7.3500000e-01 1.0411000e+01
 1.2000000e+01 0.0000000e+00 1.6468117e+04 4.2117210e+06 3.8400000e+03
 2.1600000e+03 1.0000000e+00 2.1908000e+01 8.2700000e-01 1.5010000e+00
 1.2000000e+01 0.0000000e+00 1.5275719e+04 3.8685760e+06 3.8400000e+03
 2.1600000e+03 1.0000000e+00 2.1221000e+01 7.2400000e-01 5.7020000e+00
 2.8400000e+02]
deleted_idx_col 630
query_origi 731
query_idx 775
deleted_scaled [0.25       0.         0.02576206 0.02551772 0.05454545 0.05454545
 0.         0.24842006 0.73953488 0.12557513 0.33333333 0.
 0.04256803 0.0423933  0.09090909 0.09090909 0.         0.3805716
 0.76585366 0.25173091 0.33333333 0.         0.04485181 0.04512879
 0.09090909 0.09090909 0.         0.21710201 0.67574257 0.23368263
 0.33333333 0.         0.04284411 0.0428091  0.09090909 0.09090909
 0.         0.16385703 0.70725995 0.1507803 ]
deleted_not_scaled [3.000000e+00 0.000000e+00 8.342410e+02 2.117930e+05 5.120000e+02
 2.880000e+02 0.000000e+00 2.521600e+01 8.880000e-01 1.211800e+01
 4.000000e+00 0.000000e+00 1.169227e+03 2.972760e+05 6.400000e+02
 3.600000e+02 0.000000e+00 2.647000e+01 9.010000e-01 2.334200e+01
 4.000000e+00 0.000000e+00 1.169197e+03 2.977070e+05 6.400000e+02
 3.600000e+02 0.000000e+00 2.152600e+01 8.640000e-01 2.116300e+01
 4.000000e+00 0.000000e+00 1.164384e+03 2.969180e+05 6.400000e+02
 3.600000e+02 0.000000e+00 1.904800e+01 8.720000e-01 1.425100e+01
 1.680000e+02]
deleted_idx_col 775
query_origi 281
query_idx 111
deleted_scaled [1.         0.07833125 0.83252841 0.83294155 1.         1.
 1.         0.24584931 0.78837209 0.07468394 1.         0.18551408
 0.78047011 0.78204529 1.         1.         1.         0.73490301
 0.80731707 0.79312167 1.         0.1099702  0.86740816 0.86826546
 1.         1.         1.         0.14162772 0.3960396  0.03271756
 1.         0.         0.86940528 0.86376975 1.         1.
 1.         0.97085439 0.96252927 0.94812464]
deleted_not_scaled [1.20000000e+01 3.68038646e-01 1.67057580e+04 4.26623300e+06
 3.84000000e+03 2.16000000e+03 1.00000000e+00 2.50960000e+01
 9.09000000e-01 7.20700000e+00 1.20000000e+01 6.08773441e-01
 1.56826150e+04 4.01082900e+06 3.84000000e+03 2.16000000e+03
 1.00000000e+00 3.84340000e+01 9.18000000e-01 7.35430000e+01
 1.20000000e+01 5.40630960e-01 1.67201100e+04 4.23436800e+06
 3.84000000e+03 2.16000000e+03 1.00000000e+00 1.87810000e+01
 7.51000000e-01 2.96300000e+00 1.20000000e+01 0.00000000e+00
 1.74304300e+04 4.42079300e+06 3.84000000e+03 2.16000000e+03
 1.00000000e+00 4.57120000e+01 9.81000000e-01 8.96120000e+01
 1.87000000e+02]
deleted_idx_col 111
query_origi 401
query_idx 644
deleted_scaled [1.         0.         0.84942477 0.84475686 1.         1.
 1.         0.05490692 0.4        0.01918135 1.         0.
 0.81720118 0.81394478 1.         1.         1.         0.82508515
 0.91707317 0.87264629 0.91666667 0.         0.58312113 0.58692357
 1.         1.         0.         0.21836679 0.5        0.02188532
 1.         0.         0.80826757 0.80746456 1.         1.
 1.         0.23122787 0.49180328 0.02946622]
deleted_not_scaled [1.2000000e+01 0.0000000e+00 1.7038160e+04 4.3255630e+06 3.8400000e+03
 2.1600000e+03 1.0000000e+00 1.6183000e+01 7.4200000e-01 1.8510000e+00
 1.2000000e+01 0.0000000e+00 1.6405058e+04 4.1709860e+06 3.8400000e+03
 2.1600000e+03 1.0000000e+00 4.1479000e+01 9.6300000e-01 8.0917000e+01
 1.1000000e+01 0.0000000e+00 1.1345496e+04 2.8888470e+06 3.8400000e+03
 2.1600000e+03 0.0000000e+00 2.1572000e+01 7.9300000e-01 1.9820000e+00
 1.2000000e+01 0.0000000e+00 1.6227290e+04 4.1379590e+06 3.8400000e+03
 2.1600000e+03 1.0000000e+00 2.1274000e+01 7.8000000e-01 2.7850000e+00
 1.5300000e+02]
deleted_idx_col 644
query_origi 245
query_idx 574
deleted_scaled [0.91666667 0.         0.57000759 0.5697133  1.         1.
 0.         0.02924227 0.2        0.11596891 0.91666667 0.
 0.56505575 0.56565212 1.         1.         0.         0.14295869
 0.38780488 0.02176304 1.         0.         1.         1.
 1.         1.         1.         0.77165246 0.88366337 1.
 0.91666667 0.         0.54587625 0.54175749 1.         1.
 0.         0.08686178 0.52693208 0.11360102]
deleted_not_scaled [1.1000000e+01 0.0000000e+00 1.1541185e+04 2.9444450e+06 3.8400000e+03
 2.1600000e+03 0.0000000e+00 1.4985000e+01 6.5600000e-01 1.1191000e+01
 1.1000000e+01 0.0000000e+00 1.1445749e+04 2.9243890e+06 3.8400000e+03
 2.1600000e+03 0.0000000e+00 1.8447000e+01 7.4600000e-01 2.0180000e+00
 1.2000000e+01 0.0000000e+00 1.9226837e+04 4.8643900e+06 3.8400000e+03
 2.1600000e+03 1.0000000e+00 4.1695000e+01 9.4800000e-01 9.0563000e+01
 1.1000000e+01 0.0000000e+00 1.1063644e+04 2.8032510e+06 3.8400000e+03
 2.1600000e+03 0.0000000e+00 1.6504000e+01 7.9500000e-01 1.0737000e+01
 2.3900000e+02]
deleted_idx_col 574
query_origi 171
query_idx 466
deleted_scaled [1.         0.20103526 0.8285214  0.82106849 1.         1.
 1.         0.1326935  0.59534884 0.02511917 1.         0.22433114
 0.89000158 0.88334698 1.         1.         1.         0.91956168
 0.94878049 0.99102733 1.         0.08616056 0.87090823 0.87352442
 1.         1.         1.         0.26601595 0.69306931 0.01971004
 1.         0.         0.76796172 0.76489475 1.         1.
 1.         0.3558609  0.71194379 0.16393165]
deleted_not_scaled [1.20000000e+01 9.44562300e-01 1.66269280e+04 4.20661300e+06
 3.84000000e+03 2.16000000e+03 1.00000000e+00 1.98140000e+01
 8.26000000e-01 2.42400000e+00 1.20000000e+01 7.36153500e-01
 1.78369290e+04 4.51943200e+06 3.84000000e+03 2.16000000e+03
 1.00000000e+00 4.46690000e+01 9.76000000e-01 9.18940000e+01
 1.20000000e+01 4.23579017e-01 1.67862810e+04 4.25951900e+06
 3.84000000e+03 2.16000000e+03 1.00000000e+00 2.33050000e+01
 8.71000000e-01 1.78500000e+00 1.20000000e+01 0.00000000e+00
 1.54341040e+04 3.92412100e+06 3.84000000e+03 2.16000000e+03
 1.00000000e+00 2.53920000e+01 8.74000000e-01 1.54940000e+01
 1.96000000e+02]
deleted_idx_col 466
query_origi 294
query_idx 108
deleted_scaled [1.         0.47907371 0.85437287 0.85095805 1.         1.
 1.         0.10848561 0.57906977 0.05373057 1.         0.41945903
 0.73161943 0.72980312 1.         1.         1.         0.18071968
 0.52926829 0.02476112 1.         0.10424979 0.88406366 0.89117288
 1.         1.         1.         0.78792961 0.92821782 0.82047856
 1.         0.         0.83258098 0.83300071 1.         1.
 1.         0.34690233 0.79391101 0.07625245]
deleted_not_scaled [1.20000000e+01 2.25092335e+00 1.71355040e+04 4.35670200e+06
 3.84000000e+03 2.16000000e+03 1.00000000e+00 1.86840000e+01
 8.19000000e-01 5.18500000e+00 1.20000000e+01 1.37647510e+00
 1.47217980e+04 3.74853800e+06 3.84000000e+03 2.16000000e+03
 1.00000000e+00 1.97220000e+01 8.04000000e-01 2.29600000e+00
 1.20000000e+01 5.12508516e-01 1.70349920e+04 4.34392300e+06
 3.84000000e+03 2.16000000e+03 1.00000000e+00 4.22870000e+01
 9.66000000e-01 7.43050000e+01 1.20000000e+01 0.00000000e+00
 1.67057580e+04 4.26623300e+06 3.84000000e+03 2.16000000e+03
 1.00000000e+00 2.50960000e+01 9.09000000e-01 7.20700000e+00
 1.84000000e+02]
deleted_idx_col 108
query_origi 137
query_idx 314
deleted_scaled [0.91666667 0.         0.5694608  0.5677316  1.         1.
 0.         0.14096275 0.52790698 0.04617617 0.91666667 0.
 0.56853325 0.56769945 1.         1.         0.         0.17731379
 0.25853659 0.00321377 0.91666667 0.         0.59109311 0.59645015
 1.         1.         0.         0.45980203 0.6460396  0.66362643
 0.91666667 0.         0.58818782 0.58908579 1.         1.
 0.         0.32002663 0.38875878 0.31787547]
deleted_not_scaled [1.1000000e+01 0.0000000e+00 1.1530428e+04 2.9344940e+06 3.8400000e+03
 2.1600000e+03 0.0000000e+00 2.0200000e+01 7.9700000e-01 4.4560000e+00
 1.1000000e+01 0.0000000e+00 1.1514146e+04 2.9346680e+06 3.8400000e+03
 2.1600000e+03 0.0000000e+00 1.9607000e+01 6.9300000e-01 2.9800000e-01
 1.1000000e+01 0.0000000e+00 1.1496211e+04 2.9344080e+06 3.8400000e+03
 2.1600000e+03 0.0000000e+00 3.0353000e+01 8.5200000e-01 6.0100000e+01
 1.1000000e+01 0.0000000e+00 1.1896301e+04 3.0409920e+06 3.8400000e+03
 2.1600000e+03 0.0000000e+00 2.4208000e+01 7.3600000e-01 3.0044000e+01
 1.9000000e+01]
deleted_idx_col 314
query_origi 83
query_idx 377
deleted_scaled [0.91666667 0.         0.55408038 0.55491161 1.         1.
 0.         0.56423659 0.89767442 0.92324352 0.91666667 0.
 0.54045365 0.53584199 1.         1.         0.         0.11103213
 0.55853659 0.06168712 0.91666667 0.         0.63165619 0.63289188
 1.         1.         0.         0.12719274 0.17821782 0.07808929
 0.91666667 0.         0.5727449  0.56958201 1.         1.
 0.         0.2093157  0.55503513 0.05887954]
deleted_not_scaled [1.1000000e+01 0.0000000e+00 1.1227849e+04 2.8701190e+06 3.8400000e+03
 2.1600000e+03 0.0000000e+00 3.9958000e+01 9.5600000e-01 8.9093000e+01
 1.1000000e+01 0.0000000e+00 1.0961864e+04 2.7747220e+06 3.8400000e+03
 2.1600000e+03 0.0000000e+00 1.7369000e+01 8.1600000e-01 5.7200000e+00
 1.1000000e+01 0.0000000e+00 1.2263080e+04 3.1086910e+06 3.8400000e+03
 2.1600000e+03 0.0000000e+00 1.8256000e+01 6.6300000e-01 7.0720000e+00
 1.1000000e+01 0.0000000e+00 1.1592397e+04 2.9430200e+06 3.8400000e+03
 2.1600000e+03 0.0000000e+00 2.0550000e+01 8.0700000e-01 5.5650000e+00
 2.4800000e+02]
deleted_idx_col 377
query_origi 746
query_idx 405
deleted_scaled [0.83333333 0.         0.39612646 0.39348878 0.63636364 0.63636364
 0.         0.05392146 0.43488372 0.0180829  0.83333333 0.
 0.41400457 0.41193019 0.63636364 0.63636364 0.         0.78208204
 0.87073171 0.9328128  0.83333333 0.         0.41192171 0.41417899
 0.63636364 0.63636364 0.         0.16037943 0.70049505 0.11110498
 0.83333333 0.         0.39342203 0.39263394 0.63636364 0.63636364
 0.         0.22420629 0.70023419 0.00849601]
deleted_not_scaled [1.000000e+01 0.000000e+00 8.120421e+03 2.059542e+06 2.560000e+03
 1.440000e+03 0.000000e+00 1.613700e+01 7.570000e-01 1.745000e+00
 1.000000e+01 0.000000e+00 8.474807e+03 2.152601e+06 2.560000e+03
 1.440000e+03 0.000000e+00 4.002700e+01 9.440000e-01 8.649600e+01
 1.000000e+01 0.000000e+00 8.108870e+03 2.062694e+06 2.560000e+03
 1.440000e+03 0.000000e+00 1.946300e+01 8.740000e-01 1.006200e+01
 1.000000e+01 0.000000e+00 8.063470e+03 2.054169e+06 2.560000e+03
 1.440000e+03 0.000000e+00 2.104200e+01 8.690000e-01 8.030000e-01
 2.200000e+02]
deleted_idx_col 405
query_origi 444
query_idx 737
deleted_scaled [1.         0.         0.80946818 0.80380117 1.         1.
 1.         0.19940444 0.66976744 0.03418653 0.91666667 0.
 0.57094706 0.56780681 1.         1.         0.         0.58963424
 0.9097561  0.51528158 1.         0.         0.86394278 0.86827864
 1.         1.         1.         0.22708276 0.35643564 0.06525844
 0.91666667 0.         0.56931249 0.56788887 1.         1.
 0.         0.22441815 0.31147541 0.04756917]
deleted_not_scaled [1.2000000e+01 0.0000000e+00 1.6252094e+04 4.1199060e+06 3.8400000e+03
 2.1600000e+03 1.0000000e+00 2.2928000e+01 8.5800000e-01 3.2990000e+00
 1.1000000e+01 0.0000000e+00 1.1561622e+04 2.9352070e+06 3.8400000e+03
 2.1600000e+03 0.0000000e+00 3.3529000e+01 9.6000000e-01 4.7780000e+01
 1.2000000e+01 0.0000000e+00 1.6654595e+04 4.2344310e+06 3.8400000e+03
 2.1600000e+03 1.0000000e+00 2.1889000e+01 7.3500000e-01 5.9100000e+00
 1.1000000e+01 0.0000000e+00 1.1524850e+04 2.9345150e+06 3.8400000e+03
 2.1600000e+03 0.0000000e+00 2.1049000e+01 7.0300000e-01 4.4960000e+00
 2.8000000e+02]
deleted_idx_col 737
query_origi 3
query_idx 579
deleted_scaled [0.         0.         0.00202364 0.00198907 0.         0.
 0.         0.04552368 0.23023256 0.06009326 0.33333333 0.
 0.04218782 0.04230387 0.09090909 0.09090909 0.         0.6339997
 0.81219512 0.65680607 0.         0.         0.00227737 0.00237072
 0.         0.         0.         0.10266703 0.17326733 0.02467895
 0.5        0.         0.11329918 0.11230481 0.27272727 0.27272727
 0.         0.08559063 0.23653396 0.3277046 ]
deleted_not_scaled [0.000000e+00 0.000000e+00 3.672350e+02 9.364500e+04 3.200000e+02
 1.800000e+02 0.000000e+00 1.574500e+01 6.690000e-01 5.799000e+00
 4.000000e+00 0.000000e+00 1.161749e+03 2.968270e+05 6.400000e+02
 3.600000e+02 0.000000e+00 3.502700e+01 9.200000e-01 6.090300e+01
 0.000000e+00 0.000000e+00 3.643020e+02 9.321600e+04 3.200000e+02
 1.800000e+02 0.000000e+00 1.736400e+01 6.610000e-01 2.235000e+00
 6.000000e+00 0.000000e+00 2.550882e+03 6.460110e+05 1.280000e+03
 7.200000e+02 0.000000e+00 1.646200e+01 6.710000e-01 3.097300e+01
 1.410000e+02]
deleted_idx_col 579
query_origi 137
query_idx 566
deleted_scaled [1.         0.         0.88993409 0.8837167  1.         1.
 1.         0.17915979 0.61162791 0.         0.91666667 0.
 0.52519764 0.52230656 1.         1.         0.         0.33555457
 0.70731707 0.01717965 1.         0.         0.873563   0.87794761
 1.         1.         1.         0.34767666 0.75       0.07602442
 1.         0.         0.8197462  0.81770339 1.         1.
 1.         0.23758361 0.66042155 0.01886473]
deleted_not_scaled [1.2000000e+01 0.0000000e+00 1.7835100e+04 4.5211980e+06 3.8400000e+03
 2.1600000e+03 1.0000000e+00 2.1983000e+01 8.3300000e-01 0.0000000e+00
 1.1000000e+01 0.0000000e+00 1.0661802e+04 2.7067650e+06 3.8400000e+03
 2.1600000e+03 0.0000000e+00 2.4950000e+01 8.7700000e-01 1.5930000e+00
 1.2000000e+01 0.0000000e+00 1.6836471e+04 4.2806730e+06 3.8400000e+03
 2.1600000e+03 1.0000000e+00 2.6275000e+01 8.9400000e-01 6.8850000e+00
 1.2000000e+01 0.0000000e+00 1.6453180e+04 4.1893910e+06 3.8400000e+03
 2.1600000e+03 1.0000000e+00 2.1484000e+01 8.5200000e-01 1.7830000e+00
 1.6700000e+02]
deleted_idx_col 566
query_origi 529
query_idx 759
deleted_scaled [0.         0.         0.00186957 0.00179888 0.         0.
 0.         0.19389876 0.45581395 0.         0.16666667 0.
 0.01789277 0.01790137 0.05454545 0.05454545 0.         0.52249371
 0.67804878 0.46983586 0.16666667 0.         0.01908044 0.01927774
 0.05454545 0.05454545 0.         0.13390157 0.27970297 0.35978269
 0.16666667 0.         0.01834594 0.01842042 0.05454545 0.05454545
 0.         0.05665688 0.2295082  0.47298312]
deleted_not_scaled [0.00000e+00 0.00000e+00 3.64204e+02 9.26900e+04 3.20000e+02 1.80000e+02
 0.00000e+00 2.26710e+01 7.66000e-01 0.00000e+00 2.00000e+00 0.00000e+00
 6.83903e+02 1.74310e+05 5.12000e+02 2.88000e+02 0.00000e+00 3.12620e+01
 8.65000e-01 4.35660e+01 2.00000e+00 0.00000e+00 6.81974e+02 1.74074e+05
 5.12000e+02 2.88000e+02 0.00000e+00 1.85000e+01 7.04000e-01 3.25830e+01
 2.00000e+00 0.00000e+00 6.82280e+02 1.74408e+05 5.12000e+02 2.88000e+02
 0.00000e+00 1.55060e+01 6.68000e-01 4.47040e+01 1.32000e+02]
deleted_idx_col 759
query_origi 797
query_idx 591
deleted_scaled [1.         0.         0.76665657 0.76818717 1.         1.
 1.         0.18922856 0.72790698 0.00740933 1.         0.
 0.79403992 0.78769891 1.         1.         1.         0.16825115
 0.28292683 0.03631128 1.         0.         0.86615514 0.86832025
 1.         1.         1.         0.22449821 0.69554455 0.46608438
 0.91666667 0.         0.62020841 0.61710043 1.         1.
 0.         0.45268    0.80093677 0.2389462 ]
deleted_not_scaled [1.2000000e+01 0.0000000e+00 1.5409861e+04 3.9410720e+06 3.8400000e+03
 2.1600000e+03 1.0000000e+00 2.2453000e+01 8.8300000e-01 7.1500000e-01
 1.2000000e+01 0.0000000e+00 1.5949512e+04 4.0392140e+06 3.8400000e+03
 2.1600000e+03 1.0000000e+00 1.9301000e+01 7.0300000e-01 3.3670000e+00
 1.2000000e+01 0.0000000e+00 1.6696421e+04 4.2346300e+06 3.8400000e+03
 2.1600000e+03 1.0000000e+00 2.1795000e+01 8.7200000e-01 4.2210000e+01
 1.1000000e+01 0.0000000e+00 1.2526440e+04 3.1817160e+06 3.8400000e+03
 2.1600000e+03 0.0000000e+00 2.8591000e+01 9.1200000e-01 2.2584000e+01
 1.7300000e+02]
deleted_idx_col 591
query_origi 345
query_idx 237
deleted_scaled [1.         0.15847189 0.83512497 0.82928245 1.         1.
 1.         0.02911373 0.         0.03474611 1.         0.25996863
 0.77903919 0.77476539 1.         1.         1.         0.08861247
 0.2902439  0.03839268 1.         0.09232453 0.89841978 0.9029303
 1.         1.         1.         0.11737696 0.44059406 0.02445811
 1.         0.         0.79574769 0.79376421 1.         1.
 1.         0.45219576 0.81498829 0.36661906]
deleted_not_scaled [1.20000000e+01 7.44578712e-01 1.67568400e+04 4.24785900e+06
 3.84000000e+03 2.16000000e+03 1.00000000e+00 1.49790000e+01
 5.70000000e-01 3.35300000e+00 1.20000000e+01 8.53099655e-01
 1.56544710e+04 3.97427900e+06 3.84000000e+03 2.16000000e+03
 1.00000000e+00 1.66120000e+01 7.06000000e-01 3.56000000e+00
 1.20000000e+01 4.53882070e-01 1.73064030e+04 4.40015300e+06
 3.84000000e+03 2.16000000e+03 1.00000000e+00 1.78990000e+01
 7.69000000e-01 2.21500000e+00 1.20000000e+01 0.00000000e+00
 1.59809090e+04 4.06913900e+06 3.84000000e+03 2.16000000e+03
 1.00000000e+00 2.85750000e+01 9.18000000e-01 3.46510000e+01
 2.40000000e+01]
deleted_idx_col 237
query_origi 233
query_idx 321
deleted_scaled [1.         0.03375549 0.82726094 0.82725813 1.         1.
 1.         0.35780544 0.65581395 0.62954404 1.         0.25879131
 0.86086248 0.86216039 1.         1.         1.         0.31298682
 0.35853659 0.32488191 1.         0.1888167  0.8814356  0.88186459
 1.         1.         1.         0.08405279 0.09653465 0.13379636
 1.         0.         0.83517672 0.82934291 1.         1.
 1.         0.040707   0.         0.03547585]
deleted_not_scaled [1.20000000e+01 1.58599869e-01 1.66021310e+04 4.23769400e+06
 3.84000000e+03 2.16000000e+03 1.00000000e+00 3.03220000e+01
 8.52000000e-01 6.07510000e+01 1.20000000e+01 8.49236209e-01
 1.72638080e+04 4.41306100e+06 3.84000000e+03 2.16000000e+03
 1.00000000e+00 2.41880000e+01 7.34000000e-01 3.01250000e+01
 1.20000000e+01 9.28252873e-01 1.69853070e+04 4.29940600e+06
 3.84000000e+03 2.16000000e+03 1.00000000e+00 1.66870000e+01
 6.30000000e-01 1.21170000e+01 1.20000000e+01 0.00000000e+00
 1.67568400e+04 4.24785900e+06 3.84000000e+03 2.16000000e+03
 1.00000000e+00 1.49790000e+01 5.70000000e-01 3.35300000e+00
 2.10000000e+01]
deleted_idx_col 321
query_origi 376
query_idx 189
deleted_scaled [0.         0.31447739 0.         0.         0.         0.
 0.         0.11986118 0.37674419 0.         0.         0.44746025
 0.00165966 0.0017657  0.         0.         0.         0.26441582
 0.47073171 0.         0.         0.3328221  0.00243309 0.00233622
 0.         0.         0.         0.25787737 0.46287129 0.
 0.         0.         0.00321162 0.0031207  0.         0.
 0.         0.16882056 0.37236534 0.0005396 ]
deleted_not_scaled [0.00000000e+00 1.47756908e+00 3.27424000e+02 8.36570000e+04
 3.20000000e+02 1.80000000e+02 0.00000000e+00 1.92150000e+01
 7.32000000e-01 0.00000000e+00 0.00000000e+00 1.46836245e+00
 3.64623000e+02 9.32980000e+04 3.20000000e+02 1.80000000e+02
 0.00000000e+00 2.25480000e+01 7.80000000e-01 0.00000000e+00
 0.00000000e+00 1.63620628e+00 3.67246000e+02 9.30510000e+04
 3.20000000e+02 1.80000000e+02 0.00000000e+00 2.30090000e+01
 7.78000000e-01 0.00000000e+00 0.00000000e+00 0.00000000e+00
 3.84449000e+02 9.75540000e+04 3.20000000e+02 1.80000000e+02
 0.00000000e+00 1.92120000e+01 7.29000000e-01 5.10000000e-02
 2.55000000e+02]
deleted_idx_col 189
query_origi 638
query_idx 183
deleted_scaled [2.50000000e-01 0.00000000e+00 3.24233164e-02 3.24075586e-02
 5.45454545e-02 5.45454545e-02 0.00000000e+00 1.76267701e-01
 6.16279070e-01 4.41378238e-01 1.66666667e-01 9.04023116e-01
 1.51458323e-02 1.52527269e-02 5.45454545e-02 5.45454545e-02
 0.00000000e+00 1.47519621e-01 6.60975610e-01 3.27502534e-01
 3.33333333e-01 1.64101163e-01 4.72354473e-02 4.71471896e-02
 9.09090909e-02 9.09090909e-02 0.00000000e+00 3.57437448e-04
 4.05940594e-01 5.70608306e-01 0.00000000e+00 0.00000000e+00
 2.89112656e-03 2.78326838e-03 0.00000000e+00 0.00000000e+00
 0.00000000e+00 2.28503980e-02 4.70725995e-01 1.68692800e-01]
deleted_not_scaled [3.00000000e+00 0.00000000e+00 9.65288000e+02 2.46390000e+05
 5.12000000e+02 2.88000000e+02 0.00000000e+00 2.18480000e+01
 8.35000000e-01 4.25930000e+01 2.00000000e+00 2.96659561e+00
 6.29875000e+02 1.61012000e+05 5.12000000e+02 2.88000000e+02
 0.00000000e+00 1.86010000e+01 8.58000000e-01 3.03680000e+01
 4.00000000e+00 8.06747378e-01 1.21426100e+03 3.07360000e+05
 6.40000000e+02 3.60000000e+02 0.00000000e+00 1.36430000e+01
 7.55000000e-01 5.16760000e+01 0.00000000e+00 0.00000000e+00
 3.78142000e+02 9.58590000e+04 3.20000000e+02 1.80000000e+02
 0.00000000e+00 1.43890000e+01 7.71000000e-01 1.59440000e+01
 2.32000000e+02]
deleted_idx_col 183
query_origi 870
query_idx 138
deleted_scaled [0.00000000e+00 1.80202701e-01 1.74782670e-03 1.74053242e-03
 0.00000000e+00 0.00000000e+00 0.00000000e+00 1.91713619e-01
 5.30232558e-01 2.07253886e-03 0.00000000e+00 4.46939595e-01
 1.73114837e-03 1.82823986e-03 0.00000000e+00 0.00000000e+00
 0.00000000e+00 6.36576336e-01 7.63414634e-01 1.47391239e-01
 0.00000000e+00 1.59739124e-01 4.24075631e-03 4.13631999e-03
 0.00000000e+00 0.00000000e+00 0.00000000e+00 4.05251581e-01
 7.17821782e-01 2.53966852e-02 0.00000000e+00 0.00000000e+00
 5.92351917e-04 5.08636772e-04 0.00000000e+00 0.00000000e+00
 0.00000000e+00 4.62001755e-01 7.18969555e-01 3.23758134e-03]
deleted_not_scaled [0.00000000e+00 8.46680702e-01 3.61809000e+02 9.23970000e+04
 3.20000000e+02 1.80000000e+02 0.00000000e+00 2.25690000e+01
 7.98000000e-01 2.00000000e-01 0.00000000e+00 1.46665391e+00
 3.66029000e+02 9.36120000e+04 3.20000000e+02 1.80000000e+02
 0.00000000e+00 3.51140000e+01 9.00000000e-01 1.36670000e+01
 0.00000000e+00 7.85302899e-01 4.01421000e+02 1.01660000e+05
 3.20000000e+02 1.80000000e+02 0.00000000e+00 2.83690000e+01
 8.81000000e-01 2.30000000e+00 0.00000000e+00 0.00000000e+00
 3.32904000e+02 8.44330000e+04 3.20000000e+02 1.80000000e+02
 0.00000000e+00 2.88990000e+01 8.77000000e-01 3.06000000e-01
 1.57000000e+02]
deleted_idx_col 138
query_origi 264
query_idx 65
deleted_scaled [1.         0.10036835 0.89921788 0.89248847 1.         1.
 1.         0.30009212 0.69302326 0.13670466 1.         0.08248772
 0.84367342 0.83862611 1.         1.         1.         0.37331556
 0.64390244 0.05530272 1.         0.11789518 0.78246899 0.78639196
 1.         1.         1.         0.27957108 0.5990099  0.17665051
 1.         0.         0.90116733 0.89892322 1.         1.
 1.         0.56211979 0.85714286 0.66179971]
deleted_not_scaled [1.20000000e+01 4.71579758e-01 1.80177400e+04 4.56524500e+06
 3.84000000e+03 2.16000000e+03 1.00000000e+00 2.76280000e+01
 8.68000000e-01 1.31920000e+01 1.20000000e+01 2.70687457e-01
 1.69257260e+04 4.29490300e+06 3.84000000e+03 2.16000000e+03
 1.00000000e+00 2.62250000e+01 8.51000000e-01 5.12800000e+00
 1.20000000e+01 5.79591429e-01 1.51142850e+04 3.84280700e+06
 3.84000000e+03 2.16000000e+03 1.00000000e+00 2.37980000e+01
 8.33000000e-01 1.59980000e+01 1.20000000e+01 0.00000000e+00
 1.80554810e+04 4.59737700e+06 3.84000000e+03 2.16000000e+03
 1.00000000e+00 3.22070000e+01 9.36000000e-01 6.25500000e+01
 6.90000000e+01]
deleted_idx_col 65
query_origi 691
query_idx 912
deleted_scaled [8.33333333e-02 8.80775096e-02 9.11004792e-03 8.87950338e-03
 1.81818182e-02 1.81818182e-02 0.00000000e+00 8.55416783e-02
 5.00000000e-01 4.14507772e-05 8.33333333e-02 7.19024832e-01
 8.83160729e-03 8.71555942e-03 1.81818182e-02 1.81818182e-02
 0.00000000e+00 2.00296165e-01 7.14634146e-01 0.00000000e+00
 8.33333333e-02 0.00000000e+00 1.11735735e-02 1.11464435e-02
 1.81818182e-02 1.81818182e-02 0.00000000e+00 6.61259280e-02
 4.13366337e-01 6.62522222e-05 0.00000000e+00 0.00000000e+00
 1.25472708e-03 1.20977912e-03 0.00000000e+00 0.00000000e+00
 0.00000000e+00 5.84879392e-01 7.98594848e-01 4.06284717e-03]
deleted_not_scaled [1.00000000e+00 4.13831353e-01 5.06646000e+02 1.28245000e+05
 3.84000000e+02 2.16000000e+02 0.00000000e+00 1.76130000e+01
 7.85000000e-01 4.00000000e-03 1.00000000e+00 2.35951479e+00
 5.05684000e+02 1.28191000e+05 3.84000000e+02 2.16000000e+02
 0.00000000e+00 2.03830000e+01 8.80000000e-01 0.00000000e+00
 1.00000000e+00 0.00000000e+00 5.32490000e+02 1.35186000e+05
 3.84000000e+02 2.16000000e+02 0.00000000e+00 1.60350000e+01
 7.58000000e-01 6.00000000e-03 0.00000000e+00 0.00000000e+00
 3.45939000e+02 8.79550000e+04 3.20000000e+02 1.80000000e+02
 0.00000000e+00 3.29590000e+01 9.11000000e-01 3.84000000e-01
 1.51000000e+02]
deleted_idx_col 912
query_origi 658
query_idx 49
deleted_scaled [0.25       0.45986402 0.02461144 0.02435312 0.05454545 0.05454545
 0.         0.04055357 0.40465116 0.19439378 0.16666667 0.3414589
 0.0179428  0.01784899 0.05454545 0.05454545 0.         0.15735229
 0.44878049 0.26338891 0.08333333 0.         0.01265964 0.0127111
 0.01818182 0.01818182 0.         0.05389057 0.35643564 0.03267339
 0.         0.         0.00097433 0.00097288 0.         0.
 0.         0.14037105 0.54332553 0.        ]
deleted_not_scaled [3.00000000e+00 2.16066679e+00 8.11605000e+02 2.05945000e+05
 5.12000000e+02 2.88000000e+02 0.00000000e+00 1.55130000e+01
 7.44000000e-01 1.87590000e+01 2.00000000e+00 1.12051391e+00
 6.84887000e+02 1.74047000e+05 5.12000000e+02 2.88000000e+02
 0.00000000e+00 1.89330000e+01 7.71000000e-01 2.44230000e+01
 1.00000000e+00 0.00000000e+00 5.60585000e+02 1.42669000e+05
 3.84000000e+02 2.16000000e+02 0.00000000e+00 1.55900000e+01
 7.35000000e-01 2.95900000e+00 0.00000000e+00 0.00000000e+00
 3.40421000e+02 8.67650000e+04 3.20000000e+02 1.80000000e+02
 0.00000000e+00 1.82720000e+01 8.02000000e-01 0.00000000e+00
 1.45000000e+02]
deleted_idx_col 49
query_origi 516
query_idx 18
deleted_scaled [0.16666667 0.         0.01576577 0.01555924 0.05454545 0.05454545
 0.         0.04070353 0.40930233 0.19353368 0.         0.
 0.00168346 0.00166233 0.         0.         0.         0.16164668
 0.47804878 0.         0.08333333 0.87573434 0.01265964 0.0127111
 0.01818182 0.01818182 0.         0.05389057 0.35643564 0.03267339
 0.         0.         0.00097433 0.00097288 0.         0.
 0.         0.14037105 0.54332553 0.        ]
deleted_not_scaled [2.00000000e+00 0.00000000e+00 6.37584000e+02 1.61787000e+05
 5.12000000e+02 2.88000000e+02 0.00000000e+00 1.55200000e+01
 7.46000000e-01 1.86760000e+01 0.00000000e+00 0.00000000e+00
 3.65091000e+02 9.27790000e+04 3.20000000e+02 1.80000000e+02
 0.00000000e+00 1.90780000e+01 7.83000000e-01 0.00000000e+00
 1.00000000e+00 4.30524906e+00 5.60585000e+02 1.42669000e+05
 3.84000000e+02 2.16000000e+02 0.00000000e+00 1.55900000e+01
 7.35000000e-01 2.95900000e+00 0.00000000e+00 0.00000000e+00
 3.40421000e+02 8.67650000e+04 3.20000000e+02 1.80000000e+02
 0.00000000e+00 1.82720000e+01 8.02000000e-01 0.00000000e+00
 1.45000000e+02]
deleted_idx_col 18
query_origi 72
query_idx 967
deleted_scaled [0.         0.         0.00199746 0.00188989 0.         0.
 0.         0.19724073 0.2255814  0.         0.25       0.02442323
 0.02772258 0.02762875 0.05454545 0.05454545 0.         0.36129128
 0.46341463 0.20226258 0.41666667 0.         0.08105751 0.08162008
 0.18181818 0.17171717 0.         0.29422601 0.63118812 0.17475128
 0.         0.         0.00270956 0.00272414 0.         0.
 0.         0.18528495 0.60655738 0.        ]
deleted_not_scaled [0.00000000e+00 0.00000000e+00 3.66720000e+02 9.31470000e+04
 3.20000000e+02 1.80000000e+02 0.00000000e+00 2.28270000e+01
 6.67000000e-01 0.00000000e+00 3.00000000e+00 8.01460073e-02
 8.77240000e+02 2.23148000e+05 5.12000000e+02 2.88000000e+02
 0.00000000e+00 2.58190000e+01 7.77000000e-01 1.87550000e+01
 5.00000000e+00 0.00000000e+00 1.85368700e+03 4.72227000e+05
 9.60000000e+02 5.20000000e+02 0.00000000e+00 2.43310000e+01
 8.46000000e-01 1.58260000e+01 0.00000000e+00 0.00000000e+00
 3.74569000e+02 9.55620000e+04 3.20000000e+02 1.80000000e+02
 0.00000000e+00 1.97560000e+01 8.29000000e-01 0.00000000e+00
 9.30000000e+01]
deleted_idx_col 967
query_origi 528
query_idx 217
deleted_scaled [0.25       0.06751349 0.02771473 0.02752511 0.05454545 0.05454545
 0.         0.18732192 0.43488372 0.20982383 0.16666667 0.19046725
 0.01795688 0.01793125 0.05454545 0.05454545 0.         0.22523323
 0.35365854 0.2055087  0.16666667 0.         0.01931598 0.01947951
 0.05454545 0.05454545 0.         0.36345889 0.57673267 0.33131632
 0.08333333 0.         0.0102236  0.01026033 0.01818182 0.01818182
 0.         0.13107957 0.46370023 0.06243453]
deleted_not_scaled [3.00000000e+00 3.17211506e-01 8.72656000e+02 2.21873000e+05
 5.12000000e+02 2.88000000e+02 0.00000000e+00 2.23640000e+01
 7.57000000e-01 2.02480000e+01 2.00000000e+00 6.25027508e-01
 6.85164000e+02 1.74460000e+05 5.12000000e+02 2.88000000e+02
 0.00000000e+00 2.12250000e+01 7.32000000e-01 1.90560000e+01
 2.00000000e+00 0.00000000e+00 6.86427000e+02 1.75039000e+05
 5.12000000e+02 2.88000000e+02 0.00000000e+00 2.68490000e+01
 8.24000000e-01 3.00050000e+01 1.00000000e+00 0.00000000e+00
 5.22439000e+02 1.33418000e+05 3.84000000e+02 2.16000000e+02
 0.00000000e+00 1.79650000e+01 7.68000000e-01 5.90100000e+00
 2.82000000e+02]
deleted_idx_col 217
query_origi 901
query_idx 419
deleted_scaled [3.33333333e-01 0.00000000e+00 4.24659113e-02 4.23634439e-02
 9.09090909e-02 9.09090909e-02 0.00000000e+00 1.78688489e-01
 3.58139535e-01 2.50683938e-01 0.00000000e+00 0.00000000e+00
 2.00381860e-03 2.06446303e-03 0.00000000e+00 0.00000000e+00
 0.00000000e+00 4.58374056e-01 5.87804878e-01 3.55887238e-04
 0.00000000e+00 0.00000000e+00 2.17269072e-03 2.24589086e-03
 0.00000000e+00 0.00000000e+00 0.00000000e+00 3.59554578e-01
 5.66831683e-01 0.00000000e+00 8.33333333e-02 0.00000000e+00
 9.52809009e-03 9.33662020e-03 1.81818182e-02 1.81818182e-02
 0.00000000e+00 3.00475167e-01 5.31615925e-01 0.00000000e+00]
deleted_not_scaled [4.000000e+00 0.000000e+00 1.162856e+03 2.963830e+05 6.400000e+02
 3.600000e+02 0.000000e+00 2.196100e+01 7.240000e-01 2.419100e+01
 0.000000e+00 0.000000e+00 3.713920e+02 9.479800e+04 3.200000e+02
 1.800000e+02 0.000000e+00 2.909700e+01 8.280000e-01 3.300000e-02
 0.000000e+00 0.000000e+00 3.623230e+02 9.261900e+04 3.200000e+02
 1.800000e+02 0.000000e+00 2.670700e+01 8.200000e-01 0.000000e+00
 1.000000e+00 0.000000e+00 5.087520e+02 1.287780e+05 3.840000e+02
 2.160000e+02 0.000000e+00 2.356200e+01 7.970000e-01 0.000000e+00
 1.180000e+02]
deleted_idx_col 419
query_origi 145
query_idx 450
deleted_scaled [0.25       0.         0.02791572 0.02763802 0.05454545 0.05454545
 0.         0.19586966 0.50465116 0.1715544  0.33333333 0.
 0.04244301 0.04223973 0.09090909 0.09090909 0.         0.65704131
 0.83170732 0.60287298 0.33333333 0.35839237 0.04466917 0.04491447
 0.09090909 0.09090909 0.         0.17734396 0.51732673 0.29928337
 0.25       0.         0.02785279 0.02781118 0.05454545 0.05454545
 0.         0.20710632 0.48477752 0.2790774 ]
deleted_not_scaled [3.00000000e+00 0.00000000e+00 8.76610000e+02 2.22440000e+05
 5.12000000e+02 2.88000000e+02 0.00000000e+00 2.27630000e+01
 7.87000000e-01 1.65550000e+01 4.00000000e+00 0.00000000e+00
 1.16676800e+03 2.96505000e+05 6.40000000e+02 3.60000000e+02
 0.00000000e+00 3.58050000e+01 9.28000000e-01 5.59020000e+01
 4.00000000e+00 1.76191379e+00 1.16574400e+03 2.96682000e+05
 6.40000000e+02 3.60000000e+02 0.00000000e+00 2.00800000e+01
 8.00000000e-01 2.71040000e+01 3.00000000e+00 0.00000000e+00
 8.69367000e+02 2.21580000e+05 5.12000000e+02 2.88000000e+02
 0.00000000e+00 2.04770000e+01 7.77000000e-01 2.63770000e+01
 8.50000000e+01]
deleted_idx_col 450
query_origi 847
query_idx 717
deleted_scaled [0.25       0.         0.027471   0.02751993 0.05454545 0.05454545
 0.         0.04016796 0.22093023 0.46445596 0.25       0.
 0.02770661 0.02739452 0.05454545 0.05454545 0.         0.03476973
 0.24878049 0.48129974 0.25       0.         0.0293026  0.02927186
 0.05454545 0.05454545 0.         0.14063789 0.40841584 0.58452127
 0.25       0.         0.0280344  0.02781875 0.05454545 0.05454545
 0.         0.11164916 0.4028103  0.50949585]
deleted_not_scaled [3.00000e+00 0.00000e+00 8.67861e+02 2.21847e+05 5.12000e+02 2.88000e+02
 0.00000e+00 1.54950e+01 6.65000e-01 4.48200e+01 3.00000e+00 0.00000e+00
 8.76926e+02 2.21972e+05 5.12000e+02 2.88000e+02 0.00000e+00 1.47940e+01
 6.89000e-01 4.46290e+01 3.00000e+00 0.00000e+00 8.75230e+02 2.21871e+05
 5.12000e+02 2.88000e+02 0.00000e+00 1.87450e+01 7.56000e-01 5.29360e+01
 3.00000e+00 0.00000e+00 8.72941e+02 2.21618e+05 5.12000e+02 2.88000e+02
 0.00000e+00 1.73230e+01 7.42000e-01 4.81550e+01 1.35000e+02]
deleted_idx_col 717
query_origi 9
query_idx 25
deleted_scaled [0.         0.31220851 0.00177802 0.00159934 0.         0.
 0.         0.74395338 0.99302326 0.67647668 0.         0.44810769
 0.00178519 0.00170873 0.         0.         0.         0.53955279
 0.98780488 0.15846688 0.         0.29684603 0.00241627 0.00234814
 0.         0.         0.         0.63717349 0.98762376 0.40337665
 0.         0.         0.00223399 0.00217609 0.         0.
 0.         0.58739142 0.97189696 0.1361477 ]
deleted_not_scaled [0.00000000e+00 1.46690878e+00 3.62403000e+02 9.16880000e+04
 3.20000000e+02 1.80000000e+02 0.00000000e+00 4.83470000e+01
 9.97000000e-01 6.52800000e+01 0.00000000e+00 1.47048706e+00
 3.67092000e+02 9.30120000e+04 3.20000000e+02 1.80000000e+02
 0.00000000e+00 3.18380000e+01 9.92000000e-01 1.46940000e+01
 0.00000000e+00 1.45934220e+00 3.66928000e+02 9.31080000e+04
 3.20000000e+02 1.80000000e+02 0.00000000e+00 3.68040000e+01
 9.90000000e-01 3.65310000e+01 0.00000000e+00 0.00000000e+00
 3.65210000e+02 9.28090000e+04 3.20000000e+02 1.80000000e+02
 0.00000000e+00 3.30420000e+01 9.85000000e-01 1.28680000e+01
 0.00000000e+00]
deleted_idx_col 25
query_origi 844
query_idx 638
deleted_scaled [0.         0.         0.00177802 0.00159934 0.         0.
 0.         0.74395338 0.99302326 0.67647668 0.08333333 0.
 0.00881    0.0086815  0.01818182 0.01818182 0.         0.58394788
 0.99268293 0.16319048 0.25       0.         0.02925595 0.02927081
 0.05454545 0.05454545 0.         0.69477591 0.99009901 0.52422071
 0.33333333 0.         0.04297882 0.04274042 0.09090909 0.09090909
 0.         0.67858116 0.98594848 0.51712427]
deleted_not_scaled [0.000000e+00 0.000000e+00 3.624030e+02 9.168800e+04 3.200000e+02
 1.800000e+02 0.000000e+00 4.834700e+01 9.970000e-01 6.528000e+01
 1.000000e+00 0.000000e+00 5.052590e+02 1.280200e+05 3.840000e+02
 2.160000e+02 0.000000e+00 3.333700e+01 9.940000e-01 1.513200e+01
 3.000000e+00 0.000000e+00 8.743480e+02 2.218660e+05 5.120000e+02
 2.880000e+02 0.000000e+00 3.889900e+01 9.910000e-01 4.747500e+01
 4.000000e+00 0.000000e+00 1.167035e+03 2.965730e+05 6.400000e+02
 3.600000e+02 0.000000e+00 3.605500e+01 9.910000e-01 4.887600e+01
 0.000000e+00]
deleted_idx_col 638
query_origi 349
query_idx 126
deleted_scaled [0.25       0.47445009 0.02792583 0.02756075 0.05454545 0.05454545
 0.         0.4191178  0.90232558 0.45438342 0.25       0.51816528
 0.0277933  0.027568   0.05454545 0.05454545 0.         0.48873093
 0.81219512 0.20646852 0.08333333 0.20352387 0.00964366 0.00962423
 0.01818182 0.01818182 0.         0.5183118  0.99009901 0.00888884
 0.         0.         0.00439454 0.0043474  0.         0.
 0.         0.58605974 0.8852459  0.01143734]
deleted_not_scaled [3.00000000e+00 2.22919928e+00 8.76809000e+02 2.22052000e+05
 5.12000000e+02 2.88000000e+02 0.00000000e+00 3.31840000e+01
 9.58000000e-01 4.38480000e+01 3.00000000e+00 1.70038445e+00
 8.78631000e+02 2.22843000e+05 5.12000000e+02 2.88000000e+02
 0.00000000e+00 3.01220000e+01 9.20000000e-01 1.91450000e+01
 1.00000000e+00 1.00055567e+00 5.03566000e+02 1.27906000e+05
 3.84000000e+02 2.16000000e+02 0.00000000e+00 3.24810000e+01
 9.91000000e-01 8.05000000e-01 0.00000000e+00 0.00000000e+00
 4.07728000e+02 1.03716000e+05 3.20000000e+02 1.80000000e+02
 0.00000000e+00 3.29980000e+01 9.48000000e-01 1.08100000e+00
 3.10000000e+01]
deleted_idx_col 126
query_origi 181
query_idx 104
deleted_scaled [0.41666667 0.96208746 0.07950545 0.07911377 0.18181818 0.17171717
 0.         0.21917779 0.62790698 0.31003109 0.25       0.04787334
 0.02987424 0.02981869 0.05454545 0.05454545 0.         0.54275137
 0.84634146 0.5697539  0.08333333 0.         0.00701189 0.00707662
 0.01818182 0.01818182 0.         0.35732747 0.76485149 0.00500204
 0.         0.         0.00211767 0.00215061 0.         0.
 0.         0.36463787 0.76346604 0.        ]
deleted_not_scaled [5.00000000e+00 4.52035891e+00 1.89153500e+03 4.80923000e+05
 9.60000000e+02 5.20000000e+02 0.00000000e+00 2.38510000e+01
 8.40000000e-01 2.99180000e+01 3.00000000e+00 1.57098684e-01
 9.19560000e+02 2.34143000e+05 5.12000000e+02 2.88000000e+02
 0.00000000e+00 3.19460000e+01 9.34000000e-01 5.28310000e+01
 1.00000000e+00 0.00000000e+00 4.53811000e+02 1.15722000e+05
 3.84000000e+02 2.16000000e+02 0.00000000e+00 2.66260000e+01
 9.00000000e-01 4.53000000e-01 0.00000000e+00 0.00000000e+00
 3.62921000e+02 9.26810000e+04 3.20000000e+02 1.80000000e+02
 0.00000000e+00 2.56820000e+01 8.96000000e-01 0.00000000e+00
 7.10000000e+01]
deleted_idx_col 104
query_origi 813
query_idx 780
deleted_scaled [0.41666667 0.         0.078236   0.07738459 0.18181818 0.17171717
 0.         0.13177232 0.61162791 0.13891192 0.41666667 0.
 0.07778367 0.07714439 0.18181818 0.17171717 0.         0.84332889
 0.93170732 0.89066713 0.33333333 0.         0.04483827 0.0449013
 0.09090909 0.09090909 0.         0.26736321 0.71534653 0.20007067
 0.33333333 0.         0.04304941 0.04283976 0.09090909 0.09090909
 0.         0.36224691 0.73770492 0.29253558]
deleted_not_scaled [5.000000e+00 0.000000e+00 1.866561e+03 4.722400e+05 9.600000e+02
 5.200000e+02 0.000000e+00 1.977100e+01 8.330000e-01 1.340500e+01
 5.000000e+00 0.000000e+00 1.861864e+03 4.717500e+05 9.600000e+02
 5.200000e+02 0.000000e+00 4.209500e+01 9.690000e-01 8.258800e+01
 4.000000e+00 0.000000e+00 1.168941e+03 2.966190e+05 6.400000e+02
 3.600000e+02 0.000000e+00 2.335400e+01 8.800000e-01 1.811900e+01
 4.000000e+00 0.000000e+00 1.168424e+03 2.970720e+05 6.400000e+02
 3.600000e+02 0.000000e+00 2.560300e+01 8.850000e-01 2.764900e+01
 1.960000e+02]
deleted_idx_col 780
query_origi 236
query_idx 48
deleted_scaled [0.         0.7393599  0.00224043 0.00215017 0.         0.
 0.         0.12206774 0.63255814 0.02402073 0.         0.
 0.00194733 0.00196189 0.         0.         0.         0.17920924
 0.56829268 0.         0.         0.         0.00206452 0.00208949
 0.         0.         0.         0.52108881 0.83415842 0.0021532
 0.         0.         0.00108694 0.0011194  0.         0.
 0.         0.34744711 0.83372365 0.02123472]
deleted_not_scaled [0.00000000e+00 3.47387555e+00 3.71500000e+02 9.44540000e+04
 3.20000000e+02 1.80000000e+02 0.00000000e+00 1.93180000e+01
 8.42000000e-01 2.31800000e+00 0.00000000e+00 0.00000000e+00
 3.70281000e+02 9.42830000e+04 3.20000000e+02 1.80000000e+02
 0.00000000e+00 1.96710000e+01 8.20000000e-01 0.00000000e+00
 0.00000000e+00 0.00000000e+00 3.60278000e+02 9.18710000e+04
 3.20000000e+02 1.80000000e+02 0.00000000e+00 3.25820000e+01
 9.28000000e-01 1.95000000e-01 0.00000000e+00 0.00000000e+00
 3.42637000e+02 8.75010000e+04 3.20000000e+02 1.80000000e+02
 0.00000000e+00 2.51140000e+01 9.26000000e-01 2.00700000e+00
 1.84000000e+02]
deleted_idx_col 48
query_origi 190
query_idx 39
deleted_scaled [0.16666667 0.82242784 0.01774259 0.01769289 0.05454545 0.05454545
 0.         0.19179931 0.58139535 0.10154404 0.08333333 0.
 0.01113225 0.01120606 0.01818182 0.01818182 0.         0.53638383
 0.82682927 0.03057395 0.         0.         0.00126783 0.00134051
 0.         0.         0.         0.24212263 0.68316832 0.
 0.         0.         0.00163833 0.00152153 0.         0.
 0.         0.17402621 0.6323185  0.        ]
deleted_not_scaled [2.00000000e+00 3.86416949e+00 6.76474000e+02 1.72501000e+05
 5.12000000e+02 2.88000000e+02 0.00000000e+00 2.25730000e+01
 8.20000000e-01 9.79900000e+00 1.00000000e+00 0.00000000e+00
 5.50934000e+02 1.40695000e+05 3.84000000e+02 2.16000000e+02
 0.00000000e+00 3.17310000e+01 9.26000000e-01 2.83500000e+00
 0.00000000e+00 0.00000000e+00 3.45216000e+02 8.82890000e+04
 3.20000000e+02 1.80000000e+02 0.00000000e+00 2.24360000e+01
 8.67000000e-01 0.00000000e+00 0.00000000e+00 0.00000000e+00
 3.53488000e+02 8.95210000e+04 3.20000000e+02 1.80000000e+02
 0.00000000e+00 1.93840000e+01 8.40000000e-01 0.00000000e+00
 5.80000000e+01]
deleted_idx_col 39
query_origi 143
query_idx 149
deleted_scaled [0.         0.2691033  0.00119875 0.00108634 0.         0.
 0.         0.25176203 0.74651163 0.         0.         0.39775742
 0.00186751 0.00185473 0.         0.         0.         0.38504368
 0.76585366 0.         0.         0.42862253 0.00272575 0.00272681
 0.         0.         0.         0.2211163  0.6980198  0.00965074
 0.         0.         0.00232012 0.00232579 0.         0.
 0.         0.1652795  0.7236534  0.00365021]
deleted_not_scaled [0.00000000e+00 1.26437932e+00 3.51007000e+02 8.91120000e+04
 3.20000000e+02 1.80000000e+02 0.00000000e+00 2.53720000e+01
 8.91000000e-01 0.00000000e+00 0.00000000e+00 1.30526023e+00
 3.68711000e+02 9.37450000e+04 3.20000000e+02 1.80000000e+02
 0.00000000e+00 2.66210000e+01 9.01000000e-01 0.00000000e+00
 0.00000000e+00 2.10717642e+00 3.72779000e+02 9.49190000e+04
 3.20000000e+02 1.80000000e+02 0.00000000e+00 2.16720000e+01
 8.73000000e-01 8.74000000e-01 0.00000000e+00 0.00000000e+00
 3.66905000e+02 9.35610000e+04 3.20000000e+02 1.80000000e+02
 0.00000000e+00 1.90950000e+01 8.79000000e-01 3.45000000e-01
 1.68000000e+02]
deleted_idx_col 149
query_origi 612
query_idx 194
deleted_scaled [0.00000000e+00 8.47904596e-01 3.76134747e-03 3.58521798e-03
 0.00000000e+00 0.00000000e+00 0.00000000e+00 3.15966495e-01
 7.23255814e-01 2.38341969e-02 0.00000000e+00 0.00000000e+00
 4.69787981e-05 0.00000000e+00 0.00000000e+00 0.00000000e+00
 0.00000000e+00 4.52509996e-01 7.07317073e-01 3.30004529e-03
 0.00000000e+00 0.00000000e+00 2.43652803e-03 2.38765736e-03
 0.00000000e+00 0.00000000e+00 0.00000000e+00 2.67885620e-01
 4.87623762e-01 0.00000000e+00 0.00000000e+00 0.00000000e+00
 2.20715497e-03 2.16752923e-03 0.00000000e+00 0.00000000e+00
 0.00000000e+00 4.00593202e-01 7.16627635e-01 5.34306724e-03]
deleted_not_scaled [0.0000000e+00 3.9838718e+00 4.0142100e+02 1.0166000e+05 3.2000000e+02
 1.8000000e+02 0.0000000e+00 2.8369000e+01 8.8100000e-01 2.3000000e+00
 0.0000000e+00 0.0000000e+00 3.3290400e+02 8.4433000e+04 3.2000000e+02
 1.8000000e+02 0.0000000e+00 2.8899000e+01 8.7700000e-01 3.0600000e-01
 0.0000000e+00 0.0000000e+00 3.6731100e+02 9.3297000e+04 3.2000000e+02
 1.8000000e+02 0.0000000e+00 2.3373000e+01 7.8800000e-01 0.0000000e+00
 0.0000000e+00 0.0000000e+00 3.6468200e+02 9.2766000e+04 3.2000000e+02
 1.8000000e+02 0.0000000e+00 2.6870000e+01 8.7600000e-01 5.0500000e-01
 1.5900000e+02]
deleted_idx_col 194
query_origi 203
query_idx 164
deleted_scaled [0.00000000e+00 9.92986457e-01 1.94459382e-03 1.86460012e-03
 0.00000000e+00 0.00000000e+00 0.00000000e+00 1.26309475e-01
 7.18604651e-01 7.70984456e-03 0.00000000e+00 0.00000000e+00
 1.72235256e-03 1.74657755e-03 0.00000000e+00 0.00000000e+00
 0.00000000e+00 2.22538131e-01 7.09756098e-01 5.50007549e-04
 0.00000000e+00 0.00000000e+00 2.27371904e-03 2.30987397e-03
 0.00000000e+00 0.00000000e+00 0.00000000e+00 1.73137201e-01
 6.58415842e-01 0.00000000e+00 0.00000000e+00 0.00000000e+00
 2.30492327e-03 2.34709493e-03 0.00000000e+00 0.00000000e+00
 0.00000000e+00 9.71520232e-02 5.73770492e-01 1.89387928e-03]
deleted_not_scaled [0.00000000e+00 4.66553756e+00 3.65680000e+02 9.30200000e+04
 3.20000000e+02 1.80000000e+02 0.00000000e+00 1.95160000e+01
 8.79000000e-01 7.44000000e-01 0.00000000e+00 0.00000000e+00
 3.65856000e+02 9.32020000e+04 3.20000000e+02 1.80000000e+02
 0.00000000e+00 2.11340000e+01 8.78000000e-01 5.10000000e-02
 0.00000000e+00 0.00000000e+00 3.64233000e+02 9.29250000e+04
 3.20000000e+02 1.80000000e+02 0.00000000e+00 1.99270000e+01
 8.57000000e-01 0.00000000e+00 0.00000000e+00 0.00000000e+00
 3.66606000e+02 9.36680000e+04 3.20000000e+02 1.80000000e+02
 0.00000000e+00 1.68440000e+01 8.15000000e-01 1.79000000e-01
 2.22000000e+02]
deleted_idx_col 164
query_origi 384
query_idx 227
deleted_scaled [0.         0.23939882 0.00167976 0.00166346 0.         0.
 0.         0.02810686 0.49302326 0.         0.         0.38760229
 0.00096952 0.00105643 0.         0.         0.         0.08242263
 0.59756098 0.         0.         0.24131512 0.0026426  0.00252671
 0.         0.         0.         0.39298873 0.86881188 0.09212371
 0.         0.         0.00201812 0.0019163  0.         0.
 0.         0.3745044  0.63934426 0.02053642]
deleted_not_scaled [0.00000000e+00 1.12481313e+00 3.60470000e+02 9.20100000e+04
 3.20000000e+02 1.80000000e+02 0.00000000e+00 1.49320000e+01
 7.82000000e-01 0.00000000e+00 0.00000000e+00 1.27193567e+00
 3.51049000e+02 8.97370000e+04 3.20000000e+02 1.80000000e+02
 0.00000000e+00 1.64030000e+01 8.32000000e-01 0.00000000e+00
 0.00000000e+00 1.18634343e+00 3.71207000e+02 9.39620000e+04
 3.20000000e+02 1.80000000e+02 0.00000000e+00 2.79230000e+01
 9.42000000e-01 8.34300000e+00 0.00000000e+00 0.00000000e+00
 3.60962000e+02 9.15040000e+04 3.20000000e+02 1.80000000e+02
 0.00000000e+00 2.60080000e+01 8.43000000e-01 1.94100000e+00
 6.00000000e+00]
deleted_idx_col 227
query_origi 774
query_idx 296
deleted_scaled [0.00000000e+00 2.70201851e-01 3.01306313e-03 2.98718379e-03
 0.00000000e+00 0.00000000e+00 0.00000000e+00 3.32697787e-02
 2.93023256e-01 6.43005181e-02 0.00000000e+00 9.68144737e-02
 5.38883421e-04 6.16650029e-04 0.00000000e+00 0.00000000e+00
 0.00000000e+00 1.43610247e-01 4.58536585e-01 7.00990014e-04
 0.00000000e+00 1.06194575e-01 3.92365433e-03 3.79821316e-03
 0.00000000e+00 0.00000000e+00 0.00000000e+00 5.37778389e-01
 7.87128713e-01 9.03790731e-02 0.00000000e+00 0.00000000e+00
 2.02096835e-03 1.91012518e-03 0.00000000e+00 0.00000000e+00
 0.00000000e+00 9.13410611e-02 5.71428571e-01 8.73935354e-02]
deleted_not_scaled [0.00000000e+00 1.26954086e+00 3.86700000e+02 9.86570000e+04
 3.20000000e+02 1.80000000e+02 0.00000000e+00 1.51730000e+01
 6.96000000e-01 6.20500000e+00 0.00000000e+00 3.17701381e-01
 3.42579000e+02 8.75290000e+04 3.20000000e+02 1.80000000e+02
 0.00000000e+00 1.84690000e+01 7.75000000e-01 6.50000000e-02
 0.00000000e+00 5.22069394e-01 3.95426000e+02 1.00043000e+05
 3.20000000e+02 1.80000000e+02 0.00000000e+00 3.31890000e+01
 9.09000000e-01 8.18500000e+00 0.00000000e+00 0.00000000e+00
 3.61018000e+02 9.14730000e+04 3.20000000e+02 1.80000000e+02
 0.00000000e+00 1.66520000e+01 8.14000000e-01 8.26000000e+00
 2.39000000e+02]
deleted_idx_col 296
