query_origi 8
query_idx 12
deleted_scaled [1.66666667e-01 0.00000000e+00 1.81388678e-02 1.81228457e-02
 5.45454545e-02 5.45454545e-02 0.00000000e+00 5.45834315e-01
 8.81395349e-01 5.06466321e-01 8.33333333e-02 4.45394773e-01
 8.67475709e-03 8.77252386e-03 1.81818182e-02 1.81818182e-02
 0.00000000e+00 3.05641937e-01 7.53658537e-01 0.00000000e+00
 8.33333333e-02 0.00000000e+00 1.12787805e-02 1.11681894e-02
 1.81818182e-02 1.81818182e-02 0.00000000e+00 2.25570525e-01
 7.10396040e-01 0.00000000e+00 0.00000000e+00 0.00000000e+00
 1.92873890e-03 1.82750903e-03 0.00000000e+00 0.00000000e+00
 0.00000000e+00 2.79561757e-01 7.21311475e-01 2.11606623e-05]
deleted_not_scaled [2.00000000e+00 0.00000000e+00 6.84270000e+02 1.74660000e+05
 5.12000000e+02 2.88000000e+02 0.00000000e+00 3.90990000e+01
 9.49000000e-01 4.88740000e+01 1.00000000e+00 1.46158451e+00
 5.02599000e+02 1.28477000e+05 3.84000000e+02 2.16000000e+02
 0.00000000e+00 2.39400000e+01 8.96000000e-01 0.00000000e+00
 1.00000000e+00 0.00000000e+00 5.34479000e+02 1.35290000e+05
 3.84000000e+02 2.16000000e+02 0.00000000e+00 2.18340000e+01
 8.78000000e-01 0.00000000e+00 0.00000000e+00 0.00000000e+00
 3.59203000e+02 9.10580000e+04 3.20000000e+02 1.80000000e+02
 0.00000000e+00 2.28710000e+01 8.78000000e-01 2.00000000e-03
 2.77000000e+02]
deleted_idx_col 12
query_origi 634
query_idx 96
deleted_scaled [1.         0.06823407 0.83214581 0.82673936 1.         1.
 1.         0.31262452 0.58372093 0.07807254 1.         0.16071157
 0.83067575 0.82653571 1.         1.         1.         0.36306827
 0.48292683 0.00786187 1.         0.13351528 0.86354877 0.86831774
 1.         1.         1.         0.15515535 0.34405941 0.07892848
 1.         0.         0.8283464  0.82669601 1.         1.
 1.         0.25550074 0.54098361 0.13796752]
deleted_not_scaled [1.20000000e+01 3.20597144e-01 1.66982310e+04 4.23508900e+06
 3.84000000e+03 2.16000000e+03 1.00000000e+00 2.82130000e+01
 8.21000000e-01 7.53400000e+00 1.20000000e+01 5.27382807e-01
 1.66700820e+04 4.23420100e+06 3.84000000e+03 2.16000000e+03
 1.00000000e+00 2.58790000e+01 7.85000000e-01 7.29000000e-01
 1.20000000e+01 6.56382343e-01 1.66471460e+04 4.23461800e+06
 3.84000000e+03 2.16000000e+03 1.00000000e+00 1.92730000e+01
 7.30000000e-01 7.14800000e+00 1.20000000e+01 0.00000000e+00
 1.66224250e+04 4.23456300e+06 3.84000000e+03 2.16000000e+03
 1.00000000e+00 2.20760000e+01 8.01000000e-01 1.30400000e+01
 7.70000000e+01]
deleted_idx_col 96
query_origi 424
query_idx 447
deleted_scaled [0.41666667 0.         0.07626492 0.07624986 0.18181818 0.17171717
 0.         0.05998415 0.26976744 0.00592746 0.41666667 0.
 0.07720106 0.07739535 0.18181818 0.17171717 0.         0.18311861
 0.26829268 0.01847378 0.5        0.         0.11298563 0.11293814
 0.27272727 0.27272727 0.         0.10478416 0.43811881 0.22693595
 0.58333333 0.         0.14092483 0.13986735 0.27272727 0.27272727
 0.         0.20120456 0.70257611 0.13476168]
deleted_not_scaled [5.000000e+00 0.000000e+00 1.827784e+03 4.665420e+05 9.600000e+02
 5.200000e+02 0.000000e+00 1.642000e+01 6.860000e-01 5.720000e-01
 5.000000e+00 0.000000e+00 1.850405e+03 4.730100e+05 9.600000e+02
 5.200000e+02 0.000000e+00 1.980300e+01 6.970000e-01 1.713000e+00
 6.000000e+00 0.000000e+00 2.457307e+03 6.220060e+05 1.280000e+03
 7.200000e+02 0.000000e+00 1.744100e+01 7.680000e-01 2.055200e+01
 7.000000e+00 0.000000e+00 3.094532e+03 7.844640e+05 1.280000e+03
 7.200000e+02 0.000000e+00 2.028200e+01 8.700000e-01 1.273700e+01
 1.490000e+02]
deleted_idx_col 447
query_origi 830
query_idx 565
deleted_scaled [0.25       0.         0.03174126 0.03160699 0.05454545 0.05454545
 0.         0.12817327 0.60930233 0.16746114 0.16666667 0.
 0.01596186 0.01598948 0.05454545 0.05454545 0.         0.18122316
 0.60487805 0.19491836 0.25       0.         0.02733086 0.02764635
 0.05454545 0.05454545 0.         0.17970855 0.63118812 0.1939313
 0.25       0.         0.02889511 0.02902912 0.05454545 0.05454545
 0.         0.30292667 0.67213115 0.24516743]
deleted_not_scaled [3.00000e+00 0.00000e+00 9.51870e+02 2.42370e+05 5.12000e+02 2.88000e+02
 0.00000e+00 1.96030e+01 8.32000e-01 1.61600e+01 2.00000e+00 0.00000e+00
 6.45925e+02 1.64711e+05 5.12000e+02 2.88000e+02 0.00000e+00 1.97390e+01
 8.35000e-01 1.80740e+01 3.00000e+00 0.00000e+00 8.37953e+02 2.14097e+05
 5.12000e+02 2.88000e+02 0.00000e+00 2.01660e+01 8.46000e-01 1.75630e+01
 3.00000e+00 0.00000e+00 8.89879e+02 2.27698e+05 5.12000e+02 2.88000e+02
 0.00000e+00 2.36430e+01 8.57000e-01 2.31720e+01 2.68000e+02]
deleted_idx_col 565
query_origi 194
query_idx 519
deleted_scaled [0.5        0.         0.0916337  0.09183101 0.27272727 0.27272727
 0.         0.18554382 0.67674419 0.27235233 0.5        0.
 0.10792759 0.10700392 0.27272727 0.27272727 0.         0.16700726
 0.58292683 0.20474301 0.5        0.         0.11314966 0.11335946
 0.27272727 0.27272727 0.         0.11811933 0.53712871 0.25097446
 0.5        0.         0.10757425 0.10698891 0.27272727 0.27272727
 0.         0.45143912 0.78220141 0.49192192]
deleted_not_scaled [6.000000e+00 0.000000e+00 2.130134e+03 5.447820e+05 1.280000e+03
 7.200000e+02 0.000000e+00 2.228100e+01 8.610000e-01 2.628200e+01
 6.000000e+00 0.000000e+00 2.454748e+03 6.216650e+05 1.280000e+03
 7.200000e+02 0.000000e+00 1.925900e+01 8.260000e-01 1.898500e+01
 6.000000e+00 0.000000e+00 2.460408e+03 6.240210e+05 1.280000e+03
 7.200000e+02 0.000000e+00 1.792600e+01 8.080000e-01 2.272900e+01
 6.000000e+00 0.000000e+00 2.438220e+03 6.193080e+05 1.280000e+03
 7.200000e+02 0.000000e+00 2.855000e+01 9.040000e-01 4.649400e+01
 6.000000e+01]
deleted_idx_col 519
query_origi 90
query_idx 753
deleted_scaled [0.16666667 0.         0.01814822 0.01809815 0.05454545 0.05454545
 0.         0.0458236  0.21395349 0.38260104 0.16666667 0.
 0.01781152 0.01790516 0.05454545 0.05454545 0.         0.58735377
 0.78292683 0.51133447 0.25       0.1072546  0.02864079 0.02903704
 0.05454545 0.05454545 0.         0.09747044 0.13861386 0.3198326
 0.16666667 0.         0.02132192 0.0210504  0.05454545 0.05454545
 0.         0.08849611 0.26932084 0.28936148]
deleted_not_scaled [2.00000000e+00 0.00000000e+00 6.84454000e+02 1.74536000e+05
 5.12000000e+02 2.88000000e+02 0.00000000e+00 1.57590000e+01
 6.62000000e-01 3.69210000e+01 2.00000000e+00 0.00000000e+00
 6.82305000e+02 1.74329000e+05 5.12000000e+02 2.88000000e+02
 0.00000000e+00 3.34520000e+01 9.08000000e-01 4.74140000e+01
 3.00000000e+00 5.27280643e-01 8.62718000e+02 2.20748000e+05
 5.12000000e+02 2.88000000e+02 0.00000000e+00 1.71750000e+01
 6.47000000e-01 2.89650000e+01 2.00000000e+00 0.00000000e+00
 7.40845000e+02 1.87619000e+05 5.12000000e+02 2.88000000e+02
 0.00000000e+00 1.65580000e+01 6.85000000e-01 2.73490000e+01
 1.41000000e+02]
deleted_idx_col 753
query_origi 507
query_idx 520
deleted_scaled [0.16666667 0.         0.01820551 0.01812125 0.05454545 0.05454545
 0.         0.14927483 0.26976744 0.27471503 0.25       0.
 0.02923576 0.02927215 0.05454545 0.05454545 0.         0.04309196
 0.23170732 0.40155943 0.25       0.         0.02695838 0.02727019
 0.05454545 0.05454545 0.         0.13112455 0.43069307 0.19242958
 0.25       0.         0.03242193 0.03201545 0.05454545 0.05454545
 0.         0.68790291 0.82669789 0.58768449]
deleted_not_scaled [2.00000e+00 0.00000e+00 6.85581e+02 1.74652e+05 5.12000e+02 2.88000e+02
 0.00000e+00 2.05880e+01 6.86000e-01 2.65100e+01 3.00000e+00 0.00000e+00
 9.07002e+02 2.31399e+05 5.12000e+02 2.88000e+02 0.00000e+00 1.50750e+01
 6.82000e-01 3.72350e+01 3.00000e+00 0.00000e+00 8.30911e+02 2.12298e+05
 5.12000e+02 2.88000e+02 0.00000e+00 1.83990e+01 7.65000e-01 1.74270e+01
 3.00000e+00 0.00000e+00 9.59284e+02 2.42699e+05 5.12000e+02 2.88000e+02
 0.00000e+00 3.63630e+01 9.23000e-01 5.55450e+01 2.38000e+02]
deleted_idx_col 520
query_origi 939
query_idx 965
deleted_scaled [0.58333333 0.         0.1406007  0.13966259 0.27272727 0.27272727
 0.         0.19259196 0.4627907  0.22415544 0.58333333 0.
 0.13998004 0.139341   0.27272727 0.27272727 0.         0.6931734
 0.86585366 0.76803701 0.58333333 0.         0.14599449 0.14685337
 0.27272727 0.27272727 0.         0.17629915 0.4950495  0.31979948
 0.58333333 0.         0.1399728  0.13976383 0.27272727 0.27272727
 0.         0.20417058 0.46604215 0.33129133]
deleted_not_scaled [7.000000e+00 0.000000e+00 3.093462e+03 7.849660e+05 1.280000e+03
 7.200000e+02 0.000000e+00 2.261000e+01 7.690000e-01 2.163100e+01
 7.000000e+00 0.000000e+00 3.085170e+03 7.840190e+05 1.280000e+03
 7.200000e+02 0.000000e+00 3.702500e+01 9.420000e-01 7.121700e+01
 7.000000e+00 0.000000e+00 3.081359e+03 7.842060e+05 1.280000e+03
 7.200000e+02 0.000000e+00 2.004200e+01 7.910000e-01 2.896200e+01
 7.000000e+00 0.000000e+00 3.075797e+03 7.839440e+05 1.280000e+03
 7.200000e+02 0.000000e+00 2.038000e+01 7.690000e-01 3.131200e+01
 8.500000e+01]
deleted_idx_col 965
query_origi 707
query_idx 787
deleted_scaled [0.41666667 0.         0.07723066 0.07739953 0.18181818 0.17171717
 0.         0.55843099 0.88139535 0.85380311 0.5        0.
 0.1079645  0.10704057 0.27272727 0.27272727 0.         0.45262846
 0.56829268 0.42710782 0.5        0.         0.11274983 0.11295863
 0.27272727 0.27272727 0.         0.22680781 0.11138614 0.36018021
 0.5        0.         0.10809861 0.10751068 0.27272727 0.27272727
 0.         0.24953845 0.15456674 0.32557795]
deleted_not_scaled [5.000000e+00 0.000000e+00 1.846783e+03 4.723150e+05 9.600000e+02
 5.200000e+02 0.000000e+00 3.968700e+01 9.490000e-01 8.239200e+01
 6.000000e+00 0.000000e+00 2.455474e+03 6.218490e+05 1.280000e+03
 7.200000e+02 0.000000e+00 2.890300e+01 8.200000e-01 3.960400e+01
 6.000000e+00 0.000000e+00 2.452849e+03 6.221040e+05 1.280000e+03
 7.200000e+02 0.000000e+00 2.187900e+01 6.360000e-01 3.261900e+01
 6.000000e+00 0.000000e+00 2.448539e+03 6.219290e+05 1.280000e+03
 7.200000e+02 0.000000e+00 2.187900e+01 6.360000e-01 3.077200e+01
 9.000000e+01]
deleted_idx_col 787
query_origi 731
query_idx 630
deleted_scaled [1.         0.         0.8275702  0.82674055 1.         1.
 1.         0.27228518 0.58372093 0.22115026 1.         0.
 0.90362401 0.90408065 1.         1.         1.         0.12287872
 0.36097561 0.11227703 1.         0.         0.85407914 0.86353009
 1.         1.         1.         0.22760517 0.58415842 0.0165741
 1.         0.         0.75991337 0.75383712 1.         1.
 1.         0.2296238  0.36065574 0.06032905]
deleted_not_scaled [1.2000000e+01 0.0000000e+00 1.6608215e+04 4.2350950e+06 3.8400000e+03
 2.1600000e+03 1.0000000e+00 2.6330000e+01 8.2100000e-01 2.1341000e+01
 1.2000000e+01 0.0000000e+00 1.8104861e+04 4.6235290e+06 3.8400000e+03
 2.1600000e+03 1.0000000e+00 1.7769000e+01 7.3500000e-01 1.0411000e+01
 1.2000000e+01 0.0000000e+00 1.6468117e+04 4.2117210e+06 3.8400000e+03
 2.1600000e+03 1.0000000e+00 2.1908000e+01 8.2700000e-01 1.5010000e+00
 1.2000000e+01 0.0000000e+00 1.5275719e+04 3.8685760e+06 3.8400000e+03
 2.1600000e+03 1.0000000e+00 2.1221000e+01 7.2400000e-01 5.7020000e+00
 2.8400000e+02]
deleted_idx_col 630
query_origi 731
query_idx 775
deleted_scaled [0.25       0.         0.02576206 0.02551772 0.05454545 0.05454545
 0.         0.24842006 0.73953488 0.12557513 0.33333333 0.
 0.04256803 0.0423933  0.09090909 0.09090909 0.         0.3805716
 0.76585366 0.25173091 0.33333333 0.         0.04485181 0.04512879
 0.09090909 0.09090909 0.         0.21710201 0.67574257 0.23368263
 0.33333333 0.         0.04284411 0.0428091  0.09090909 0.09090909
 0.         0.16385703 0.70725995 0.1507803 ]
deleted_not_scaled [3.000000e+00 0.000000e+00 8.342410e+02 2.117930e+05 5.120000e+02
 2.880000e+02 0.000000e+00 2.521600e+01 8.880000e-01 1.211800e+01
 4.000000e+00 0.000000e+00 1.169227e+03 2.972760e+05 6.400000e+02
 3.600000e+02 0.000000e+00 2.647000e+01 9.010000e-01 2.334200e+01
 4.000000e+00 0.000000e+00 1.169197e+03 2.977070e+05 6.400000e+02
 3.600000e+02 0.000000e+00 2.152600e+01 8.640000e-01 2.116300e+01
 4.000000e+00 0.000000e+00 1.164384e+03 2.969180e+05 6.400000e+02
 3.600000e+02 0.000000e+00 1.904800e+01 8.720000e-01 1.425100e+01
 1.680000e+02]
deleted_idx_col 775
query_origi 864
query_idx 322
deleted_scaled [0.91666667 0.         0.60343919 0.60252174 1.         1.
 0.         0.18070224 0.57674419 0.03459067 0.91666667 0.
 0.5329311  0.53295951 1.         1.         0.         0.90199911
 0.93658537 0.86317753 0.91666667 0.         0.62654479 0.63317562
 1.         1.         0.         0.27902117 0.71287129 0.00510142
 0.91666667 0.         0.53756534 0.53296534 1.         1.
 0.         0.24493811 0.68618267 0.        ]
deleted_not_scaled [1.1000000e+01 0.0000000e+00 1.2198885e+04 3.1091910e+06 3.8400000e+03
 2.1600000e+03 0.0000000e+00 2.2055000e+01 8.1800000e-01 3.3380000e+00
 1.1000000e+01 0.0000000e+00 1.0813907e+04 2.7602500e+06 3.8400000e+03
 2.1600000e+03 0.0000000e+00 4.4076000e+01 9.7100000e-01 8.0039000e+01
 1.1000000e+01 0.0000000e+00 1.2166446e+04 3.1100480e+06 3.8400000e+03
 2.1600000e+03 0.0000000e+00 2.3778000e+01 8.7900000e-01 4.6200000e-01
 1.1000000e+01 0.0000000e+00 1.0900092e+04 2.7590860e+06 3.8400000e+03
 2.1600000e+03 0.0000000e+00 2.1727000e+01 8.6300000e-01 0.0000000e+00
 2.7600000e+02]
deleted_idx_col 322
query_origi 460
query_idx 453
deleted_scaled [0.83333333 0.         0.39492166 0.39350092 0.63636364 0.63636364
 0.         0.11195613 0.13023256 0.08712953 0.83333333 0.
 0.39419289 0.39342451 0.63636364 0.63636364 0.         0.18756108
 0.13902439 0.0932101  0.83333333 0.         0.42442844 0.42806395
 0.63636364 0.63636364 0.         0.03720099 0.16831683 0.12165012
 0.83333333 0.         0.3793997  0.37980216 0.63636364 0.63636364
 0.         0.14524379 0.41686183 0.01921388]
deleted_not_scaled [1.000000e+01 0.000000e+00 8.096719e+03 2.059603e+06 2.560000e+03
 1.440000e+03 0.000000e+00 1.884600e+01 6.260000e-01 8.408000e+00
 1.000000e+01 0.000000e+00 8.085142e+03 2.059690e+06 2.560000e+03
 1.440000e+03 0.000000e+00 1.995300e+01 6.440000e-01 8.643000e+00
 1.000000e+01 0.000000e+00 8.345317e+03 2.129099e+06 2.560000e+03
 1.440000e+03 0.000000e+00 1.498300e+01 6.590000e-01 1.101700e+01
 1.000000e+01 0.000000e+00 7.787522e+03 1.989712e+06 2.560000e+03
 1.440000e+03 0.000000e+00 1.843300e+01 7.480000e-01 1.816000e+00
 2.370000e+02]
deleted_idx_col 453
query_origi 867
query_idx 638
deleted_scaled [0.         0.         0.00177802 0.00159934 0.         0.
 0.         0.74395338 0.99302326 0.67647668 0.08333333 0.
 0.00881    0.0086815  0.01818182 0.01818182 0.         0.58394788
 0.99268293 0.16319048 0.25       0.         0.02925595 0.02927081
 0.05454545 0.05454545 0.         0.69477591 0.99009901 0.52422071
 0.33333333 0.         0.04297882 0.04274042 0.09090909 0.09090909
 0.         0.67858116 0.98594848 0.51712427]
deleted_not_scaled [0.000000e+00 0.000000e+00 3.624030e+02 9.168800e+04 3.200000e+02
 1.800000e+02 0.000000e+00 4.834700e+01 9.970000e-01 6.528000e+01
 1.000000e+00 0.000000e+00 5.052590e+02 1.280200e+05 3.840000e+02
 2.160000e+02 0.000000e+00 3.333700e+01 9.940000e-01 1.513200e+01
 3.000000e+00 0.000000e+00 8.743480e+02 2.218660e+05 5.120000e+02
 2.880000e+02 0.000000e+00 3.889900e+01 9.910000e-01 4.747500e+01
 4.000000e+00 0.000000e+00 1.167035e+03 2.965730e+05 6.400000e+02
 3.600000e+02 0.000000e+00 3.605500e+01 9.910000e-01 4.887600e+01
 0.000000e+00]
deleted_idx_col 638
query_origi 281
query_idx 111
deleted_scaled [1.         0.07833125 0.83252841 0.83294155 1.         1.
 1.         0.24584931 0.78837209 0.07468394 1.         0.18551408
 0.78047011 0.78204529 1.         1.         1.         0.73490301
 0.80731707 0.79312167 1.         0.1099702  0.86740816 0.86826546
 1.         1.         1.         0.14162772 0.3960396  0.03271756
 1.         0.         0.86940528 0.86376975 1.         1.
 1.         0.97085439 0.96252927 0.94812464]
deleted_not_scaled [1.20000000e+01 3.68038646e-01 1.67057580e+04 4.26623300e+06
 3.84000000e+03 2.16000000e+03 1.00000000e+00 2.50960000e+01
 9.09000000e-01 7.20700000e+00 1.20000000e+01 6.08773441e-01
 1.56826150e+04 4.01082900e+06 3.84000000e+03 2.16000000e+03
 1.00000000e+00 3.84340000e+01 9.18000000e-01 7.35430000e+01
 1.20000000e+01 5.40630960e-01 1.67201100e+04 4.23436800e+06
 3.84000000e+03 2.16000000e+03 1.00000000e+00 1.87810000e+01
 7.51000000e-01 2.96300000e+00 1.20000000e+01 0.00000000e+00
 1.74304300e+04 4.42079300e+06 3.84000000e+03 2.16000000e+03
 1.00000000e+00 4.57120000e+01 9.81000000e-01 8.96120000e+01
 1.87000000e+02]
deleted_idx_col 111
query_origi 11
query_idx 412
deleted_scaled [5.83333333e-01 0.00000000e+00 1.40960737e-01 1.39557443e-01
 2.72727273e-01 2.72727273e-01 0.00000000e+00 2.03260567e-01
 6.97674419e-01 2.28062176e-01 6.66666667e-01 0.00000000e+00
 2.05761187e-01 2.04174099e-01 4.54545455e-01 4.54545455e-01
 0.00000000e+00 1.33274100e-01 5.04878049e-01 9.70601557e-05
 6.66666667e-01 0.00000000e+00 2.24654242e-01 2.25273036e-01
 4.54545455e-01 4.54545455e-01 0.00000000e+00 2.26890294e-01
 6.23762376e-01 5.96270000e-04 6.66666667e-01 0.00000000e+00
 1.95504792e-01 1.94590494e-01 4.54545455e-01 4.54545455e-01
 0.00000000e+00 2.77745831e-01 7.33021077e-01 0.00000000e+00]
deleted_not_scaled [7.000000e+00 0.000000e+00 3.100545e+03 7.844380e+05 1.280000e+03
 7.200000e+02 0.000000e+00 2.310800e+01 8.700000e-01 2.200800e+01
 8.000000e+00 0.000000e+00 4.378983e+03 1.109525e+06 1.920000e+03
 1.080000e+03 0.000000e+00 1.812000e+01 7.940000e-01 9.000000e-03
 8.000000e+00 0.000000e+00 4.568468e+03 1.159249e+06 1.920000e+03
 1.080000e+03 0.000000e+00 2.188200e+01 8.430000e-01 5.400000e-02
 8.000000e+00 0.000000e+00 4.168621e+03 1.059351e+06 1.920000e+03
 1.080000e+03 0.000000e+00 2.281100e+01 8.830000e-01 0.000000e+00
 2.110000e+02]
deleted_idx_col 412
query_origi 161
query_idx 816
deleted_scaled [9.16666667e-01 0.00000000e+00 6.07357707e-01 6.03378664e-01
 1.00000000e+00 1.00000000e+00 0.00000000e+00 1.43362111e-01
 6.06976744e-01 3.93782383e-04 9.16666667e-01 0.00000000e+00
 5.65448609e-01 5.62623440e-01 1.00000000e+00 1.00000000e+00
 0.00000000e+00 2.59914112e-01 6.48780488e-01 0.00000000e+00
 9.16666667e-01 0.00000000e+00 5.61311549e-01 5.64399629e-01
 1.00000000e+00 1.00000000e+00 0.00000000e+00 4.75116855e-01
 7.62376238e-01 3.60809602e-01 9.16666667e-01 0.00000000e+00
 5.68952314e-01 5.67816212e-01 1.00000000e+00 1.00000000e+00
 0.00000000e+00 2.03141551e-01 3.81733021e-01 7.01370153e-02]
deleted_not_scaled [1.1000000e+01 0.0000000e+00 1.2275974e+04 3.1134940e+06 3.8400000e+03
 2.1600000e+03 0.0000000e+00 2.0312000e+01 8.3100000e-01 3.8000000e-02
 1.1000000e+01 0.0000000e+00 1.1453476e+04 2.9091830e+06 3.8400000e+03
 2.1600000e+03 0.0000000e+00 2.2396000e+01 8.5300000e-01 0.0000000e+00
 1.1000000e+01 0.0000000e+00 1.0933173e+04 2.7811260e+06 3.8400000e+03
 2.1600000e+03 0.0000000e+00 3.0910000e+01 8.9900000e-01 3.2676000e+01
 1.1000000e+01 0.0000000e+00 1.1517762e+04 2.9341500e+06 3.8400000e+03
 2.1600000e+03 0.0000000e+00 2.0346000e+01 7.3300000e-01 6.6290000e+00
 2.0500000e+02]
deleted_idx_col 816
query_origi 483
query_idx 792
deleted_scaled [0.91666667 0.         0.57031369 0.56771966 1.         1.
 0.         0.34190964 0.8255814  0.46280829 0.91666667 0.
 0.56936107 0.56766479 1.         1.         0.         0.19487635
 0.51219512 0.04805556 0.91666667 0.         0.59204177 0.59650451
 1.         1.         0.         0.16433874 0.25247525 0.00329053
 0.91666667 0.         0.5678572  0.56786757 1.         1.
 0.         0.50600769 0.66042155 0.6358779 ]
deleted_not_scaled [1.1000000e+01 0.0000000e+00 1.1547207e+04 2.9344340e+06 3.8400000e+03
 2.1600000e+03 0.0000000e+00 2.9580000e+01 9.2500000e-01 4.4661000e+01
 1.1000000e+01 0.0000000e+00 1.1530428e+04 2.9344940e+06 3.8400000e+03
 2.1600000e+03 0.0000000e+00 2.0200000e+01 7.9700000e-01 4.4560000e+00
 1.1000000e+01 0.0000000e+00 1.1514146e+04 2.9346680e+06 3.8400000e+03
 2.1600000e+03 0.0000000e+00 1.9607000e+01 6.9300000e-01 2.9800000e-01
 1.1000000e+01 0.0000000e+00 1.1496211e+04 2.9344080e+06 3.8400000e+03
 2.1600000e+03 0.0000000e+00 3.0353000e+01 8.5200000e-01 6.0100000e+01
 1.8000000e+01]
deleted_idx_col 792
query_origi 320
query_idx 911
deleted_scaled [0.91666667 0.         0.56640402 0.56782461 1.         1.
 0.         0.20538143 0.63953488 0.08335751 0.91666667 0.
 0.57221788 0.56762834 1.         1.         0.         0.27478158
 0.44146341 0.01395509 0.91666667 0.         0.59461477 0.59637697
 1.         1.         0.         0.25243332 0.43316832 0.02043881
 1.         0.         0.83039161 0.82666395 1.         1.
 1.         0.47985836 0.70257611 0.27249643]
deleted_not_scaled [1.1000000e+01 0.0000000e+00 1.1470292e+04 2.9349610e+06 3.8400000e+03
 2.1600000e+03 0.0000000e+00 2.3207000e+01 8.4500000e-01 8.0440000e+00
 1.1000000e+01 0.0000000e+00 1.1586617e+04 2.9343110e+06 3.8400000e+03
 2.1600000e+03 0.0000000e+00 2.2898000e+01 7.6800000e-01 1.2940000e+00
 1.1000000e+01 0.0000000e+00 1.1562790e+04 2.9340580e+06 3.8400000e+03
 2.1600000e+03 0.0000000e+00 2.2811000e+01 7.6600000e-01 1.8510000e+00
 1.2000000e+01 0.0000000e+00 1.6662673e+04 4.2344020e+06 3.8400000e+03
 2.1600000e+03 1.0000000e+00 2.9489000e+01 8.7000000e-01 2.5755000e+01
 2.7100000e+02]
deleted_idx_col 911
query_origi 887
query_idx 167
deleted_scaled [0.41666667 0.06337857 0.07725928 0.0773822  0.18181818 0.17171717
 0.         0.21819233 0.73255814 0.18036269 0.41666667 0.90235882
 0.07788922 0.07715634 0.18181818 0.17171717 0.         0.24045609
 0.68292683 0.17633673 0.33333333 0.         0.04324652 0.04324506
 0.09090909 0.09090909 0.         0.2537256  0.68564356 0.16940693
 0.25       0.         0.02783083 0.02761629 0.05454545 0.05454545
 0.         0.59698556 0.90163934 0.48559488]
deleted_not_scaled [5.00000000e+00 2.97783617e-01 1.84734600e+03 4.72228000e+05
 9.60000000e+02 5.20000000e+02 0.00000000e+00 2.38050000e+01
 8.85000000e-01 1.74050000e+01 5.00000000e+00 2.96113414e+00
 1.86394000e+03 4.71810000e+05 9.60000000e+02 5.20000000e+02
 0.00000000e+00 2.17390000e+01 8.67000000e-01 1.63510000e+01
 4.00000000e+00 0.00000000e+00 1.13884800e+03 2.88698000e+05
 6.40000000e+02 3.60000000e+02 0.00000000e+00 2.28580000e+01
 8.68000000e-01 1.53420000e+01 3.00000000e+00 0.00000000e+00
 8.68935000e+02 2.20601000e+05 5.12000000e+02 2.88000000e+02
 0.00000000e+00 3.33590000e+01 9.55000000e-01 4.58960000e+01
 2.78000000e+02]
deleted_idx_col 167
query_origi 165
query_idx 35
deleted_scaled [0.5        0.         0.10749721 0.1072395  0.27272727 0.27272727
 0.         0.13894899 0.21162791 0.07843523 0.5        0.8228571
 0.10854324 0.10853598 0.27272727 0.27272727 0.         0.04113727
 0.2        0.11051916 0.5        0.         0.11019492 0.11133981
 0.27272727 0.27272727 0.         0.1308496  0.40841584 0.01450924
 0.41666667 0.         0.08592848 0.08504905 0.18181818 0.17171717
 0.         0.7475258  0.84777518 0.7975771 ]
deleted_not_scaled [6.0000000e+00 0.0000000e+00 2.4422170e+03 6.2215500e+05 1.2800000e+03
 7.2000000e+02 0.0000000e+00 2.0106000e+01 6.6100000e-01 7.5690000e+00
 6.0000000e+00 2.7002454e+00 2.4668570e+03 6.2935700e+05 1.2800000e+03
 7.2000000e+02 0.0000000e+00 1.5009000e+01 6.6900000e-01 1.0248000e+01
 6.0000000e+00 0.0000000e+00 2.4045470e+03 6.1436200e+05 1.2800000e+03
 7.2000000e+02 0.0000000e+00 1.8389000e+01 7.5600000e-01 1.3140000e+00
 5.0000000e+00 0.0000000e+00 2.0122490e+03 5.0909900e+05 9.6000000e+02
 5.2000000e+02 0.0000000e+00 3.8333000e+01 9.3200000e-01 7.5383000e+01
 2.3800000e+02]
deleted_idx_col 35
query_origi 238
query_idx 997
deleted_scaled [0.         0.         0.0018717  0.00187356 0.         0.
 0.         0.36054757 0.71860465 0.0181658  0.5        0.
 0.10671219 0.10706905 0.27272727 0.27272727 0.         0.10250259
 0.12195122 0.35351466 0.         0.         0.00359936 0.00349419
 0.         0.         0.         0.08430025 0.27475248 0.02666652
 0.         0.         0.00135463 0.00127468 0.         0.
 0.         0.05871493 0.43793911 0.        ]
deleted_not_scaled [0.000000e+00 0.000000e+00 3.642460e+02 9.306500e+04 3.200000e+02
 1.800000e+02 0.000000e+00 3.045000e+01 8.790000e-01 1.753000e+00
 6.000000e+00 0.000000e+00 2.430843e+03 6.219920e+05 1.280000e+03
 7.200000e+02 0.000000e+00 1.708100e+01 6.370000e-01 3.278000e+01
 0.000000e+00 0.000000e+00 3.892950e+02 9.858900e+04 3.200000e+02
 1.800000e+02 0.000000e+00 1.669600e+01 7.020000e-01 2.415000e+00
 0.000000e+00 0.000000e+00 3.479050e+02 8.828100e+04 3.200000e+02
 1.800000e+02 0.000000e+00 1.557400e+01 7.570000e-01 0.000000e+00
 1.420000e+02]
deleted_idx_col 997
query_origi 282
query_idx 178
deleted_scaled [0.58333333 0.11807126 0.14020717 0.13942501 0.27272727 0.27272727
 0.         0.17142612 0.27906977 0.0306114  0.5        0.82180303
 0.10733705 0.10696548 0.27272727 0.27272727 0.         0.26998371
 0.25853659 0.27889697 0.41666667 0.         0.08147035 0.08208448
 0.18181818 0.17171717 0.         0.33739346 0.38366337 0.38601857
 0.33333333 0.         0.04268562 0.04270857 0.09090909 0.09090909
 0.         0.31609213 0.40749415 0.22875734]
deleted_not_scaled [7.00000000e+00 5.54756686e-01 3.08572000e+03 7.83773000e+05
 1.28000000e+03 7.20000000e+02 0.00000000e+00 2.16220000e+01
 6.90000000e-01 2.95400000e+00 6.00000000e+00 2.69678641e+00
 2.44313300e+03 6.21472000e+05 1.28000000e+03 7.20000000e+02
 0.00000000e+00 2.27360000e+01 6.93000000e-01 2.58610000e+01
 5.00000000e+00 0.00000000e+00 1.86149200e+03 4.74448000e+05
 9.60000000e+02 5.20000000e+02 0.00000000e+00 2.59010000e+01
 7.46000000e-01 3.49590000e+01 4.00000000e+00 0.00000000e+00
 1.16126500e+03 2.96413000e+05 6.40000000e+02 3.60000000e+02
 0.00000000e+00 2.40780000e+01 7.44000000e-01 2.16210000e+01
 2.89000000e+02]
deleted_idx_col 178
query_origi 174
query_idx 212
deleted_scaled [0.41666667 0.10263876 0.07756625 0.07736667 0.18181818 0.17171717
 0.         0.14100559 0.2255814  0.33439378 0.41666667 0.04816357
 0.07982033 0.07982889 0.18181818 0.17171717 0.         0.04140382
 0.20731707 0.42168324 0.33333333 0.0609331  0.04114402 0.0415978
 0.09090909 0.09090909 0.         0.13090459 0.42574257 0.2036262
 0.33333333 0.         0.0489246  0.04837225 0.09090909 0.09090909
 0.         0.71057171 0.83606557 0.67240121]
deleted_not_scaled [5.00000000e+00 4.82247275e-01 1.85338500e+03 4.72150000e+05
 9.60000000e+02 5.20000000e+02 0.00000000e+00 2.02020000e+01
 6.67000000e-01 3.22690000e+01 5.00000000e+00 1.58051074e-01
 1.90192200e+03 4.85228000e+05 9.60000000e+02 5.20000000e+02
 0.00000000e+00 1.50180000e+01 6.72000000e-01 3.91010000e+01
 4.00000000e+00 2.99556807e-01 1.09909900e+03 2.80820000e+05
 6.40000000e+02 3.60000000e+02 0.00000000e+00 1.83910000e+01
 7.63000000e-01 1.84410000e+01 4.00000000e+00 0.00000000e+00
 1.28404300e+03 3.24863000e+05 6.40000000e+02 3.60000000e+02
 0.00000000e+00 3.71120000e+01 9.27000000e-01 6.35520000e+01
 2.38000000e+02]
deleted_idx_col 212
query_origi 10
query_idx 25
deleted_scaled [0.         0.31220851 0.00177802 0.00159934 0.         0.
 0.         0.74395338 0.99302326 0.67647668 0.         0.44810769
 0.00178519 0.00170873 0.         0.         0.         0.53955279
 0.98780488 0.15846688 0.         0.29684603 0.00241627 0.00234814
 0.         0.         0.         0.63717349 0.98762376 0.40337665
 0.         0.         0.00223399 0.00217609 0.         0.
 0.         0.58739142 0.97189696 0.1361477 ]
deleted_not_scaled [0.00000000e+00 1.46690878e+00 3.62403000e+02 9.16880000e+04
 3.20000000e+02 1.80000000e+02 0.00000000e+00 4.83470000e+01
 9.97000000e-01 6.52800000e+01 0.00000000e+00 1.47048706e+00
 3.67092000e+02 9.30120000e+04 3.20000000e+02 1.80000000e+02
 0.00000000e+00 3.18380000e+01 9.92000000e-01 1.46940000e+01
 0.00000000e+00 1.45934220e+00 3.66928000e+02 9.31080000e+04
 3.20000000e+02 1.80000000e+02 0.00000000e+00 3.68040000e+01
 9.90000000e-01 3.65310000e+01 0.00000000e+00 0.00000000e+00
 3.65210000e+02 9.28090000e+04 3.20000000e+02 1.80000000e+02
 0.00000000e+00 3.30420000e+01 9.85000000e-01 1.28680000e+01
 0.00000000e+00]
deleted_idx_col 25
query_origi 684
query_idx 449
deleted_scaled [0.91666667 0.         0.57024644 0.56765274 1.         1.
 0.         0.11133486 0.42093023 0.0480829  1.         0.
 0.83767651 0.83517558 1.         1.         1.         0.05585666
 0.3        0.05618705 0.91666667 0.         0.65641675 0.66136478
 1.         1.         0.         0.12301347 0.47029703 0.
 0.91666667 0.         0.50594339 0.50595523 1.         1.
 0.         0.08326019 0.2529274  0.01077078]
deleted_not_scaled [1.1000000e+01 0.0000000e+00 1.1545884e+04 2.9340980e+06 3.8400000e+03
 2.1600000e+03 0.0000000e+00 1.8817000e+01 7.5100000e-01 4.6400000e+00
 1.2000000e+01 0.0000000e+00 1.6807776e+04 4.2775790e+06 3.8400000e+03
 2.1600000e+03 1.0000000e+00 1.5506000e+01 7.1000000e-01 5.2100000e+00
 1.1000000e+01 0.0000000e+00 1.2731193e+04 3.2448630e+06 3.8400000e+03
 2.1600000e+03 0.0000000e+00 1.8104000e+01 7.8100000e-01 0.0000000e+00
 1.1000000e+01 0.0000000e+00 1.0277798e+04 2.6234080e+06 3.8400000e+03
 2.1600000e+03 0.0000000e+00 1.6385000e+01 6.7800000e-01 1.0180000e+00
 1.4600000e+02]
deleted_idx_col 449
query_origi 475
query_idx 855
deleted_scaled [0.83333333 0.         0.4184413  0.41672727 0.63636364 0.63636364
 0.         0.0917329  0.46511628 0.02259067 0.83333333 0.
 0.3710993  0.3701876  0.63636364 0.63636364 0.         0.44341774
 0.80731707 0.37056489 0.83333333 0.         0.41012478 0.4134273
 0.63636364 0.63636364 0.         0.14473467 0.52722772 0.06451862
 0.83333333 0.         0.39342844 0.39364365 0.63636364 0.63636364
 0.         0.07469508 0.47540984 0.00149183]
deleted_not_scaled [1.000000e+01 0.000000e+00 8.559421e+03 2.176233e+06 2.560000e+03
 1.440000e+03 0.000000e+00 1.790200e+01 7.700000e-01 2.180000e+00
 1.000000e+01 0.000000e+00 7.630927e+03 1.943025e+06 2.560000e+03
 1.440000e+03 0.000000e+00 2.859200e+01 9.180000e-01 3.436100e+01
 1.000000e+01 0.000000e+00 8.074898e+03 2.059099e+06 2.560000e+03
 1.440000e+03 0.000000e+00 1.889400e+01 8.040000e-01 5.843000e+00
 1.000000e+01 0.000000e+00 8.063596e+03 2.059241e+06 2.560000e+03
 1.440000e+03 0.000000e+00 1.610200e+01 7.730000e-01 1.410000e-01
 2.600000e+01]
deleted_idx_col 855
query_origi 626
query_idx 960
deleted_scaled [0.83333333 0.         0.39385868 0.39344676 0.63636364 0.63636364
 0.         0.16418518 0.49767442 0.02733679 0.83333333 0.
 0.39315061 0.39338826 0.63636364 0.63636364 0.         0.25283578
 0.44146341 0.0621185  0.91666667 0.         0.59001057 0.59655762
 1.         1.         0.         0.57954358 0.73514851 0.36495037
 0.91666667 0.         0.60068316 0.59585832 1.         1.
 0.         0.43763809 0.69086651 0.10380363]
deleted_not_scaled [1.0000000e+01 0.0000000e+00 8.0758070e+03 2.0593310e+06 2.5600000e+03
 1.4400000e+03 0.0000000e+00 2.1284000e+01 7.8400000e-01 2.6380000e+00
 1.0000000e+01 0.0000000e+00 8.0646420e+03 2.0595080e+06 2.5600000e+03
 1.4400000e+03 0.0000000e+00 2.2157000e+01 7.6800000e-01 5.7600000e+00
 1.1000000e+01 0.0000000e+00 1.1475745e+04 2.9349220e+06 3.8400000e+03
 2.1600000e+03 0.0000000e+00 3.4708000e+01 8.8800000e-01 3.3051000e+01
 1.1000000e+01 0.0000000e+00 1.2142199e+04 3.0750120e+06 3.8400000e+03
 2.1600000e+03 0.0000000e+00 2.8094000e+01 8.6500000e-01 9.8110000e+00
 1.5600000e+02]
deleted_idx_col 960
query_origi 776
query_idx 427
deleted_scaled [0.         0.         0.00207396 0.001911   0.         0.
 0.         0.17365411 0.62093023 0.         0.5        0.
 0.10770932 0.1070314  0.27272727 0.27272727 0.         0.30188065
 0.63658537 0.05713608 0.08333333 0.         0.00971194 0.00970599
 0.01818182 0.01818182 0.         0.42381083 0.76485149 0.00088336
 0.5        0.         0.10785693 0.10751347 0.27272727 0.27272727
 0.         0.20017554 0.54098361 0.03503148]
deleted_not_scaled [0.000000e+00 0.000000e+00 3.682250e+02 9.325300e+04 3.200000e+02
 1.800000e+02 0.000000e+00 2.172600e+01 8.370000e-01 0.000000e+00
 6.000000e+00 0.000000e+00 2.450455e+03 6.218030e+05 1.280000e+03
 7.200000e+02 0.000000e+00 2.381300e+01 8.480000e-01 5.298000e+00
 1.000000e+00 0.000000e+00 5.048570e+02 1.282970e+05 3.840000e+02
 2.160000e+02 0.000000e+00 2.904400e+01 9.000000e-01 8.000000e-02
 6.000000e+00 0.000000e+00 2.443783e+03 6.219430e+05 1.280000e+03
 7.200000e+02 0.000000e+00 2.024800e+01 8.010000e-01 3.311000e+00
 1.600000e+01]
deleted_idx_col 427
query_origi 12
query_idx 560
deleted_scaled [3.33333333e-01 0.00000000e+00 4.82442869e-02 4.78156517e-02
 9.09090909e-02 9.09090909e-02 0.00000000e+00 2.13757793e-01
 6.62790698e-01 1.04974093e-01 0.00000000e+00 0.00000000e+00
 5.69287448e-04 5.44548184e-04 0.00000000e+00 0.00000000e+00
 0.00000000e+00 3.95083667e-01 7.43902439e-01 0.00000000e+00
 5.00000000e-01 0.00000000e+00 1.12449228e-01 1.13041013e-01
 2.72727273e-01 2.72727273e-01 0.00000000e+00 4.04316745e-01
 8.14356436e-01 5.34059163e-01 0.00000000e+00 0.00000000e+00
 2.26325487e-03 2.25074260e-03 0.00000000e+00 0.00000000e+00
 0.00000000e+00 4.32825883e-01 7.91569087e-01 0.00000000e+00]
deleted_not_scaled [4.000000e+00 0.000000e+00 1.276534e+03 3.237610e+05 6.400000e+02
 3.600000e+02 0.000000e+00 2.359800e+01 8.550000e-01 1.013000e+01
 0.000000e+00 0.000000e+00 3.431770e+02 8.716700e+04 3.200000e+02
 1.800000e+02 0.000000e+00 2.696000e+01 8.920000e-01 0.000000e+00
 6.000000e+00 0.000000e+00 2.447166e+03 6.224980e+05 1.280000e+03
 7.200000e+02 0.000000e+00 2.833500e+01 9.200000e-01 4.836600e+01
 0.000000e+00 0.000000e+00 3.657860e+02 9.318400e+04 3.200000e+02
 1.800000e+02 0.000000e+00 2.793500e+01 9.080000e-01 0.000000e+00
 4.700000e+01]
deleted_idx_col 560
query_origi 255
query_idx 315
deleted_scaled [0.41666667 0.         0.07744151 0.07751861 0.18181818 0.17171717
 0.         0.13759935 0.6744186  0.18001036 0.41666667 0.
 0.07802248 0.07724199 0.18181818 0.17171717 0.         0.18217089
 0.6        0.14456571 0.41666667 0.00098186 0.08149002 0.08152034
 0.18181818 0.17171717 0.         0.78265054 0.93564356 0.91193975
 0.41666667 0.         0.07812043 0.07758751 0.18181818 0.17171717
 0.         0.29324173 0.71896956 0.2024758 ]
deleted_not_scaled [5.00000000e+00 0.00000000e+00 1.85093100e+03 4.72913000e+05
 9.60000000e+02 5.20000000e+02 0.00000000e+00 2.00430000e+01
 8.60000000e-01 1.73710000e+01 5.00000000e+00 0.00000000e+00
 1.86656100e+03 4.72240000e+05 9.60000000e+02 5.20000000e+02
 0.00000000e+00 1.97710000e+01 8.33000000e-01 1.34050000e+01
 5.00000000e+00 4.82697461e-03 1.86186400e+03 4.71750000e+05
 9.60000000e+02 5.20000000e+02 0.00000000e+00 4.20950000e+01
 9.69000000e-01 8.25880000e+01 5.00000000e+00 0.00000000e+00
 1.85859300e+03 4.71618000e+05 9.60000000e+02 5.20000000e+02
 0.00000000e+00 2.33230000e+01 8.77000000e-01 1.91370000e+01
 1.95000000e+02]
deleted_idx_col 315
query_origi 13
query_idx 528
deleted_scaled [0.33333333 0.         0.04267833 0.04240128 0.09090909 0.09090909
 0.         0.48062298 0.97906977 0.50648705 0.66666667 0.
 0.20648412 0.20587606 0.45454545 0.45454545 0.         0.94266252
 0.5804878  0.57192158 0.75       0.         0.28908085 0.29125991
 0.45454545 0.45454545 0.         0.14146274 0.38366337 0.36045626
 0.83333333 0.         0.35907899 0.35909438 0.63636364 0.63636364
 0.         0.03973851 0.44496487 0.16303232]
deleted_not_scaled [4.000000e+00 0.000000e+00 1.167035e+03 2.965730e+05 6.400000e+02
 3.600000e+02 0.000000e+00 3.605500e+01 9.910000e-01 4.887600e+01
 8.000000e+00 0.000000e+00 4.393202e+03 1.118070e+06 1.920000e+03
 1.080000e+03 0.000000e+00 4.544900e+01 8.250000e-01 5.303200e+01
 9.000000e+00 0.000000e+00 5.786491e+03 1.474832e+06 1.920000e+03
 1.080000e+03 0.000000e+00 1.877500e+01 7.460000e-01 3.264400e+01
 1.000000e+01 0.000000e+00 7.387627e+03 1.885692e+06 2.560000e+03
 1.440000e+03 0.000000e+00 1.494700e+01 7.600000e-01 1.540900e+01
 3.000000e+00]
deleted_idx_col 528
query_origi 195
query_idx 675
deleted_scaled [0.41666667 0.         0.07713515 0.07734974 0.18181818 0.17171717
 0.         0.18569378 0.54186047 0.30292228 0.08333333 0.
 0.00877146 0.00864326 0.01818182 0.01818182 0.         0.27869095
 0.4902439  0.         0.41666667 0.         0.09215978 0.09236903
 0.18181818 0.17171717 0.         0.14500962 0.32425743 0.28623168
 0.         0.         0.00126957 0.00121595 0.         0.
 0.         0.29284828 0.59953162 0.00082527]
deleted_not_scaled [5.000000e+00 0.000000e+00 1.844904e+03 4.720650e+05 9.600000e+02
 5.200000e+02 0.000000e+00 2.228800e+01 8.030000e-01 2.923200e+01
 1.000000e+00 0.000000e+00 5.045010e+02 1.278280e+05 3.840000e+02
 2.160000e+02 0.000000e+00 2.303000e+01 7.880000e-01 0.000000e+00
 5.000000e+00 0.000000e+00 2.063582e+03 5.236340e+05 9.600000e+02
 5.200000e+02 0.000000e+00 1.890400e+01 7.220000e-01 2.592200e+01
 0.000000e+00 0.000000e+00 3.462310e+02 8.798600e+04 3.200000e+02
 1.800000e+02 0.000000e+00 2.331000e+01 8.260000e-01 7.800000e-02
 2.560000e+02]
deleted_idx_col 675
query_origi 38
query_idx 608
deleted_scaled [4.16666667e-01 0.00000000e+00 7.85581134e-02 7.84498189e-02
 1.81818182e-01 1.71717172e-01 0.00000000e+00 5.34415904e-01
 9.00000000e-01 6.87502591e-01 0.00000000e+00 0.00000000e+00
 5.41832306e-04 6.11073091e-04 0.00000000e+00 0.00000000e+00
 0.00000000e+00 3.40411669e-01 8.26829268e-01 2.16444147e-02
 3.33333333e-01 0.00000000e+00 4.34313343e-02 4.39676889e-02
 9.09090909e-02 9.09090909e-02 0.00000000e+00 5.39868023e-01
 7.79702970e-01 6.53500878e-01 5.00000000e-01 0.00000000e+00
 1.08444407e-01 1.07488188e-01 2.72727273e-01 2.72727273e-01
 0.00000000e+00 1.53536515e-01 4.42622951e-01 2.56911601e-01]
deleted_not_scaled [5.000000e+00 0.000000e+00 1.872898e+03 4.775890e+05 9.600000e+02
 5.200000e+02 0.000000e+00 3.856600e+01 9.570000e-01 6.634400e+01
 0.000000e+00 0.000000e+00 3.426370e+02 8.750100e+04 3.200000e+02
 1.800000e+02 0.000000e+00 2.511400e+01 9.260000e-01 2.007000e+00
 4.000000e+00 0.000000e+00 1.142342e+03 2.921540e+05 6.400000e+02
 3.600000e+02 0.000000e+00 3.326500e+01 9.060000e-01 5.918300e+01
 6.000000e+00 0.000000e+00 2.455344e+03 6.218160e+05 1.280000e+03
 7.200000e+02 0.000000e+00 1.870700e+01 7.590000e-01 2.428200e+01
 1.860000e+02]
deleted_idx_col 608
query_origi 622
query_idx 730
deleted_scaled [0.5        0.         0.10781958 0.10719549 0.27272727 0.27272727
 0.         0.54420617 0.86046512 0.85033161 0.16666667 0.
 0.01802491 0.01796491 0.05454545 0.05454545 0.         0.17390789
 0.7097561  0.30905032 0.5        0.         0.11212768 0.11290907
 0.27272727 0.27272727 0.         0.20395931 0.69059406 0.25133885
 0.08333333 0.         0.00918143 0.00919269 0.01818182 0.01818182
 0.         0.18940105 0.66744731 0.        ]
deleted_not_scaled [6.000000e+00 0.000000e+00 2.448559e+03 6.219340e+05 1.280000e+03
 7.200000e+02 0.000000e+00 3.902300e+01 9.400000e-01 8.205700e+01
 2.000000e+00 0.000000e+00 6.865020e+02 1.746290e+05 5.120000e+02
 2.880000e+02 0.000000e+00 1.949200e+01 8.780000e-01 2.865700e+01
 6.000000e+00 0.000000e+00 2.441087e+03 6.218670e+05 1.280000e+03
 7.200000e+02 0.000000e+00 2.104800e+01 8.700000e-01 2.276200e+01
 1.000000e+00 0.000000e+00 5.019300e+02 1.280550e+05 3.840000e+02
 2.160000e+02 0.000000e+00 1.989200e+01 8.550000e-01 0.000000e+00
 2.210000e+02]
deleted_idx_col 730
query_origi 524
query_idx 956
deleted_scaled [0.91666667 0.         0.55408038 0.55491161 1.         1.
 0.         0.56423659 0.89767442 0.92324352 1.         0.
 0.79254346 0.78581789 1.         1.         1.         0.11091367
 0.55853659 0.06331557 0.91666667 0.         0.63165619 0.63289188
 1.         1.         0.         0.12719274 0.17821782 0.07808929
 0.91666667 0.         0.5727449  0.56958201 1.         1.
 0.         0.2093157  0.55503513 0.05887954]
deleted_not_scaled [1.1000000e+01 0.0000000e+00 1.1227849e+04 2.8701190e+06 3.8400000e+03
 2.1600000e+03 0.0000000e+00 3.9958000e+01 9.5600000e-01 8.9093000e+01
 1.2000000e+01 0.0000000e+00 1.5920079e+04 4.0297700e+06 3.8400000e+03
 2.1600000e+03 1.0000000e+00 1.7365000e+01 8.1600000e-01 5.8710000e+00
 1.1000000e+01 0.0000000e+00 1.2263080e+04 3.1086910e+06 3.8400000e+03
 2.1600000e+03 0.0000000e+00 1.8256000e+01 6.6300000e-01 7.0720000e+00
 1.1000000e+01 0.0000000e+00 1.1592397e+04 2.9430200e+06 3.8400000e+03
 2.1600000e+03 0.0000000e+00 2.0550000e+01 8.0700000e-01 5.5650000e+00
 2.4800000e+02]
deleted_idx_col 956
query_origi 344
query_idx 865
deleted_scaled [5.00000000e-01 0.00000000e+00 1.08309901e-01 1.07193895e-01
 2.72727273e-01 2.72727273e-01 0.00000000e+00 2.03517642e-01
 7.00000000e-01 2.27077720e-01 3.33333333e-01 0.00000000e+00
 4.27183193e-02 4.23387209e-02 9.09090909e-02 9.09090909e-02
 0.00000000e+00 1.35110321e-01 5.26829268e-01 1.46194163e-01
 4.16666667e-01 0.00000000e+00 8.80330632e-02 8.82295748e-02
 1.81818182e-01 1.71717172e-01 0.00000000e+00 2.28759967e-01
 6.38613861e-01 1.10420370e-04 0.00000000e+00 0.00000000e+00
 1.09516758e-03 1.04235700e-03 0.00000000e+00 0.00000000e+00
 0.00000000e+00 2.83708120e-01 7.56440281e-01 0.00000000e+00]
deleted_not_scaled [6.000000e+00 0.000000e+00 2.458205e+03 6.219260e+05 1.280000e+03
 7.200000e+02 0.000000e+00 2.312000e+01 8.710000e-01 2.191300e+01
 4.000000e+00 0.000000e+00 1.172183e+03 2.970020e+05 6.400000e+02
 3.600000e+02 0.000000e+00 1.818200e+01 8.030000e-01 1.355600e+01
 5.000000e+00 0.000000e+00 1.985564e+03 5.038370e+05 9.600000e+02
 5.200000e+02 0.000000e+00 2.195000e+01 8.490000e-01 1.000000e-02
 0.000000e+00 0.000000e+00 3.427990e+02 8.711400e+04 3.200000e+02
 1.800000e+02 0.000000e+00 2.300800e+01 8.930000e-01 0.000000e+00
 2.110000e+02]
deleted_idx_col 865
query_origi 660
query_idx 971
deleted_scaled [0.91666667 0.         0.57153344 0.56951017 1.         1.
 0.         0.23526639 0.69534884 0.06897409 1.         0.
 0.89347191 0.89169526 1.         1.         1.         0.31186139
 0.66829268 0.05452624 1.         0.         0.80576449 0.81265138
 1.         1.         1.         0.42320594 0.74009901 0.12777845
 1.         0.         0.76634784 0.76712001 1.         1.
 1.         0.3713568  0.66276347 0.17403587]
deleted_not_scaled [1.1000000e+01 0.0000000e+00 1.1571203e+04 2.9434250e+06 3.8400000e+03
 2.1600000e+03 0.0000000e+00 2.4602000e+01 8.6900000e-01 6.6560000e+00
 1.2000000e+01 0.0000000e+00 1.7905185e+04 4.5613460e+06 3.8400000e+03
 2.1600000e+03 1.0000000e+00 2.4150000e+01 8.6100000e-01 5.0560000e+00
 1.2000000e+01 0.0000000e+00 1.5554700e+04 3.9683930e+06 3.8400000e+03
 2.1600000e+03 1.0000000e+00 2.9022000e+01 8.9000000e-01 1.1572000e+01
 1.2000000e+01 0.0000000e+00 1.5402344e+04 3.9352990e+06 3.8400000e+03
 2.1600000e+03 1.0000000e+00 2.5904000e+01 8.5300000e-01 1.6449000e+01
 6.4000000e+01]
deleted_idx_col 971
query_origi 580
query_idx 533
deleted_scaled [1.         0.         0.76665657 0.76818717 1.         1.
 1.         0.18922856 0.72790698 0.00740933 0.91666667 0.
 0.54689285 0.54250324 1.         1.         0.         0.16845846
 0.28536585 0.03594461 0.91666667 0.         0.59503549 0.59649657
 1.         1.         0.         0.22449821 0.69554455 0.46112651
 1.         0.         0.91607831 0.91151432 1.         1.
 1.         0.45255894 0.79859485 0.24036396]
deleted_not_scaled [1.2000000e+01 0.0000000e+00 1.5409861e+04 3.9410720e+06 3.8400000e+03
 2.1600000e+03 1.0000000e+00 2.2453000e+01 8.8300000e-01 7.1500000e-01
 1.1000000e+01 0.0000000e+00 1.1088513e+04 2.8081660e+06 3.8400000e+03
 2.1600000e+03 0.0000000e+00 1.9308000e+01 7.0400000e-01 3.3330000e+00
 1.1000000e+01 0.0000000e+00 1.1570744e+04 2.9346300e+06 3.8400000e+03
 2.1600000e+03 0.0000000e+00 2.1795000e+01 8.7200000e-01 4.1761000e+01
 1.2000000e+01 0.0000000e+00 1.8348917e+04 4.6606250e+06 3.8400000e+03
 2.1600000e+03 1.0000000e+00 2.8587000e+01 9.1100000e-01 2.2718000e+01
 1.7300000e+02]
deleted_idx_col 533
query_origi 244
query_idx 491
deleted_scaled [1.         0.         0.82620533 0.82661529 1.         1.
 1.         0.16409949 0.53255814 0.02103627 0.91666667 0.
 0.56659217 0.56776139 1.         1.         0.         0.44664594
 0.71707317 0.15859629 0.91666667 0.         0.59595717 0.59651204
 1.         1.         0.         0.26035194 0.65841584 0.01328357
 0.91666667 0.         0.58097492 0.57718249 1.         1.
 0.         0.29660119 0.6440281  0.03345501]
deleted_not_scaled [1.2000000e+01 0.0000000e+00 1.6581364e+04 4.2344660e+06 3.8400000e+03
 2.1600000e+03 1.0000000e+00 2.1280000e+01 7.9900000e-01 2.0300000e+00
 1.1000000e+01 0.0000000e+00 1.1475968e+04 2.9349790e+06 3.8400000e+03
 2.1600000e+03 0.0000000e+00 2.8701000e+01 8.8100000e-01 1.4706000e+01
 1.1000000e+01 0.0000000e+00 1.1588169e+04 2.9347040e+06 3.8400000e+03
 2.1600000e+03 0.0000000e+00 2.3099000e+01 8.5700000e-01 1.2030000e+00
 1.1000000e+01 0.0000000e+00 1.1754357e+04 2.9811990e+06 3.8400000e+03
 2.1600000e+03 0.0000000e+00 2.3434000e+01 8.4500000e-01 3.1620000e+00
 4.4000000e+01]
deleted_idx_col 491
query_origi 554
query_idx 904
deleted_scaled [0.91666667 0.         0.56771912 0.56828443 1.         1.
 0.         0.13494291 0.52790698 0.02059067 0.91666667 0.
 0.57237336 0.56720549 1.         1.         0.         0.32714349
 0.54634146 0.04479865 1.         0.         0.86700315 0.86829683
 1.         1.         1.         0.24817157 0.47524752 0.01531531
 0.91666667 0.         0.57142986 0.56798622 1.         1.
 0.         0.2728731  0.45433255 0.02747712]
deleted_not_scaled [1.1000000e+01 0.0000000e+00 1.1496164e+04 2.9372700e+06 3.8400000e+03
 2.1600000e+03 0.0000000e+00 1.9919000e+01 7.9700000e-01 1.9870000e+00
 1.1000000e+01 0.0000000e+00 1.1589675e+04 2.9321880e+06 3.8400000e+03
 2.1600000e+03 0.0000000e+00 2.4666000e+01 8.1100000e-01 4.1540000e+00
 1.2000000e+01 0.0000000e+00 1.6712453e+04 4.2345180e+06 3.8400000e+03
 2.1600000e+03 1.0000000e+00 2.2656000e+01 7.8300000e-01 1.3870000e+00
 1.1000000e+01 0.0000000e+00 1.1566518e+04 2.9350040e+06 3.8400000e+03
 2.1600000e+03 0.0000000e+00 2.2650000e+01 7.6400000e-01 2.5970000e+00
 8.2000000e+01]
deleted_idx_col 904
query_origi 264
query_idx 33
deleted_scaled [0.5        0.         0.10804705 0.10754399 0.27272727 0.27272727
 0.         0.37447246 0.75348837 0.40956477 0.5        0.
 0.10736242 0.10711247 0.27272727 0.27272727 0.         0.24344736
 0.60487805 0.17878481 0.5        0.63061068 0.11194858 0.11285617
 0.27272727 0.27272727 0.         0.18578499 0.5519802  0.20327286
 0.58333333 0.         0.13976451 0.13986158 0.27272727 0.27272727
 0.         0.22829212 0.55269321 0.01657938]
deleted_not_scaled [6.00000000e+00 0.00000000e+00 2.45303400e+03 6.23684000e+05
 1.28000000e+03 7.20000000e+02 0.00000000e+00 3.11000000e+01
 8.94000000e-01 3.95230000e+01 6.00000000e+00 0.00000000e+00
 2.44363200e+03 6.22210000e+05 1.28000000e+03 7.20000000e+02
 0.00000000e+00 2.18400000e+01 8.35000000e-01 1.65780000e+01
 6.00000000e+00 3.10018225e+00 2.43770100e+03 6.21614000e+05
 1.28000000e+03 7.20000000e+02 0.00000000e+00 2.03870000e+01
 8.14000000e-01 1.84090000e+01 7.00000000e+00 0.00000000e+00
 3.07169800e+03 7.84435000e+05 1.28000000e+03 7.20000000e+02
 0.00000000e+00 2.11770000e+01 8.06000000e-01 1.56700000e+00
 4.10000000e+01]
deleted_idx_col 33
query_origi 528
query_idx 161
deleted_scaled [0.00000000e+00 1.24079626e-01 2.13414292e-03 1.97074472e-03
 0.00000000e+00 0.00000000e+00 0.00000000e+00 1.31429551e-01
 3.86046512e-01 3.10880829e-05 0.00000000e+00 1.16566637e-01
 1.98648119e-03 1.92703134e-03 0.00000000e+00 0.00000000e+00
 0.00000000e+00 2.29172220e-01 5.26829268e-01 0.00000000e+00
 0.00000000e+00 1.88322540e-01 2.51460018e-03 2.46606804e-03
 0.00000000e+00 0.00000000e+00 0.00000000e+00 3.91751443e-01
 7.57425743e-01 1.74464185e-03 0.00000000e+00 0.00000000e+00
 1.92284435e-03 1.88424542e-03 0.00000000e+00 0.00000000e+00
 0.00000000e+00 4.97957084e-01 7.68149883e-01 5.47003121e-03]
deleted_not_scaled [0.00000000e+00 5.82986960e-01 3.69409000e+02 9.35530000e+04
 3.20000000e+02 1.80000000e+02 0.00000000e+00 1.97550000e+01
 7.36000000e-01 3.00000000e-03 0.00000000e+00 3.82519061e-01
 3.71051000e+02 9.41080000e+04 3.20000000e+02 1.80000000e+02
 0.00000000e+00 2.13580000e+01 8.03000000e-01 0.00000000e+00
 0.00000000e+00 9.25823513e-01 3.68787000e+02 9.36720000e+04
 3.20000000e+02 1.80000000e+02 0.00000000e+00 2.78780000e+01
 8.97000000e-01 1.58000000e-01 0.00000000e+00 0.00000000e+00
 3.59087000e+02 9.13430000e+04 3.20000000e+02 1.80000000e+02
 0.00000000e+00 3.00870000e+01 8.98000000e-01 5.17000000e-01
 1.74000000e+02]
deleted_idx_col 161
query_origi 221
query_idx 210
deleted_scaled [0.00000000e+00 7.95328552e-01 1.91409517e-03 1.84329154e-03
 0.00000000e+00 0.00000000e+00 0.00000000e+00 1.41776816e-01
 5.69767442e-01 2.07253886e-04 0.00000000e+00 3.72674463e-01
 1.60434629e-03 1.63782726e-03 0.00000000e+00 0.00000000e+00
 0.00000000e+00 2.06367540e-01 4.82926829e-01 1.72551388e-04
 0.00000000e+00 0.00000000e+00 2.23452429e-03 2.28938265e-03
 0.00000000e+00 0.00000000e+00 0.00000000e+00 2.43607369e-01
 5.91584158e-01 0.00000000e+00 0.00000000e+00 0.00000000e+00
 2.26289917e-03 2.32320592e-03 0.00000000e+00 0.00000000e+00
 0.00000000e+00 6.19442511e-01 7.91569087e-01 5.11876422e-02]
deleted_not_scaled [0.00000000e+00 3.73684375e+00 3.65080000e+02 9.29130000e+04
 3.20000000e+02 1.80000000e+02 0.00000000e+00 2.02380000e+01
 8.15000000e-01 2.00000000e-02 0.00000000e+00 1.22294929e+00
 3.63535000e+02 9.26560000e+04 3.20000000e+02 1.80000000e+02
 0.00000000e+00 2.05880000e+01 7.85000000e-01 1.60000000e-02
 0.00000000e+00 0.00000000e+00 3.63492000e+02 9.28270000e+04
 3.20000000e+02 1.80000000e+02 0.00000000e+00 2.24900000e+01
 8.30000000e-01 0.00000000e+00 0.00000000e+00 0.00000000e+00
 3.65779000e+02 9.35480000e+04 3.20000000e+02 1.80000000e+02
 0.00000000e+00 3.41010000e+01 9.08000000e-01 4.83800000e+00
 8.70000000e+01]
deleted_idx_col 210
query_origi 450
query_idx 478
deleted_scaled [0.         0.         0.00201637 0.00186301 0.         0.
 0.         0.39028257 0.98139535 0.15226943 0.         0.
 0.00177686 0.00172785 0.         0.         0.         0.68662817
 0.98292683 0.39396717 0.25       0.         0.02912509 0.02920787
 0.05454545 0.05454545 0.         0.5965906  0.98762376 0.40075969
 0.58333333 0.         0.14053655 0.14009628 0.27272727 0.27272727
 0.         1.         0.60421546 0.55613395]
deleted_not_scaled [0.000000e+00 0.000000e+00 3.670920e+02 9.301200e+04 3.200000e+02
 1.800000e+02 0.000000e+00 3.183800e+01 9.920000e-01 1.469400e+01
 0.000000e+00 0.000000e+00 3.669280e+02 9.310800e+04 3.200000e+02
 1.800000e+02 0.000000e+00 3.680400e+01 9.900000e-01 3.653100e+01
 3.000000e+00 0.000000e+00 8.718740e+02 2.215650e+05 5.120000e+02
 2.880000e+02 0.000000e+00 3.532800e+01 9.900000e-01 3.629400e+01
 7.000000e+00 0.000000e+00 3.086891e+03 7.856140e+05 1.280000e+03
 7.200000e+02 0.000000e+00 4.667500e+01 8.280000e-01 5.256300e+01
 1.000000e+00]
deleted_idx_col 478
query_origi 125
query_idx 909
deleted_scaled [0.         0.         0.00177802 0.00159934 0.         0.
 0.         0.74395338 0.99302326 0.67647668 0.41666667 0.
 0.07778687 0.07714758 0.18181818 0.17171717 0.         0.70451651
 0.99756098 0.84936264 0.58333333 0.         0.14651206 0.14688933
 0.27272727 0.27272727 0.         1.         1.         0.7411084
 0.58333333 0.         0.14046088 0.13979051 0.27272727 0.27272727
 0.         0.93323447 1.         0.86506904]
deleted_not_scaled [0.000000e+00 0.000000e+00 3.624030e+02 9.168800e+04 3.200000e+02
 1.800000e+02 0.000000e+00 4.834700e+01 9.970000e-01 6.528000e+01
 5.000000e+00 0.000000e+00 1.861927e+03 4.717660e+05 9.600000e+02
 5.200000e+02 0.000000e+00 3.740800e+01 9.960000e-01 7.875800e+01
 7.000000e+00 0.000000e+00 3.091144e+03 7.843780e+05 1.280000e+03
 7.200000e+02 0.000000e+00 5.000000e+01 9.950000e-01 6.711700e+01
 7.000000e+00 0.000000e+00 3.085402e+03 7.840780e+05 1.280000e+03
 7.200000e+02 0.000000e+00 4.446900e+01 9.970000e-01 8.176200e+01
 0.000000e+00]
deleted_idx_col 909
query_origi 774
query_idx 296
deleted_scaled [0.00000000e+00 2.70201851e-01 3.01306313e-03 2.98718379e-03
 0.00000000e+00 0.00000000e+00 0.00000000e+00 3.32697787e-02
 2.93023256e-01 6.43005181e-02 0.00000000e+00 9.68144737e-02
 5.38883421e-04 6.16650029e-04 0.00000000e+00 0.00000000e+00
 0.00000000e+00 1.43610247e-01 4.58536585e-01 7.00990014e-04
 0.00000000e+00 1.06194575e-01 3.92365433e-03 3.79821316e-03
 0.00000000e+00 0.00000000e+00 0.00000000e+00 5.37778389e-01
 7.87128713e-01 9.03790731e-02 0.00000000e+00 0.00000000e+00
 2.02096835e-03 1.91012518e-03 0.00000000e+00 0.00000000e+00
 0.00000000e+00 9.13410611e-02 5.71428571e-01 8.73935354e-02]
deleted_not_scaled [0.00000000e+00 1.26954086e+00 3.86700000e+02 9.86570000e+04
 3.20000000e+02 1.80000000e+02 0.00000000e+00 1.51730000e+01
 6.96000000e-01 6.20500000e+00 0.00000000e+00 3.17701381e-01
 3.42579000e+02 8.75290000e+04 3.20000000e+02 1.80000000e+02
 0.00000000e+00 1.84690000e+01 7.75000000e-01 6.50000000e-02
 0.00000000e+00 5.22069394e-01 3.95426000e+02 1.00043000e+05
 3.20000000e+02 1.80000000e+02 0.00000000e+00 3.31890000e+01
 9.09000000e-01 8.18500000e+00 0.00000000e+00 0.00000000e+00
 3.61018000e+02 9.14730000e+04 3.20000000e+02 1.80000000e+02
 0.00000000e+00 1.66520000e+01 8.14000000e-01 8.26000000e+00
 2.39000000e+02]
deleted_idx_col 296
query_origi 233
query_idx 574
deleted_scaled [0.91666667 0.         0.57000759 0.5697133  1.         1.
 0.         0.02924227 0.2        0.11596891 0.91666667 0.
 0.56505575 0.56565212 1.         1.         0.         0.14295869
 0.38780488 0.02176304 1.         0.         1.         1.
 1.         1.         1.         0.77165246 0.88366337 1.
 0.91666667 0.         0.54587625 0.54175749 1.         1.
 0.         0.08686178 0.52693208 0.11360102]
deleted_not_scaled [1.1000000e+01 0.0000000e+00 1.1541185e+04 2.9444450e+06 3.8400000e+03
 2.1600000e+03 0.0000000e+00 1.4985000e+01 6.5600000e-01 1.1191000e+01
 1.1000000e+01 0.0000000e+00 1.1445749e+04 2.9243890e+06 3.8400000e+03
 2.1600000e+03 0.0000000e+00 1.8447000e+01 7.4600000e-01 2.0180000e+00
 1.2000000e+01 0.0000000e+00 1.9226837e+04 4.8643900e+06 3.8400000e+03
 2.1600000e+03 1.0000000e+00 4.1695000e+01 9.4800000e-01 9.0563000e+01
 1.1000000e+01 0.0000000e+00 1.1063644e+04 2.8032510e+06 3.8400000e+03
 2.1600000e+03 0.0000000e+00 1.6504000e+01 7.9500000e-01 1.0737000e+01
 2.3900000e+02]
deleted_idx_col 574
query_origi 742
query_idx 902
deleted_scaled [0.25       1.         0.02684959 0.02649293 0.05454545 0.05454545
 0.         0.20523147 0.69069767 0.16088083 0.41666667 0.01066216
 0.08492897 0.08433645 0.18181818 0.17171717 0.         0.29326225
 0.64634146 0.13069689 0.         0.04051533 0.00115997 0.0011059
 0.         0.         0.         0.36651086 0.7450495  0.
 0.         0.         0.0024936  0.002453   0.         0.
 0.         0.44254109 0.78688525 0.        ]
deleted_not_scaled [3.00000000e+00 4.69849063e+00 8.55636000e+02 2.16690000e+05
 5.12000000e+02 2.88000000e+02 0.00000000e+00 2.32000000e+01
 8.67000000e-01 1.55250000e+01 5.00000000e+00 3.49883843e-02
 2.00240100e+03 5.07859000e+05 9.60000000e+02 5.20000000e+02
 0.00000000e+00 2.35220000e+01 8.52000000e-01 1.21190000e+01
 0.00000000e+00 1.99179802e-01 3.43177000e+02 8.71670000e+04
 3.20000000e+02 1.80000000e+02 0.00000000e+00 2.69600000e+01
 8.92000000e-01 0.00000000e+00 0.00000000e+00 0.00000000e+00
 3.70319000e+02 9.42000000e+04 3.20000000e+02 1.80000000e+02
 0.00000000e+00 2.82560000e+01 9.06000000e-01 0.00000000e+00
 4.60000000e+01]
deleted_idx_col 902
query_origi 606
query_idx 158
deleted_scaled [0.         0.04357984 0.00136548 0.00119925 0.         0.
 0.         0.16050044 0.6        0.         0.         0.04205748
 0.00206219 0.00199296 0.         0.         0.         0.17740264
 0.44390244 0.         0.         0.6808652  0.00208832 0.00202864
 0.         0.         0.         0.4737421  0.76485149 0.
 0.         0.         0.00266713 0.00261664 0.         0.
 0.         0.53255047 0.75175644 0.        ]
deleted_not_scaled [0.00000000e+00 2.04759462e-01 3.54287000e+02 8.96790000e+04
 3.20000000e+02 1.80000000e+02 0.00000000e+00 2.11120000e+01
 8.28000000e-01 0.00000000e+00 0.00000000e+00 1.38013655e-01
 3.72540000e+02 9.44390000e+04 3.20000000e+02 1.80000000e+02
 0.00000000e+00 1.96100000e+01 7.69000000e-01 0.00000000e+00
 0.00000000e+00 3.34724145e+00 3.60728000e+02 9.15800000e+04
 3.20000000e+02 1.80000000e+02 0.00000000e+00 3.08600000e+01
 9.00000000e-01 0.00000000e+00 0.00000000e+00 0.00000000e+00
 3.73734000e+02 9.50220000e+04 3.20000000e+02 1.80000000e+02
 0.00000000e+00 3.12300000e+01 8.91000000e-01 0.00000000e+00
 3.80000000e+01]
deleted_idx_col 158
