query_origi 8
query_idx 12
deleted_scaled [1.66666667e-01 0.00000000e+00 1.81388678e-02 1.81228457e-02
 5.45454545e-02 5.45454545e-02 0.00000000e+00 5.45834315e-01
 8.81395349e-01 5.06466321e-01 8.33333333e-02 4.45394773e-01
 8.67475709e-03 8.77252386e-03 1.81818182e-02 1.81818182e-02
 0.00000000e+00 3.05641937e-01 7.53658537e-01 0.00000000e+00
 8.33333333e-02 0.00000000e+00 1.12787805e-02 1.11681894e-02
 1.81818182e-02 1.81818182e-02 0.00000000e+00 2.25570525e-01
 7.10396040e-01 0.00000000e+00 0.00000000e+00 0.00000000e+00
 1.92873890e-03 1.82750903e-03 0.00000000e+00 0.00000000e+00
 0.00000000e+00 2.79561757e-01 7.21311475e-01 2.11606623e-05]
deleted_not_scaled [2.00000000e+00 0.00000000e+00 6.84270000e+02 1.74660000e+05
 5.12000000e+02 2.88000000e+02 0.00000000e+00 3.90990000e+01
 9.49000000e-01 4.88740000e+01 1.00000000e+00 1.46158451e+00
 5.02599000e+02 1.28477000e+05 3.84000000e+02 2.16000000e+02
 0.00000000e+00 2.39400000e+01 8.96000000e-01 0.00000000e+00
 1.00000000e+00 0.00000000e+00 5.34479000e+02 1.35290000e+05
 3.84000000e+02 2.16000000e+02 0.00000000e+00 2.18340000e+01
 8.78000000e-01 0.00000000e+00 0.00000000e+00 0.00000000e+00
 3.59203000e+02 9.10580000e+04 3.20000000e+02 1.80000000e+02
 0.00000000e+00 2.28710000e+01 8.78000000e-01 2.00000000e-03
 2.77000000e+02]
deleted_idx_col 12
query_origi 634
query_idx 96
deleted_scaled [1.         0.06823407 0.83214581 0.82673936 1.         1.
 1.         0.31262452 0.58372093 0.07807254 1.         0.16071157
 0.83067575 0.82653571 1.         1.         1.         0.36306827
 0.48292683 0.00786187 1.         0.13351528 0.86354877 0.86831774
 1.         1.         1.         0.15515535 0.34405941 0.07892848
 1.         0.         0.8283464  0.82669601 1.         1.
 1.         0.25550074 0.54098361 0.13796752]
deleted_not_scaled [1.20000000e+01 3.20597144e-01 1.66982310e+04 4.23508900e+06
 3.84000000e+03 2.16000000e+03 1.00000000e+00 2.82130000e+01
 8.21000000e-01 7.53400000e+00 1.20000000e+01 5.27382807e-01
 1.66700820e+04 4.23420100e+06 3.84000000e+03 2.16000000e+03
 1.00000000e+00 2.58790000e+01 7.85000000e-01 7.29000000e-01
 1.20000000e+01 6.56382343e-01 1.66471460e+04 4.23461800e+06
 3.84000000e+03 2.16000000e+03 1.00000000e+00 1.92730000e+01
 7.30000000e-01 7.14800000e+00 1.20000000e+01 0.00000000e+00
 1.66224250e+04 4.23456300e+06 3.84000000e+03 2.16000000e+03
 1.00000000e+00 2.20760000e+01 8.01000000e-01 1.30400000e+01
 7.70000000e+01]
deleted_idx_col 96
query_origi 424
query_idx 447
deleted_scaled [0.41666667 0.         0.07626492 0.07624986 0.18181818 0.17171717
 0.         0.05998415 0.26976744 0.00592746 0.41666667 0.
 0.07720106 0.07739535 0.18181818 0.17171717 0.         0.18311861
 0.26829268 0.01847378 0.5        0.         0.11298563 0.11293814
 0.27272727 0.27272727 0.         0.10478416 0.43811881 0.22693595
 0.58333333 0.         0.14092483 0.13986735 0.27272727 0.27272727
 0.         0.20120456 0.70257611 0.13476168]
deleted_not_scaled [5.000000e+00 0.000000e+00 1.827784e+03 4.665420e+05 9.600000e+02
 5.200000e+02 0.000000e+00 1.642000e+01 6.860000e-01 5.720000e-01
 5.000000e+00 0.000000e+00 1.850405e+03 4.730100e+05 9.600000e+02
 5.200000e+02 0.000000e+00 1.980300e+01 6.970000e-01 1.713000e+00
 6.000000e+00 0.000000e+00 2.457307e+03 6.220060e+05 1.280000e+03
 7.200000e+02 0.000000e+00 1.744100e+01 7.680000e-01 2.055200e+01
 7.000000e+00 0.000000e+00 3.094532e+03 7.844640e+05 1.280000e+03
 7.200000e+02 0.000000e+00 2.028200e+01 8.700000e-01 1.273700e+01
 1.490000e+02]
deleted_idx_col 447
query_origi 830
query_idx 565
deleted_scaled [0.25       0.         0.03174126 0.03160699 0.05454545 0.05454545
 0.         0.12817327 0.60930233 0.16746114 0.16666667 0.
 0.01596186 0.01598948 0.05454545 0.05454545 0.         0.18122316
 0.60487805 0.19491836 0.25       0.         0.02733086 0.02764635
 0.05454545 0.05454545 0.         0.17970855 0.63118812 0.1939313
 0.25       0.         0.02889511 0.02902912 0.05454545 0.05454545
 0.         0.30292667 0.67213115 0.24516743]
deleted_not_scaled [3.00000e+00 0.00000e+00 9.51870e+02 2.42370e+05 5.12000e+02 2.88000e+02
 0.00000e+00 1.96030e+01 8.32000e-01 1.61600e+01 2.00000e+00 0.00000e+00
 6.45925e+02 1.64711e+05 5.12000e+02 2.88000e+02 0.00000e+00 1.97390e+01
 8.35000e-01 1.80740e+01 3.00000e+00 0.00000e+00 8.37953e+02 2.14097e+05
 5.12000e+02 2.88000e+02 0.00000e+00 2.01660e+01 8.46000e-01 1.75630e+01
 3.00000e+00 0.00000e+00 8.89879e+02 2.27698e+05 5.12000e+02 2.88000e+02
 0.00000e+00 2.36430e+01 8.57000e-01 2.31720e+01 2.68000e+02]
deleted_idx_col 565
query_origi 194
query_idx 519
deleted_scaled [0.5        0.         0.0916337  0.09183101 0.27272727 0.27272727
 0.         0.18554382 0.67674419 0.27235233 0.5        0.
 0.10792759 0.10700392 0.27272727 0.27272727 0.         0.16700726
 0.58292683 0.20474301 0.5        0.         0.11314966 0.11335946
 0.27272727 0.27272727 0.         0.11811933 0.53712871 0.25097446
 0.5        0.         0.10757425 0.10698891 0.27272727 0.27272727
 0.         0.45143912 0.78220141 0.49192192]
deleted_not_scaled [6.000000e+00 0.000000e+00 2.130134e+03 5.447820e+05 1.280000e+03
 7.200000e+02 0.000000e+00 2.228100e+01 8.610000e-01 2.628200e+01
 6.000000e+00 0.000000e+00 2.454748e+03 6.216650e+05 1.280000e+03
 7.200000e+02 0.000000e+00 1.925900e+01 8.260000e-01 1.898500e+01
 6.000000e+00 0.000000e+00 2.460408e+03 6.240210e+05 1.280000e+03
 7.200000e+02 0.000000e+00 1.792600e+01 8.080000e-01 2.272900e+01
 6.000000e+00 0.000000e+00 2.438220e+03 6.193080e+05 1.280000e+03
 7.200000e+02 0.000000e+00 2.855000e+01 9.040000e-01 4.649400e+01
 6.000000e+01]
deleted_idx_col 519
query_origi 90
query_idx 753
deleted_scaled [0.16666667 0.         0.01814822 0.01809815 0.05454545 0.05454545
 0.         0.0458236  0.21395349 0.38260104 0.16666667 0.
 0.01781152 0.01790516 0.05454545 0.05454545 0.         0.58735377
 0.78292683 0.51133447 0.25       0.1072546  0.02864079 0.02903704
 0.05454545 0.05454545 0.         0.09747044 0.13861386 0.3198326
 0.16666667 0.         0.02132192 0.0210504  0.05454545 0.05454545
 0.         0.08849611 0.26932084 0.28936148]
deleted_not_scaled [2.00000000e+00 0.00000000e+00 6.84454000e+02 1.74536000e+05
 5.12000000e+02 2.88000000e+02 0.00000000e+00 1.57590000e+01
 6.62000000e-01 3.69210000e+01 2.00000000e+00 0.00000000e+00
 6.82305000e+02 1.74329000e+05 5.12000000e+02 2.88000000e+02
 0.00000000e+00 3.34520000e+01 9.08000000e-01 4.74140000e+01
 3.00000000e+00 5.27280643e-01 8.62718000e+02 2.20748000e+05
 5.12000000e+02 2.88000000e+02 0.00000000e+00 1.71750000e+01
 6.47000000e-01 2.89650000e+01 2.00000000e+00 0.00000000e+00
 7.40845000e+02 1.87619000e+05 5.12000000e+02 2.88000000e+02
 0.00000000e+00 1.65580000e+01 6.85000000e-01 2.73490000e+01
 1.41000000e+02]
deleted_idx_col 753
query_origi 507
query_idx 520
deleted_scaled [0.16666667 0.         0.01820551 0.01812125 0.05454545 0.05454545
 0.         0.14927483 0.26976744 0.27471503 0.25       0.
 0.02923576 0.02927215 0.05454545 0.05454545 0.         0.04309196
 0.23170732 0.40155943 0.25       0.         0.02695838 0.02727019
 0.05454545 0.05454545 0.         0.13112455 0.43069307 0.19242958
 0.25       0.         0.03242193 0.03201545 0.05454545 0.05454545
 0.         0.68790291 0.82669789 0.58768449]
deleted_not_scaled [2.00000e+00 0.00000e+00 6.85581e+02 1.74652e+05 5.12000e+02 2.88000e+02
 0.00000e+00 2.05880e+01 6.86000e-01 2.65100e+01 3.00000e+00 0.00000e+00
 9.07002e+02 2.31399e+05 5.12000e+02 2.88000e+02 0.00000e+00 1.50750e+01
 6.82000e-01 3.72350e+01 3.00000e+00 0.00000e+00 8.30911e+02 2.12298e+05
 5.12000e+02 2.88000e+02 0.00000e+00 1.83990e+01 7.65000e-01 1.74270e+01
 3.00000e+00 0.00000e+00 9.59284e+02 2.42699e+05 5.12000e+02 2.88000e+02
 0.00000e+00 3.63630e+01 9.23000e-01 5.55450e+01 2.38000e+02]
deleted_idx_col 520
query_origi 939
query_idx 965
deleted_scaled [0.58333333 0.         0.1406007  0.13966259 0.27272727 0.27272727
 0.         0.19259196 0.4627907  0.22415544 0.58333333 0.
 0.13998004 0.139341   0.27272727 0.27272727 0.         0.6931734
 0.86585366 0.76803701 0.58333333 0.         0.14599449 0.14685337
 0.27272727 0.27272727 0.         0.17629915 0.4950495  0.31979948
 0.58333333 0.         0.1399728  0.13976383 0.27272727 0.27272727
 0.         0.20417058 0.46604215 0.33129133]
deleted_not_scaled [7.000000e+00 0.000000e+00 3.093462e+03 7.849660e+05 1.280000e+03
 7.200000e+02 0.000000e+00 2.261000e+01 7.690000e-01 2.163100e+01
 7.000000e+00 0.000000e+00 3.085170e+03 7.840190e+05 1.280000e+03
 7.200000e+02 0.000000e+00 3.702500e+01 9.420000e-01 7.121700e+01
 7.000000e+00 0.000000e+00 3.081359e+03 7.842060e+05 1.280000e+03
 7.200000e+02 0.000000e+00 2.004200e+01 7.910000e-01 2.896200e+01
 7.000000e+00 0.000000e+00 3.075797e+03 7.839440e+05 1.280000e+03
 7.200000e+02 0.000000e+00 2.038000e+01 7.690000e-01 3.131200e+01
 8.500000e+01]
deleted_idx_col 965
query_origi 707
query_idx 787
deleted_scaled [0.41666667 0.         0.07723066 0.07739953 0.18181818 0.17171717
 0.         0.55843099 0.88139535 0.85380311 0.5        0.
 0.1079645  0.10704057 0.27272727 0.27272727 0.         0.45262846
 0.56829268 0.42710782 0.5        0.         0.11274983 0.11295863
 0.27272727 0.27272727 0.         0.22680781 0.11138614 0.36018021
 0.5        0.         0.10809861 0.10751068 0.27272727 0.27272727
 0.         0.24953845 0.15456674 0.32557795]
deleted_not_scaled [5.000000e+00 0.000000e+00 1.846783e+03 4.723150e+05 9.600000e+02
 5.200000e+02 0.000000e+00 3.968700e+01 9.490000e-01 8.239200e+01
 6.000000e+00 0.000000e+00 2.455474e+03 6.218490e+05 1.280000e+03
 7.200000e+02 0.000000e+00 2.890300e+01 8.200000e-01 3.960400e+01
 6.000000e+00 0.000000e+00 2.452849e+03 6.221040e+05 1.280000e+03
 7.200000e+02 0.000000e+00 2.187900e+01 6.360000e-01 3.261900e+01
 6.000000e+00 0.000000e+00 2.448539e+03 6.219290e+05 1.280000e+03
 7.200000e+02 0.000000e+00 2.187900e+01 6.360000e-01 3.077200e+01
 9.000000e+01]
deleted_idx_col 787
query_origi 731
query_idx 630
deleted_scaled [1.         0.         0.8275702  0.82674055 1.         1.
 1.         0.27228518 0.58372093 0.22115026 1.         0.
 0.90362401 0.90408065 1.         1.         1.         0.12287872
 0.36097561 0.11227703 1.         0.         0.85407914 0.86353009
 1.         1.         1.         0.22760517 0.58415842 0.0165741
 1.         0.         0.75991337 0.75383712 1.         1.
 1.         0.2296238  0.36065574 0.06032905]
deleted_not_scaled [1.2000000e+01 0.0000000e+00 1.6608215e+04 4.2350950e+06 3.8400000e+03
 2.1600000e+03 1.0000000e+00 2.6330000e+01 8.2100000e-01 2.1341000e+01
 1.2000000e+01 0.0000000e+00 1.8104861e+04 4.6235290e+06 3.8400000e+03
 2.1600000e+03 1.0000000e+00 1.7769000e+01 7.3500000e-01 1.0411000e+01
 1.2000000e+01 0.0000000e+00 1.6468117e+04 4.2117210e+06 3.8400000e+03
 2.1600000e+03 1.0000000e+00 2.1908000e+01 8.2700000e-01 1.5010000e+00
 1.2000000e+01 0.0000000e+00 1.5275719e+04 3.8685760e+06 3.8400000e+03
 2.1600000e+03 1.0000000e+00 2.1221000e+01 7.2400000e-01 5.7020000e+00
 2.8400000e+02]
deleted_idx_col 630
query_origi 731
query_idx 775
deleted_scaled [0.25       0.         0.02576206 0.02551772 0.05454545 0.05454545
 0.         0.24842006 0.73953488 0.12557513 0.33333333 0.
 0.04256803 0.0423933  0.09090909 0.09090909 0.         0.3805716
 0.76585366 0.25173091 0.33333333 0.         0.04485181 0.04512879
 0.09090909 0.09090909 0.         0.21710201 0.67574257 0.23368263
 0.33333333 0.         0.04284411 0.0428091  0.09090909 0.09090909
 0.         0.16385703 0.70725995 0.1507803 ]
deleted_not_scaled [3.000000e+00 0.000000e+00 8.342410e+02 2.117930e+05 5.120000e+02
 2.880000e+02 0.000000e+00 2.521600e+01 8.880000e-01 1.211800e+01
 4.000000e+00 0.000000e+00 1.169227e+03 2.972760e+05 6.400000e+02
 3.600000e+02 0.000000e+00 2.647000e+01 9.010000e-01 2.334200e+01
 4.000000e+00 0.000000e+00 1.169197e+03 2.977070e+05 6.400000e+02
 3.600000e+02 0.000000e+00 2.152600e+01 8.640000e-01 2.116300e+01
 4.000000e+00 0.000000e+00 1.164384e+03 2.969180e+05 6.400000e+02
 3.600000e+02 0.000000e+00 1.904800e+01 8.720000e-01 1.425100e+01
 1.680000e+02]
deleted_idx_col 775
query_origi 130
query_idx 909
deleted_scaled [0.         0.         0.00177802 0.00159934 0.         0.
 0.         0.74395338 0.99302326 0.67647668 0.41666667 0.
 0.07778687 0.07714758 0.18181818 0.17171717 0.         0.70451651
 0.99756098 0.84936264 0.58333333 0.         0.14651206 0.14688933
 0.27272727 0.27272727 0.         1.         1.         0.7411084
 0.58333333 0.         0.14046088 0.13979051 0.27272727 0.27272727
 0.         0.93323447 1.         0.86506904]
deleted_not_scaled [0.000000e+00 0.000000e+00 3.624030e+02 9.168800e+04 3.200000e+02
 1.800000e+02 0.000000e+00 4.834700e+01 9.970000e-01 6.528000e+01
 5.000000e+00 0.000000e+00 1.861927e+03 4.717660e+05 9.600000e+02
 5.200000e+02 0.000000e+00 3.740800e+01 9.960000e-01 7.875800e+01
 7.000000e+00 0.000000e+00 3.091144e+03 7.843780e+05 1.280000e+03
 7.200000e+02 0.000000e+00 5.000000e+01 9.950000e-01 6.711700e+01
 7.000000e+00 0.000000e+00 3.085402e+03 7.840780e+05 1.280000e+03
 7.200000e+02 0.000000e+00 4.446900e+01 9.970000e-01 8.176200e+01
 0.000000e+00]
deleted_idx_col 909
query_origi 717
query_idx 338
deleted_scaled [0.83333333 0.         0.3896914  0.38908447 0.63636364 0.63636364
 0.         0.04560937 0.53255814 0.15702591 0.83333333 0.
 0.42206718 0.42210232 0.63636364 0.63636364 0.         0.08417
 0.49512195 0.09880724 0.83333333 0.         0.39213048 0.39629927
 0.63636364 0.63636364 0.         0.71190542 0.89851485 0.96950189
 0.83333333 0.         0.39739049 0.39396078 0.63636364 0.63636364
 0.         0.11301111 0.57845433 0.05894302]
deleted_not_scaled [1.000000e+01 0.000000e+00 7.993824e+03 2.037426e+06 2.560000e+03
 1.440000e+03 0.000000e+00 1.574900e+01 7.990000e-01 1.515300e+01
 1.000000e+01 0.000000e+00 8.633386e+03 2.203672e+06 2.560000e+03
 1.440000e+03 0.000000e+00 1.646200e+01 7.900000e-01 9.162000e+00
 1.000000e+01 0.000000e+00 7.734705e+03 1.977184e+06 2.560000e+03
 1.440000e+03 0.000000e+00 3.952200e+01 9.540000e-01 8.780100e+01
 1.000000e+01 0.000000e+00 8.141566e+03 2.060834e+06 2.560000e+03
 1.440000e+03 0.000000e+00 1.736800e+01 8.170000e-01 5.571000e+00
 2.460000e+02]
deleted_idx_col 338
query_origi 682
query_idx 945
deleted_scaled [0.83333333 0.         0.38755568 0.38833748 0.63636364 0.63636364
 0.         0.2369588  0.71860465 0.00255959 0.91666667 0.
 0.53997278 0.53563783 1.         1.         0.         0.26444543
 0.41707317 0.02399543 0.91666667 0.         0.59513223 0.59659359
 1.         1.         0.         0.40151224 0.57178218 0.08281528
 0.91666667 0.         0.57069111 0.56782676 1.         1.
 0.         0.37096335 0.50819672 0.00737449]
deleted_not_scaled [1.0000000e+01 0.0000000e+00 7.9518080e+03 2.0336750e+06 2.5600000e+03
 1.4400000e+03 0.0000000e+00 2.4681000e+01 8.7900000e-01 2.4700000e-01
 1.1000000e+01 0.0000000e+00 1.0952406e+04 2.7736970e+06 3.8400000e+03
 2.1600000e+03 0.0000000e+00 2.2549000e+01 7.5800000e-01 2.2250000e+00
 1.1000000e+01 0.0000000e+00 1.1572573e+04 2.9350940e+06 3.8400000e+03
 2.1600000e+03 0.0000000e+00 2.8233000e+01 8.2200000e-01 7.5000000e+00
 1.1000000e+01 0.0000000e+00 1.1551980e+04 2.9342030e+06 3.8400000e+03
 2.1600000e+03 0.0000000e+00 2.5891000e+01 7.8700000e-01 6.9700000e-01
 7.5000000e+01]
deleted_idx_col 945
query_origi 509
query_idx 90
deleted_scaled [0.91666667 0.21971778 0.57025209 0.56765832 1.         1.
 0.         1.         1.         1.         0.91666667 0.07854106
 0.57076489 0.5690644  1.         1.         0.         1.
 0.56829268 0.39120635 0.83333333 0.         0.44177928 0.44510939
 0.63636364 0.63636364 0.         0.14118779 0.37623762 0.05761735
 0.83333333 0.         0.35907899 0.35909438 0.63636364 0.63636364
 0.         0.03973851 0.44496487 0.16303232]
deleted_not_scaled [1.10000000e+01 1.03234195e+00 1.15459950e+04 2.93412600e+06
 3.84000000e+03 2.16000000e+03 0.00000000e+00 6.02990000e+01
 1.00000000e+00 9.65000000e+01 1.10000000e+01 2.57736305e-01
 1.15580390e+04 2.94152100e+06 3.84000000e+03 2.16000000e+03
 0.00000000e+00 4.73850000e+01 8.20000000e-01 3.62750000e+01
 1.00000000e+01 0.00000000e+00 8.67334500e+03 2.21061900e+06
 2.56000000e+03 1.44000000e+03 0.00000000e+00 1.87650000e+01
 7.43000000e-01 5.21800000e+00 1.00000000e+01 0.00000000e+00
 7.38762700e+03 1.88569200e+06 2.56000000e+03 1.44000000e+03
 0.00000000e+00 1.49470000e+01 7.60000000e-01 1.54090000e+01
 3.00000000e+00]
deleted_idx_col 90
query_origi 860
query_idx 322
deleted_scaled [0.91666667 0.         0.60343919 0.60252174 1.         1.
 0.         0.18070224 0.57674419 0.03459067 0.91666667 0.
 0.5329311  0.53295951 1.         1.         0.         0.90199911
 0.93658537 0.86317753 0.91666667 0.         0.62654479 0.63317562
 1.         1.         0.         0.27902117 0.71287129 0.00510142
 0.91666667 0.         0.53756534 0.53296534 1.         1.
 0.         0.24493811 0.68618267 0.        ]
deleted_not_scaled [1.1000000e+01 0.0000000e+00 1.2198885e+04 3.1091910e+06 3.8400000e+03
 2.1600000e+03 0.0000000e+00 2.2055000e+01 8.1800000e-01 3.3380000e+00
 1.1000000e+01 0.0000000e+00 1.0813907e+04 2.7602500e+06 3.8400000e+03
 2.1600000e+03 0.0000000e+00 4.4076000e+01 9.7100000e-01 8.0039000e+01
 1.1000000e+01 0.0000000e+00 1.2166446e+04 3.1100480e+06 3.8400000e+03
 2.1600000e+03 0.0000000e+00 2.3778000e+01 8.7900000e-01 4.6200000e-01
 1.1000000e+01 0.0000000e+00 1.0900092e+04 2.7590860e+06 3.8400000e+03
 2.1600000e+03 0.0000000e+00 2.1727000e+01 8.6300000e-01 0.0000000e+00
 2.7600000e+02]
deleted_idx_col 322
query_origi 539
query_idx 956
deleted_scaled [0.91666667 0.         0.55408038 0.55491161 1.         1.
 0.         0.56423659 0.89767442 0.92324352 1.         0.
 0.79254346 0.78581789 1.         1.         1.         0.11091367
 0.55853659 0.06331557 0.91666667 0.         0.63165619 0.63289188
 1.         1.         0.         0.12719274 0.17821782 0.07808929
 0.91666667 0.         0.5727449  0.56958201 1.         1.
 0.         0.2093157  0.55503513 0.05887954]
deleted_not_scaled [1.1000000e+01 0.0000000e+00 1.1227849e+04 2.8701190e+06 3.8400000e+03
 2.1600000e+03 0.0000000e+00 3.9958000e+01 9.5600000e-01 8.9093000e+01
 1.2000000e+01 0.0000000e+00 1.5920079e+04 4.0297700e+06 3.8400000e+03
 2.1600000e+03 1.0000000e+00 1.7365000e+01 8.1600000e-01 5.8710000e+00
 1.1000000e+01 0.0000000e+00 1.2263080e+04 3.1086910e+06 3.8400000e+03
 2.1600000e+03 0.0000000e+00 1.8256000e+01 6.6300000e-01 7.0720000e+00
 1.1000000e+01 0.0000000e+00 1.1592397e+04 2.9430200e+06 3.8400000e+03
 2.1600000e+03 0.0000000e+00 2.0550000e+01 8.0700000e-01 5.5650000e+00
 2.4800000e+02]
deleted_idx_col 956
query_origi 595
query_idx 512
deleted_scaled [1.         0.         0.82901309 0.82652548 1.         1.
 1.         0.19274192 0.41395349 0.1333057  0.91666667 0.
 0.568473   0.5676393  1.         1.         0.         0.75205094
 0.86097561 0.90601342 0.91666667 0.         0.59103572 0.59639223
 1.         1.         0.         0.12930987 0.20792079 0.11357839
 1.         0.         0.8818089  0.8831312  1.         1.
 1.         0.05456857 0.16627635 0.16620642]
deleted_not_scaled [1.2000000e+01 0.0000000e+00 1.6636601e+04 4.2340150e+06 3.8400000e+03
 2.1600000e+03 1.0000000e+00 2.2617000e+01 7.4800000e-01 1.2864000e+01
 1.1000000e+01 0.0000000e+00 1.1512961e+04 2.9343660e+06 3.8400000e+03
 2.1600000e+03 0.0000000e+00 3.9013000e+01 9.4000000e-01 8.4011000e+01
 1.1000000e+01 0.0000000e+00 1.1495126e+04 2.9341310e+06 3.8400000e+03
 2.1600000e+03 0.0000000e+00 1.8333000e+01 6.7500000e-01 1.0286000e+01
 1.2000000e+01 0.0000000e+00 1.7674523e+04 4.5180500e+06 3.8400000e+03
 2.1600000e+03 1.0000000e+00 1.5437000e+01 6.4100000e-01 1.5709000e+01
 1.3200000e+02]
deleted_idx_col 512
query_origi 137
query_idx 165
deleted_scaled [1.         0.2842425  0.7482425  0.74374344 1.         1.
 1.         0.16262131 0.56511628 0.05344041 1.         0.25345733
 0.88827903 0.88429666 1.         1.         1.         0.20944765
 0.48292683 0.05833315 1.         0.18087842 0.81573101 0.82064551
 1.         1.         1.         0.72702777 0.85148515 0.9891788
 1.         0.         0.81573816 0.81452018 1.         1.
 1.         0.20874066 0.45199063 0.01208274]
deleted_not_scaled [1.20000000e+01 1.33551071e+00 1.50476010e+04 3.81832900e+06
 3.84000000e+03 2.16000000e+03 1.00000000e+00 2.12110000e+01
 8.13000000e-01 5.15700000e+00 1.20000000e+01 8.31732495e-01
 1.78030490e+04 4.52420000e+06 3.84000000e+03 2.16000000e+03
 1.00000000e+00 2.06920000e+01 7.85000000e-01 5.40900000e+00
 1.20000000e+01 8.89227049e-01 1.57431230e+04 4.00662500e+06
 3.84000000e+03 2.16000000e+03 1.00000000e+00 4.00720000e+01
 9.35000000e-01 8.95830000e+01 1.20000000e+01 0.00000000e+00
 1.63743050e+04 4.17340100e+06 3.84000000e+03 2.16000000e+03
 1.00000000e+00 2.05310000e+01 7.63000000e-01 1.14200000e+00
 1.00000000e+02]
deleted_idx_col 165
query_origi 870
query_idx 437
deleted_scaled [0.91666667 0.         0.56423791 0.56366187 1.         1.
 0.         0.13397888 0.55116279 0.00568912 0.91666667 0.
 0.56739798 0.5677104  1.         1.         0.         0.44116689
 0.7902439  0.14615103 1.         0.         0.85729083 0.86677712
 1.         1.         1.         0.27613418 0.67079208 0.00986054
 1.         0.         0.83732691 0.83064227 1.         1.
 1.         0.18095699 0.57845433 0.        ]
deleted_not_scaled [1.1000000e+01 0.0000000e+00 1.1427678e+04 2.9140580e+06 3.8400000e+03
 2.1600000e+03 0.0000000e+00 1.9874000e+01 8.0700000e-01 5.4900000e-01
 1.1000000e+01 0.0000000e+00 1.1491817e+04 2.9347230e+06 3.8400000e+03
 2.1600000e+03 0.0000000e+00 2.8516000e+01 9.1100000e-01 1.3552000e+01
 1.2000000e+01 0.0000000e+00 1.6528836e+04 4.2272500e+06 3.8400000e+03
 2.1600000e+03 1.0000000e+00 2.3673000e+01 8.6200000e-01 8.9300000e-01
 1.2000000e+01 0.0000000e+00 1.6799154e+04 4.2543860e+06 3.8400000e+03
 2.1600000e+03 1.0000000e+00 1.9613000e+01 8.1700000e-01 0.0000000e+00
 2.0100000e+02]
deleted_idx_col 437
query_origi 24
query_idx 463
deleted_scaled [1.         0.         0.83411185 0.82660971 1.         1.
 1.         0.23646608 0.55813953 0.04356477 0.91666667 0.
 0.57196982 0.56767057 1.         1.         0.         0.26779209
 0.4804878  0.01467765 1.         0.         0.86579768 0.86839803
 1.         1.         1.         0.24844652 0.42574257 0.02938286
 0.91666667 0.         0.57037356 0.5677981  1.         1.
 0.         0.71626161 0.88056206 0.68819764]
deleted_not_scaled [1.2000000e+01 0.0000000e+00 1.6736909e+04 4.2344380e+06 3.8400000e+03
 2.1600000e+03 1.0000000e+00 2.4658000e+01 8.1000000e-01 4.2040000e+00
 1.1000000e+01 0.0000000e+00 1.1581738e+04 2.9345230e+06 3.8400000e+03
 2.1600000e+03 0.0000000e+00 2.2662000e+01 7.8400000e-01 1.3610000e+00
 1.2000000e+01 0.0000000e+00 1.6689663e+04 4.2350020e+06 3.8400000e+03
 2.1600000e+03 1.0000000e+00 2.2666000e+01 7.6300000e-01 2.6610000e+00
 1.1000000e+01 0.0000000e+00 1.1545731e+04 2.9340590e+06 3.8400000e+03
 2.1600000e+03 0.0000000e+00 3.7300000e+01 9.4600000e-01 6.5045000e+01
 8.3000000e+01]
deleted_idx_col 463
query_origi 549
query_idx 116
deleted_scaled [1.         0.3412623  0.82737546 0.82654599 1.         1.
 1.         0.11292016 0.53953488 0.06082902 1.         0.34004739
 0.88467691 0.88512543 1.         1.         1.         0.07344884
 0.45121951 0.00162845 1.         0.24262021 0.85413621 0.8635878
 1.         1.         1.         0.6074512  0.92821782 0.49091792
 1.         0.         0.85404407 0.84722801 1.         1.
 1.         0.58624134 0.90398126 0.40483521]
deleted_not_scaled [1.20000000e+01 1.60341772e+00 1.66043840e+04 4.23411800e+06
 3.84000000e+03 2.16000000e+03 1.00000000e+00 1.88910000e+01
 8.02000000e-01 5.87000000e+00 1.20000000e+01 1.11588198e+00
 1.77322010e+04 4.52836100e+06 3.84000000e+03 2.16000000e+03
 1.00000000e+00 1.61000000e+01 7.72000000e-01 1.51000000e-01
 1.20000000e+01 1.19275950e+00 1.64691960e+04 4.21199700e+06
 3.84000000e+03 2.16000000e+03 1.00000000e+00 3.57230000e+01
 9.66000000e-01 4.44590000e+01 1.20000000e+01 0.00000000e+00
 1.71281340e+04 4.33770000e+06 3.84000000e+03 2.16000000e+03
 1.00000000e+00 3.30040000e+01 9.56000000e-01 3.82630000e+01
 2.80000000e+01]
deleted_idx_col 116
query_origi 73
query_idx 202
deleted_scaled [1.         0.13298641 0.88110854 0.87627045 1.         1.
 1.         0.13738512 0.60697674 0.056      1.         0.0773543
 0.85433914 0.85093501 1.         1.         1.         0.14997779
 0.56585366 0.05591743 1.         0.09417204 0.76170863 0.76668077
 1.         1.         1.         0.16750069 0.52722772 0.02535252
 1.         0.         0.84931105 0.84846685 1.         1.
 1.         0.8671953  0.92740047 0.78617151]
deleted_not_scaled [1.20000000e+01 6.24835419e-01 1.76614750e+04 4.48380700e+06
 3.84000000e+03 2.16000000e+03 1.00000000e+00 2.00330000e+01
 8.31000000e-01 5.40400000e+00 1.20000000e+01 2.53841894e-01
 1.71355040e+04 4.35670200e+06 3.84000000e+03 2.16000000e+03
 1.00000000e+00 1.86840000e+01 8.19000000e-01 5.18500000e+00
 1.20000000e+01 4.62964701e-01 1.47217980e+04 3.74853800e+06
 3.84000000e+03 2.16000000e+03 1.00000000e+00 1.97220000e+01
 8.04000000e-01 2.29600000e+00 1.20000000e+01 0.00000000e+00
 1.70349920e+04 4.34392300e+06 3.84000000e+03 2.16000000e+03
 1.00000000e+00 4.22870000e+01 9.66000000e-01 7.43050000e+01
 1.83000000e+02]
deleted_idx_col 202
query_origi 140
query_idx 66
deleted_scaled [1.         0.15392603 0.83034298 0.82660712 1.         1.
 1.         0.34163114 0.82325581 0.46540933 1.         0.37355419
 0.83185764 0.82937417 1.         1.         1.         0.1947875
 0.5097561  0.04913401 1.         0.32830746 0.85893193 0.86540651
 1.         1.         1.         0.16389882 0.24752475 0.00352241
 1.         0.         0.82731516 0.82731931 1.         1.
 1.         0.50506946 0.66042155 0.6427657 ]
deleted_not_scaled [1.20000000e+01 7.23220032e-01 1.66627640e+04 4.23442500e+06
 3.84000000e+03 2.16000000e+03 1.00000000e+00 2.95670000e+01
 9.24000000e-01 4.49120000e+01 1.20000000e+01 1.22583616e+00
 1.66933280e+04 4.24845200e+06 3.84000000e+03 2.16000000e+03
 1.00000000e+00 2.01970000e+01 7.96000000e-01 4.55600000e+00
 1.20000000e+01 1.61401163e+00 1.65598620e+04 4.22069500e+06
 3.84000000e+03 2.16000000e+03 1.00000000e+00 1.95910000e+01
 6.91000000e-01 3.19000000e-01 1.20000000e+01 0.00000000e+00
 1.66021310e+04 4.23769400e+06 3.84000000e+03 2.16000000e+03
 1.00000000e+00 3.03220000e+01 8.52000000e-01 6.07510000e+01
 1.80000000e+01]
deleted_idx_col 66
query_origi 44
query_idx 9
deleted_scaled [1.         0.07339868 0.91099752 0.9032732  1.         1.
 1.         0.20349622 0.44883721 0.01954404 1.         0.17645214
 0.75532888 0.75004979 1.         1.         1.         0.27575892
 0.4        0.02995923 1.         0.76382005 0.86529905 0.86833384
 1.         1.         1.         0.4805609  0.69059406 0.4244559
 1.         0.         0.8909513  0.88739956 1.         1.
 1.         0.31031143 0.44496487 0.00627414]
deleted_not_scaled [1.20000000e+01 3.44862994e-01 1.82494810e+04 4.61940000e+06
 3.84000000e+03 2.16000000e+03 1.00000000e+00 2.31190000e+01
 7.63000000e-01 1.88600000e+00 1.20000000e+01 5.79036254e-01
 1.51881260e+04 3.85019000e+06 3.84000000e+03 2.16000000e+03
 1.00000000e+00 2.29310000e+01 7.51000000e-01 2.77800000e+00
 1.20000000e+01 3.75506067e+00 1.66802360e+04 4.23469500e+06
 3.84000000e+03 2.16000000e+03 1.00000000e+00 3.11080000e+01
 8.70000000e-01 3.84400000e+01 1.20000000e+01 0.00000000e+00
 1.78544380e+04 4.53949100e+06 3.84000000e+03 2.16000000e+03
 1.00000000e+00 2.38870000e+01 7.60000000e-01 5.93000000e-01
 1.21000000e+02]
deleted_idx_col 9
query_origi 721
query_idx 689
deleted_scaled [1.         0.15357874 0.81399164 0.81480217 1.         1.
 1.         0.10370831 0.40232558 0.02178238 1.         0.03557312
 0.96066848 0.95205446 1.         1.         1.         0.8314823
 0.8804878  0.97667321 1.         0.         0.83879895 0.84004724
 1.         1.         1.         0.07896618 0.50247525 0.11970672
 1.         0.         0.73262966 0.72823488 1.         1.
 1.         0.19878333 0.31147541 0.02644025]
deleted_not_scaled [1.20000000e+01 7.21588286e-01 1.63410840e+04 4.17514700e+06
 3.84000000e+03 2.16000000e+03 1.00000000e+00 1.84610000e+01
 7.43000000e-01 2.10200000e+00 1.20000000e+01 1.16734910e-01
 1.92268370e+04 4.86439000e+06 3.84000000e+03 2.16000000e+03
 1.00000000e+00 4.16950000e+01 9.48000000e-01 9.05630000e+01
 1.20000000e+01 0.00000000e+00 1.61792360e+04 4.09941400e+06
 3.84000000e+03 2.16000000e+03 1.00000000e+00 1.65020000e+01
 7.94000000e-01 1.08410000e+01 1.20000000e+01 0.00000000e+00
 1.47387980e+04 3.73997000e+06 3.84000000e+03 2.16000000e+03
 1.00000000e+00 2.02020000e+01 7.03000000e-01 2.49900000e+00
 2.40000000e+02]
deleted_idx_col 689
query_origi 256
query_idx 315
deleted_scaled [0.41666667 0.         0.07744151 0.07751861 0.18181818 0.17171717
 0.         0.13759935 0.6744186  0.18001036 0.41666667 0.
 0.07802248 0.07724199 0.18181818 0.17171717 0.         0.18217089
 0.6        0.14456571 0.41666667 0.00098186 0.08149002 0.08152034
 0.18181818 0.17171717 0.         0.78265054 0.93564356 0.91193975
 0.41666667 0.         0.07812043 0.07758751 0.18181818 0.17171717
 0.         0.29324173 0.71896956 0.2024758 ]
deleted_not_scaled [5.00000000e+00 0.00000000e+00 1.85093100e+03 4.72913000e+05
 9.60000000e+02 5.20000000e+02 0.00000000e+00 2.00430000e+01
 8.60000000e-01 1.73710000e+01 5.00000000e+00 0.00000000e+00
 1.86656100e+03 4.72240000e+05 9.60000000e+02 5.20000000e+02
 0.00000000e+00 1.97710000e+01 8.33000000e-01 1.34050000e+01
 5.00000000e+00 4.82697461e-03 1.86186400e+03 4.71750000e+05
 9.60000000e+02 5.20000000e+02 0.00000000e+00 4.20950000e+01
 9.69000000e-01 8.25880000e+01 5.00000000e+00 0.00000000e+00
 1.85859300e+03 4.71618000e+05 9.60000000e+02 5.20000000e+02
 0.00000000e+00 2.33230000e+01 8.77000000e-01 1.91370000e+01
 1.95000000e+02]
deleted_idx_col 315
query_origi 551
query_idx 118
deleted_scaled [0.         0.31377928 0.00182052 0.00183134 0.         0.
 0.         0.04248163 0.26046512 0.11027979 0.         0.44816448
 0.00184341 0.00174817 0.         0.         0.         0.03672442
 0.27317073 0.11623493 0.         0.29724787 0.00243642 0.00234918
 0.         0.         0.         0.14379984 0.43069307 0.15733799
 0.         0.         0.00226285 0.00218664 0.         0.
 0.         0.11394934 0.42154567 0.12258372]
deleted_not_scaled [0.00000000e+00 1.47428898e+00 3.63239000e+02 9.28530000e+04
 3.20000000e+02 1.80000000e+02 0.00000000e+00 1.56030000e+01
 6.82000000e-01 1.06420000e+01 0.00000000e+00 1.47067343e+00
 3.68237000e+02 9.32100000e+04 3.20000000e+02 1.80000000e+02
 0.00000000e+00 1.48600000e+01 6.99000000e-01 1.07780000e+01
 0.00000000e+00 1.46131771e+00 3.67309000e+02 9.31130000e+04
 3.20000000e+02 1.80000000e+02 0.00000000e+00 1.88600000e+01
 7.65000000e-01 1.42490000e+01 0.00000000e+00 0.00000000e+00
 3.65778000e+02 9.28620000e+04 3.20000000e+02 1.80000000e+02
 0.00000000e+00 1.73990000e+01 7.50000000e-01 1.15860000e+01
 1.35000000e+02]
deleted_idx_col 118
query_origi 507
query_idx 23
deleted_scaled [0.41666667 0.04043739 0.0728355  0.072908   0.18181818 0.17171717
 0.         0.25626085 0.48604651 0.28976166 0.25       0.94242099
 0.03105126 0.03122747 0.05454545 0.05454545 0.         0.23755368
 0.4097561  0.29499817 0.16666667 0.         0.01689278 0.01681919
 0.05454545 0.05454545 0.         0.07195491 0.32673267 0.29760498
 0.08333333 0.         0.00941818 0.00929063 0.01818182 0.01818182
 0.         0.32483884 0.50117096 0.02713855]
deleted_not_scaled [5.00000000e+00 1.89994716e-01 1.76031700e+03 4.49761000e+05
 9.60000000e+02 5.20000000e+02 0.00000000e+00 2.55820000e+01
 7.79000000e-01 2.79620000e+01 3.00000000e+00 3.09260008e+00
 9.42710000e+02 2.41216000e+05 5.12000000e+02 2.88000000e+02
 0.00000000e+00 2.16410000e+01 7.55000000e-01 2.73540000e+01
 2.00000000e+00 0.00000000e+00 6.40615000e+02 1.62316000e+05
 5.12000000e+02 2.88000000e+02 0.00000000e+00 1.62470000e+01
 7.23000000e-01 2.69520000e+01 1.00000000e+00 0.00000000e+00
 5.06589000e+02 1.28547000e+05 3.84000000e+02 2.16000000e+02
 0.00000000e+00 2.43670000e+01 7.84000000e-01 2.56500000e+00
 1.27000000e+02]
deleted_idx_col 23
query_origi 241
query_idx 48
deleted_scaled [0.         0.7393599  0.00224043 0.00215017 0.         0.
 0.         0.12206774 0.63255814 0.02402073 0.         0.
 0.00194733 0.00196189 0.         0.         0.         0.17920924
 0.56829268 0.         0.         0.         0.00206452 0.00208949
 0.         0.         0.         0.52108881 0.83415842 0.0021532
 0.         0.         0.00108694 0.0011194  0.         0.
 0.         0.34744711 0.83372365 0.02123472]
deleted_not_scaled [0.00000000e+00 3.47387555e+00 3.71500000e+02 9.44540000e+04
 3.20000000e+02 1.80000000e+02 0.00000000e+00 1.93180000e+01
 8.42000000e-01 2.31800000e+00 0.00000000e+00 0.00000000e+00
 3.70281000e+02 9.42830000e+04 3.20000000e+02 1.80000000e+02
 0.00000000e+00 1.96710000e+01 8.20000000e-01 0.00000000e+00
 0.00000000e+00 0.00000000e+00 3.60278000e+02 9.18710000e+04
 3.20000000e+02 1.80000000e+02 0.00000000e+00 3.25820000e+01
 9.28000000e-01 1.95000000e-01 0.00000000e+00 0.00000000e+00
 3.42637000e+02 8.75010000e+04 3.20000000e+02 1.80000000e+02
 0.00000000e+00 2.51140000e+01 9.26000000e-01 2.00700000e+00
 1.84000000e+02]
deleted_idx_col 48
query_origi 270
query_idx 204
deleted_scaled [0.00000000e+00 0.00000000e+00 1.83556115e-03 1.79211113e-03
 0.00000000e+00 0.00000000e+00 0.00000000e+00 1.49274835e-01
 5.00000000e-01 1.65803109e-04 0.00000000e+00 5.95621835e-01
 1.60216005e-03 1.67188642e-03 0.00000000e+00 0.00000000e+00
 0.00000000e+00 2.62698060e-01 5.92682927e-01 0.00000000e+00
 3.33333333e-01 0.00000000e+00 4.44986906e-02 4.50468289e-02
 9.09090909e-02 9.09090909e-02 0.00000000e+00 6.76409128e-01
 8.61386139e-01 7.70126873e-01 0.00000000e+00 0.00000000e+00
 3.05094013e-03 2.92301907e-03 0.00000000e+00 0.00000000e+00
 0.00000000e+00 4.16724675e-01 5.24590164e-01 6.66560863e-03]
deleted_not_scaled [0.00000000e+00 0.00000000e+00 3.63535000e+02 9.26560000e+04
 3.20000000e+02 1.80000000e+02 0.00000000e+00 2.05880000e+01
 7.85000000e-01 1.60000000e-02 0.00000000e+00 1.95456188e+00
 3.63492000e+02 9.28270000e+04 3.20000000e+02 1.80000000e+02
 0.00000000e+00 2.24900000e+01 8.30000000e-01 0.00000000e+00
 4.00000000e+00 0.00000000e+00 1.16252100e+03 2.97315000e+05
 6.40000000e+02 3.60000000e+02 0.00000000e+00 3.82310000e+01
 9.39000000e-01 6.97450000e+01 0.00000000e+00 0.00000000e+00
 3.81287000e+02 9.65610000e+04 3.20000000e+02 1.80000000e+02
 0.00000000e+00 2.74030000e+01 7.94000000e-01 6.30000000e-01
 8.80000000e+01]
deleted_idx_col 204
query_origi 724
query_idx 846
deleted_scaled [0.         0.         0.00199858 0.00191837 0.         0.
 0.         0.12723066 0.23023256 0.         0.         0.
 0.00175926 0.00178343 0.         0.         0.         0.21658522
 0.27073171 0.00084119 0.41666667 0.         0.08360887 0.08433852
 0.18181818 0.17171717 0.         0.03816332 0.20049505 0.43175469
 0.         0.         0.00108399 0.00112497 0.         0.
 0.         0.14633334 0.48009368 0.00068772]
deleted_not_scaled [0.000000e+00 0.000000e+00 3.667420e+02 9.329000e+04 3.200000e+02
 1.800000e+02 0.000000e+00 1.955900e+01 6.690000e-01 0.000000e+00
 0.000000e+00 0.000000e+00 3.665820e+02 9.338700e+04 3.200000e+02
 1.800000e+02 0.000000e+00 2.093300e+01 6.980000e-01 7.800000e-02
 5.000000e+00 0.000000e+00 1.901922e+03 4.852280e+05 9.600000e+02
 5.200000e+02 0.000000e+00 1.501800e+01 6.720000e-01 3.910100e+01
 0.000000e+00 0.000000e+00 3.425790e+02 8.752900e+04 3.200000e+02
 1.800000e+02 0.000000e+00 1.846900e+01 7.750000e-01 6.500000e-02
 2.370000e+02]
deleted_idx_col 846
query_origi 452
query_idx 762
deleted_scaled [0.41666667 0.         0.07768077 0.07738857 0.18181818 0.17171717
 0.         0.53368753 0.83023256 0.81727461 0.41666667 0.
 0.07725928 0.07717706 0.18181818 0.17171717 0.         0.20675255
 0.45609756 0.22495309 0.33333333 0.         0.04491031 0.04534061
 0.09090909 0.09090909 0.         0.12785263 0.48514851 0.31647582
 0.33333333 0.         0.04253922 0.04264865 0.09090909 0.09090909
 0.         0.21288702 0.25526932 0.42476856]
deleted_not_scaled [5.000000e+00 0.000000e+00 1.855638e+03 4.722600e+05 9.600000e+02
 5.200000e+02 0.000000e+00 3.853200e+01 9.270000e-01 7.886700e+01
 5.000000e+00 0.000000e+00 1.851550e+03 4.719140e+05 9.600000e+02
 5.200000e+02 0.000000e+00 2.060100e+01 7.740000e-01 2.085900e+01
 4.000000e+00 0.000000e+00 1.170303e+03 2.987200e+05 6.400000e+02
 3.600000e+02 0.000000e+00 1.828000e+01 7.870000e-01 2.866100e+01
 4.000000e+00 0.000000e+00 1.158384e+03 2.961120e+05 6.400000e+02
 3.600000e+02 0.000000e+00 2.066800e+01 6.790000e-01 4.014700e+01
 1.020000e+02]
deleted_idx_col 762
query_origi 239
query_idx 574
deleted_scaled [0.91666667 0.         0.57000759 0.5697133  1.         1.
 0.         0.02924227 0.2        0.11596891 0.91666667 0.
 0.56505575 0.56565212 1.         1.         0.         0.14295869
 0.38780488 0.02176304 1.         0.         1.         1.
 1.         1.         1.         0.77165246 0.88366337 1.
 0.91666667 0.         0.54587625 0.54175749 1.         1.
 0.         0.08686178 0.52693208 0.11360102]
deleted_not_scaled [1.1000000e+01 0.0000000e+00 1.1541185e+04 2.9444450e+06 3.8400000e+03
 2.1600000e+03 0.0000000e+00 1.4985000e+01 6.5600000e-01 1.1191000e+01
 1.1000000e+01 0.0000000e+00 1.1445749e+04 2.9243890e+06 3.8400000e+03
 2.1600000e+03 0.0000000e+00 1.8447000e+01 7.4600000e-01 2.0180000e+00
 1.2000000e+01 0.0000000e+00 1.9226837e+04 4.8643900e+06 3.8400000e+03
 2.1600000e+03 1.0000000e+00 4.1695000e+01 9.4800000e-01 9.0563000e+01
 1.1000000e+01 0.0000000e+00 1.1063644e+04 2.8032510e+06 3.8400000e+03
 2.1600000e+03 0.0000000e+00 1.6504000e+01 7.9500000e-01 1.0737000e+01
 2.3900000e+02]
deleted_idx_col 574
query_origi 788
query_idx 591
deleted_scaled [1.         0.         0.76665657 0.76818717 1.         1.
 1.         0.18922856 0.72790698 0.00740933 1.         0.
 0.79403992 0.78769891 1.         1.         1.         0.16825115
 0.28292683 0.03631128 1.         0.         0.86615514 0.86832025
 1.         1.         1.         0.22449821 0.69554455 0.46608438
 0.91666667 0.         0.62020841 0.61710043 1.         1.
 0.         0.45268    0.80093677 0.2389462 ]
deleted_not_scaled [1.2000000e+01 0.0000000e+00 1.5409861e+04 3.9410720e+06 3.8400000e+03
 2.1600000e+03 1.0000000e+00 2.2453000e+01 8.8300000e-01 7.1500000e-01
 1.2000000e+01 0.0000000e+00 1.5949512e+04 4.0392140e+06 3.8400000e+03
 2.1600000e+03 1.0000000e+00 1.9301000e+01 7.0300000e-01 3.3670000e+00
 1.2000000e+01 0.0000000e+00 1.6696421e+04 4.2346300e+06 3.8400000e+03
 2.1600000e+03 1.0000000e+00 2.1795000e+01 8.7200000e-01 4.2210000e+01
 1.1000000e+01 0.0000000e+00 1.2526440e+04 3.1817160e+06 3.8400000e+03
 2.1600000e+03 0.0000000e+00 2.8591000e+01 9.1200000e-01 2.2584000e+01
 1.7300000e+02]
deleted_idx_col 591
query_origi 430
query_idx 3
deleted_scaled [1.00000000e+00 2.01403903e-01 8.27778199e-01 8.28188938e-01
 1.00000000e+00 1.00000000e+00 1.00000000e+00 3.18858587e-01
 7.90697674e-01 1.42124352e-01 1.00000000e+00 6.40755227e-01
 8.23494402e-01 8.25151235e-01 1.00000000e+00 1.00000000e+00
 1.00000000e+00 2.97734340e-01 6.70731707e-01 9.63052434e-03
 1.00000000e+00 2.27116934e-01 8.71589144e-01 8.72451130e-01
 1.00000000e+00 1.00000000e+00 1.00000000e+00 1.64503712e-01
 5.59405941e-01 0.00000000e+00 1.00000000e+00 0.00000000e+00
 8.98285498e-01 8.92465427e-01 1.00000000e+00 1.00000000e+00
 1.00000000e+00 2.02082261e-01 6.06557377e-01 3.27990266e-04]
deleted_not_scaled [1.20000000e+01 9.46294352e-01 1.66123070e+04 4.24236800e+06
 3.84000000e+03 2.16000000e+03 1.00000000e+00 2.85040000e+01
 9.10000000e-01 1.37150000e+01 1.20000000e+01 2.10266929e+00
 1.65288360e+04 4.22725000e+06 3.84000000e+03 2.16000000e+03
 1.00000000e+00 2.36730000e+01 8.62000000e-01 8.93000000e-01
 1.20000000e+01 1.11654291e+00 1.67991540e+04 4.25438600e+06
 3.84000000e+03 2.16000000e+03 1.00000000e+00 1.96130000e+01
 8.17000000e-01 0.00000000e+00 1.20000000e+01 0.00000000e+00
 1.79987690e+04 4.56493800e+06 3.84000000e+03 2.16000000e+03
 1.00000000e+00 2.03110000e+01 8.29000000e-01 3.10000000e-02
 2.02000000e+02]
deleted_idx_col 3
query_origi 849
query_idx 45
deleted_scaled [1.00000000e+00 2.49495881e-01 8.19803616e-01 8.12837004e-01
 1.00000000e+00 1.00000000e+00 1.00000000e+00 1.46489856e-01
 5.62790698e-01 9.43005181e-04 1.00000000e+00 1.92061362e-01
 8.89908593e-01 8.83698729e-01 1.00000000e+00 1.00000000e+00
 1.00000000e+00 2.47682511e-01 6.00000000e-01 0.00000000e+00
 1.00000000e+00 1.64877685e-01 8.03528798e-01 8.06342148e-01
 1.00000000e+00 1.00000000e+00 1.00000000e+00 3.11025571e-01
 7.02970297e-01 1.80206044e-02 1.00000000e+00 0.00000000e+00
 8.39223179e-01 8.35875356e-01 1.00000000e+00 1.00000000e+00
 1.00000000e+00 3.82585273e-01 7.58782201e-01 7.28455801e-02]
deleted_not_scaled [1.20000000e+01 1.17225406e+00 1.64554230e+04 4.16527900e+06
 3.84000000e+03 2.16000000e+03 1.00000000e+00 2.04580000e+01
 8.12000000e-01 9.10000000e-02 1.20000000e+01 6.30258657e-01
 1.78351000e+04 4.52119800e+06 3.84000000e+03 2.16000000e+03
 1.00000000e+00 2.19830000e+01 8.33000000e-01 0.00000000e+00
 1.20000000e+01 8.10564881e-01 1.55124330e+04 3.93821900e+06
 3.84000000e+03 2.16000000e+03 1.00000000e+00 2.49420000e+01
 8.75000000e-01 1.63200000e+00 1.20000000e+01 0.00000000e+00
 1.68364710e+04 4.28067300e+06 3.84000000e+03 2.16000000e+03
 1.00000000e+00 2.62750000e+01 8.94000000e-01 6.88500000e+00
 1.66000000e+02]
deleted_idx_col 45
query_origi 812
query_idx 159
deleted_scaled [1.         0.11881371 0.74426721 0.74165461 1.         1.
 1.         0.37228732 0.79302326 0.26194819 1.         0.17187087
 0.82824257 0.82659765 1.         1.         1.         0.27928328
 0.59512195 0.02146108 1.         0.09052265 0.86465262 0.87247727
 1.         1.         1.         0.27385208 0.61633663 0.0140013
 1.         0.         0.8216354  0.82287078 1.         1.
 1.         0.45870282 0.76580796 0.13249749]
deleted_not_scaled [1.20000000e+01 5.58245093e-01 1.49693950e+04 3.80784000e+06
 3.84000000e+03 2.16000000e+03 1.00000000e+00 3.09980000e+01
 9.11000000e-01 2.52780000e+01 1.20000000e+01 5.64002570e-01
 1.66222250e+04 4.23451200e+06 3.84000000e+03 2.16000000e+03
 1.00000000e+00 2.30500000e+01 8.31000000e-01 1.99000000e+00
 1.20000000e+01 4.45023739e-01 1.66680150e+04 4.25451100e+06
 3.84000000e+03 2.16000000e+03 1.00000000e+00 2.35900000e+01
 8.40000000e-01 1.26800000e+00 1.20000000e+01 0.00000000e+00
 1.64903580e+04 4.21534800e+06 3.84000000e+03 2.16000000e+03
 1.00000000e+00 2.87900000e+01 8.97000000e-01 1.25230000e+01
 1.77000000e+02]
deleted_idx_col 159
query_origi 406
query_idx 117
deleted_scaled [1.         0.13612961 0.83026796 0.82653245 1.         1.
 1.         0.50765869 0.87209302 0.682      1.         0.21609109
 0.86340518 0.86082711 1.         1.         1.         0.18990078
 0.4804878  0.03124259 1.         0.20391727 0.82596259 0.83218861
 1.         1.         1.         0.18501512 0.42574257 0.08269382
 1.         0.         0.82619764 0.82661438 1.         1.
 1.         0.26806089 0.59250585 0.2082315 ]
deleted_not_scaled [1.20000000e+01 6.39603697e-01 1.66612880e+04 4.23405000e+06
 3.84000000e+03 2.16000000e+03 1.00000000e+00 3.73170000e+01
 9.45000000e-01 6.58130000e+01 1.20000000e+01 7.09113370e-01
 1.73138190e+04 4.40636700e+06 3.84000000e+03 2.16000000e+03
 1.00000000e+00 2.00320000e+01 7.84000000e-01 2.89700000e+00
 1.20000000e+01 1.00248969e+00 1.59365570e+04 4.06183000e+06
 3.84000000e+03 2.16000000e+03 1.00000000e+00 2.03590000e+01
 7.63000000e-01 7.48900000e+00 1.20000000e+01 0.00000000e+00
 1.65801390e+04 4.23415300e+06 3.84000000e+03 2.16000000e+03
 1.00000000e+00 2.24910000e+01 8.23000000e-01 1.96810000e+01
 8.60000000e+01]
deleted_idx_col 117
query_origi 861
query_idx 124
deleted_scaled [1.         0.12677032 0.82910474 0.82661688 1.         1.
 1.         0.56871398 0.85116279 0.89611399 1.         0.24914555
 0.82782809 0.82659765 1.         1.         1.         0.15080705
 0.28292683 0.10299161 1.         0.06847295 0.9410102  0.9495236
 1.         1.         1.         0.08982678 0.29207921 0.05558561
 1.         0.         0.74965558 0.75078689 1.         1.
 1.         0.04288611 0.33723653 0.004412  ]
deleted_not_scaled [1.20000000e+01 5.95629156e-01 1.66384040e+04 4.23447400e+06
 3.84000000e+03 2.16000000e+03 1.00000000e+00 4.01670000e+01
 9.36000000e-01 8.64750000e+01 1.20000000e+01 8.17583181e-01
 1.66140730e+04 4.23451200e+06 3.84000000e+03 2.16000000e+03
 1.00000000e+00 1.87120000e+01 7.03000000e-01 9.55000000e+00
 1.20000000e+01 3.36623877e-01 1.81116000e+04 4.62298600e+06
 3.84000000e+03 2.16000000e+03 1.00000000e+00 1.68970000e+01
 7.09000000e-01 5.03400000e+00 1.20000000e+01 0.00000000e+00
 1.50738540e+04 3.85325400e+06 3.84000000e+03 2.16000000e+03
 1.00000000e+00 1.50510000e+01 7.14000000e-01 4.17000000e-01
 2.60000000e+02]
deleted_idx_col 124
query_origi 883
query_idx 835
deleted_scaled [1.         0.09957183 0.86099529 0.85841426 1.         1.
 1.         0.05629941 0.41627907 0.04965803 1.         0.30091941
 0.75007218 0.7489607  1.         1.         1.         0.28414038
 0.32682927 0.1533874  1.         0.17201863 0.94835596 0.9569356
 1.         1.         1.         0.2891394  0.72277228 0.406093
 1.         0.         0.89406932 0.89540935 1.         1.
 1.         0.148119   0.64637002 0.0678305 ]
deleted_not_scaled [1.20000000e+01 4.67837312e-01 1.72657870e+04 4.39414300e+06
 3.84000000e+03 2.16000000e+03 1.00000000e+00 1.62480000e+01
 7.49000000e-01 4.79200000e+00 1.20000000e+01 9.87481601e-01
 1.50847350e+04 3.84472200e+06 3.84000000e+03 2.16000000e+03
 1.00000000e+00 2.32140000e+01 7.21000000e-01 1.42230000e+01
 1.20000000e+01 8.45670904e-01 1.82504760e+04 4.65843400e+06
 3.84000000e+03 2.16000000e+03 1.00000000e+00 2.41460000e+01
 8.83000000e-01 3.67770000e+01 1.20000000e+01 0.00000000e+00
 1.79157980e+04 4.57972600e+06 3.84000000e+03 2.16000000e+03
 1.00000000e+00 1.85280000e+01 8.46000000e-01 6.41100000e+00
 2.30000000e+02]
deleted_idx_col 835
query_origi 543
query_idx 507
deleted_scaled [1.         0.12794275 0.85136423 0.84541065 1.         1.
 1.         0.02602884 0.37906977 0.06318135 1.         0.42532186
 0.79402949 0.7900711  1.         1.         1.         0.10193988
 0.22926829 0.06521364 1.         0.35388349 0.83898228 0.84361461
 1.         1.         1.         0.29529832 0.44059406 0.13927321
 1.         0.         0.82824848 0.82659826 1.         1.
 1.         0.18794831 0.20374707 0.07925726]
deleted_not_scaled [1.20000000e+01 6.01137808e-01 1.70763150e+04 4.32884600e+06
 3.84000000e+03 2.16000000e+03 1.00000000e+00 1.48350000e+01
 7.33000000e-01 6.09700000e+00 1.20000000e+01 1.39571427e+00
 1.59493070e+04 4.05112400e+06 3.84000000e+03 2.16000000e+03
 1.00000000e+00 1.70620000e+01 6.81000000e-01 6.04700000e+00
 1.20000000e+01 1.73974745e+00 1.61827020e+04 4.11647500e+06
 3.84000000e+03 2.16000000e+03 1.00000000e+00 2.43700000e+01
 7.69000000e-01 1.26130000e+01 1.20000000e+01 0.00000000e+00
 1.66204980e+04 4.23407200e+06 3.84000000e+03 2.16000000e+03
 1.00000000e+00 1.98440000e+01 6.57000000e-01 7.49100000e+00
 1.07000000e+02]
deleted_idx_col 507
query_origi 393
query_idx 278
deleted_scaled [1.         0.08277144 0.87045928 0.86437509 1.         1.
 1.         0.01330363 0.39302326 0.19535751 1.         0.20553617
 0.7297719  0.7261321  1.         1.         1.         0.06092107
 0.1195122  0.08718159 1.         0.16105805 0.83533066 0.83994269
 1.         1.         1.         0.14270003 0.06683168 0.09525965
 1.         0.         0.82837435 0.82672388 1.         1.
 1.         0.19043007 0.15690867 0.09270486]
deleted_not_scaled [1.20000000e+01 3.88900856e-01 1.74519720e+04 4.42407500e+06
 3.84000000e+03 2.16000000e+03 1.00000000e+00 1.42410000e+01
 7.39000000e-01 1.88520000e+01 1.20000000e+01 6.74476903e-01
 1.46854600e+04 3.73010700e+06 3.84000000e+03 2.16000000e+03
 1.00000000e+00 1.56770000e+01 6.36000000e-01 8.08400000e+00
 1.20000000e+01 7.91786966e-01 1.61136660e+04 4.09891400e+06
 3.84000000e+03 2.16000000e+03 1.00000000e+00 1.88200000e+01
 6.18000000e-01 8.62700000e+00 1.20000000e+01 0.00000000e+00
 1.66229750e+04 4.23470300e+06 3.84000000e+03 2.16000000e+03
 1.00000000e+00 1.99260000e+01 6.37000000e-01 8.76200000e+00
 2.35000000e+02]
deleted_idx_col 278
query_origi 920
query_idx 985
deleted_scaled [1.         0.         0.8391727  0.83581721 1.         1.
 1.         0.27110692 0.75348837 0.07134715 1.         0.
 0.81964783 0.81761062 1.         1.         1.         0.23290389
 0.64634146 0.0192287  1.         0.         0.93898233 0.9465327
 1.         1.         1.         0.148584   0.67574257 0.00816007
 1.         0.         0.84919321 0.84962069 1.         1.
 1.         0.19651342 0.68618267 0.        ]
deleted_not_scaled [1.2000000e+01 0.0000000e+00 1.6836471e+04 4.2806730e+06 3.8400000e+03
 2.1600000e+03 1.0000000e+00 2.6275000e+01 8.9400000e-01 6.8850000e+00
 1.2000000e+01 0.0000000e+00 1.6453180e+04 4.1893910e+06 3.8400000e+03
 2.1600000e+03 1.0000000e+00 2.1484000e+01 8.5200000e-01 1.7830000e+00
 1.2000000e+01 0.0000000e+00 1.8073262e+04 4.6086820e+06 3.8400000e+03
 2.1600000e+03 1.0000000e+00 1.9034000e+01 8.6400000e-01 7.3900000e-01
 1.2000000e+01 0.0000000e+00 1.7032673e+04 4.3497190e+06 3.8400000e+03
 2.1600000e+03 1.0000000e+00 2.0127000e+01 8.6300000e-01 0.0000000e+00
 1.6900000e+02]
deleted_idx_col 985
query_origi 901
query_idx 464
deleted_scaled [1.         0.         0.83135178 0.82470449 1.         1.
 1.         0.20296065 0.6627907  0.01278756 1.         0.
 0.85695795 0.85140387 1.         1.         1.         0.29047831
 0.62682927 0.03420831 1.         0.         0.83254117 0.8358783
 1.         1.         1.         0.34220511 0.66831683 0.00101587
 1.         0.         0.82969011 0.82679415 1.         1.
 1.         0.44299507 0.81498829 0.3603555 ]
deleted_not_scaled [1.2000000e+01 0.0000000e+00 1.6682610e+04 4.2248710e+06 3.8400000e+03
 2.1600000e+03 1.0000000e+00 2.3094000e+01 8.5500000e-01 1.2340000e+00
 1.2000000e+01 0.0000000e+00 1.7187012e+04 4.3590560e+06 3.8400000e+03
 2.1600000e+03 1.0000000e+00 2.3428000e+01 8.4400000e-01 3.1720000e+00
 1.2000000e+01 0.0000000e+00 1.6060929e+04 4.0794760e+06 3.8400000e+03
 2.1600000e+03 1.0000000e+00 2.6076000e+01 8.6100000e-01 9.2000000e-02
 1.2000000e+01 0.0000000e+00 1.6648868e+04 4.2350560e+06 3.8400000e+03
 2.1600000e+03 1.0000000e+00 2.8271000e+01 9.1800000e-01 3.4059000e+01
 4.6000000e+01]
deleted_idx_col 464
query_origi 33
query_idx 878
deleted_scaled [0.91666667 0.         0.56892733 0.56777323 1.         1.
 0.         0.1355856  0.16511628 0.08929534 0.91666667 0.
 0.56990799 0.5696468  1.         1.         0.         0.04042648
 0.16829268 0.12068891 0.91666667 0.         0.58842395 0.59435523
 1.         1.         0.         0.13244432 0.38366337 0.02228283
 0.91666667 0.         0.65514666 0.64923612 1.         1.
 0.         0.82833449 0.87587822 0.927165  ]
deleted_not_scaled [1.1000000e+01 0.0000000e+00 1.1519933e+04 2.9347030e+06 3.8400000e+03
 2.1600000e+03 0.0000000e+00 1.9949000e+01 6.4100000e-01 8.6170000e+00
 1.1000000e+01 0.0000000e+00 1.1541185e+04 2.9444450e+06 3.8400000e+03
 2.1600000e+03 0.0000000e+00 1.4985000e+01 6.5600000e-01 1.1191000e+01
 1.1000000e+01 0.0000000e+00 1.1445749e+04 2.9243890e+06 3.8400000e+03
 2.1600000e+03 0.0000000e+00 1.8447000e+01 7.4600000e-01 2.0180000e+00
 1.1000000e+01 0.0000000e+00 1.3213996e+04 3.3431410e+06 3.8400000e+03
 2.1600000e+03 0.0000000e+00 4.1003000e+01 9.4400000e-01 8.7631000e+01
 2.3800000e+02]
deleted_idx_col 878
query_origi 778
query_idx 518
deleted_scaled [0.5        0.         0.1083344  0.1074018  0.27272727 0.27272727
 0.         0.18472975 0.68139535 0.19393782 0.33333333 0.
 0.04267571 0.04238393 0.09090909 0.09090909 0.         0.22852066
 0.57804878 0.21906477 0.5        0.         0.11255803 0.1130224
 0.27272727 0.27272727 0.         0.19334616 0.50247525 0.30182304
 0.33333333 0.         0.0414752  0.04132838 0.09090909 0.09090909
 0.         0.72428195 0.82201405 0.7132307 ]
deleted_not_scaled [6.000000e+00 0.000000e+00 2.458687e+03 6.229700e+05 1.280000e+03
 7.200000e+02 0.000000e+00 2.224300e+01 8.630000e-01 1.871500e+01
 4.000000e+00 0.000000e+00 1.171345e+03 2.972290e+05 6.400000e+02
 3.600000e+02 0.000000e+00 2.133600e+01 8.240000e-01 2.031300e+01
 6.000000e+00 0.000000e+00 2.449223e+03 6.224090e+05 1.280000e+03
 7.200000e+02 0.000000e+00 2.066200e+01 7.940000e-01 2.733400e+01
 4.000000e+00 0.000000e+00 1.137445e+03 2.894800e+05 6.400000e+02
 3.600000e+02 0.000000e+00 3.756500e+01 9.210000e-01 6.741100e+01
 9.900000e+01]
deleted_idx_col 518
query_origi 811
query_idx 780
deleted_scaled [0.41666667 0.         0.078236   0.07738459 0.18181818 0.17171717
 0.         0.13177232 0.61162791 0.13891192 0.41666667 0.
 0.07778367 0.07714439 0.18181818 0.17171717 0.         0.84332889
 0.93170732 0.89066713 0.33333333 0.         0.04483827 0.0449013
 0.09090909 0.09090909 0.         0.26736321 0.71534653 0.20007067
 0.33333333 0.         0.04304941 0.04283976 0.09090909 0.09090909
 0.         0.36224691 0.73770492 0.29253558]
deleted_not_scaled [5.000000e+00 0.000000e+00 1.866561e+03 4.722400e+05 9.600000e+02
 5.200000e+02 0.000000e+00 1.977100e+01 8.330000e-01 1.340500e+01
 5.000000e+00 0.000000e+00 1.861864e+03 4.717500e+05 9.600000e+02
 5.200000e+02 0.000000e+00 4.209500e+01 9.690000e-01 8.258800e+01
 4.000000e+00 0.000000e+00 1.168941e+03 2.966190e+05 6.400000e+02
 3.600000e+02 0.000000e+00 2.335400e+01 8.800000e-01 1.811900e+01
 4.000000e+00 0.000000e+00 1.168424e+03 2.970720e+05 6.400000e+02
 3.600000e+02 0.000000e+00 2.560300e+01 8.850000e-01 2.764900e+01
 1.960000e+02]
deleted_idx_col 780
query_origi 740
query_idx 557
deleted_scaled [1.         0.         0.81724351 0.81397353 1.         1.
 1.         0.59682084 0.91395349 0.83851813 1.         0.
 0.8057205  0.80371826 1.         1.         1.         0.23530283
 0.49756098 0.02167677 1.         0.         0.84134074 0.84810681
 1.         1.         1.         0.21017322 0.46782178 0.03075207
 1.         0.         0.82627101 0.82668784 1.         1.
 1.         0.25752853 0.44964871 0.06497381]
deleted_not_scaled [1.2000000e+01 0.0000000e+00 1.6405058e+04 4.1709860e+06 3.8400000e+03
 2.1600000e+03 1.0000000e+00 4.1479000e+01 9.6300000e-01 8.0917000e+01
 1.2000000e+01 0.0000000e+00 1.6179251e+04 4.1196420e+06 3.8400000e+03
 2.1600000e+03 1.0000000e+00 2.1565000e+01 7.9100000e-01 2.0100000e+00
 1.2000000e+01 0.0000000e+00 1.6227290e+04 4.1379590e+06 3.8400000e+03
 2.1600000e+03 1.0000000e+00 2.1274000e+01 7.8000000e-01 2.7850000e+00
 1.2000000e+01 0.0000000e+00 1.6581583e+04 4.2345220e+06 3.8400000e+03
 2.1600000e+03 1.0000000e+00 2.2143000e+01 7.6200000e-01 6.1410000e+00
 1.5400000e+02]
deleted_idx_col 557
query_origi 781
query_idx 580
deleted_scaled [1.00000000e+00 5.38231123e-01 8.31291898e-01 8.30043382e-01
 1.00000000e+00 1.00000000e+00 1.00000000e+00 2.00197091e-01
 6.30232558e-01 1.50155440e-02 1.00000000e+00 6.64747068e-02
 1.00000000e+00 1.00000000e+00 1.00000000e+00 1.00000000e+00
 1.00000000e+00 3.54834888e-01 6.17073171e-01 8.06354205e-02
 1.00000000e+00 1.25606945e-01 6.92087737e-01 6.99406923e-01
 1.00000000e+00 1.00000000e+00 1.00000000e+00 2.52103382e-01
 6.58415842e-01 1.20049027e-01 1.00000000e+00 0.00000000e+00
 8.19860177e-01 8.12903289e-01 1.00000000e+00 1.00000000e+00
 1.00000000e+00 2.06531279e-01 5.66744731e-01 9.62810136e-04]
deleted_not_scaled [1.20000000e+01 2.52887389e+00 1.66814320e+04 4.25168000e+06
 3.84000000e+03 2.16000000e+03 1.00000000e+00 2.29650000e+01
 8.41000000e-01 1.44900000e+00 1.20000000e+01 2.18139968e-01
 2.00004270e+04 5.10510900e+06 3.84000000e+03 2.16000000e+03
 1.00000000e+00 2.56010000e+01 8.40000000e-01 7.47700000e+00
 1.20000000e+01 6.17503686e-01 1.34055740e+04 3.42680000e+06
 3.84000000e+03 2.16000000e+03 1.00000000e+00 2.27990000e+01
 8.57000000e-01 1.08720000e+01 1.20000000e+01 0.00000000e+00
 1.64554230e+04 4.16527900e+06 3.84000000e+03 2.16000000e+03
 1.00000000e+00 2.04580000e+01 8.12000000e-01 9.10000000e-02
 1.63000000e+02]
deleted_idx_col 580
