query_origi 8
query_idx 12
deleted_scaled [1.66666667e-01 0.00000000e+00 1.81388678e-02 1.81228457e-02
 5.45454545e-02 5.45454545e-02 0.00000000e+00 5.45834315e-01
 8.81395349e-01 5.06466321e-01 8.33333333e-02 4.45394773e-01
 8.67475709e-03 8.77252386e-03 1.81818182e-02 1.81818182e-02
 0.00000000e+00 3.05641937e-01 7.53658537e-01 0.00000000e+00
 8.33333333e-02 0.00000000e+00 1.12787805e-02 1.11681894e-02
 1.81818182e-02 1.81818182e-02 0.00000000e+00 2.25570525e-01
 7.10396040e-01 0.00000000e+00 0.00000000e+00 0.00000000e+00
 1.92873890e-03 1.82750903e-03 0.00000000e+00 0.00000000e+00
 0.00000000e+00 2.79561757e-01 7.21311475e-01 2.11606623e-05]
deleted_not_scaled [2.00000000e+00 0.00000000e+00 6.84270000e+02 1.74660000e+05
 5.12000000e+02 2.88000000e+02 0.00000000e+00 3.90990000e+01
 9.49000000e-01 4.88740000e+01 1.00000000e+00 1.46158451e+00
 5.02599000e+02 1.28477000e+05 3.84000000e+02 2.16000000e+02
 0.00000000e+00 2.39400000e+01 8.96000000e-01 0.00000000e+00
 1.00000000e+00 0.00000000e+00 5.34479000e+02 1.35290000e+05
 3.84000000e+02 2.16000000e+02 0.00000000e+00 2.18340000e+01
 8.78000000e-01 0.00000000e+00 0.00000000e+00 0.00000000e+00
 3.59203000e+02 9.10580000e+04 3.20000000e+02 1.80000000e+02
 0.00000000e+00 2.28710000e+01 8.78000000e-01 2.00000000e-03
 2.77000000e+02]
deleted_idx_col 12
query_origi 634
query_idx 96
deleted_scaled [1.         0.06823407 0.83214581 0.82673936 1.         1.
 1.         0.31262452 0.58372093 0.07807254 1.         0.16071157
 0.83067575 0.82653571 1.         1.         1.         0.36306827
 0.48292683 0.00786187 1.         0.13351528 0.86354877 0.86831774
 1.         1.         1.         0.15515535 0.34405941 0.07892848
 1.         0.         0.8283464  0.82669601 1.         1.
 1.         0.25550074 0.54098361 0.13796752]
deleted_not_scaled [1.20000000e+01 3.20597144e-01 1.66982310e+04 4.23508900e+06
 3.84000000e+03 2.16000000e+03 1.00000000e+00 2.82130000e+01
 8.21000000e-01 7.53400000e+00 1.20000000e+01 5.27382807e-01
 1.66700820e+04 4.23420100e+06 3.84000000e+03 2.16000000e+03
 1.00000000e+00 2.58790000e+01 7.85000000e-01 7.29000000e-01
 1.20000000e+01 6.56382343e-01 1.66471460e+04 4.23461800e+06
 3.84000000e+03 2.16000000e+03 1.00000000e+00 1.92730000e+01
 7.30000000e-01 7.14800000e+00 1.20000000e+01 0.00000000e+00
 1.66224250e+04 4.23456300e+06 3.84000000e+03 2.16000000e+03
 1.00000000e+00 2.20760000e+01 8.01000000e-01 1.30400000e+01
 7.70000000e+01]
deleted_idx_col 96
query_origi 424
query_idx 447
deleted_scaled [0.41666667 0.         0.07626492 0.07624986 0.18181818 0.17171717
 0.         0.05998415 0.26976744 0.00592746 0.41666667 0.
 0.07720106 0.07739535 0.18181818 0.17171717 0.         0.18311861
 0.26829268 0.01847378 0.5        0.         0.11298563 0.11293814
 0.27272727 0.27272727 0.         0.10478416 0.43811881 0.22693595
 0.58333333 0.         0.14092483 0.13986735 0.27272727 0.27272727
 0.         0.20120456 0.70257611 0.13476168]
deleted_not_scaled [5.000000e+00 0.000000e+00 1.827784e+03 4.665420e+05 9.600000e+02
 5.200000e+02 0.000000e+00 1.642000e+01 6.860000e-01 5.720000e-01
 5.000000e+00 0.000000e+00 1.850405e+03 4.730100e+05 9.600000e+02
 5.200000e+02 0.000000e+00 1.980300e+01 6.970000e-01 1.713000e+00
 6.000000e+00 0.000000e+00 2.457307e+03 6.220060e+05 1.280000e+03
 7.200000e+02 0.000000e+00 1.744100e+01 7.680000e-01 2.055200e+01
 7.000000e+00 0.000000e+00 3.094532e+03 7.844640e+05 1.280000e+03
 7.200000e+02 0.000000e+00 2.028200e+01 8.700000e-01 1.273700e+01
 1.490000e+02]
deleted_idx_col 447
query_origi 830
query_idx 565
deleted_scaled [0.25       0.         0.03174126 0.03160699 0.05454545 0.05454545
 0.         0.12817327 0.60930233 0.16746114 0.16666667 0.
 0.01596186 0.01598948 0.05454545 0.05454545 0.         0.18122316
 0.60487805 0.19491836 0.25       0.         0.02733086 0.02764635
 0.05454545 0.05454545 0.         0.17970855 0.63118812 0.1939313
 0.25       0.         0.02889511 0.02902912 0.05454545 0.05454545
 0.         0.30292667 0.67213115 0.24516743]
deleted_not_scaled [3.00000e+00 0.00000e+00 9.51870e+02 2.42370e+05 5.12000e+02 2.88000e+02
 0.00000e+00 1.96030e+01 8.32000e-01 1.61600e+01 2.00000e+00 0.00000e+00
 6.45925e+02 1.64711e+05 5.12000e+02 2.88000e+02 0.00000e+00 1.97390e+01
 8.35000e-01 1.80740e+01 3.00000e+00 0.00000e+00 8.37953e+02 2.14097e+05
 5.12000e+02 2.88000e+02 0.00000e+00 2.01660e+01 8.46000e-01 1.75630e+01
 3.00000e+00 0.00000e+00 8.89879e+02 2.27698e+05 5.12000e+02 2.88000e+02
 0.00000e+00 2.36430e+01 8.57000e-01 2.31720e+01 2.68000e+02]
deleted_idx_col 565
query_origi 194
query_idx 519
deleted_scaled [0.5        0.         0.0916337  0.09183101 0.27272727 0.27272727
 0.         0.18554382 0.67674419 0.27235233 0.5        0.
 0.10792759 0.10700392 0.27272727 0.27272727 0.         0.16700726
 0.58292683 0.20474301 0.5        0.         0.11314966 0.11335946
 0.27272727 0.27272727 0.         0.11811933 0.53712871 0.25097446
 0.5        0.         0.10757425 0.10698891 0.27272727 0.27272727
 0.         0.45143912 0.78220141 0.49192192]
deleted_not_scaled [6.000000e+00 0.000000e+00 2.130134e+03 5.447820e+05 1.280000e+03
 7.200000e+02 0.000000e+00 2.228100e+01 8.610000e-01 2.628200e+01
 6.000000e+00 0.000000e+00 2.454748e+03 6.216650e+05 1.280000e+03
 7.200000e+02 0.000000e+00 1.925900e+01 8.260000e-01 1.898500e+01
 6.000000e+00 0.000000e+00 2.460408e+03 6.240210e+05 1.280000e+03
 7.200000e+02 0.000000e+00 1.792600e+01 8.080000e-01 2.272900e+01
 6.000000e+00 0.000000e+00 2.438220e+03 6.193080e+05 1.280000e+03
 7.200000e+02 0.000000e+00 2.855000e+01 9.040000e-01 4.649400e+01
 6.000000e+01]
deleted_idx_col 519
query_origi 90
query_idx 753
deleted_scaled [0.16666667 0.         0.01814822 0.01809815 0.05454545 0.05454545
 0.         0.0458236  0.21395349 0.38260104 0.16666667 0.
 0.01781152 0.01790516 0.05454545 0.05454545 0.         0.58735377
 0.78292683 0.51133447 0.25       0.1072546  0.02864079 0.02903704
 0.05454545 0.05454545 0.         0.09747044 0.13861386 0.3198326
 0.16666667 0.         0.02132192 0.0210504  0.05454545 0.05454545
 0.         0.08849611 0.26932084 0.28936148]
deleted_not_scaled [2.00000000e+00 0.00000000e+00 6.84454000e+02 1.74536000e+05
 5.12000000e+02 2.88000000e+02 0.00000000e+00 1.57590000e+01
 6.62000000e-01 3.69210000e+01 2.00000000e+00 0.00000000e+00
 6.82305000e+02 1.74329000e+05 5.12000000e+02 2.88000000e+02
 0.00000000e+00 3.34520000e+01 9.08000000e-01 4.74140000e+01
 3.00000000e+00 5.27280643e-01 8.62718000e+02 2.20748000e+05
 5.12000000e+02 2.88000000e+02 0.00000000e+00 1.71750000e+01
 6.47000000e-01 2.89650000e+01 2.00000000e+00 0.00000000e+00
 7.40845000e+02 1.87619000e+05 5.12000000e+02 2.88000000e+02
 0.00000000e+00 1.65580000e+01 6.85000000e-01 2.73490000e+01
 1.41000000e+02]
deleted_idx_col 753
query_origi 507
query_idx 520
deleted_scaled [0.16666667 0.         0.01820551 0.01812125 0.05454545 0.05454545
 0.         0.14927483 0.26976744 0.27471503 0.25       0.
 0.02923576 0.02927215 0.05454545 0.05454545 0.         0.04309196
 0.23170732 0.40155943 0.25       0.         0.02695838 0.02727019
 0.05454545 0.05454545 0.         0.13112455 0.43069307 0.19242958
 0.25       0.         0.03242193 0.03201545 0.05454545 0.05454545
 0.         0.68790291 0.82669789 0.58768449]
deleted_not_scaled [2.00000e+00 0.00000e+00 6.85581e+02 1.74652e+05 5.12000e+02 2.88000e+02
 0.00000e+00 2.05880e+01 6.86000e-01 2.65100e+01 3.00000e+00 0.00000e+00
 9.07002e+02 2.31399e+05 5.12000e+02 2.88000e+02 0.00000e+00 1.50750e+01
 6.82000e-01 3.72350e+01 3.00000e+00 0.00000e+00 8.30911e+02 2.12298e+05
 5.12000e+02 2.88000e+02 0.00000e+00 1.83990e+01 7.65000e-01 1.74270e+01
 3.00000e+00 0.00000e+00 9.59284e+02 2.42699e+05 5.12000e+02 2.88000e+02
 0.00000e+00 3.63630e+01 9.23000e-01 5.55450e+01 2.38000e+02]
deleted_idx_col 520
query_origi 939
query_idx 965
deleted_scaled [0.58333333 0.         0.1406007  0.13966259 0.27272727 0.27272727
 0.         0.19259196 0.4627907  0.22415544 0.58333333 0.
 0.13998004 0.139341   0.27272727 0.27272727 0.         0.6931734
 0.86585366 0.76803701 0.58333333 0.         0.14599449 0.14685337
 0.27272727 0.27272727 0.         0.17629915 0.4950495  0.31979948
 0.58333333 0.         0.1399728  0.13976383 0.27272727 0.27272727
 0.         0.20417058 0.46604215 0.33129133]
deleted_not_scaled [7.000000e+00 0.000000e+00 3.093462e+03 7.849660e+05 1.280000e+03
 7.200000e+02 0.000000e+00 2.261000e+01 7.690000e-01 2.163100e+01
 7.000000e+00 0.000000e+00 3.085170e+03 7.840190e+05 1.280000e+03
 7.200000e+02 0.000000e+00 3.702500e+01 9.420000e-01 7.121700e+01
 7.000000e+00 0.000000e+00 3.081359e+03 7.842060e+05 1.280000e+03
 7.200000e+02 0.000000e+00 2.004200e+01 7.910000e-01 2.896200e+01
 7.000000e+00 0.000000e+00 3.075797e+03 7.839440e+05 1.280000e+03
 7.200000e+02 0.000000e+00 2.038000e+01 7.690000e-01 3.131200e+01
 8.500000e+01]
deleted_idx_col 965
query_origi 707
query_idx 787
deleted_scaled [0.41666667 0.         0.07723066 0.07739953 0.18181818 0.17171717
 0.         0.55843099 0.88139535 0.85380311 0.5        0.
 0.1079645  0.10704057 0.27272727 0.27272727 0.         0.45262846
 0.56829268 0.42710782 0.5        0.         0.11274983 0.11295863
 0.27272727 0.27272727 0.         0.22680781 0.11138614 0.36018021
 0.5        0.         0.10809861 0.10751068 0.27272727 0.27272727
 0.         0.24953845 0.15456674 0.32557795]
deleted_not_scaled [5.000000e+00 0.000000e+00 1.846783e+03 4.723150e+05 9.600000e+02
 5.200000e+02 0.000000e+00 3.968700e+01 9.490000e-01 8.239200e+01
 6.000000e+00 0.000000e+00 2.455474e+03 6.218490e+05 1.280000e+03
 7.200000e+02 0.000000e+00 2.890300e+01 8.200000e-01 3.960400e+01
 6.000000e+00 0.000000e+00 2.452849e+03 6.221040e+05 1.280000e+03
 7.200000e+02 0.000000e+00 2.187900e+01 6.360000e-01 3.261900e+01
 6.000000e+00 0.000000e+00 2.448539e+03 6.219290e+05 1.280000e+03
 7.200000e+02 0.000000e+00 2.187900e+01 6.360000e-01 3.077200e+01
 9.000000e+01]
deleted_idx_col 787
query_origi 731
query_idx 630
deleted_scaled [1.         0.         0.8275702  0.82674055 1.         1.
 1.         0.27228518 0.58372093 0.22115026 1.         0.
 0.90362401 0.90408065 1.         1.         1.         0.12287872
 0.36097561 0.11227703 1.         0.         0.85407914 0.86353009
 1.         1.         1.         0.22760517 0.58415842 0.0165741
 1.         0.         0.75991337 0.75383712 1.         1.
 1.         0.2296238  0.36065574 0.06032905]
deleted_not_scaled [1.2000000e+01 0.0000000e+00 1.6608215e+04 4.2350950e+06 3.8400000e+03
 2.1600000e+03 1.0000000e+00 2.6330000e+01 8.2100000e-01 2.1341000e+01
 1.2000000e+01 0.0000000e+00 1.8104861e+04 4.6235290e+06 3.8400000e+03
 2.1600000e+03 1.0000000e+00 1.7769000e+01 7.3500000e-01 1.0411000e+01
 1.2000000e+01 0.0000000e+00 1.6468117e+04 4.2117210e+06 3.8400000e+03
 2.1600000e+03 1.0000000e+00 2.1908000e+01 8.2700000e-01 1.5010000e+00
 1.2000000e+01 0.0000000e+00 1.5275719e+04 3.8685760e+06 3.8400000e+03
 2.1600000e+03 1.0000000e+00 2.1221000e+01 7.2400000e-01 5.7020000e+00
 2.8400000e+02]
deleted_idx_col 630
query_origi 731
query_idx 775
deleted_scaled [0.25       0.         0.02576206 0.02551772 0.05454545 0.05454545
 0.         0.24842006 0.73953488 0.12557513 0.33333333 0.
 0.04256803 0.0423933  0.09090909 0.09090909 0.         0.3805716
 0.76585366 0.25173091 0.33333333 0.         0.04485181 0.04512879
 0.09090909 0.09090909 0.         0.21710201 0.67574257 0.23368263
 0.33333333 0.         0.04284411 0.0428091  0.09090909 0.09090909
 0.         0.16385703 0.70725995 0.1507803 ]
deleted_not_scaled [3.000000e+00 0.000000e+00 8.342410e+02 2.117930e+05 5.120000e+02
 2.880000e+02 0.000000e+00 2.521600e+01 8.880000e-01 1.211800e+01
 4.000000e+00 0.000000e+00 1.169227e+03 2.972760e+05 6.400000e+02
 3.600000e+02 0.000000e+00 2.647000e+01 9.010000e-01 2.334200e+01
 4.000000e+00 0.000000e+00 1.169197e+03 2.977070e+05 6.400000e+02
 3.600000e+02 0.000000e+00 2.152600e+01 8.640000e-01 2.116300e+01
 4.000000e+00 0.000000e+00 1.164384e+03 2.969180e+05 6.400000e+02
 3.600000e+02 0.000000e+00 1.904800e+01 8.720000e-01 1.425100e+01
 1.680000e+02]
deleted_idx_col 775
query_origi 510
query_idx 90
deleted_scaled [0.91666667 0.21971778 0.57025209 0.56765832 1.         1.
 0.         1.         1.         1.         0.91666667 0.07854106
 0.57076489 0.5690644  1.         1.         0.         1.
 0.56829268 0.39120635 0.83333333 0.         0.44177928 0.44510939
 0.63636364 0.63636364 0.         0.14118779 0.37623762 0.05761735
 0.83333333 0.         0.35907899 0.35909438 0.63636364 0.63636364
 0.         0.03973851 0.44496487 0.16303232]
deleted_not_scaled [1.10000000e+01 1.03234195e+00 1.15459950e+04 2.93412600e+06
 3.84000000e+03 2.16000000e+03 0.00000000e+00 6.02990000e+01
 1.00000000e+00 9.65000000e+01 1.10000000e+01 2.57736305e-01
 1.15580390e+04 2.94152100e+06 3.84000000e+03 2.16000000e+03
 0.00000000e+00 4.73850000e+01 8.20000000e-01 3.62750000e+01
 1.00000000e+01 0.00000000e+00 8.67334500e+03 2.21061900e+06
 2.56000000e+03 1.44000000e+03 0.00000000e+00 1.87650000e+01
 7.43000000e-01 5.21800000e+00 1.00000000e+01 0.00000000e+00
 7.38762700e+03 1.88569200e+06 2.56000000e+03 1.44000000e+03
 0.00000000e+00 1.49470000e+01 7.60000000e-01 1.54090000e+01
 3.00000000e+00]
deleted_idx_col 90
query_origi 382
query_idx 273
deleted_scaled [1.         0.13586465 0.78359664 0.78124176 1.         1.
 1.         0.56667881 0.84883721 0.92832124 1.         0.14825281
 0.8156376  0.81442579 1.         1.         1.         0.2046794
 0.42926829 0.01231586 1.         0.03180562 0.92292269 0.93127294
 1.         1.         1.         0.12521309 0.44306931 0.06106246
 1.         0.         0.76560512 0.76675948 1.         1.
 1.         0.20250598 0.19672131 0.17704068]
deleted_not_scaled [1.20000000e+01 6.38358794e-01 1.57431230e+04 4.00662500e+06
 3.84000000e+03 2.16000000e+03 1.00000000e+00 4.00720000e+01
 9.35000000e-01 8.95830000e+01 1.20000000e+01 4.86498784e-01
 1.63743050e+04 4.17340100e+06 3.84000000e+03 2.16000000e+03
 1.00000000e+00 2.05310000e+01 7.63000000e-01 1.14200000e+00
 1.20000000e+01 1.56361491e-01 1.77696450e+04 4.53570200e+06
 3.84000000e+03 2.16000000e+03 1.00000000e+00 1.81840000e+01
 7.70000000e-01 5.53000000e+00 1.20000000e+01 0.00000000e+00
 1.53877280e+04 3.93348800e+06 3.84000000e+03 2.16000000e+03
 1.00000000e+00 2.03250000e+01 6.54000000e-01 1.67330000e+01
 1.02000000e+02]
deleted_idx_col 273
query_origi 259
query_idx 446
deleted_scaled [1.         0.05228403 0.77909036 0.7748002  1.         1.
 1.         0.06409735 0.31627907 0.03689119 1.         0.01893309
 0.86302813 0.85958943 1.         1.         1.         0.12672886
 0.44390244 0.02388758 1.         0.02964444 0.82830856 0.83371688
 1.         1.         1.         0.41091559 0.80940594 0.38261763
 1.         0.         0.82742965 0.82660742 1.         1.
 1.         0.15910535 0.54332553 0.06210654]
deleted_not_scaled [1.20000000e+01 2.45656023e-01 1.56544710e+04 3.97427900e+06
 3.84000000e+03 2.16000000e+03 1.00000000e+00 1.66120000e+01
 7.06000000e-01 3.56000000e+00 1.20000000e+01 6.21298657e-02
 1.73064030e+04 4.40015300e+06 3.84000000e+03 2.16000000e+03
 1.00000000e+00 1.78990000e+01 7.69000000e-01 2.21500000e+00
 1.20000000e+01 1.45736772e-01 1.59809090e+04 4.06913900e+06
 3.84000000e+03 2.16000000e+03 1.00000000e+00 2.85750000e+01
 9.18000000e-01 3.46510000e+01 1.20000000e+01 0.00000000e+00
 1.66043840e+04 4.23411800e+06 3.84000000e+03 2.16000000e+03
 1.00000000e+00 1.88910000e+01 8.02000000e-01 5.87000000e+00
 2.50000000e+01]
deleted_idx_col 446
query_origi 203
query_idx 706
deleted_scaled [0.25       0.         0.02787505 0.02751037 0.05454545 0.05454545
 0.         0.10797146 0.46046512 0.2227772  0.33333333 0.
 0.04267439 0.04235346 0.09090909 0.09090909 0.         0.79967422
 0.92926829 0.71914026 0.41666667 0.         0.08127459 0.08154731
 0.18181818 0.17171717 0.         0.2400055  0.73762376 0.22380001
 0.5        0.         0.10795912 0.10755448 0.27272727 0.27272727
 0.         0.22590115 0.68618267 0.16539174]
deleted_not_scaled [3.000000e+00 0.000000e+00 8.758100e+02 2.217990e+05 5.120000e+02
 2.880000e+02 0.000000e+00 1.866000e+01 7.680000e-01 2.149800e+01
 4.000000e+00 0.000000e+00 1.171319e+03 2.970760e+05 6.400000e+02
 3.600000e+02 0.000000e+00 4.062100e+01 9.680000e-01 6.668300e+01
 5.000000e+00 0.000000e+00 1.857791e+03 4.718790e+05 9.600000e+02
 5.200000e+02 0.000000e+00 2.235900e+01 8.890000e-01 2.026800e+01
 6.000000e+00 0.000000e+00 2.445794e+03 6.221490e+05 1.280000e+03
 7.200000e+02 0.000000e+00 2.109800e+01 8.630000e-01 1.563200e+01
 1.890000e+02]
deleted_idx_col 706
query_origi 130
query_idx 909
deleted_scaled [0.         0.         0.00177802 0.00159934 0.         0.
 0.         0.74395338 0.99302326 0.67647668 0.41666667 0.
 0.07778687 0.07714758 0.18181818 0.17171717 0.         0.70451651
 0.99756098 0.84936264 0.58333333 0.         0.14651206 0.14688933
 0.27272727 0.27272727 0.         1.         1.         0.7411084
 0.58333333 0.         0.14046088 0.13979051 0.27272727 0.27272727
 0.         0.93323447 1.         0.86506904]
deleted_not_scaled [0.000000e+00 0.000000e+00 3.624030e+02 9.168800e+04 3.200000e+02
 1.800000e+02 0.000000e+00 4.834700e+01 9.970000e-01 6.528000e+01
 5.000000e+00 0.000000e+00 1.861927e+03 4.717660e+05 9.600000e+02
 5.200000e+02 0.000000e+00 3.740800e+01 9.960000e-01 7.875800e+01
 7.000000e+00 0.000000e+00 3.091144e+03 7.843780e+05 1.280000e+03
 7.200000e+02 0.000000e+00 5.000000e+01 9.950000e-01 6.711700e+01
 7.000000e+00 0.000000e+00 3.085402e+03 7.840780e+05 1.280000e+03
 7.200000e+02 0.000000e+00 4.446900e+01 9.970000e-01 8.176200e+01
 0.000000e+00]
deleted_idx_col 909
query_origi 284
query_idx 178
deleted_scaled [0.58333333 0.11807126 0.14020717 0.13942501 0.27272727 0.27272727
 0.         0.17142612 0.27906977 0.0306114  0.5        0.82180303
 0.10733705 0.10696548 0.27272727 0.27272727 0.         0.26998371
 0.25853659 0.27889697 0.41666667 0.         0.08147035 0.08208448
 0.18181818 0.17171717 0.         0.33739346 0.38366337 0.38601857
 0.33333333 0.         0.04268562 0.04270857 0.09090909 0.09090909
 0.         0.31609213 0.40749415 0.22875734]
deleted_not_scaled [7.00000000e+00 5.54756686e-01 3.08572000e+03 7.83773000e+05
 1.28000000e+03 7.20000000e+02 0.00000000e+00 2.16220000e+01
 6.90000000e-01 2.95400000e+00 6.00000000e+00 2.69678641e+00
 2.44313300e+03 6.21472000e+05 1.28000000e+03 7.20000000e+02
 0.00000000e+00 2.27360000e+01 6.93000000e-01 2.58610000e+01
 5.00000000e+00 0.00000000e+00 1.86149200e+03 4.74448000e+05
 9.60000000e+02 5.20000000e+02 0.00000000e+00 2.59010000e+01
 7.46000000e-01 3.49590000e+01 4.00000000e+00 0.00000000e+00
 1.16126500e+03 2.96413000e+05 6.40000000e+02 3.60000000e+02
 0.00000000e+00 2.40780000e+01 7.44000000e-01 2.16210000e+01
 2.89000000e+02]
deleted_idx_col 178
query_origi 413
query_idx 938
deleted_scaled [0.5        0.         0.09966353 0.09987669 0.27272727 0.27272727
 0.         0.46157801 0.79534884 0.74629016 0.5        0.
 0.10795789 0.10703399 0.27272727 0.27272727 0.         0.15065897
 0.4195122  0.2618683  0.5        0.05950068 0.11274607 0.11295487
 0.27272727 0.27272727 0.         0.79136651 0.94554455 0.89967205
 0.5        0.         0.10808982 0.10750192 0.27272727 0.27272727
 0.         0.26391453 0.74473068 0.2171613 ]
deleted_not_scaled [6.00000000e+00 0.00000000e+00 2.28810500e+03 5.85183000e+05
 1.28000000e+03 7.20000000e+02 0.00000000e+00 3.51660000e+01
 9.12000000e-01 7.20170000e+01 6.00000000e+00 0.00000000e+00
 2.45534400e+03 6.21816000e+05 1.28000000e+03 7.20000000e+02
 0.00000000e+00 1.87070000e+01 7.59000000e-01 2.42820000e+01
 6.00000000e+00 2.92514804e-01 2.45277800e+03 6.22086000e+05
 1.28000000e+03 7.20000000e+02 0.00000000e+00 4.24120000e+01
 9.73000000e-01 8.14770000e+01 6.00000000e+00 0.00000000e+00
 2.44836600e+03 6.21885000e+05 1.28000000e+03 7.20000000e+02
 0.00000000e+00 2.23540000e+01 8.88000000e-01 2.05250000e+01
 1.88000000e+02]
deleted_idx_col 938
query_origi 130
query_idx 966
deleted_scaled [0.5        0.         0.10774212 0.10717936 0.27272727 0.27272727
 0.         0.34777952 0.71627907 0.46404145 0.5        0.
 0.10732957 0.10701886 0.27272727 0.27272727 0.         0.33697616
 0.5195122  0.28399802 0.5        0.         0.11212826 0.11297348
 0.27272727 0.27272727 0.         0.23040968 0.57920792 0.26207171
 0.5        0.         0.10753629 0.10755767 0.27272727 0.27272727
 0.         0.87004025 0.92740047 0.82007089]
deleted_not_scaled [6.000000e+00 0.000000e+00 2.447035e+03 6.218530e+05 1.280000e+03
 7.200000e+02 0.000000e+00 2.985400e+01 8.780000e-01 4.478000e+01
 6.000000e+00 0.000000e+00 2.442986e+03 6.217400e+05 1.280000e+03
 7.200000e+02 0.000000e+00 2.499800e+01 8.000000e-01 2.633400e+01
 6.000000e+00 0.000000e+00 2.441098e+03 6.221750e+05 1.280000e+03
 7.200000e+02 0.000000e+00 2.201000e+01 8.250000e-01 2.373400e+01
 6.000000e+00 0.000000e+00 2.437473e+03 6.221650e+05 1.280000e+03
 7.200000e+02 0.000000e+00 4.238100e+01 9.660000e-01 7.750900e+01
 2.740000e+02]
deleted_idx_col 966
query_origi 354
query_idx 891
deleted_scaled [0.5        0.         0.10792816 0.10718155 0.27272727 0.27272727
 0.         0.77936545 0.98837209 0.65370984 0.5        0.
 0.10747803 0.1069842  0.27272727 0.27272727 0.         0.91363838
 1.         0.80238552 0.41666667 0.         0.08173371 0.08220345
 0.18181818 0.17171717 0.         0.6571625  0.59405941 0.56876429
 0.41666667 0.         0.0796243  0.0795054  0.18181818 0.17171717
 0.         0.15692624 0.44262295 0.33453949]
deleted_not_scaled [6.000000e+00 0.000000e+00 2.450695e+03 6.218640e+05 1.280000e+03
 7.200000e+02 0.000000e+00 5.000000e+01 9.950000e-01 6.308300e+01
 6.000000e+00 0.000000e+00 2.445906e+03 6.215660e+05 1.280000e+03
 7.200000e+02 0.000000e+00 4.446900e+01 9.970000e-01 7.440200e+01
 5.000000e+00 0.000000e+00 1.866471e+03 4.750170e+05 9.600000e+02
 5.200000e+02 0.000000e+00 3.753100e+01 8.310000e-01 5.150900e+01
 5.000000e+00 0.000000e+00 1.888188e+03 4.812520e+05 9.600000e+02
 5.200000e+02 0.000000e+00 1.881900e+01 7.590000e-01 3.161900e+01
 2.000000e+00]
deleted_idx_col 891
query_origi 38
query_idx 834
deleted_scaled [0.58333333 0.         0.14043616 0.13957596 0.27272727 0.27272727
 0.         0.07840785 0.37906977 0.53332642 0.58333333 0.
 0.13990672 0.13934478 0.27272727 0.27272727 0.         0.05795943
 0.2195122  0.57939521 0.58333333 0.         0.14610557 0.14704574
 0.27272727 0.27272727 0.         0.04297498 0.15841584 0.4817972
 0.58333333 0.         0.13990878 0.13977637 0.27272727 0.27272727
 0.         0.06555492 0.19437939 0.43193144]
deleted_not_scaled [7.000000e+00 0.000000e+00 3.090225e+03 7.845310e+05 1.280000e+03
 7.200000e+02 0.000000e+00 1.728000e+01 7.330000e-01 5.146600e+01
 7.000000e+00 0.000000e+00 3.083728e+03 7.840380e+05 1.280000e+03
 7.200000e+02 0.000000e+00 1.557700e+01 6.770000e-01 5.372500e+01
 7.000000e+00 0.000000e+00 3.083459e+03 7.851260e+05 1.280000e+03
 7.200000e+02 0.000000e+00 1.519300e+01 6.550000e-01 4.363300e+01
 7.000000e+00 0.000000e+00 3.074537e+03 7.840070e+05 1.280000e+03
 7.200000e+02 0.000000e+00 1.580000e+01 6.530000e-01 4.082400e+01
 1.380000e+02]
deleted_idx_col 834
query_origi 170
query_idx 774
deleted_scaled [0.         0.         0.00207457 0.00190244 0.         0.
 0.         0.02656441 0.3        0.11168912 0.41666667 0.
 0.07776166 0.07716889 0.18181818 0.17171717 0.         0.1503628
 0.39512195 0.604523   0.41666667 0.         0.08126797 0.08149211
 0.18181818 0.17171717 0.         0.1005774  0.35891089 0.56269117
 0.5        0.         0.10797025 0.10750471 0.27272727 0.27272727
 0.         0.05892679 0.2529274  0.56834365]
deleted_not_scaled [0.000000e+00 0.000000e+00 3.682370e+02 9.321000e+04 3.200000e+02
 1.800000e+02 0.000000e+00 1.486000e+01 6.990000e-01 1.077800e+01
 5.000000e+00 0.000000e+00 1.861431e+03 4.718730e+05 9.600000e+02
 5.200000e+02 0.000000e+00 1.869700e+01 7.490000e-01 5.605500e+01
 5.000000e+00 0.000000e+00 1.857666e+03 4.716150e+05 9.600000e+02
 5.200000e+02 0.000000e+00 1.728800e+01 7.360000e-01 5.095900e+01
 6.000000e+00 0.000000e+00 2.446013e+03 6.218990e+05 1.280000e+03
 7.200000e+02 0.000000e+00 1.558100e+01 6.780000e-01 5.371700e+01
 1.360000e+02]
deleted_idx_col 774
query_origi 392
query_idx 677
deleted_scaled [0.33333333 0.         0.03758008 0.03759092 0.09090909 0.09090909
 0.         0.24492813 0.81162791 0.25013472 0.33333333 0.
 0.04120112 0.04137311 0.09090909 0.09090909 0.         0.58181549
 0.77804878 0.6382568  0.33333333 0.         0.04500008 0.04494103
 0.09090909 0.09090909 0.         0.13843827 0.43069307 0.24864459
 0.41666667 0.         0.0782589  0.07767889 0.18181818 0.17171717
 0.         0.85642081 0.94145199 0.82056816]
deleted_not_scaled [4.000000e+00 0.000000e+00 1.066737e+03 2.724180e+05 6.400000e+02
 3.600000e+02 0.000000e+00 2.505300e+01 9.190000e-01 2.413800e+01
 4.000000e+00 0.000000e+00 1.142342e+03 2.921540e+05 6.400000e+02
 3.600000e+02 0.000000e+00 3.326500e+01 9.060000e-01 5.918300e+01
 4.000000e+00 0.000000e+00 1.172000e+03 2.968090e+05 6.400000e+02
 3.600000e+02 0.000000e+00 1.866500e+01 7.650000e-01 2.251800e+01
 5.000000e+00 0.000000e+00 1.861318e+03 4.720770e+05 9.600000e+02
 5.200000e+02 0.000000e+00 4.193100e+01 9.720000e-01 7.755600e+01
 1.870000e+02]
deleted_idx_col 677
query_origi 41
query_idx 608
deleted_scaled [4.16666667e-01 0.00000000e+00 7.85581134e-02 7.84498189e-02
 1.81818182e-01 1.71717172e-01 0.00000000e+00 5.34415904e-01
 9.00000000e-01 6.87502591e-01 0.00000000e+00 0.00000000e+00
 5.41832306e-04 6.11073091e-04 0.00000000e+00 0.00000000e+00
 0.00000000e+00 3.40411669e-01 8.26829268e-01 2.16444147e-02
 3.33333333e-01 0.00000000e+00 4.34313343e-02 4.39676889e-02
 9.09090909e-02 9.09090909e-02 0.00000000e+00 5.39868023e-01
 7.79702970e-01 6.53500878e-01 5.00000000e-01 0.00000000e+00
 1.08444407e-01 1.07488188e-01 2.72727273e-01 2.72727273e-01
 0.00000000e+00 1.53536515e-01 4.42622951e-01 2.56911601e-01]
deleted_not_scaled [5.000000e+00 0.000000e+00 1.872898e+03 4.775890e+05 9.600000e+02
 5.200000e+02 0.000000e+00 3.856600e+01 9.570000e-01 6.634400e+01
 0.000000e+00 0.000000e+00 3.426370e+02 8.750100e+04 3.200000e+02
 1.800000e+02 0.000000e+00 2.511400e+01 9.260000e-01 2.007000e+00
 4.000000e+00 0.000000e+00 1.142342e+03 2.921540e+05 6.400000e+02
 3.600000e+02 0.000000e+00 3.326500e+01 9.060000e-01 5.918300e+01
 6.000000e+00 0.000000e+00 2.455344e+03 6.218160e+05 1.280000e+03
 7.200000e+02 0.000000e+00 1.870700e+01 7.590000e-01 2.428200e+01
 1.860000e+02]
deleted_idx_col 608
query_origi 16
query_idx 528
deleted_scaled [0.33333333 0.         0.04267833 0.04240128 0.09090909 0.09090909
 0.         0.48062298 0.97906977 0.50648705 0.66666667 0.
 0.20648412 0.20587606 0.45454545 0.45454545 0.         0.94266252
 0.5804878  0.57192158 0.75       0.         0.28908085 0.29125991
 0.45454545 0.45454545 0.         0.14146274 0.38366337 0.36045626
 0.83333333 0.         0.35907899 0.35909438 0.63636364 0.63636364
 0.         0.03973851 0.44496487 0.16303232]
deleted_not_scaled [4.000000e+00 0.000000e+00 1.167035e+03 2.965730e+05 6.400000e+02
 3.600000e+02 0.000000e+00 3.605500e+01 9.910000e-01 4.887600e+01
 8.000000e+00 0.000000e+00 4.393202e+03 1.118070e+06 1.920000e+03
 1.080000e+03 0.000000e+00 4.544900e+01 8.250000e-01 5.303200e+01
 9.000000e+00 0.000000e+00 5.786491e+03 1.474832e+06 1.920000e+03
 1.080000e+03 0.000000e+00 1.877500e+01 7.460000e-01 3.264400e+01
 1.000000e+01 0.000000e+00 7.387627e+03 1.885692e+06 2.560000e+03
 1.440000e+03 0.000000e+00 1.494700e+01 7.600000e-01 1.540900e+01
 3.000000e+00]
deleted_idx_col 528
query_origi 447
query_idx 453
deleted_scaled [0.83333333 0.         0.39492166 0.39350092 0.63636364 0.63636364
 0.         0.11195613 0.13023256 0.08712953 0.83333333 0.
 0.39419289 0.39342451 0.63636364 0.63636364 0.         0.18756108
 0.13902439 0.0932101  0.83333333 0.         0.42442844 0.42806395
 0.63636364 0.63636364 0.         0.03720099 0.16831683 0.12165012
 0.83333333 0.         0.3793997  0.37980216 0.63636364 0.63636364
 0.         0.14524379 0.41686183 0.01921388]
deleted_not_scaled [1.000000e+01 0.000000e+00 8.096719e+03 2.059603e+06 2.560000e+03
 1.440000e+03 0.000000e+00 1.884600e+01 6.260000e-01 8.408000e+00
 1.000000e+01 0.000000e+00 8.085142e+03 2.059690e+06 2.560000e+03
 1.440000e+03 0.000000e+00 1.995300e+01 6.440000e-01 8.643000e+00
 1.000000e+01 0.000000e+00 8.345317e+03 2.129099e+06 2.560000e+03
 1.440000e+03 0.000000e+00 1.498300e+01 6.590000e-01 1.101700e+01
 1.000000e+01 0.000000e+00 7.787522e+03 1.989712e+06 2.560000e+03
 1.440000e+03 0.000000e+00 1.843300e+01 7.480000e-01 1.816000e+00
 2.370000e+02]
deleted_idx_col 453
query_origi 740
query_idx 864
deleted_scaled [0.83333333 0.         0.38719229 0.38382026 0.63636364 0.63636364
 0.         0.14657555 0.56744186 0.0008601  0.83333333 0.
 0.394842   0.39205617 0.63636364 0.63636364 0.         0.24788983
 0.60731707 0.         0.83333333 0.         0.41035985 0.41176373
 0.63636364 0.63636364 0.         0.31121804 0.70792079 0.01777768
 0.83333333 0.         0.39652145 0.39491853 0.63636364 0.63636364
 0.         0.38297872 0.76346604 0.07098344]
deleted_not_scaled [1.000000e+01 0.000000e+00 7.944659e+03 2.010992e+06 2.560000e+03
 1.440000e+03 0.000000e+00 2.046200e+01 8.140000e-01 8.300000e-02
 1.000000e+01 0.000000e+00 8.097909e+03 2.052820e+06 2.560000e+03
 1.440000e+03 0.000000e+00 2.199000e+01 8.360000e-01 0.000000e+00
 1.000000e+01 0.000000e+00 8.079342e+03 2.051143e+06 2.560000e+03
 1.440000e+03 0.000000e+00 2.494900e+01 8.770000e-01 1.610000e+00
 1.000000e+01 0.000000e+00 8.124464e+03 2.065645e+06 2.560000e+03
 1.440000e+03 0.000000e+00 2.628800e+01 8.960000e-01 6.709000e+00
 1.660000e+02]
deleted_idx_col 864
query_origi 703
query_idx 338
deleted_scaled [0.83333333 0.         0.3896914  0.38908447 0.63636364 0.63636364
 0.         0.04560937 0.53255814 0.15702591 0.83333333 0.
 0.42206718 0.42210232 0.63636364 0.63636364 0.         0.08417
 0.49512195 0.09880724 0.83333333 0.         0.39213048 0.39629927
 0.63636364 0.63636364 0.         0.71190542 0.89851485 0.96950189
 0.83333333 0.         0.39739049 0.39396078 0.63636364 0.63636364
 0.         0.11301111 0.57845433 0.05894302]
deleted_not_scaled [1.000000e+01 0.000000e+00 7.993824e+03 2.037426e+06 2.560000e+03
 1.440000e+03 0.000000e+00 1.574900e+01 7.990000e-01 1.515300e+01
 1.000000e+01 0.000000e+00 8.633386e+03 2.203672e+06 2.560000e+03
 1.440000e+03 0.000000e+00 1.646200e+01 7.900000e-01 9.162000e+00
 1.000000e+01 0.000000e+00 7.734705e+03 1.977184e+06 2.560000e+03
 1.440000e+03 0.000000e+00 3.952200e+01 9.540000e-01 8.780100e+01
 1.000000e+01 0.000000e+00 8.141566e+03 2.060834e+06 2.560000e+03
 1.440000e+03 0.000000e+00 1.736800e+01 8.170000e-01 5.571000e+00
 2.460000e+02]
deleted_idx_col 338
query_origi 833
query_idx 819
deleted_scaled [8.33333333e-01 0.00000000e+00 4.31791730e-01 4.31782480e-01
 6.36363636e-01 6.36363636e-01 0.00000000e+00 2.57032070e-01
 6.41860465e-01 7.58238342e-02 8.33333333e-01 0.00000000e+00
 3.44312594e-01 3.44883040e-01 6.36363636e-01 6.36363636e-01
 0.00000000e+00 2.72382645e-01 6.63414634e-01 1.16806505e-01
 9.16666667e-01 0.00000000e+00 5.81059094e-01 5.81301835e-01
 1.00000000e+00 1.00000000e+00 0.00000000e+00 1.87847127e-01
 5.47029703e-01 9.38573148e-04 9.16666667e-01 0.00000000e+00
 6.15907116e-01 6.11581868e-01 1.00000000e+00 1.00000000e+00
 0.00000000e+00 2.52837384e-01 6.18266979e-01 0.00000000e+00]
deleted_not_scaled [1.0000000e+01 0.0000000e+00 8.8220640e+03 2.2518320e+06 2.5600000e+03
 1.4400000e+03 0.0000000e+00 2.5618000e+01 8.4600000e-01 7.3170000e+00
 1.0000000e+01 0.0000000e+00 7.1040740e+03 1.8159790e+06 2.5600000e+03
 1.4400000e+03 0.0000000e+00 2.2817000e+01 8.5900000e-01 1.0831000e+01
 1.1000000e+01 0.0000000e+00 1.1306512e+04 2.8619610e+06 3.8400000e+03
 2.1600000e+03 0.0000000e+00 2.0462000e+01 8.1200000e-01 8.5000000e-02
 1.1000000e+01 0.0000000e+00 1.2441794e+04 3.1539950e+06 3.8400000e+03
 2.1600000e+03 0.0000000e+00 2.1988000e+01 8.3400000e-01 0.0000000e+00
 1.6400000e+02]
deleted_idx_col 819
query_origi 737
query_idx 405
deleted_scaled [0.83333333 0.         0.39612646 0.39348878 0.63636364 0.63636364
 0.         0.05392146 0.43488372 0.0180829  0.83333333 0.
 0.41400457 0.41193019 0.63636364 0.63636364 0.         0.78208204
 0.87073171 0.9328128  0.83333333 0.         0.41192171 0.41417899
 0.63636364 0.63636364 0.         0.16037943 0.70049505 0.11110498
 0.83333333 0.         0.39342203 0.39263394 0.63636364 0.63636364
 0.         0.22420629 0.70023419 0.00849601]
deleted_not_scaled [1.000000e+01 0.000000e+00 8.120421e+03 2.059542e+06 2.560000e+03
 1.440000e+03 0.000000e+00 1.613700e+01 7.570000e-01 1.745000e+00
 1.000000e+01 0.000000e+00 8.474807e+03 2.152601e+06 2.560000e+03
 1.440000e+03 0.000000e+00 4.002700e+01 9.440000e-01 8.649600e+01
 1.000000e+01 0.000000e+00 8.108870e+03 2.062694e+06 2.560000e+03
 1.440000e+03 0.000000e+00 1.946300e+01 8.740000e-01 1.006200e+01
 1.000000e+01 0.000000e+00 8.063470e+03 2.054169e+06 2.560000e+03
 1.440000e+03 0.000000e+00 2.104200e+01 8.690000e-01 8.030000e-01
 2.200000e+02]
deleted_idx_col 405
query_origi 635
query_idx 525
deleted_scaled [0.66666667 0.         0.20948561 0.20770088 0.45454545 0.45454545
 0.         0.06064826 0.22790698 0.08643523 0.66666667 0.
 0.20208505 0.20084686 0.45454545 0.45454545 0.         0.05520509
 0.35121951 0.00136963 0.66666667 0.         0.21385119 0.21477876
 0.45454545 0.45454545 0.         0.14281001 0.40594059 0.05047315
 0.66666667 0.         0.20809333 0.20745293 0.45454545 0.45454545
 0.         0.05695954 0.33957845 0.05611808]
deleted_not_scaled [8.000000e+00 0.000000e+00 4.448635e+03 1.126617e+06 1.920000e+03
 1.080000e+03 0.000000e+00 1.645100e+01 6.680000e-01 8.341000e+00
 8.000000e+00 0.000000e+00 4.306679e+03 1.092820e+06 1.920000e+03
 1.080000e+03 0.000000e+00 1.548400e+01 7.310000e-01 1.270000e-01
 8.000000e+00 0.000000e+00 4.364230e+03 1.109060e+06 1.920000e+03
 1.080000e+03 0.000000e+00 1.882400e+01 7.550000e-01 4.571000e+00
 8.000000e+00 0.000000e+00 4.416353e+03 1.123962e+06 1.920000e+03
 1.080000e+03 0.000000e+00 1.551600e+01 7.150000e-01 5.304000e+00
 1.440000e+02]
deleted_idx_col 525
query_origi 238
query_idx 574
deleted_scaled [0.91666667 0.         0.57000759 0.5697133  1.         1.
 0.         0.02924227 0.2        0.11596891 0.91666667 0.
 0.56505575 0.56565212 1.         1.         0.         0.14295869
 0.38780488 0.02176304 1.         0.         1.         1.
 1.         1.         1.         0.77165246 0.88366337 1.
 0.91666667 0.         0.54587625 0.54175749 1.         1.
 0.         0.08686178 0.52693208 0.11360102]
deleted_not_scaled [1.1000000e+01 0.0000000e+00 1.1541185e+04 2.9444450e+06 3.8400000e+03
 2.1600000e+03 0.0000000e+00 1.4985000e+01 6.5600000e-01 1.1191000e+01
 1.1000000e+01 0.0000000e+00 1.1445749e+04 2.9243890e+06 3.8400000e+03
 2.1600000e+03 0.0000000e+00 1.8447000e+01 7.4600000e-01 2.0180000e+00
 1.2000000e+01 0.0000000e+00 1.9226837e+04 4.8643900e+06 3.8400000e+03
 2.1600000e+03 1.0000000e+00 4.1695000e+01 9.4800000e-01 9.0563000e+01
 1.1000000e+01 0.0000000e+00 1.1063644e+04 2.8032510e+06 3.8400000e+03
 2.1600000e+03 0.0000000e+00 1.6504000e+01 7.9500000e-01 1.0737000e+01
 2.3900000e+02]
deleted_idx_col 574
query_origi 132
query_idx 314
deleted_scaled [0.91666667 0.         0.5694608  0.5677316  1.         1.
 0.         0.14096275 0.52790698 0.04617617 0.91666667 0.
 0.56853325 0.56769945 1.         1.         0.         0.17731379
 0.25853659 0.00321377 0.91666667 0.         0.59109311 0.59645015
 1.         1.         0.         0.45980203 0.6460396  0.66362643
 0.91666667 0.         0.58818782 0.58908579 1.         1.
 0.         0.32002663 0.38875878 0.31787547]
deleted_not_scaled [1.1000000e+01 0.0000000e+00 1.1530428e+04 2.9344940e+06 3.8400000e+03
 2.1600000e+03 0.0000000e+00 2.0200000e+01 7.9700000e-01 4.4560000e+00
 1.1000000e+01 0.0000000e+00 1.1514146e+04 2.9346680e+06 3.8400000e+03
 2.1600000e+03 0.0000000e+00 1.9607000e+01 6.9300000e-01 2.9800000e-01
 1.1000000e+01 0.0000000e+00 1.1496211e+04 2.9344080e+06 3.8400000e+03
 2.1600000e+03 0.0000000e+00 3.0353000e+01 8.5200000e-01 6.0100000e+01
 1.1000000e+01 0.0000000e+00 1.1896301e+04 3.0409920e+06 3.8400000e+03
 2.1600000e+03 0.0000000e+00 2.4208000e+01 7.3600000e-01 3.0044000e+01
 1.9000000e+01]
deleted_idx_col 314
query_origi 507
query_idx 629
deleted_scaled [0.91666667 0.         0.55907062 0.55708986 1.         1.
 0.         0.11180617 0.12093023 0.08847668 0.91666667 0.
 0.56882747 0.56770642 1.         1.         0.         0.18744262
 0.13170732 0.09292971 0.91666667 0.         0.59347198 0.59854884
 1.         1.         0.         0.03725598 0.16089109 0.12357144
 0.91666667 0.         0.56529296 0.56587304 1.         1.
 0.         0.1456675  0.41217799 0.02135111]
deleted_not_scaled [1.1000000e+01 0.0000000e+00 1.1326022e+04 2.8810570e+06 3.8400000e+03
 2.1600000e+03 0.0000000e+00 1.8839000e+01 6.2200000e-01 8.5380000e+00
 1.1000000e+01 0.0000000e+00 1.1519933e+04 2.9347030e+06 3.8400000e+03
 2.1600000e+03 0.0000000e+00 1.9949000e+01 6.4100000e-01 8.6170000e+00
 1.1000000e+01 0.0000000e+00 1.1541185e+04 2.9444450e+06 3.8400000e+03
 2.1600000e+03 0.0000000e+00 1.4985000e+01 6.5600000e-01 1.1191000e+01
 1.1000000e+01 0.0000000e+00 1.1445749e+04 2.9243890e+06 3.8400000e+03
 2.1600000e+03 0.0000000e+00 1.8447000e+01 7.4600000e-01 2.0180000e+00
 2.3700000e+02]
deleted_idx_col 629
query_origi 33
query_idx 878
deleted_scaled [0.91666667 0.         0.56892733 0.56777323 1.         1.
 0.         0.1355856  0.16511628 0.08929534 0.91666667 0.
 0.56990799 0.5696468  1.         1.         0.         0.04042648
 0.16829268 0.12068891 0.91666667 0.         0.58842395 0.59435523
 1.         1.         0.         0.13244432 0.38366337 0.02228283
 0.91666667 0.         0.65514666 0.64923612 1.         1.
 0.         0.82833449 0.87587822 0.927165  ]
deleted_not_scaled [1.1000000e+01 0.0000000e+00 1.1519933e+04 2.9347030e+06 3.8400000e+03
 2.1600000e+03 0.0000000e+00 1.9949000e+01 6.4100000e-01 8.6170000e+00
 1.1000000e+01 0.0000000e+00 1.1541185e+04 2.9444450e+06 3.8400000e+03
 2.1600000e+03 0.0000000e+00 1.4985000e+01 6.5600000e-01 1.1191000e+01
 1.1000000e+01 0.0000000e+00 1.1445749e+04 2.9243890e+06 3.8400000e+03
 2.1600000e+03 0.0000000e+00 1.8447000e+01 7.4600000e-01 2.0180000e+00
 1.1000000e+01 0.0000000e+00 1.3213996e+04 3.3431410e+06 3.8400000e+03
 2.1600000e+03 0.0000000e+00 4.1003000e+01 9.4400000e-01 8.7631000e+01
 2.3800000e+02]
deleted_idx_col 878
query_origi 675
query_idx 449
deleted_scaled [0.91666667 0.         0.57024644 0.56765274 1.         1.
 0.         0.11133486 0.42093023 0.0480829  1.         0.
 0.83767651 0.83517558 1.         1.         1.         0.05585666
 0.3        0.05618705 0.91666667 0.         0.65641675 0.66136478
 1.         1.         0.         0.12301347 0.47029703 0.
 0.91666667 0.         0.50594339 0.50595523 1.         1.
 0.         0.08326019 0.2529274  0.01077078]
deleted_not_scaled [1.1000000e+01 0.0000000e+00 1.1545884e+04 2.9340980e+06 3.8400000e+03
 2.1600000e+03 0.0000000e+00 1.8817000e+01 7.5100000e-01 4.6400000e+00
 1.2000000e+01 0.0000000e+00 1.6807776e+04 4.2775790e+06 3.8400000e+03
 2.1600000e+03 1.0000000e+00 1.5506000e+01 7.1000000e-01 5.2100000e+00
 1.1000000e+01 0.0000000e+00 1.2731193e+04 3.2448630e+06 3.8400000e+03
 2.1600000e+03 0.0000000e+00 1.8104000e+01 7.8100000e-01 0.0000000e+00
 1.1000000e+01 0.0000000e+00 1.0277798e+04 2.6234080e+06 3.8400000e+03
 2.1600000e+03 0.0000000e+00 1.6385000e+01 6.7800000e-01 1.0180000e+00
 1.4600000e+02]
deleted_idx_col 449
query_origi 470
query_idx 792
deleted_scaled [0.91666667 0.         0.57031369 0.56771966 1.         1.
 0.         0.34190964 0.8255814  0.46280829 0.91666667 0.
 0.56936107 0.56766479 1.         1.         0.         0.19487635
 0.51219512 0.04805556 0.91666667 0.         0.59204177 0.59650451
 1.         1.         0.         0.16433874 0.25247525 0.00329053
 0.91666667 0.         0.5678572  0.56786757 1.         1.
 0.         0.50600769 0.66042155 0.6358779 ]
deleted_not_scaled [1.1000000e+01 0.0000000e+00 1.1547207e+04 2.9344340e+06 3.8400000e+03
 2.1600000e+03 0.0000000e+00 2.9580000e+01 9.2500000e-01 4.4661000e+01
 1.1000000e+01 0.0000000e+00 1.1530428e+04 2.9344940e+06 3.8400000e+03
 2.1600000e+03 0.0000000e+00 2.0200000e+01 7.9700000e-01 4.4560000e+00
 1.1000000e+01 0.0000000e+00 1.1514146e+04 2.9346680e+06 3.8400000e+03
 2.1600000e+03 0.0000000e+00 1.9607000e+01 6.9300000e-01 2.9800000e-01
 1.1000000e+01 0.0000000e+00 1.1496211e+04 2.9344080e+06 3.8400000e+03
 2.1600000e+03 0.0000000e+00 3.0353000e+01 8.5200000e-01 6.0100000e+01
 1.8000000e+01]
deleted_idx_col 792
query_origi 443
query_idx 400
deleted_scaled [0.91666667 0.         0.57502762 0.57241292 1.         1.
 0.         0.03530496 0.50697674 0.04557513 0.91666667 0.
 0.60309912 0.6013017  1.         1.         0.         0.07792092
 0.39756098 0.05187326 0.91666667 0.         0.53765601 0.54170883
 1.         1.         0.         0.26307396 0.32673267 0.1546106
 1.         0.         0.91107602 0.91107815 1.         1.
 1.         0.31815018 0.73302108 0.38911284]
deleted_not_scaled [1.1000000e+01 0.0000000e+00 1.1639944e+04 2.9580010e+06 3.8400000e+03
 2.1600000e+03 0.0000000e+00 1.5268000e+01 7.8800000e-01 4.3980000e+00
 1.1000000e+01 0.0000000e+00 1.2194003e+04 3.1033740e+06 3.8400000e+03
 2.1600000e+03 0.0000000e+00 1.6251000e+01 7.5000000e-01 4.8100000e+00
 1.1000000e+01 0.0000000e+00 1.0485951e+04 2.6726070e+06 3.8400000e+03
 2.1600000e+03 0.0000000e+00 2.3198000e+01 7.2300000e-01 1.4002000e+01
 1.2000000e+01 0.0000000e+00 1.8250476e+04 4.6584340e+06 3.8400000e+03
 2.1600000e+03 1.0000000e+00 2.4146000e+01 8.8300000e-01 3.6777000e+01
 2.2900000e+02]
deleted_idx_col 400
query_origi 226
query_idx 970
deleted_scaled [0.91666667 0.         0.56772151 0.56771448 1.         1.
 0.         0.35846955 0.65581395 0.62279793 0.91666667 0.
 0.5879631  0.58887668 1.         1.         0.         0.31357915
 0.36341463 0.32400837 0.91666667 0.         0.61312966 0.61339229
 1.         1.         0.         0.08427275 0.10148515 0.13308967
 0.91666667 0.         0.5718004  0.56777859 1.         1.
 0.         0.04088859 0.00468384 0.03432259]
deleted_not_scaled [1.1000000e+01 0.0000000e+00 1.1496211e+04 2.9344080e+06 3.8400000e+03
 2.1600000e+03 0.0000000e+00 3.0353000e+01 8.5200000e-01 6.0100000e+01
 1.1000000e+01 0.0000000e+00 1.1896301e+04 3.0409920e+06 3.8400000e+03
 2.1600000e+03 0.0000000e+00 2.4208000e+01 7.3600000e-01 3.0044000e+01
 1.1000000e+01 0.0000000e+00 1.1912825e+04 3.0154340e+06 3.8400000e+03
 2.1600000e+03 0.0000000e+00 1.6695000e+01 6.3200000e-01 1.2053000e+01
 1.1000000e+01 0.0000000e+00 1.1573810e+04 2.9339610e+06 3.8400000e+03
 2.1600000e+03 0.0000000e+00 1.4985000e+01 5.7200000e-01 3.2440000e+00
 2.1000000e+01]
deleted_idx_col 970
query_origi 519
query_idx 956
deleted_scaled [0.91666667 0.         0.55408038 0.55491161 1.         1.
 0.         0.56423659 0.89767442 0.92324352 1.         0.
 0.79254346 0.78581789 1.         1.         1.         0.11091367
 0.55853659 0.06331557 0.91666667 0.         0.63165619 0.63289188
 1.         1.         0.         0.12719274 0.17821782 0.07808929
 0.91666667 0.         0.5727449  0.56958201 1.         1.
 0.         0.2093157  0.55503513 0.05887954]
deleted_not_scaled [1.1000000e+01 0.0000000e+00 1.1227849e+04 2.8701190e+06 3.8400000e+03
 2.1600000e+03 0.0000000e+00 3.9958000e+01 9.5600000e-01 8.9093000e+01
 1.2000000e+01 0.0000000e+00 1.5920079e+04 4.0297700e+06 3.8400000e+03
 2.1600000e+03 1.0000000e+00 1.7365000e+01 8.1600000e-01 5.8710000e+00
 1.1000000e+01 0.0000000e+00 1.2263080e+04 3.1086910e+06 3.8400000e+03
 2.1600000e+03 0.0000000e+00 1.8256000e+01 6.6300000e-01 7.0720000e+00
 1.1000000e+01 0.0000000e+00 1.1592397e+04 2.9430200e+06 3.8400000e+03
 2.1600000e+03 0.0000000e+00 2.0550000e+01 8.0700000e-01 5.5650000e+00
 2.4800000e+02]
deleted_idx_col 956
query_origi 727
query_idx 526
deleted_scaled [0.91666667 0.         0.58082561 0.57760026 1.         1.
 0.         0.05445704 0.40232558 0.01833161 0.91666667 0.
 0.54977132 0.54757885 1.         1.         0.         0.79084851
 0.90487805 0.81276018 0.91666667 0.         0.58312113 0.58692357
 1.         1.         0.         0.21836679 0.5        0.02188532
 0.91666667 0.         0.56280023 0.5622435  1.         1.
 0.         0.2313792  0.49648712 0.02785801]
deleted_not_scaled [1.1000000e+01 0.0000000e+00 1.1754008e+04 2.9840490e+06 3.8400000e+03
 2.1600000e+03 0.0000000e+00 1.6162000e+01 7.4300000e-01 1.7690000e+00
 1.1000000e+01 0.0000000e+00 1.1145128e+04 2.8336490e+06 3.8400000e+03
 2.1600000e+03 0.0000000e+00 4.0323000e+01 9.5800000e-01 7.5364000e+01
 1.1000000e+01 0.0000000e+00 1.1345496e+04 2.8888470e+06 3.8400000e+03
 2.1600000e+03 0.0000000e+00 2.1572000e+01 7.9300000e-01 1.9820000e+00
 1.1000000e+01 0.0000000e+00 1.1396694e+04 2.9061570e+06 3.8400000e+03
 2.1600000e+03 0.0000000e+00 2.1279000e+01 7.8200000e-01 2.6330000e+00
 1.5300000e+02]
deleted_idx_col 526
query_origi 105
query_idx 661
deleted_scaled [0.91666667 0.         0.57065035 0.56546632 1.         1.
 0.         0.55354656 0.9255814  0.72035233 0.91666667 0.
 0.6122221  0.60762475 1.         1.         0.         0.4152821
 0.6902439  0.14190195 0.91666667 0.         0.60309956 0.60488798
 1.         1.         0.         0.34665933 0.64851485 0.05624814
 0.91666667 0.         0.52192276 0.51982559 1.         1.
 0.         0.3077994  0.6206089  0.16769825]
deleted_not_scaled [1.1000000e+01 0.0000000e+00 1.1553830e+04 2.9231190e+06 3.8400000e+03
 2.1600000e+03 0.0000000e+00 3.9459000e+01 9.6800000e-01 6.9514000e+01
 1.1000000e+01 0.0000000e+00 1.2373438e+04 3.1351200e+06 3.8400000e+03
 2.1600000e+03 0.0000000e+00 2.7642000e+01 8.7000000e-01 1.3158000e+01
 1.1000000e+01 0.0000000e+00 1.1723200e+04 2.9747620e+06 3.8400000e+03
 2.1600000e+03 0.0000000e+00 2.6238000e+01 8.5300000e-01 5.0940000e+00
 1.1000000e+01 0.0000000e+00 1.0592259e+04 2.6930820e+06 3.8400000e+03
 2.1600000e+03 0.0000000e+00 2.3804000e+01 8.3500000e-01 1.5850000e+01
 6.8000000e+01]
deleted_idx_col 661
query_origi 49
query_idx 991
deleted_scaled [0.91666667 0.         0.56746034 0.56773937 1.         1.
 0.         0.18284453 0.45348837 0.06115026 0.91666667 0.
 0.56658083 0.56775004 1.         1.         0.         0.62455205
 0.73414634 0.35643725 0.91666667 0.         0.62526226 0.62584976
 1.         1.         0.         0.3976904  0.67821782 0.10833343
 0.91666667 0.         0.57799187 0.57421847 1.         1.
 0.         0.45010744 0.68149883 0.04881765]
deleted_not_scaled [1.1000000e+01 0.0000000e+00 1.1491073e+04 2.9345330e+06 3.8400000e+03
 2.1600000e+03 0.0000000e+00 2.2155000e+01 7.6500000e-01 5.9010000e+00
 1.1000000e+01 0.0000000e+00 1.1475745e+04 2.9349220e+06 3.8400000e+03
 2.1600000e+03 0.0000000e+00 3.4708000e+01 8.8800000e-01 3.3051000e+01
 1.1000000e+01 0.0000000e+00 1.2142199e+04 3.0750120e+06 3.8400000e+03
 2.1600000e+03 0.0000000e+00 2.8094000e+01 8.6500000e-01 9.8110000e+00
 1.1000000e+01 0.0000000e+00 1.1695653e+04 2.9663100e+06 3.8400000e+03
 2.1600000e+03 0.0000000e+00 2.8506000e+01 8.6100000e-01 4.6140000e+00
 1.5700000e+02]
deleted_idx_col 991
query_origi 241
query_idx 491
deleted_scaled [1.         0.         0.82620533 0.82661529 1.         1.
 1.         0.16409949 0.53255814 0.02103627 0.91666667 0.
 0.56659217 0.56776139 1.         1.         0.         0.44664594
 0.71707317 0.15859629 0.91666667 0.         0.59595717 0.59651204
 1.         1.         0.         0.26035194 0.65841584 0.01328357
 0.91666667 0.         0.58097492 0.57718249 1.         1.
 0.         0.29660119 0.6440281  0.03345501]
deleted_not_scaled [1.2000000e+01 0.0000000e+00 1.6581364e+04 4.2344660e+06 3.8400000e+03
 2.1600000e+03 1.0000000e+00 2.1280000e+01 7.9900000e-01 2.0300000e+00
 1.1000000e+01 0.0000000e+00 1.1475968e+04 2.9349790e+06 3.8400000e+03
 2.1600000e+03 0.0000000e+00 2.8701000e+01 8.8100000e-01 1.4706000e+01
 1.1000000e+01 0.0000000e+00 1.1588169e+04 2.9347040e+06 3.8400000e+03
 2.1600000e+03 0.0000000e+00 2.3099000e+01 8.5700000e-01 1.2030000e+00
 1.1000000e+01 0.0000000e+00 1.1754357e+04 2.9811990e+06 3.8400000e+03
 2.1600000e+03 0.0000000e+00 2.3434000e+01 8.4500000e-01 3.1620000e+00
 4.4000000e+01]
deleted_idx_col 491
query_origi 203
query_idx 164
deleted_scaled [0.00000000e+00 9.92986457e-01 1.94459382e-03 1.86460012e-03
 0.00000000e+00 0.00000000e+00 0.00000000e+00 1.26309475e-01
 7.18604651e-01 7.70984456e-03 0.00000000e+00 0.00000000e+00
 1.72235256e-03 1.74657755e-03 0.00000000e+00 0.00000000e+00
 0.00000000e+00 2.22538131e-01 7.09756098e-01 5.50007549e-04
 0.00000000e+00 0.00000000e+00 2.27371904e-03 2.30987397e-03
 0.00000000e+00 0.00000000e+00 0.00000000e+00 1.73137201e-01
 6.58415842e-01 0.00000000e+00 0.00000000e+00 0.00000000e+00
 2.30492327e-03 2.34709493e-03 0.00000000e+00 0.00000000e+00
 0.00000000e+00 9.71520232e-02 5.73770492e-01 1.89387928e-03]
deleted_not_scaled [0.00000000e+00 4.66553756e+00 3.65680000e+02 9.30200000e+04
 3.20000000e+02 1.80000000e+02 0.00000000e+00 1.95160000e+01
 8.79000000e-01 7.44000000e-01 0.00000000e+00 0.00000000e+00
 3.65856000e+02 9.32020000e+04 3.20000000e+02 1.80000000e+02
 0.00000000e+00 2.11340000e+01 8.78000000e-01 5.10000000e-02
 0.00000000e+00 0.00000000e+00 3.64233000e+02 9.29250000e+04
 3.20000000e+02 1.80000000e+02 0.00000000e+00 1.99270000e+01
 8.57000000e-01 0.00000000e+00 0.00000000e+00 0.00000000e+00
 3.66606000e+02 9.36680000e+04 3.20000000e+02 1.80000000e+02
 0.00000000e+00 1.68440000e+01 8.15000000e-01 1.79000000e-01
 2.22000000e+02]
deleted_idx_col 164
query_origi 179
query_idx 104
deleted_scaled [0.41666667 0.96208746 0.07950545 0.07911377 0.18181818 0.17171717
 0.         0.21917779 0.62790698 0.31003109 0.25       0.04787334
 0.02987424 0.02981869 0.05454545 0.05454545 0.         0.54275137
 0.84634146 0.5697539  0.08333333 0.         0.00701189 0.00707662
 0.01818182 0.01818182 0.         0.35732747 0.76485149 0.00500204
 0.         0.         0.00211767 0.00215061 0.         0.
 0.         0.36463787 0.76346604 0.        ]
deleted_not_scaled [5.00000000e+00 4.52035891e+00 1.89153500e+03 4.80923000e+05
 9.60000000e+02 5.20000000e+02 0.00000000e+00 2.38510000e+01
 8.40000000e-01 2.99180000e+01 3.00000000e+00 1.57098684e-01
 9.19560000e+02 2.34143000e+05 5.12000000e+02 2.88000000e+02
 0.00000000e+00 3.19460000e+01 9.34000000e-01 5.28310000e+01
 1.00000000e+00 0.00000000e+00 4.53811000e+02 1.15722000e+05
 3.84000000e+02 2.16000000e+02 0.00000000e+00 2.66260000e+01
 9.00000000e-01 4.53000000e-01 0.00000000e+00 0.00000000e+00
 3.62921000e+02 9.26810000e+04 3.20000000e+02 1.80000000e+02
 0.00000000e+00 2.56820000e+01 8.96000000e-01 0.00000000e+00
 7.10000000e+01]
deleted_idx_col 104
query_origi 697
query_idx 139
deleted_scaled [0.         0.         0.00264571 0.0026578  0.         0.
 0.         0.25825318 0.71162791 0.         0.         0.
 0.00113415 0.00104488 0.         0.         0.         0.22188657
 0.58780488 0.         0.         1.         0.00271311 0.00262644
 0.         0.         0.         0.16442123 0.44059406 0.
 0.33333333 0.         0.04270036 0.04240538 0.09090909 0.09090909
 0.         0.51902182 0.76112412 0.34770142]
deleted_not_scaled [0.0000000e+00 0.0000000e+00 3.7947300e+02 9.7003000e+04 3.2000000e+02
 1.8000000e+02 0.0000000e+00 2.5675000e+01 8.7600000e-01 0.0000000e+00
 0.0000000e+00 0.0000000e+00 3.5428700e+02 8.9679000e+04 3.2000000e+02
 1.8000000e+02 0.0000000e+00 2.1112000e+01 8.2800000e-01 0.0000000e+00
 0.0000000e+00 4.9161588e+00 3.7254000e+02 9.4439000e+04 3.2000000e+02
 1.8000000e+02 0.0000000e+00 1.9610000e+01 7.6900000e-01 0.0000000e+00
 4.0000000e+00 0.0000000e+00 1.1615550e+03 2.9489000e+05 6.4000000e+02
 3.6000000e+02 0.0000000e+00 3.0783000e+01 8.9500000e-01 3.2863000e+01
 3.7000000e+01]
deleted_idx_col 139
query_origi 21
query_idx 483
deleted_scaled [0.5        0.         0.10721154 0.10713634 0.27272727 0.27272727
 0.         0.07384477 0.13023256 0.25995855 0.33333333 0.
 0.04587241 0.04599181 0.09090909 0.09090909 0.         0.12021324
 0.25609756 0.25649764 0.5        0.         0.11292168 0.11280996
 0.27272727 0.27272727 0.         0.25466043 0.5        0.25530294
 0.58333333 0.         0.14097691 0.13984207 0.27272727 0.27272727
 0.         0.19587785 0.42388759 0.00084643]
deleted_not_scaled [6.000000e+00 0.000000e+00 2.436597e+03 6.216370e+05 1.280000e+03
 7.200000e+02 0.000000e+00 1.706700e+01 6.260000e-01 2.508600e+01
 4.000000e+00 0.000000e+00 1.234219e+03 3.153430e+05 6.400000e+02
 3.600000e+02 0.000000e+00 1.767900e+01 6.920000e-01 2.378400e+01
 6.000000e+00 0.000000e+00 2.456098e+03 6.213930e+05 1.280000e+03
 7.200000e+02 0.000000e+00 2.289200e+01 7.930000e-01 2.312100e+01
 7.000000e+00 0.000000e+00 3.095557e+03 7.843370e+05 1.280000e+03
 7.200000e+02 0.000000e+00 2.010600e+01 7.510000e-01 8.000000e-02
 1.110000e+02]
deleted_idx_col 483
query_origi 609
query_idx 960
deleted_scaled [0.83333333 0.         0.39385868 0.39344676 0.63636364 0.63636364
 0.         0.16418518 0.49767442 0.02733679 0.83333333 0.
 0.39315061 0.39338826 0.63636364 0.63636364 0.         0.25283578
 0.44146341 0.0621185  0.91666667 0.         0.59001057 0.59655762
 1.         1.         0.         0.57954358 0.73514851 0.36495037
 0.91666667 0.         0.60068316 0.59585832 1.         1.
 0.         0.43763809 0.69086651 0.10380363]
deleted_not_scaled [1.0000000e+01 0.0000000e+00 8.0758070e+03 2.0593310e+06 2.5600000e+03
 1.4400000e+03 0.0000000e+00 2.1284000e+01 7.8400000e-01 2.6380000e+00
 1.0000000e+01 0.0000000e+00 8.0646420e+03 2.0595080e+06 2.5600000e+03
 1.4400000e+03 0.0000000e+00 2.2157000e+01 7.6800000e-01 5.7600000e+00
 1.1000000e+01 0.0000000e+00 1.1475745e+04 2.9349220e+06 3.8400000e+03
 2.1600000e+03 0.0000000e+00 3.4708000e+01 8.8800000e-01 3.3051000e+01
 1.1000000e+01 0.0000000e+00 1.2142199e+04 3.0750120e+06 3.8400000e+03
 2.1600000e+03 0.0000000e+00 2.8094000e+01 8.6500000e-01 9.8110000e+00
 1.5600000e+02]
deleted_idx_col 960
query_origi 770
query_idx 31
deleted_scaled [0.66666667 0.17196413 0.20385119 0.20437814 0.45454545 0.45454545
 0.         0.20606697 0.64651163 0.07982383 0.66666667 0.45524161
 0.20582311 0.2041265  0.45454545 0.45454545 0.         0.27572931
 0.45365854 0.01246684 0.66666667 0.0136621  0.2141848  0.21477123
 0.45454545 0.45454545 0.         0.25347814 0.44554455 0.01905856
 0.58333333 0.         0.14051871 0.13984804 0.27272727 0.27272727
 0.         0.49087497 0.72131148 0.4765487 ]
deleted_not_scaled [8.00000000e+00 8.07971866e-01 4.33778900e+03 1.10993200e+06
 1.92000000e+03 1.08000000e+03 0.00000000e+00 2.32390000e+01
 8.48000000e-01 7.70300000e+00 8.00000000e+00 1.49389738e+00
 4.38020100e+03 1.10928600e+06 1.92000000e+03 1.08000000e+03
 0.00000000e+00 2.29300000e+01 7.73000000e-01 1.15600000e+00
 8.00000000e+00 6.71650367e-02 4.37053700e+03 1.10902400e+06
 1.92000000e+03 1.08000000e+03 0.00000000e+00 2.28490000e+01
 7.71000000e-01 1.72600000e+00 7.00000000e+00 0.00000000e+00
 3.08654000e+03 7.84367000e+05 1.28000000e+03 7.20000000e+02
 0.00000000e+00 2.98530000e+01 8.78000000e-01 4.50410000e+01
 2.71000000e+02]
deleted_idx_col 31
