query_origi 8
query_idx 12
deleted_scaled [1.66666667e-01 0.00000000e+00 1.81388678e-02 1.81228457e-02
 5.45454545e-02 5.45454545e-02 0.00000000e+00 5.45834315e-01
 8.81395349e-01 5.06466321e-01 8.33333333e-02 4.45394773e-01
 8.67475709e-03 8.77252386e-03 1.81818182e-02 1.81818182e-02
 0.00000000e+00 3.05641937e-01 7.53658537e-01 0.00000000e+00
 8.33333333e-02 0.00000000e+00 1.12787805e-02 1.11681894e-02
 1.81818182e-02 1.81818182e-02 0.00000000e+00 2.25570525e-01
 7.10396040e-01 0.00000000e+00 0.00000000e+00 0.00000000e+00
 1.92873890e-03 1.82750903e-03 0.00000000e+00 0.00000000e+00
 0.00000000e+00 2.79561757e-01 7.21311475e-01 2.11606623e-05]
deleted_not_scaled [2.00000000e+00 0.00000000e+00 6.84270000e+02 1.74660000e+05
 5.12000000e+02 2.88000000e+02 0.00000000e+00 3.90990000e+01
 9.49000000e-01 4.88740000e+01 1.00000000e+00 1.46158451e+00
 5.02599000e+02 1.28477000e+05 3.84000000e+02 2.16000000e+02
 0.00000000e+00 2.39400000e+01 8.96000000e-01 0.00000000e+00
 1.00000000e+00 0.00000000e+00 5.34479000e+02 1.35290000e+05
 3.84000000e+02 2.16000000e+02 0.00000000e+00 2.18340000e+01
 8.78000000e-01 0.00000000e+00 0.00000000e+00 0.00000000e+00
 3.59203000e+02 9.10580000e+04 3.20000000e+02 1.80000000e+02
 0.00000000e+00 2.28710000e+01 8.78000000e-01 2.00000000e-03
 2.77000000e+02]
deleted_idx_col 12
query_origi 634
query_idx 96
deleted_scaled [1.         0.06823407 0.83214581 0.82673936 1.         1.
 1.         0.31262452 0.58372093 0.07807254 1.         0.16071157
 0.83067575 0.82653571 1.         1.         1.         0.36306827
 0.48292683 0.00786187 1.         0.13351528 0.86354877 0.86831774
 1.         1.         1.         0.15515535 0.34405941 0.07892848
 1.         0.         0.8283464  0.82669601 1.         1.
 1.         0.25550074 0.54098361 0.13796752]
deleted_not_scaled [1.20000000e+01 3.20597144e-01 1.66982310e+04 4.23508900e+06
 3.84000000e+03 2.16000000e+03 1.00000000e+00 2.82130000e+01
 8.21000000e-01 7.53400000e+00 1.20000000e+01 5.27382807e-01
 1.66700820e+04 4.23420100e+06 3.84000000e+03 2.16000000e+03
 1.00000000e+00 2.58790000e+01 7.85000000e-01 7.29000000e-01
 1.20000000e+01 6.56382343e-01 1.66471460e+04 4.23461800e+06
 3.84000000e+03 2.16000000e+03 1.00000000e+00 1.92730000e+01
 7.30000000e-01 7.14800000e+00 1.20000000e+01 0.00000000e+00
 1.66224250e+04 4.23456300e+06 3.84000000e+03 2.16000000e+03
 1.00000000e+00 2.20760000e+01 8.01000000e-01 1.30400000e+01
 7.70000000e+01]
deleted_idx_col 96
query_origi 424
query_idx 447
deleted_scaled [0.41666667 0.         0.07626492 0.07624986 0.18181818 0.17171717
 0.         0.05998415 0.26976744 0.00592746 0.41666667 0.
 0.07720106 0.07739535 0.18181818 0.17171717 0.         0.18311861
 0.26829268 0.01847378 0.5        0.         0.11298563 0.11293814
 0.27272727 0.27272727 0.         0.10478416 0.43811881 0.22693595
 0.58333333 0.         0.14092483 0.13986735 0.27272727 0.27272727
 0.         0.20120456 0.70257611 0.13476168]
deleted_not_scaled [5.000000e+00 0.000000e+00 1.827784e+03 4.665420e+05 9.600000e+02
 5.200000e+02 0.000000e+00 1.642000e+01 6.860000e-01 5.720000e-01
 5.000000e+00 0.000000e+00 1.850405e+03 4.730100e+05 9.600000e+02
 5.200000e+02 0.000000e+00 1.980300e+01 6.970000e-01 1.713000e+00
 6.000000e+00 0.000000e+00 2.457307e+03 6.220060e+05 1.280000e+03
 7.200000e+02 0.000000e+00 1.744100e+01 7.680000e-01 2.055200e+01
 7.000000e+00 0.000000e+00 3.094532e+03 7.844640e+05 1.280000e+03
 7.200000e+02 0.000000e+00 2.028200e+01 8.700000e-01 1.273700e+01
 1.490000e+02]
deleted_idx_col 447
query_origi 830
query_idx 565
deleted_scaled [0.25       0.         0.03174126 0.03160699 0.05454545 0.05454545
 0.         0.12817327 0.60930233 0.16746114 0.16666667 0.
 0.01596186 0.01598948 0.05454545 0.05454545 0.         0.18122316
 0.60487805 0.19491836 0.25       0.         0.02733086 0.02764635
 0.05454545 0.05454545 0.         0.17970855 0.63118812 0.1939313
 0.25       0.         0.02889511 0.02902912 0.05454545 0.05454545
 0.         0.30292667 0.67213115 0.24516743]
deleted_not_scaled [3.00000e+00 0.00000e+00 9.51870e+02 2.42370e+05 5.12000e+02 2.88000e+02
 0.00000e+00 1.96030e+01 8.32000e-01 1.61600e+01 2.00000e+00 0.00000e+00
 6.45925e+02 1.64711e+05 5.12000e+02 2.88000e+02 0.00000e+00 1.97390e+01
 8.35000e-01 1.80740e+01 3.00000e+00 0.00000e+00 8.37953e+02 2.14097e+05
 5.12000e+02 2.88000e+02 0.00000e+00 2.01660e+01 8.46000e-01 1.75630e+01
 3.00000e+00 0.00000e+00 8.89879e+02 2.27698e+05 5.12000e+02 2.88000e+02
 0.00000e+00 2.36430e+01 8.57000e-01 2.31720e+01 2.68000e+02]
deleted_idx_col 565
query_origi 194
query_idx 519
deleted_scaled [0.5        0.         0.0916337  0.09183101 0.27272727 0.27272727
 0.         0.18554382 0.67674419 0.27235233 0.5        0.
 0.10792759 0.10700392 0.27272727 0.27272727 0.         0.16700726
 0.58292683 0.20474301 0.5        0.         0.11314966 0.11335946
 0.27272727 0.27272727 0.         0.11811933 0.53712871 0.25097446
 0.5        0.         0.10757425 0.10698891 0.27272727 0.27272727
 0.         0.45143912 0.78220141 0.49192192]
deleted_not_scaled [6.000000e+00 0.000000e+00 2.130134e+03 5.447820e+05 1.280000e+03
 7.200000e+02 0.000000e+00 2.228100e+01 8.610000e-01 2.628200e+01
 6.000000e+00 0.000000e+00 2.454748e+03 6.216650e+05 1.280000e+03
 7.200000e+02 0.000000e+00 1.925900e+01 8.260000e-01 1.898500e+01
 6.000000e+00 0.000000e+00 2.460408e+03 6.240210e+05 1.280000e+03
 7.200000e+02 0.000000e+00 1.792600e+01 8.080000e-01 2.272900e+01
 6.000000e+00 0.000000e+00 2.438220e+03 6.193080e+05 1.280000e+03
 7.200000e+02 0.000000e+00 2.855000e+01 9.040000e-01 4.649400e+01
 6.000000e+01]
deleted_idx_col 519
query_origi 90
query_idx 753
deleted_scaled [0.16666667 0.         0.01814822 0.01809815 0.05454545 0.05454545
 0.         0.0458236  0.21395349 0.38260104 0.16666667 0.
 0.01781152 0.01790516 0.05454545 0.05454545 0.         0.58735377
 0.78292683 0.51133447 0.25       0.1072546  0.02864079 0.02903704
 0.05454545 0.05454545 0.         0.09747044 0.13861386 0.3198326
 0.16666667 0.         0.02132192 0.0210504  0.05454545 0.05454545
 0.         0.08849611 0.26932084 0.28936148]
deleted_not_scaled [2.00000000e+00 0.00000000e+00 6.84454000e+02 1.74536000e+05
 5.12000000e+02 2.88000000e+02 0.00000000e+00 1.57590000e+01
 6.62000000e-01 3.69210000e+01 2.00000000e+00 0.00000000e+00
 6.82305000e+02 1.74329000e+05 5.12000000e+02 2.88000000e+02
 0.00000000e+00 3.34520000e+01 9.08000000e-01 4.74140000e+01
 3.00000000e+00 5.27280643e-01 8.62718000e+02 2.20748000e+05
 5.12000000e+02 2.88000000e+02 0.00000000e+00 1.71750000e+01
 6.47000000e-01 2.89650000e+01 2.00000000e+00 0.00000000e+00
 7.40845000e+02 1.87619000e+05 5.12000000e+02 2.88000000e+02
 0.00000000e+00 1.65580000e+01 6.85000000e-01 2.73490000e+01
 1.41000000e+02]
deleted_idx_col 753
query_origi 507
query_idx 520
deleted_scaled [0.16666667 0.         0.01820551 0.01812125 0.05454545 0.05454545
 0.         0.14927483 0.26976744 0.27471503 0.25       0.
 0.02923576 0.02927215 0.05454545 0.05454545 0.         0.04309196
 0.23170732 0.40155943 0.25       0.         0.02695838 0.02727019
 0.05454545 0.05454545 0.         0.13112455 0.43069307 0.19242958
 0.25       0.         0.03242193 0.03201545 0.05454545 0.05454545
 0.         0.68790291 0.82669789 0.58768449]
deleted_not_scaled [2.00000e+00 0.00000e+00 6.85581e+02 1.74652e+05 5.12000e+02 2.88000e+02
 0.00000e+00 2.05880e+01 6.86000e-01 2.65100e+01 3.00000e+00 0.00000e+00
 9.07002e+02 2.31399e+05 5.12000e+02 2.88000e+02 0.00000e+00 1.50750e+01
 6.82000e-01 3.72350e+01 3.00000e+00 0.00000e+00 8.30911e+02 2.12298e+05
 5.12000e+02 2.88000e+02 0.00000e+00 1.83990e+01 7.65000e-01 1.74270e+01
 3.00000e+00 0.00000e+00 9.59284e+02 2.42699e+05 5.12000e+02 2.88000e+02
 0.00000e+00 3.63630e+01 9.23000e-01 5.55450e+01 2.38000e+02]
deleted_idx_col 520
query_origi 939
query_idx 965
deleted_scaled [0.58333333 0.         0.1406007  0.13966259 0.27272727 0.27272727
 0.         0.19259196 0.4627907  0.22415544 0.58333333 0.
 0.13998004 0.139341   0.27272727 0.27272727 0.         0.6931734
 0.86585366 0.76803701 0.58333333 0.         0.14599449 0.14685337
 0.27272727 0.27272727 0.         0.17629915 0.4950495  0.31979948
 0.58333333 0.         0.1399728  0.13976383 0.27272727 0.27272727
 0.         0.20417058 0.46604215 0.33129133]
deleted_not_scaled [7.000000e+00 0.000000e+00 3.093462e+03 7.849660e+05 1.280000e+03
 7.200000e+02 0.000000e+00 2.261000e+01 7.690000e-01 2.163100e+01
 7.000000e+00 0.000000e+00 3.085170e+03 7.840190e+05 1.280000e+03
 7.200000e+02 0.000000e+00 3.702500e+01 9.420000e-01 7.121700e+01
 7.000000e+00 0.000000e+00 3.081359e+03 7.842060e+05 1.280000e+03
 7.200000e+02 0.000000e+00 2.004200e+01 7.910000e-01 2.896200e+01
 7.000000e+00 0.000000e+00 3.075797e+03 7.839440e+05 1.280000e+03
 7.200000e+02 0.000000e+00 2.038000e+01 7.690000e-01 3.131200e+01
 8.500000e+01]
deleted_idx_col 965
query_origi 707
query_idx 787
deleted_scaled [0.41666667 0.         0.07723066 0.07739953 0.18181818 0.17171717
 0.         0.55843099 0.88139535 0.85380311 0.5        0.
 0.1079645  0.10704057 0.27272727 0.27272727 0.         0.45262846
 0.56829268 0.42710782 0.5        0.         0.11274983 0.11295863
 0.27272727 0.27272727 0.         0.22680781 0.11138614 0.36018021
 0.5        0.         0.10809861 0.10751068 0.27272727 0.27272727
 0.         0.24953845 0.15456674 0.32557795]
deleted_not_scaled [5.000000e+00 0.000000e+00 1.846783e+03 4.723150e+05 9.600000e+02
 5.200000e+02 0.000000e+00 3.968700e+01 9.490000e-01 8.239200e+01
 6.000000e+00 0.000000e+00 2.455474e+03 6.218490e+05 1.280000e+03
 7.200000e+02 0.000000e+00 2.890300e+01 8.200000e-01 3.960400e+01
 6.000000e+00 0.000000e+00 2.452849e+03 6.221040e+05 1.280000e+03
 7.200000e+02 0.000000e+00 2.187900e+01 6.360000e-01 3.261900e+01
 6.000000e+00 0.000000e+00 2.448539e+03 6.219290e+05 1.280000e+03
 7.200000e+02 0.000000e+00 2.187900e+01 6.360000e-01 3.077200e+01
 9.000000e+01]
deleted_idx_col 787
query_origi 731
query_idx 630
deleted_scaled [1.         0.         0.8275702  0.82674055 1.         1.
 1.         0.27228518 0.58372093 0.22115026 1.         0.
 0.90362401 0.90408065 1.         1.         1.         0.12287872
 0.36097561 0.11227703 1.         0.         0.85407914 0.86353009
 1.         1.         1.         0.22760517 0.58415842 0.0165741
 1.         0.         0.75991337 0.75383712 1.         1.
 1.         0.2296238  0.36065574 0.06032905]
deleted_not_scaled [1.2000000e+01 0.0000000e+00 1.6608215e+04 4.2350950e+06 3.8400000e+03
 2.1600000e+03 1.0000000e+00 2.6330000e+01 8.2100000e-01 2.1341000e+01
 1.2000000e+01 0.0000000e+00 1.8104861e+04 4.6235290e+06 3.8400000e+03
 2.1600000e+03 1.0000000e+00 1.7769000e+01 7.3500000e-01 1.0411000e+01
 1.2000000e+01 0.0000000e+00 1.6468117e+04 4.2117210e+06 3.8400000e+03
 2.1600000e+03 1.0000000e+00 2.1908000e+01 8.2700000e-01 1.5010000e+00
 1.2000000e+01 0.0000000e+00 1.5275719e+04 3.8685760e+06 3.8400000e+03
 2.1600000e+03 1.0000000e+00 2.1221000e+01 7.2400000e-01 5.7020000e+00
 2.8400000e+02]
deleted_idx_col 630
query_origi 731
query_idx 775
deleted_scaled [0.25       0.         0.02576206 0.02551772 0.05454545 0.05454545
 0.         0.24842006 0.73953488 0.12557513 0.33333333 0.
 0.04256803 0.0423933  0.09090909 0.09090909 0.         0.3805716
 0.76585366 0.25173091 0.33333333 0.         0.04485181 0.04512879
 0.09090909 0.09090909 0.         0.21710201 0.67574257 0.23368263
 0.33333333 0.         0.04284411 0.0428091  0.09090909 0.09090909
 0.         0.16385703 0.70725995 0.1507803 ]
deleted_not_scaled [3.000000e+00 0.000000e+00 8.342410e+02 2.117930e+05 5.120000e+02
 2.880000e+02 0.000000e+00 2.521600e+01 8.880000e-01 1.211800e+01
 4.000000e+00 0.000000e+00 1.169227e+03 2.972760e+05 6.400000e+02
 3.600000e+02 0.000000e+00 2.647000e+01 9.010000e-01 2.334200e+01
 4.000000e+00 0.000000e+00 1.169197e+03 2.977070e+05 6.400000e+02
 3.600000e+02 0.000000e+00 2.152600e+01 8.640000e-01 2.116300e+01
 4.000000e+00 0.000000e+00 1.164384e+03 2.969180e+05 6.400000e+02
 3.600000e+02 0.000000e+00 1.904800e+01 8.720000e-01 1.425100e+01
 1.680000e+02]
deleted_idx_col 775
query_origi 24
query_idx 463
deleted_scaled [1.         0.         0.83411185 0.82660971 1.         1.
 1.         0.23646608 0.55813953 0.04356477 0.91666667 0.
 0.57196982 0.56767057 1.         1.         0.         0.26779209
 0.4804878  0.01467765 1.         0.         0.86579768 0.86839803
 1.         1.         1.         0.24844652 0.42574257 0.02938286
 0.91666667 0.         0.57037356 0.5677981  1.         1.
 0.         0.71626161 0.88056206 0.68819764]
deleted_not_scaled [1.2000000e+01 0.0000000e+00 1.6736909e+04 4.2344380e+06 3.8400000e+03
 2.1600000e+03 1.0000000e+00 2.4658000e+01 8.1000000e-01 4.2040000e+00
 1.1000000e+01 0.0000000e+00 1.1581738e+04 2.9345230e+06 3.8400000e+03
 2.1600000e+03 0.0000000e+00 2.2662000e+01 7.8400000e-01 1.3610000e+00
 1.2000000e+01 0.0000000e+00 1.6689663e+04 4.2350020e+06 3.8400000e+03
 2.1600000e+03 1.0000000e+00 2.2666000e+01 7.6300000e-01 2.6610000e+00
 1.1000000e+01 0.0000000e+00 1.1545731e+04 2.9340590e+06 3.8400000e+03
 2.1600000e+03 0.0000000e+00 3.7300000e+01 9.4600000e-01 6.5045000e+01
 8.3000000e+01]
deleted_idx_col 463
query_origi 230
query_idx 389
deleted_scaled [1.         0.09432611 0.77393624 0.77315824 1.         1.
 1.         0.04698044 0.17906977 0.13473575 1.         0.16570031
 0.82573672 0.82657256 1.         1.         1.         0.81297201
 0.88292683 1.         1.         0.16040825 0.85837178 0.86830247
 1.         1.         1.         0.09408853 0.09158416 0.10117819
 1.         0.         0.90574023 0.89851791 1.         1.
 1.         0.08495506 0.21311475 0.09197482]
deleted_not_scaled [1.20000000e+01 4.43190329e-01 1.55530740e+04 3.96603400e+06
 3.84000000e+03 2.16000000e+03 1.00000000e+00 1.58130000e+01
 6.47000000e-01 1.30020000e+01 1.20000000e+01 5.43753595e-01
 1.65729390e+04 4.23438600e+06 3.84000000e+03 2.16000000e+03
 1.00000000e+00 4.10700000e+01 9.49000000e-01 9.27260000e+01
 1.20000000e+01 7.88592439e-01 1.65492720e+04 4.23454500e+06
 3.84000000e+03 2.16000000e+03 1.00000000e+00 1.70520000e+01
 6.28000000e-01 9.16300000e+00 1.20000000e+01 0.00000000e+00
 1.81454720e+04 4.59534100e+06 3.84000000e+03 2.16000000e+03
 1.00000000e+00 1.64410000e+01 6.61000000e-01 8.69300000e+00
 1.41000000e+02]
deleted_idx_col 389
query_origi 279
query_idx 111
deleted_scaled [1.         0.07833125 0.83252841 0.83294155 1.         1.
 1.         0.24584931 0.78837209 0.07468394 1.         0.18551408
 0.78047011 0.78204529 1.         1.         1.         0.73490301
 0.80731707 0.79312167 1.         0.1099702  0.86740816 0.86826546
 1.         1.         1.         0.14162772 0.3960396  0.03271756
 1.         0.         0.86940528 0.86376975 1.         1.
 1.         0.97085439 0.96252927 0.94812464]
deleted_not_scaled [1.20000000e+01 3.68038646e-01 1.67057580e+04 4.26623300e+06
 3.84000000e+03 2.16000000e+03 1.00000000e+00 2.50960000e+01
 9.09000000e-01 7.20700000e+00 1.20000000e+01 6.08773441e-01
 1.56826150e+04 4.01082900e+06 3.84000000e+03 2.16000000e+03
 1.00000000e+00 3.84340000e+01 9.18000000e-01 7.35430000e+01
 1.20000000e+01 5.40630960e-01 1.67201100e+04 4.23436800e+06
 3.84000000e+03 2.16000000e+03 1.00000000e+00 1.87810000e+01
 7.51000000e-01 2.96300000e+00 1.20000000e+01 0.00000000e+00
 1.74304300e+04 4.42079300e+06 3.84000000e+03 2.16000000e+03
 1.00000000e+00 4.57120000e+01 9.81000000e-01 8.96120000e+01
 1.87000000e+02]
deleted_idx_col 111
query_origi 151
query_idx 695
deleted_scaled [0.         0.         0.00208179 0.00191877 0.         0.
 0.         0.41404057 0.89767442 0.11804145 0.         0.01524078
 0.00198246 0.00192305 0.         0.         0.         0.49566119
 0.81219512 0.08899338 0.         0.38037985 0.00235343 0.00230423
 0.         0.         0.         0.51534232 0.98762376 0.
 0.         0.         0.00439454 0.0043474  0.         0.
 0.         0.58605974 0.8852459  0.01143734]
deleted_not_scaled [0.00000000e+00 0.00000000e+00 3.68379000e+02 9.32920000e+04
 3.20000000e+02 1.80000000e+02 0.00000000e+00 3.29470000e+01
 9.56000000e-01 1.13910000e+01 0.00000000e+00 5.00133462e-02
 3.70972000e+02 9.40880000e+04 3.20000000e+02 1.80000000e+02
 0.00000000e+00 3.03560000e+01 9.20000000e-01 8.25200000e+00
 0.00000000e+00 1.87000774e+00 3.65740000e+02 9.28980000e+04
 3.20000000e+02 1.80000000e+02 0.00000000e+00 3.23730000e+01
 9.90000000e-01 0.00000000e+00 0.00000000e+00 0.00000000e+00
 4.07728000e+02 1.03716000e+05 3.20000000e+02 1.80000000e+02
 0.00000000e+00 3.29980000e+01 9.48000000e-01 1.08100000e+00
 3.10000000e+01]
deleted_idx_col 695
query_origi 451
query_idx 143
deleted_scaled [1.00000000e+00 2.08096526e-01 8.20943503e-01 8.20530396e-01
 1.00000000e+00 1.00000000e+00 1.00000000e+00 1.51202896e-01
 6.23255814e-01 5.07772021e-04 1.00000000e+00 4.49408683e-01
 8.31558079e-01 8.32399263e-01 1.00000000e+00 1.00000000e+00
 1.00000000e+00 1.89930401e-01 6.46341463e-01 2.04904773e-04
 1.00000000e+00 4.60546018e-01 8.62479351e-01 8.62462028e-01
 1.00000000e+00 1.00000000e+00 1.00000000e+00 1.70030245e-01
 5.81683168e-01 2.67658978e-02 1.00000000e+00 0.00000000e+00
 8.90061578e-01 8.83406318e-01 1.00000000e+00 1.00000000e+00
 1.00000000e+00 9.39287552e-01 9.50819672e-01 9.72268952e-01]
deleted_not_scaled [1.20000000e+01 9.77739579e-01 1.64778480e+04 4.20391100e+06
 3.84000000e+03 2.16000000e+03 1.00000000e+00 2.06780000e+01
 8.38000000e-01 4.90000000e-02 1.20000000e+01 1.47475634e+00
 1.66874360e+04 4.26364000e+06 3.84000000e+03 2.16000000e+03
 1.00000000e+00 2.00330000e+01 8.52000000e-01 1.90000000e-02
 1.20000000e+01 2.26411736e+00 1.66269280e+04 4.20661300e+06
 3.84000000e+03 2.16000000e+03 1.00000000e+00 1.98140000e+01
 8.26000000e-01 2.42400000e+00 1.20000000e+01 0.00000000e+00
 1.78369290e+04 4.51943200e+06 3.84000000e+03 2.16000000e+03
 1.00000000e+00 4.46690000e+01 9.76000000e-01 9.18940000e+01
 1.94000000e+02]
deleted_idx_col 143
query_origi 820
query_idx 133
deleted_scaled [1.         0.06425106 0.83882684 0.83840531 1.         1.
 1.         0.02911373 0.18837209 0.11798964 1.         0.24353603
 0.81394855 0.81477355 1.         1.         1.         0.14337332
 0.3804878  0.02266894 1.         0.02986542 1.         1.
 1.         1.         1.         0.77165246 0.88366337 1.
 1.         0.         0.8058257  0.79979121 1.         1.
 1.         0.08680125 0.52459016 0.11470137]
deleted_not_scaled [1.20000000e+01 3.01883015e-01 1.68296670e+04 4.29366900e+06
 3.84000000e+03 2.16000000e+03 1.00000000e+00 1.49790000e+01
 6.51000000e-01 1.13860000e+01 1.20000000e+01 7.99175276e-01
 1.63410840e+04 4.17514700e+06 3.84000000e+03 2.16000000e+03
 1.00000000e+00 1.84610000e+01 7.43000000e-01 2.10200000e+00
 1.20000000e+01 1.46823144e-01 1.92268370e+04 4.86439000e+06
 3.84000000e+03 2.16000000e+03 1.00000000e+00 4.16950000e+01
 9.48000000e-01 9.05630000e+01 1.20000000e+01 0.00000000e+00
 1.61792360e+04 4.09941400e+06 3.84000000e+03 2.16000000e+03
 1.00000000e+00 1.65020000e+01 7.94000000e-01 1.08410000e+01
 2.39000000e+02]
deleted_idx_col 133
query_origi 73
query_idx 202
deleted_scaled [1.         0.13298641 0.88110854 0.87627045 1.         1.
 1.         0.13738512 0.60697674 0.056      1.         0.0773543
 0.85433914 0.85093501 1.         1.         1.         0.14997779
 0.56585366 0.05591743 1.         0.09417204 0.76170863 0.76668077
 1.         1.         1.         0.16750069 0.52722772 0.02535252
 1.         0.         0.84931105 0.84846685 1.         1.
 1.         0.8671953  0.92740047 0.78617151]
deleted_not_scaled [1.20000000e+01 6.24835419e-01 1.76614750e+04 4.48380700e+06
 3.84000000e+03 2.16000000e+03 1.00000000e+00 2.00330000e+01
 8.31000000e-01 5.40400000e+00 1.20000000e+01 2.53841894e-01
 1.71355040e+04 4.35670200e+06 3.84000000e+03 2.16000000e+03
 1.00000000e+00 1.86840000e+01 8.19000000e-01 5.18500000e+00
 1.20000000e+01 4.62964701e-01 1.47217980e+04 3.74853800e+06
 3.84000000e+03 2.16000000e+03 1.00000000e+00 1.97220000e+01
 8.04000000e-01 2.29600000e+00 1.20000000e+01 0.00000000e+00
 1.70349920e+04 4.34392300e+06 3.84000000e+03 2.16000000e+03
 1.00000000e+00 4.22870000e+01 9.66000000e-01 7.43050000e+01
 1.83000000e+02]
deleted_idx_col 202
query_origi 470
query_idx 30
deleted_scaled [1.         0.16851943 0.80243174 0.79962071 1.         1.
 1.         0.11139913 0.11162791 0.08939896 1.         0.26336434
 0.8282807  0.8266357  1.         1.         1.         0.18676144
 0.12195122 0.09449345 1.         0.41632058 0.87320311 0.88066501
 1.         1.         1.         0.03709101 0.14851485 0.12572463
 1.         0.         0.81405003 0.81486776 1.         1.
 1.         0.14609122 0.40515222 0.02223986]
deleted_not_scaled [1.20000000e+01 7.91786966e-01 1.61136660e+04 4.09891400e+06
 3.84000000e+03 2.16000000e+03 1.00000000e+00 1.88200000e+01
 6.18000000e-01 8.62700000e+00 1.20000000e+01 8.64242835e-01
 1.66229750e+04 4.23470300e+06 3.84000000e+03 2.16000000e+03
 1.00000000e+00 1.99260000e+01 6.37000000e-01 8.76200000e+00
 1.20000000e+01 2.04669810e+00 1.68296670e+04 4.29366900e+06
 3.84000000e+03 2.16000000e+03 1.00000000e+00 1.49790000e+01
 6.51000000e-01 1.13860000e+01 1.20000000e+01 0.00000000e+00
 1.63410840e+04 4.17514700e+06 3.84000000e+03 2.16000000e+03
 1.00000000e+00 1.84610000e+01 7.43000000e-01 2.10200000e+00
 2.37000000e+02]
deleted_idx_col 30
query_origi 176
query_idx 56
deleted_scaled [1.         0.07269408 0.87858    0.87726279 1.         1.
 1.         0.18093789 0.57209302 0.03465285 1.         0.12072833
 0.7760205  0.77603414 1.         1.         1.         0.91260181
 0.93902439 0.87743459 1.         0.04007247 0.91307968 0.9227199
 1.         1.         1.         0.2788837  0.71039604 0.00535539
 1.         0.         0.81561249 0.80869106 1.         1.
 1.         0.24481705 0.68384075 0.        ]
deleted_not_scaled [1.20000000e+01 3.41552471e-01 1.76117310e+04 4.48879000e+06
 3.84000000e+03 2.16000000e+03 1.00000000e+00 2.20660000e+01
 8.16000000e-01 3.34400000e+00 1.20000000e+01 3.96175861e-01
 1.55950980e+04 3.98064900e+06 3.84000000e+03 2.16000000e+03
 1.00000000e+00 4.44340000e+01 9.72000000e-01 8.13610000e+01
 1.20000000e+01 1.97002603e-01 1.75835570e+04 4.49479700e+06
 3.84000000e+03 2.16000000e+03 1.00000000e+00 2.37730000e+01
 8.78000000e-01 4.85000000e-01 1.20000000e+01 0.00000000e+00
 1.63718320e+04 4.14412000e+06 3.84000000e+03 2.16000000e+03
 1.00000000e+00 2.17230000e+01 8.62000000e-01 0.00000000e+00
 2.76000000e+02]
deleted_idx_col 56
query_origi 932
query_idx 136
deleted_scaled [1.         0.13702574 0.73168158 0.72984487 1.         1.
 1.         0.13072259 0.54418605 0.02379275 1.         0.1752333
 0.84922882 0.84838974 1.         1.         1.         0.84901525
 0.92439024 0.80133943 1.         0.08607532 0.86664902 0.87492828
 1.         1.         1.         0.31525983 0.78712871 0.07957996
 1.         0.         0.78058984 0.78215615 1.         1.
 1.         0.75058261 0.81498829 0.77810929]
deleted_not_scaled [1.20000000e+01 6.43814147e-01 1.47217980e+04 3.74853800e+06
 3.84000000e+03 2.16000000e+03 1.00000000e+00 1.97220000e+01
 8.04000000e-01 2.29600000e+00 1.20000000e+01 5.75036547e-01
 1.70349920e+04 4.34392300e+06 3.84000000e+03 2.16000000e+03
 1.00000000e+00 4.22870000e+01 9.66000000e-01 7.43050000e+01
 1.20000000e+01 4.23159964e-01 1.67057580e+04 4.26623300e+06
 3.84000000e+03 2.16000000e+03 1.00000000e+00 2.50960000e+01
 9.09000000e-01 7.20700000e+00 1.20000000e+01 0.00000000e+00
 1.56826150e+04 4.01082900e+06 3.84000000e+03 2.16000000e+03
 1.00000000e+00 3.84340000e+01 9.18000000e-01 7.35430000e+01
 1.85000000e+02]
deleted_idx_col 136
query_origi 396
query_idx 644
deleted_scaled [1.         0.         0.84942477 0.84475686 1.         1.
 1.         0.05490692 0.4        0.01918135 1.         0.
 0.81720118 0.81394478 1.         1.         1.         0.82508515
 0.91707317 0.87264629 0.91666667 0.         0.58312113 0.58692357
 1.         1.         0.         0.21836679 0.5        0.02188532
 1.         0.         0.80826757 0.80746456 1.         1.
 1.         0.23122787 0.49180328 0.02946622]
deleted_not_scaled [1.2000000e+01 0.0000000e+00 1.7038160e+04 4.3255630e+06 3.8400000e+03
 2.1600000e+03 1.0000000e+00 1.6183000e+01 7.4200000e-01 1.8510000e+00
 1.2000000e+01 0.0000000e+00 1.6405058e+04 4.1709860e+06 3.8400000e+03
 2.1600000e+03 1.0000000e+00 4.1479000e+01 9.6300000e-01 8.0917000e+01
 1.1000000e+01 0.0000000e+00 1.1345496e+04 2.8888470e+06 3.8400000e+03
 2.1600000e+03 0.0000000e+00 2.1572000e+01 7.9300000e-01 1.9820000e+00
 1.2000000e+01 0.0000000e+00 1.6227290e+04 4.1379590e+06 3.8400000e+03
 2.1600000e+03 1.0000000e+00 2.1274000e+01 7.8000000e-01 2.7850000e+00
 1.5300000e+02]
deleted_idx_col 644
query_origi 687
query_idx 262
deleted_scaled [1.         0.1491634  0.86998452 0.8673772  1.         1.
 1.         0.14346923 0.6        0.01944041 1.         0.1145054
 0.84924265 0.84797944 1.         1.         1.         0.82185695
 0.8902439  0.90464379 1.         0.2245671  0.76697448 0.77430543
 1.         1.         1.         0.20038493 0.54207921 0.03281693
 1.         0.         0.94161449 0.94349235 1.         1.
 1.         0.1507521  0.48477752 0.02695868]
deleted_not_scaled [1.20000000e+01 7.00842850e-01 1.74426320e+04 4.43915000e+06
 3.84000000e+03 2.16000000e+03 1.00000000e+00 2.03170000e+01
 8.28000000e-01 1.87600000e+00 1.20000000e+01 3.75755016e-01
 1.70352640e+04 4.34186300e+06 3.84000000e+03 2.16000000e+03
 1.00000000e+00 4.13700000e+01 9.52000000e-01 8.38840000e+01
 1.20000000e+01 1.10400753e+00 1.48213520e+04 3.78500300e+06
 3.84000000e+03 2.16000000e+03 1.00000000e+00 2.09180000e+01
 8.10000000e-01 2.97200000e+00 1.20000000e+01 0.00000000e+00
 1.88514480e+04 4.82125800e+06 3.84000000e+03 2.16000000e+03
 1.00000000e+00 1.86150000e+01 7.77000000e-01 2.54800000e+00
 2.15000000e+02]
deleted_idx_col 262
query_origi 202
query_idx 540
deleted_scaled [1.         0.         0.84942477 0.84475686 1.         1.
 1.         0.05490692 0.4        0.01918135 1.         0.
 0.81720118 0.81394478 1.         1.         1.         0.82508515
 0.91707317 0.87264629 1.         0.         0.83879974 0.84427682
 1.         1.         1.         0.21817432 0.4950495  0.02219449
 1.         0.         0.80826757 0.80746456 1.         1.
 1.         0.23122787 0.49180328 0.02946622]
deleted_not_scaled [1.2000000e+01 0.0000000e+00 1.7038160e+04 4.3255630e+06 3.8400000e+03
 2.1600000e+03 1.0000000e+00 1.6183000e+01 7.4200000e-01 1.8510000e+00
 1.2000000e+01 0.0000000e+00 1.6405058e+04 4.1709860e+06 3.8400000e+03
 2.1600000e+03 1.0000000e+00 4.1479000e+01 9.6300000e-01 8.0917000e+01
 1.2000000e+01 0.0000000e+00 1.6179251e+04 4.1196420e+06 3.8400000e+03
 2.1600000e+03 1.0000000e+00 2.1565000e+01 7.9100000e-01 2.0100000e+00
 1.2000000e+01 0.0000000e+00 1.6227290e+04 4.1379590e+06 3.8400000e+03
 2.1600000e+03 1.0000000e+00 2.1274000e+01 7.8000000e-01 2.7850000e+00
 1.5300000e+02]
deleted_idx_col 540
query_origi 401
query_idx 568
deleted_scaled [1.         0.01799873 0.76627447 0.7670375  1.         1.
 1.         0.26315902 0.65813953 0.17045596 1.         0.02673168
 0.8332758  0.82579238 1.         1.         1.         0.76602991
 0.92926829 0.75338093 1.         0.         0.93604553 0.93745024
 1.         1.         1.         0.38487765 0.68564356 0.14566655
 1.         0.         0.84375868 0.83870819 1.         1.
 1.         0.381072   0.65807963 0.05425594]
deleted_not_scaled [1.20000000e+01 8.45668415e-02 1.54023440e+04 3.93529900e+06
 3.84000000e+03 2.16000000e+03 1.00000000e+00 2.59040000e+01
 8.53000000e-01 1.64490000e+01 1.20000000e+01 8.77212915e-02
 1.67212210e+04 4.23046900e+06 3.84000000e+03 2.16000000e+03
 1.00000000e+00 3.94850000e+01 9.68000000e-01 6.98580000e+01
 1.20000000e+01 0.00000000e+00 1.80177400e+04 4.56524500e+06
 3.84000000e+03 2.16000000e+03 1.00000000e+00 2.76280000e+01
 8.68000000e-01 1.31920000e+01 1.20000000e+01 0.00000000e+00
 1.69257260e+04 4.29490300e+06 3.84000000e+03 2.16000000e+03
 1.00000000e+00 2.62250000e+01 8.51000000e-01 5.12800000e+00
 6.70000000e+01]
deleted_idx_col 568
query_origi 543
query_idx 116
deleted_scaled [1.         0.3412623  0.82737546 0.82654599 1.         1.
 1.         0.11292016 0.53953488 0.06082902 1.         0.34004739
 0.88467691 0.88512543 1.         1.         1.         0.07344884
 0.45121951 0.00162845 1.         0.24262021 0.85413621 0.8635878
 1.         1.         1.         0.6074512  0.92821782 0.49091792
 1.         0.         0.85404407 0.84722801 1.         1.
 1.         0.58624134 0.90398126 0.40483521]
deleted_not_scaled [1.20000000e+01 1.60341772e+00 1.66043840e+04 4.23411800e+06
 3.84000000e+03 2.16000000e+03 1.00000000e+00 1.88910000e+01
 8.02000000e-01 5.87000000e+00 1.20000000e+01 1.11588198e+00
 1.77322010e+04 4.52836100e+06 3.84000000e+03 2.16000000e+03
 1.00000000e+00 1.61000000e+01 7.72000000e-01 1.51000000e-01
 1.20000000e+01 1.19275950e+00 1.64691960e+04 4.21199700e+06
 3.84000000e+03 2.16000000e+03 1.00000000e+00 3.57230000e+01
 9.66000000e-01 4.44590000e+01 1.20000000e+01 0.00000000e+00
 1.71281340e+04 4.33770000e+06 3.84000000e+03 2.16000000e+03
 1.00000000e+00 3.30040000e+01 9.56000000e-01 3.82630000e+01
 2.80000000e+01]
deleted_idx_col 116
query_origi 70
query_idx 153
deleted_scaled [1.         0.17798595 0.81640739 0.81110085 1.         1.
 1.         0.05411427 0.43023256 0.0192228  1.         0.46596187
 0.83073142 0.82659108 1.         1.         1.         0.79318821
 0.87804878 0.96556521 1.         0.25633486 0.91806408 0.92313621
 1.         1.         1.         0.16032444 0.69554455 0.1110056
 1.         0.         0.81001027 0.80839623 1.         1.
 1.         0.22417602 0.69789227 0.00896154]
deleted_not_scaled [1.20000000e+01 8.36265331e-01 1.63886090e+04 4.15656100e+06
 3.84000000e+03 2.16000000e+03 1.00000000e+00 1.61460000e+01
 7.55000000e-01 1.85500000e+00 1.20000000e+01 1.52907642e+00
 1.66711770e+04 4.23447900e+06 3.84000000e+03 2.16000000e+03
 1.00000000e+00 4.04020000e+01 9.47000000e-01 8.95330000e+01
 1.20000000e+01 1.26018286e+00 1.76777900e+04 4.49678800e+06
 3.84000000e+03 2.16000000e+03 1.00000000e+00 1.94610000e+01
 8.72000000e-01 1.00530000e+01 1.20000000e+01 0.00000000e+00
 1.62615850e+04 4.14263900e+06 3.84000000e+03 2.16000000e+03
 1.00000000e+00 2.10410000e+01 8.68000000e-01 8.47000000e-01
 2.20000000e+02]
deleted_idx_col 153
query_origi 10
query_idx 25
deleted_scaled [0.         0.31220851 0.00177802 0.00159934 0.         0.
 0.         0.74395338 0.99302326 0.67647668 0.         0.44810769
 0.00178519 0.00170873 0.         0.         0.         0.53955279
 0.98780488 0.15846688 0.         0.29684603 0.00241627 0.00234814
 0.         0.         0.         0.63717349 0.98762376 0.40337665
 0.         0.         0.00223399 0.00217609 0.         0.
 0.         0.58739142 0.97189696 0.1361477 ]
deleted_not_scaled [0.00000000e+00 1.46690878e+00 3.62403000e+02 9.16880000e+04
 3.20000000e+02 1.80000000e+02 0.00000000e+00 4.83470000e+01
 9.97000000e-01 6.52800000e+01 0.00000000e+00 1.47048706e+00
 3.67092000e+02 9.30120000e+04 3.20000000e+02 1.80000000e+02
 0.00000000e+00 3.18380000e+01 9.92000000e-01 1.46940000e+01
 0.00000000e+00 1.45934220e+00 3.66928000e+02 9.31080000e+04
 3.20000000e+02 1.80000000e+02 0.00000000e+00 3.68040000e+01
 9.90000000e-01 3.65310000e+01 0.00000000e+00 0.00000000e+00
 3.65210000e+02 9.28090000e+04 3.20000000e+02 1.80000000e+02
 0.00000000e+00 3.30420000e+01 9.85000000e-01 1.28680000e+01
 0.00000000e+00]
deleted_idx_col 25
query_origi 853
query_idx 638
deleted_scaled [0.         0.         0.00177802 0.00159934 0.         0.
 0.         0.74395338 0.99302326 0.67647668 0.08333333 0.
 0.00881    0.0086815  0.01818182 0.01818182 0.         0.58394788
 0.99268293 0.16319048 0.25       0.         0.02925595 0.02927081
 0.05454545 0.05454545 0.         0.69477591 0.99009901 0.52422071
 0.33333333 0.         0.04297882 0.04274042 0.09090909 0.09090909
 0.         0.67858116 0.98594848 0.51712427]
deleted_not_scaled [0.000000e+00 0.000000e+00 3.624030e+02 9.168800e+04 3.200000e+02
 1.800000e+02 0.000000e+00 4.834700e+01 9.970000e-01 6.528000e+01
 1.000000e+00 0.000000e+00 5.052590e+02 1.280200e+05 3.840000e+02
 2.160000e+02 0.000000e+00 3.333700e+01 9.940000e-01 1.513200e+01
 3.000000e+00 0.000000e+00 8.743480e+02 2.218660e+05 5.120000e+02
 2.880000e+02 0.000000e+00 3.889900e+01 9.910000e-01 4.747500e+01
 4.000000e+00 0.000000e+00 1.167035e+03 2.965730e+05 6.400000e+02
 3.600000e+02 0.000000e+00 3.605500e+01 9.910000e-01 4.887600e+01
 0.000000e+00]
deleted_idx_col 638
query_origi 354
query_idx 126
deleted_scaled [0.25       0.47445009 0.02792583 0.02756075 0.05454545 0.05454545
 0.         0.4191178  0.90232558 0.45438342 0.25       0.51816528
 0.0277933  0.027568   0.05454545 0.05454545 0.         0.48873093
 0.81219512 0.20646852 0.08333333 0.20352387 0.00964366 0.00962423
 0.01818182 0.01818182 0.         0.5183118  0.99009901 0.00888884
 0.         0.         0.00439454 0.0043474  0.         0.
 0.         0.58605974 0.8852459  0.01143734]
deleted_not_scaled [3.00000000e+00 2.22919928e+00 8.76809000e+02 2.22052000e+05
 5.12000000e+02 2.88000000e+02 0.00000000e+00 3.31840000e+01
 9.58000000e-01 4.38480000e+01 3.00000000e+00 1.70038445e+00
 8.78631000e+02 2.22843000e+05 5.12000000e+02 2.88000000e+02
 0.00000000e+00 3.01220000e+01 9.20000000e-01 1.91450000e+01
 1.00000000e+00 1.00055567e+00 5.03566000e+02 1.27906000e+05
 3.84000000e+02 2.16000000e+02 0.00000000e+00 3.24810000e+01
 9.91000000e-01 8.05000000e-01 0.00000000e+00 0.00000000e+00
 4.07728000e+02 1.03716000e+05 3.20000000e+02 1.80000000e+02
 0.00000000e+00 3.29980000e+01 9.48000000e-01 1.08100000e+00
 3.10000000e+01]
deleted_idx_col 126
query_origi 890
query_idx 231
deleted_scaled [0.25       0.43971241 0.02801845 0.02771828 0.05454545 0.05454545
 0.         0.35352086 0.81395349 0.19839378 0.16666667 0.41725044
 0.01798317 0.0178721  0.05454545 0.05454545 0.         0.55812232
 0.98780488 0.25737118 0.08333333 0.         0.0130171  0.0130559
 0.01818182 0.01818182 0.         0.54646687 0.88366337 0.07623422
 0.         0.         0.         0.         0.         0.
 0.         0.43055598 0.73067916 0.        ]
deleted_not_scaled [3.00000000e+00 2.06598463e+00 8.78631000e+02 2.22843000e+05
 5.12000000e+02 2.88000000e+02 0.00000000e+00 3.01220000e+01
 9.20000000e-01 1.91450000e+01 2.00000000e+00 1.36922750e+00
 6.85681000e+02 1.74163000e+05 5.12000000e+02 2.88000000e+02
 0.00000000e+00 3.24650000e+01 9.92000000e-01 2.38650000e+01
 1.00000000e+00 0.00000000e+00 5.67343000e+02 1.44318000e+05
 3.84000000e+02 2.16000000e+02 0.00000000e+00 3.35050000e+01
 9.48000000e-01 6.90400000e+00 0.00000000e+00 0.00000000e+00
 3.21247000e+02 8.18780000e+04 3.20000000e+02 1.80000000e+02
 0.00000000e+00 2.78600000e+01 8.82000000e-01 0.00000000e+00
 3.20000000e+01]
deleted_idx_col 231
query_origi 336
query_idx 888
deleted_scaled [0.         0.         0.00120088 0.00121081 0.         0.
 0.         0.05961996 0.60930233 0.         0.         0.
 0.00199441 0.00189795 0.         0.         0.         0.42360432
 0.86585366 0.08997476 0.         0.         0.0021007  0.00201275
 0.         0.         0.         0.34033544 0.62376238 0.02143259
 0.         0.         0.00227067 0.0021944  0.         0.
 0.         0.36687752 0.5971897  0.        ]
deleted_not_scaled [0.00000e+00 0.00000e+00 3.51049e+02 8.97370e+04 3.20000e+02 1.80000e+02
 0.00000e+00 1.64030e+01 8.32000e-01 0.00000e+00 0.00000e+00 0.00000e+00
 3.71207e+02 9.39620e+04 3.20000e+02 1.80000e+02 0.00000e+00 2.79230e+01
 9.42000e-01 8.34300e+00 0.00000e+00 0.00000e+00 3.60962e+02 9.15040e+04
 3.20000e+02 1.80000e+02 0.00000e+00 2.60080e+01 8.43000e-01 1.94100e+00
 0.00000e+00 0.00000e+00 3.65932e+02 9.29010e+04 3.20000e+02 1.80000e+02
 0.00000e+00 2.57560e+01 8.25000e-01 0.00000e+00 7.00000e+00]
deleted_idx_col 888
query_origi 69
query_idx 114
deleted_scaled [0.33333333 0.61916709 0.04142316 0.04152126 0.09090909 0.09090909
 0.         0.42085306 0.78139535 0.61329534 0.33333333 0.43206846
 0.04270902 0.04230028 0.09090909 0.09090909 0.         0.14941507
 0.43414634 0.24284451 0.25       0.         0.02932112 0.02931326
 0.05454545 0.05454545 0.         0.71176794 0.92574257 0.63295165
 0.16666667 0.         0.01856338 0.01841604 0.05454545 0.05454545
 0.         0.26521594 0.75644028 0.19231868]
deleted_not_scaled [4.00000000e+00 2.90915077e+00 1.14234200e+03 2.92154000e+05
 6.40000000e+02 3.60000000e+02 0.00000000e+00 3.32650000e+01
 9.06000000e-01 5.91830000e+01 4.00000000e+00 1.41785357e+00
 1.17200000e+03 2.96809000e+05 6.40000000e+02 3.60000000e+02
 0.00000000e+00 1.86650000e+01 7.65000000e-01 2.25180000e+01
 3.00000000e+00 0.00000000e+00 8.75580000e+02 2.22069000e+05
 5.12000000e+02 2.88000000e+02 0.00000000e+00 3.95170000e+01
 9.65000000e-01 5.73220000e+01 2.00000000e+00 0.00000000e+00
 6.86559000e+02 1.74386000e+05 5.12000000e+02 2.88000000e+02
 0.00000000e+00 2.23970000e+01 8.93000000e-01 1.81770000e+01
 1.88000000e+02]
deleted_idx_col 114
query_origi 756
query_idx 902
deleted_scaled [0.25       1.         0.02684959 0.02649293 0.05454545 0.05454545
 0.         0.20523147 0.69069767 0.16088083 0.41666667 0.01066216
 0.08492897 0.08433645 0.18181818 0.17171717 0.         0.29326225
 0.64634146 0.13069689 0.         0.04051533 0.00115997 0.0011059
 0.         0.         0.         0.36651086 0.7450495  0.
 0.         0.         0.0024936  0.002453   0.         0.
 0.         0.44254109 0.78688525 0.        ]
deleted_not_scaled [3.00000000e+00 4.69849063e+00 8.55636000e+02 2.16690000e+05
 5.12000000e+02 2.88000000e+02 0.00000000e+00 2.32000000e+01
 8.67000000e-01 1.55250000e+01 5.00000000e+00 3.49883843e-02
 2.00240100e+03 5.07859000e+05 9.60000000e+02 5.20000000e+02
 0.00000000e+00 2.35220000e+01 8.52000000e-01 1.21190000e+01
 0.00000000e+00 1.99179802e-01 3.43177000e+02 8.71670000e+04
 3.20000000e+02 1.80000000e+02 0.00000000e+00 2.69600000e+01
 8.92000000e-01 0.00000000e+00 0.00000000e+00 0.00000000e+00
 3.70319000e+02 9.42000000e+04 3.20000000e+02 1.80000000e+02
 0.00000000e+00 2.82560000e+01 9.06000000e-01 0.00000000e+00
 4.60000000e+01]
deleted_idx_col 902
query_origi 618
query_idx 292
deleted_scaled [0.         0.48857555 0.0019969  0.00195322 0.         0.
 0.         0.13999871 0.39069767 0.         0.         0.
 0.00163694 0.00169758 0.         0.         0.         0.41572634
 0.46585366 0.         0.         0.         0.00385785 0.00394876
 0.         0.         0.         0.29326368 0.3960396  0.
 0.         0.         0.00149823 0.00137382 0.         0.
 0.         0.10402228 0.26697892 0.09237687]
deleted_not_scaled [0.00000000e+00 2.29556766e+00 3.66709000e+02 9.34650000e+04
 3.20000000e+02 1.80000000e+02 0.00000000e+00 2.01550000e+01
 7.38000000e-01 0.00000000e+00 0.00000000e+00 0.00000000e+00
 3.64176000e+02 9.29560000e+04 3.20000000e+02 1.80000000e+02
 0.00000000e+00 2.76570000e+01 7.78000000e-01 0.00000000e+00
 0.00000000e+00 0.00000000e+00 3.94182000e+02 1.00763000e+05
 3.20000000e+02 1.80000000e+02 0.00000000e+00 2.42960000e+01
 7.51000000e-01 0.00000000e+00 0.00000000e+00 0.00000000e+00
 3.50731000e+02 8.87790000e+04 3.20000000e+02 1.80000000e+02
 0.00000000e+00 1.70710000e+01 6.84000000e-01 8.73100000e+00
 2.00000000e+01]
deleted_idx_col 292
query_origi 415
query_idx 95
deleted_scaled [0.         0.         0.00191608 0.001818   0.         0.
 0.         0.1440048  0.30465116 0.00134715 0.         0.
 0.00163836 0.0016446  0.         0.         0.         0.26805864
 0.43658537 0.         0.         0.32644886 0.00241278 0.00243094
 0.         0.         0.         0.41644212 0.59158416 0.00522288
 0.         0.         0.00210537 0.00212931 0.         0.
 0.         0.15259829 0.34192037 0.02569962]
deleted_not_scaled [0.00000000e+00 0.00000000e+00 3.65119000e+02 9.27860000e+04
 3.20000000e+02 1.80000000e+02 0.00000000e+00 2.03420000e+01
 7.01000000e-01 1.30000000e-01 0.00000000e+00 0.00000000e+00
 3.64204000e+02 9.26900000e+04 3.20000000e+02 1.80000000e+02
 0.00000000e+00 2.26710000e+01 7.66000000e-01 0.00000000e+00
 0.00000000e+00 1.60487443e+00 3.66862000e+02 9.35040000e+04
 3.20000000e+02 1.80000000e+02 0.00000000e+00 2.87760000e+01
 8.30000000e-01 4.73000000e-01 0.00000000e+00 0.00000000e+00
 3.62679000e+02 9.25740000e+04 3.20000000e+02 1.80000000e+02
 0.00000000e+00 1.86760000e+01 7.16000000e-01 2.42900000e+00
 1.31000000e+02]
deleted_idx_col 95
query_origi 19
query_idx 121
deleted_scaled [0.         0.93935601 0.00258161 0.00250884 0.         0.
 0.         0.38220613 0.61627907 0.31065285 0.         0.
 0.00192847 0.00196149 0.         0.         0.         0.16173552
 0.48536585 0.00556478 0.         0.         0.00207468 0.00211855
 0.         0.         0.         0.03579874 0.47277228 0.
 0.         0.         0.00151439 0.00156453 0.         0.
 0.         0.08380497 0.61358314 0.        ]
deleted_not_scaled [0.00000000e+00 4.41355541e+00 3.78212000e+02 9.62550000e+04
 3.20000000e+02 1.80000000e+02 0.00000000e+00 3.14610000e+01
 8.35000000e-01 2.99780000e+01 0.00000000e+00 0.00000000e+00
 3.69910000e+02 9.42810000e+04 3.20000000e+02 1.80000000e+02
 0.00000000e+00 1.90810000e+01 7.86000000e-01 5.16000000e-01
 0.00000000e+00 0.00000000e+00 3.60470000e+02 9.20100000e+04
 3.20000000e+02 1.80000000e+02 0.00000000e+00 1.49320000e+01
 7.82000000e-01 0.00000000e+00 0.00000000e+00 0.00000000e+00
 3.51049000e+02 8.97370000e+04 3.20000000e+02 1.80000000e+02
 0.00000000e+00 1.64030000e+01 8.32000000e-01 0.00000000e+00
 4.00000000e+00]
deleted_idx_col 121
query_origi 537
query_idx 944
deleted_scaled [0.16666667 0.29291734 0.01814822 0.01809815 0.05454545 0.05454545
 0.         0.0458236  0.21395349 0.38260104 0.         0.02880283
 0.0016405  0.00171929 0.         0.         0.         0.49844514
 0.71219512 0.01890516 0.         0.         0.00227737 0.00237072
 0.         0.         0.         0.10266703 0.17326733 0.02467895
 0.         0.         0.00345787 0.00332674 0.         0.
 0.         0.09267274 0.30913349 0.0255515 ]
deleted_not_scaled [2.00000000e+00 1.37626936e+00 6.84454000e+02 1.74536000e+05
 5.12000000e+02 2.88000000e+02 0.00000000e+00 1.57590000e+01
 6.62000000e-01 3.69210000e+01 0.00000000e+00 9.45178814e-02
 3.64246000e+02 9.30650000e+04 3.20000000e+02 1.80000000e+02
 0.00000000e+00 3.04500000e+01 8.79000000e-01 1.75300000e+00
 0.00000000e+00 0.00000000e+00 3.64302000e+02 9.32160000e+04
 3.20000000e+02 1.80000000e+02 0.00000000e+00 1.73640000e+01
 6.61000000e-01 2.23500000e+00 0.00000000e+00 0.00000000e+00
 3.89295000e+02 9.85890000e+04 3.20000000e+02 1.80000000e+02
 0.00000000e+00 1.66960000e+01 7.02000000e-01 2.41500000e+00
 1.41000000e+02]
deleted_idx_col 944
query_origi 205
query_idx 164
deleted_scaled [0.00000000e+00 9.92986457e-01 1.94459382e-03 1.86460012e-03
 0.00000000e+00 0.00000000e+00 0.00000000e+00 1.26309475e-01
 7.18604651e-01 7.70984456e-03 0.00000000e+00 0.00000000e+00
 1.72235256e-03 1.74657755e-03 0.00000000e+00 0.00000000e+00
 0.00000000e+00 2.22538131e-01 7.09756098e-01 5.50007549e-04
 0.00000000e+00 0.00000000e+00 2.27371904e-03 2.30987397e-03
 0.00000000e+00 0.00000000e+00 0.00000000e+00 1.73137201e-01
 6.58415842e-01 0.00000000e+00 0.00000000e+00 0.00000000e+00
 2.30492327e-03 2.34709493e-03 0.00000000e+00 0.00000000e+00
 0.00000000e+00 9.71520232e-02 5.73770492e-01 1.89387928e-03]
deleted_not_scaled [0.00000000e+00 4.66553756e+00 3.65680000e+02 9.30200000e+04
 3.20000000e+02 1.80000000e+02 0.00000000e+00 1.95160000e+01
 8.79000000e-01 7.44000000e-01 0.00000000e+00 0.00000000e+00
 3.65856000e+02 9.32020000e+04 3.20000000e+02 1.80000000e+02
 0.00000000e+00 2.11340000e+01 8.78000000e-01 5.10000000e-02
 0.00000000e+00 0.00000000e+00 3.64233000e+02 9.29250000e+04
 3.20000000e+02 1.80000000e+02 0.00000000e+00 1.99270000e+01
 8.57000000e-01 0.00000000e+00 0.00000000e+00 0.00000000e+00
 3.66606000e+02 9.36680000e+04 3.20000000e+02 1.80000000e+02
 0.00000000e+00 1.68440000e+01 8.15000000e-01 1.79000000e-01
 2.22000000e+02]
deleted_idx_col 164
query_origi 255
query_idx 343
deleted_scaled [0.33333333 0.         0.04299527 0.04248313 0.09090909 0.09090909
 0.         0.02493627 0.26976744 0.47050777 0.33333333 0.
 0.04266407 0.04231402 0.09090909 0.09090909 0.         0.1510736
 0.40487805 0.58846494 0.33333333 0.         0.04480849 0.04490193
 0.09090909 0.09090909 0.         0.10104482 0.36633663 0.54751941
 0.33333333 0.         0.04301343 0.04280392 0.09090909 0.09090909
 0.         0.0595321  0.264637   0.54753214]
deleted_not_scaled [4.000000e+00 0.000000e+00 1.173270e+03 2.969840e+05 6.400000e+02
 3.600000e+02 0.000000e+00 1.478400e+01 6.860000e-01 4.540400e+01
 4.000000e+00 0.000000e+00 1.171116e+03 2.968780e+05 6.400000e+02
 3.600000e+02 0.000000e+00 1.872100e+01 7.530000e-01 5.456600e+01
 4.000000e+00 0.000000e+00 1.168378e+03 2.966220e+05 6.400000e+02
 3.600000e+02 0.000000e+00 1.730500e+01 7.390000e-01 4.958500e+01
 4.000000e+00 0.000000e+00 1.167716e+03 2.968920e+05 6.400000e+02
 3.600000e+02 0.000000e+00 1.560100e+01 6.830000e-01 5.175000e+01
 1.360000e+02]
deleted_idx_col 343
query_origi 606
query_idx 927
deleted_scaled [0.5        0.         0.10943561 0.10855665 0.27272727 0.27272727
 0.         0.02635018 0.39767442 0.31365803 0.41666667 0.
 0.07057009 0.07019832 0.18181818 0.17171717 0.         0.10460536
 0.29512195 0.28174406 0.41666667 0.         0.08108438 0.08150173
 0.18181818 0.17171717 0.         0.30296948 0.48267327 0.38032088
 0.41666667 0.         0.07772992 0.0775678  0.18181818 0.17171717
 0.         0.1938198  0.26932084 0.30303126]
deleted_not_scaled [6.000000e+00 0.000000e+00 2.480351e+03 6.287690e+05 1.280000e+03
 7.200000e+02 0.000000e+00 1.485000e+01 7.410000e-01 3.026800e+01
 5.000000e+00 0.000000e+00 1.719984e+03 4.368760e+05 9.600000e+02
 5.200000e+02 0.000000e+00 1.715200e+01 7.080000e-01 2.612500e+01
 5.000000e+00 0.000000e+00 1.854195e+03 4.716610e+05 9.600000e+02
 5.200000e+02 0.000000e+00 2.464900e+01 7.860000e-01 3.444300e+01
 5.000000e+00 0.000000e+00 1.850908e+03 4.715190e+05 9.600000e+02
 5.200000e+02 0.000000e+00 2.003800e+01 6.850000e-01 2.864100e+01
 1.070000e+02]
deleted_idx_col 927
query_origi 71
query_idx 552
deleted_scaled [0.08333333 0.         0.00895872 0.00884226 0.01818182 0.01818182
 0.         0.04344566 0.27906977 0.1339171  0.08333333 0.
 0.0086655  0.00866318 0.01818182 0.01818182 0.         0.04865985
 0.2        0.08227466 0.         0.         0.00243251 0.00246042
 0.         0.         0.         0.05815232 0.19306931 0.06403277
 0.08333333 0.         0.00914779 0.00919647 0.01818182 0.01818182
 0.         0.55043734 0.75644028 0.09852404]
deleted_not_scaled [1.00000e+00 0.00000e+00 5.03669e+02 1.28058e+05 3.84000e+02 2.16000e+02
 0.00000e+00 1.56480e+01 6.90000e-01 1.29230e+01 1.00000e+00 0.00000e+00
 5.02417e+02 1.27928e+05 3.84000e+02 2.16000e+02 0.00000e+00 1.52630e+01
 6.69000e-01 7.62900e+00 0.00000e+00 0.00000e+00 3.67235e+02 9.36450e+04
 3.20000e+02 1.80000e+02 0.00000e+00 1.57450e+01 6.69000e-01 5.79900e+00
 1.00000e+00 0.00000e+00 5.01268e+02 1.28074e+05 3.84000e+02 2.16000e+02
 0.00000e+00 3.18210e+01 8.93000e-01 9.31200e+00 1.39000e+02]
deleted_idx_col 552
query_origi 311
query_idx 127
deleted_scaled [0.         0.34796198 0.00143288 0.00127493 0.         0.
 0.         0.16684162 0.45581395 0.00279793 0.5        0.
 0.1077172  0.10697822 0.27272727 0.27272727 0.         0.31473419
 0.41707317 0.39844272 0.         0.         0.0022697  0.00222017
 0.         0.         0.         0.24011548 0.37623762 0.
 0.         0.         0.00219476 0.00215519 0.         0.
 0.         0.29539058 0.39812646 0.        ]
deleted_not_scaled [0.0000000e+00 1.6348961e+00 3.5561300e+02 9.0059000e+04 3.2000000e+02
 1.8000000e+02 0.0000000e+00 2.1408000e+01 7.6600000e-01 2.7000000e-01
 6.0000000e+00 0.0000000e+00 2.4506100e+03 6.2153600e+05 1.2800000e+03
 7.2000000e+02 0.0000000e+00 2.4247000e+01 7.5800000e-01 3.6946000e+01
 0.0000000e+00 0.0000000e+00 3.6415700e+02 9.2496000e+04 3.2000000e+02
 1.8000000e+02 0.0000000e+00 2.2363000e+01 7.4300000e-01 0.0000000e+00
 0.0000000e+00 0.0000000e+00 3.6443800e+02 9.2704000e+04 3.2000000e+02
 1.8000000e+02 0.0000000e+00 2.3394000e+01 7.4000000e-01 0.0000000e+00
 2.8700000e+02]
deleted_idx_col 127
query_origi 526
query_idx 933
deleted_scaled [0.00000000e+00 0.00000000e+00 4.99517028e-04 4.58034847e-04
 0.00000000e+00 0.00000000e+00 0.00000000e+00 2.10372973e-01
 3.23255814e-01 0.00000000e+00 5.00000000e-01 0.00000000e+00
 1.18064583e-01 1.18118158e-01 2.72727273e-01 2.72727273e-01
 0.00000000e+00 2.87783207e-01 6.87804878e-01 6.07413239e-01
 1.66666667e-01 0.00000000e+00 1.63246955e-02 1.65465345e-02
 5.45454545e-02 5.45454545e-02 0.00000000e+00 1.36678581e-01
 6.60891089e-01 3.35324581e-01 5.00000000e-01 0.00000000e+00
 1.11223588e-01 1.10183067e-01 2.72727273e-01 2.72727273e-01
 0.00000000e+00 0.00000000e+00 4.23887588e-01 5.53774533e-01]
deleted_not_scaled [0.000000e+00 0.000000e+00 3.372510e+02 8.595700e+04 3.200000e+02
 1.800000e+02 0.000000e+00 2.344000e+01 7.090000e-01 0.000000e+00
 6.000000e+00 0.000000e+00 2.654127e+03 6.774660e+05 1.280000e+03
 7.200000e+02 0.000000e+00 2.333700e+01 8.690000e-01 5.632300e+01
 2.000000e+00 0.000000e+00 6.298750e+02 1.610120e+05 5.120000e+02
 2.880000e+02 0.000000e+00 1.860100e+01 8.580000e-01 3.036800e+01
 6.000000e+00 0.000000e+00 2.510036e+03 6.353530e+05 1.280000e+03
 7.200000e+02 0.000000e+00 1.363400e+01 7.510000e-01 5.234000e+01
 2.310000e+02]
deleted_idx_col 933
query_origi 614
query_idx 382
deleted_scaled [0.16666667 0.         0.01990799 0.01987413 0.05454545 0.05454545
 0.         0.42595171 0.69069767 0.42673575 0.08333333 0.
 0.008104   0.00818874 0.01818182 0.01818182 0.         0.36768843
 0.48536585 0.         0.         0.         0.00336329 0.0034691
 0.         0.         0.         0.21564476 0.38613861 0.00673564
 0.         0.         0.00154224 0.00143493 0.         0.
 0.         0.0815048  0.38173302 0.00941649]
deleted_not_scaled [2.00000e+00 0.00000e+00 7.19074e+02 1.83454e+05 5.12000e+02 2.88000e+02
 0.00000e+00 3.35030e+01 8.67000e-01 4.11800e+01 1.00000e+00 0.00000e+00
 4.91373e+02 1.25546e+05 3.84000e+02 2.16000e+02 0.00000e+00 2.60350e+01
 7.86000e-01 0.00000e+00 0.00000e+00 0.00000e+00 3.84832e+02 9.84690e+04
 3.20000e+02 1.80000e+02 0.00000e+00 2.14730e+01 7.47000e-01 6.10000e-01
 0.00000e+00 0.00000e+00 3.51597e+02 8.90860e+04 3.20000e+02 1.80000e+02
 0.00000e+00 1.63270e+01 7.33000e-01 8.90000e-01 1.26000e+02]
deleted_idx_col 382
query_origi 657
query_idx 461
deleted_scaled [0.58333333 0.         0.15259119 0.15257738 0.27272727 0.27272727
 0.         0.20985882 0.7        0.58972021 0.5        0.
 0.09802355 0.09824713 0.27272727 0.27272727 0.         0.14597956
 0.64634146 0.34469297 0.58333333 0.         0.15182605 0.15180265
 0.27272727 0.27272727 0.         0.         0.39108911 0.57683601
 0.58333333 0.         0.15423458 0.15308553 0.27272727 0.27272727
 0.         0.01894616 0.42388759 0.64567529]
deleted_not_scaled [7.000000e+00 0.000000e+00 3.329351e+03 8.498170e+05 1.280000e+03
 7.200000e+02 0.000000e+00 2.341600e+01 8.710000e-01 5.690800e+01
 6.000000e+00 0.000000e+00 2.259951e+03 5.777000e+05 1.280000e+03
 7.200000e+02 0.000000e+00 1.854900e+01 8.520000e-01 3.196200e+01
 7.000000e+00 0.000000e+00 3.191608e+03 8.078760e+05 1.280000e+03
 7.200000e+02 0.000000e+00 1.363000e+01 7.490000e-01 5.224000e+01
 7.000000e+00 0.000000e+00 3.356457e+03 8.508620e+05 1.280000e+03
 7.200000e+02 0.000000e+00 1.426000e+01 7.510000e-01 6.102600e+01
 2.320000e+02]
deleted_idx_col 461
query_origi 206
query_idx 215
deleted_scaled [0.         0.26687991 0.00185371 0.00184648 0.         0.
 0.         0.05499261 0.51162791 0.         0.         0.38049263
 0.00169795 0.00179498 0.         0.         0.         0.62093884
 0.9097561  0.10690637 0.         0.25961798 0.00249302 0.00238661
 0.         0.         0.         0.53112455 0.90346535 0.12577984
 0.         0.         0.00252678 0.00243071 0.         0.
 0.         0.50609848 0.81967213 0.08730889]
deleted_not_scaled [0.00000000e+00 1.25393275e+00 3.63892000e+02 9.29290000e+04
 3.20000000e+02 1.80000000e+02 0.00000000e+00 1.61870000e+01
 7.90000000e-01 0.00000000e+00 0.00000000e+00 1.24860500e+00
 3.65376000e+02 9.34450000e+04 3.20000000e+02 1.80000000e+02
 0.00000000e+00 3.45860000e+01 9.60000000e-01 9.91300000e+00
 0.00000000e+00 1.27632323e+00 3.68379000e+02 9.32920000e+04
 3.20000000e+02 1.80000000e+02 0.00000000e+00 3.29470000e+01
 9.56000000e-01 1.13910000e+01 0.00000000e+00 0.00000000e+00
 3.70972000e+02 9.40880000e+04 3.20000000e+02 1.80000000e+02
 0.00000000e+00 3.03560000e+01 9.20000000e-01 8.25200000e+00
 2.90000000e+01]
deleted_idx_col 215
query_origi 123
query_idx 909
deleted_scaled [0.         0.         0.00177802 0.00159934 0.         0.
 0.         0.74395338 0.99302326 0.67647668 0.41666667 0.
 0.07778687 0.07714758 0.18181818 0.17171717 0.         0.70451651
 0.99756098 0.84936264 0.58333333 0.         0.14651206 0.14688933
 0.27272727 0.27272727 0.         1.         1.         0.7411084
 0.58333333 0.         0.14046088 0.13979051 0.27272727 0.27272727
 0.         0.93323447 1.         0.86506904]
deleted_not_scaled [0.000000e+00 0.000000e+00 3.624030e+02 9.168800e+04 3.200000e+02
 1.800000e+02 0.000000e+00 4.834700e+01 9.970000e-01 6.528000e+01
 5.000000e+00 0.000000e+00 1.861927e+03 4.717660e+05 9.600000e+02
 5.200000e+02 0.000000e+00 3.740800e+01 9.960000e-01 7.875800e+01
 7.000000e+00 0.000000e+00 3.091144e+03 7.843780e+05 1.280000e+03
 7.200000e+02 0.000000e+00 5.000000e+01 9.950000e-01 6.711700e+01
 7.000000e+00 0.000000e+00 3.085402e+03 7.840780e+05 1.280000e+03
 7.200000e+02 0.000000e+00 4.446900e+01 9.970000e-01 8.176200e+01
 0.000000e+00]
deleted_idx_col 909
query_origi 358
query_idx 692
deleted_scaled [0.41666667 0.         0.07404609 0.07389775 0.18181818 0.17171717
 0.         0.09644594 0.50232558 0.         0.33333333 0.
 0.04165947 0.04171769 0.09090909 0.09090909 0.         0.08405153
 0.25121951 0.19734487 0.5        0.         0.11192325 0.11314911
 0.27272727 0.27272727 0.         0.16750069 0.2549505  0.29181895
 0.         0.         0.00239202 0.0022601  0.         0.
 0.         0.12163675 0.51288056 0.        ]
deleted_not_scaled [5.000000e+00 0.000000e+00 1.784133e+03 4.547310e+05 9.600000e+02
 5.200000e+02 0.000000e+00 1.812200e+01 7.860000e-01 0.000000e+00
 4.000000e+00 0.000000e+00 1.151357e+03 2.938840e+05 6.400000e+02
 3.600000e+02 0.000000e+00 1.645800e+01 6.900000e-01 1.829900e+01
 6.000000e+00 0.000000e+00 2.437222e+03 6.230150e+05 1.280000e+03
 7.200000e+02 0.000000e+00 1.972200e+01 6.940000e-01 2.642800e+01
 0.000000e+00 0.000000e+00 3.683200e+02 9.323100e+04 3.200000e+02
 1.800000e+02 0.000000e+00 1.765300e+01 7.890000e-01 0.000000e+00
 1.480000e+02]
deleted_idx_col 692
query_origi 420
query_idx 251
deleted_scaled [0.66666667 0.26278744 0.20459978 0.20480351 0.45454545 0.45454545
 0.         0.08543456 0.24418605 0.27264249 0.66666667 0.
 0.20556468 0.20365226 0.45454545 0.45454545 0.         0.27415963
 0.49756098 0.25339171 0.58333333 0.08387504 0.14674549 0.14688076
 0.27272727 0.27272727 0.         0.17805884 0.3960396  0.00088336
 0.58333333 0.         0.14078351 0.13988089 0.27272727 0.27272727
 0.         0.38076935 0.56908665 0.08813416]
deleted_not_scaled [8.00000000e+00 1.23470434e+00 4.35251600e+03 1.11206800e+06
 1.92000000e+03 1.08000000e+03 0.00000000e+00 1.76080000e+01
 6.75000000e-01 2.63100000e+01 8.00000000e+00 0.00000000e+00
 4.37511800e+03 1.10690500e+06 1.92000000e+03 1.08000000e+03
 0.00000000e+00 2.28770000e+01 7.91000000e-01 2.34960000e+01
 7.00000000e+00 4.12343036e-01 3.09555700e+03 7.84337000e+05
 1.28000000e+03 7.20000000e+02 0.00000000e+00 2.01060000e+01
 7.51000000e-01 8.00000000e-02 7.00000000e+00 0.00000000e+00
 3.09175100e+03 7.84532000e+05 1.28000000e+03 7.20000000e+02
 0.00000000e+00 2.62150000e+01 8.13000000e-01 8.33000000e+00
 1.12000000e+02]
deleted_idx_col 251
