query_origi 8
query_idx 12
deleted_scaled [1.66666667e-01 0.00000000e+00 1.81388678e-02 1.81228457e-02
 5.45454545e-02 5.45454545e-02 0.00000000e+00 5.45834315e-01
 8.81395349e-01 5.06466321e-01 8.33333333e-02 4.45394773e-01
 8.67475709e-03 8.77252386e-03 1.81818182e-02 1.81818182e-02
 0.00000000e+00 3.05641937e-01 7.53658537e-01 0.00000000e+00
 8.33333333e-02 0.00000000e+00 1.12787805e-02 1.11681894e-02
 1.81818182e-02 1.81818182e-02 0.00000000e+00 2.25570525e-01
 7.10396040e-01 0.00000000e+00 0.00000000e+00 0.00000000e+00
 1.92873890e-03 1.82750903e-03 0.00000000e+00 0.00000000e+00
 0.00000000e+00 2.79561757e-01 7.21311475e-01 2.11606623e-05]
deleted_not_scaled [2.00000000e+00 0.00000000e+00 6.84270000e+02 1.74660000e+05
 5.12000000e+02 2.88000000e+02 0.00000000e+00 3.90990000e+01
 9.49000000e-01 4.88740000e+01 1.00000000e+00 1.46158451e+00
 5.02599000e+02 1.28477000e+05 3.84000000e+02 2.16000000e+02
 0.00000000e+00 2.39400000e+01 8.96000000e-01 0.00000000e+00
 1.00000000e+00 0.00000000e+00 5.34479000e+02 1.35290000e+05
 3.84000000e+02 2.16000000e+02 0.00000000e+00 2.18340000e+01
 8.78000000e-01 0.00000000e+00 0.00000000e+00 0.00000000e+00
 3.59203000e+02 9.10580000e+04 3.20000000e+02 1.80000000e+02
 0.00000000e+00 2.28710000e+01 8.78000000e-01 2.00000000e-03
 2.77000000e+02]
deleted_idx_col 12
query_origi 634
query_idx 96
deleted_scaled [1.         0.06823407 0.83214581 0.82673936 1.         1.
 1.         0.31262452 0.58372093 0.07807254 1.         0.16071157
 0.83067575 0.82653571 1.         1.         1.         0.36306827
 0.48292683 0.00786187 1.         0.13351528 0.86354877 0.86831774
 1.         1.         1.         0.15515535 0.34405941 0.07892848
 1.         0.         0.8283464  0.82669601 1.         1.
 1.         0.25550074 0.54098361 0.13796752]
deleted_not_scaled [1.20000000e+01 3.20597144e-01 1.66982310e+04 4.23508900e+06
 3.84000000e+03 2.16000000e+03 1.00000000e+00 2.82130000e+01
 8.21000000e-01 7.53400000e+00 1.20000000e+01 5.27382807e-01
 1.66700820e+04 4.23420100e+06 3.84000000e+03 2.16000000e+03
 1.00000000e+00 2.58790000e+01 7.85000000e-01 7.29000000e-01
 1.20000000e+01 6.56382343e-01 1.66471460e+04 4.23461800e+06
 3.84000000e+03 2.16000000e+03 1.00000000e+00 1.92730000e+01
 7.30000000e-01 7.14800000e+00 1.20000000e+01 0.00000000e+00
 1.66224250e+04 4.23456300e+06 3.84000000e+03 2.16000000e+03
 1.00000000e+00 2.20760000e+01 8.01000000e-01 1.30400000e+01
 7.70000000e+01]
deleted_idx_col 96
query_origi 424
query_idx 447
deleted_scaled [0.41666667 0.         0.07626492 0.07624986 0.18181818 0.17171717
 0.         0.05998415 0.26976744 0.00592746 0.41666667 0.
 0.07720106 0.07739535 0.18181818 0.17171717 0.         0.18311861
 0.26829268 0.01847378 0.5        0.         0.11298563 0.11293814
 0.27272727 0.27272727 0.         0.10478416 0.43811881 0.22693595
 0.58333333 0.         0.14092483 0.13986735 0.27272727 0.27272727
 0.         0.20120456 0.70257611 0.13476168]
deleted_not_scaled [5.000000e+00 0.000000e+00 1.827784e+03 4.665420e+05 9.600000e+02
 5.200000e+02 0.000000e+00 1.642000e+01 6.860000e-01 5.720000e-01
 5.000000e+00 0.000000e+00 1.850405e+03 4.730100e+05 9.600000e+02
 5.200000e+02 0.000000e+00 1.980300e+01 6.970000e-01 1.713000e+00
 6.000000e+00 0.000000e+00 2.457307e+03 6.220060e+05 1.280000e+03
 7.200000e+02 0.000000e+00 1.744100e+01 7.680000e-01 2.055200e+01
 7.000000e+00 0.000000e+00 3.094532e+03 7.844640e+05 1.280000e+03
 7.200000e+02 0.000000e+00 2.028200e+01 8.700000e-01 1.273700e+01
 1.490000e+02]
deleted_idx_col 447
query_origi 830
query_idx 565
deleted_scaled [0.25       0.         0.03174126 0.03160699 0.05454545 0.05454545
 0.         0.12817327 0.60930233 0.16746114 0.16666667 0.
 0.01596186 0.01598948 0.05454545 0.05454545 0.         0.18122316
 0.60487805 0.19491836 0.25       0.         0.02733086 0.02764635
 0.05454545 0.05454545 0.         0.17970855 0.63118812 0.1939313
 0.25       0.         0.02889511 0.02902912 0.05454545 0.05454545
 0.         0.30292667 0.67213115 0.24516743]
deleted_not_scaled [3.00000e+00 0.00000e+00 9.51870e+02 2.42370e+05 5.12000e+02 2.88000e+02
 0.00000e+00 1.96030e+01 8.32000e-01 1.61600e+01 2.00000e+00 0.00000e+00
 6.45925e+02 1.64711e+05 5.12000e+02 2.88000e+02 0.00000e+00 1.97390e+01
 8.35000e-01 1.80740e+01 3.00000e+00 0.00000e+00 8.37953e+02 2.14097e+05
 5.12000e+02 2.88000e+02 0.00000e+00 2.01660e+01 8.46000e-01 1.75630e+01
 3.00000e+00 0.00000e+00 8.89879e+02 2.27698e+05 5.12000e+02 2.88000e+02
 0.00000e+00 2.36430e+01 8.57000e-01 2.31720e+01 2.68000e+02]
deleted_idx_col 565
query_origi 194
query_idx 519
deleted_scaled [0.5        0.         0.0916337  0.09183101 0.27272727 0.27272727
 0.         0.18554382 0.67674419 0.27235233 0.5        0.
 0.10792759 0.10700392 0.27272727 0.27272727 0.         0.16700726
 0.58292683 0.20474301 0.5        0.         0.11314966 0.11335946
 0.27272727 0.27272727 0.         0.11811933 0.53712871 0.25097446
 0.5        0.         0.10757425 0.10698891 0.27272727 0.27272727
 0.         0.45143912 0.78220141 0.49192192]
deleted_not_scaled [6.000000e+00 0.000000e+00 2.130134e+03 5.447820e+05 1.280000e+03
 7.200000e+02 0.000000e+00 2.228100e+01 8.610000e-01 2.628200e+01
 6.000000e+00 0.000000e+00 2.454748e+03 6.216650e+05 1.280000e+03
 7.200000e+02 0.000000e+00 1.925900e+01 8.260000e-01 1.898500e+01
 6.000000e+00 0.000000e+00 2.460408e+03 6.240210e+05 1.280000e+03
 7.200000e+02 0.000000e+00 1.792600e+01 8.080000e-01 2.272900e+01
 6.000000e+00 0.000000e+00 2.438220e+03 6.193080e+05 1.280000e+03
 7.200000e+02 0.000000e+00 2.855000e+01 9.040000e-01 4.649400e+01
 6.000000e+01]
deleted_idx_col 519
query_origi 90
query_idx 753
deleted_scaled [0.16666667 0.         0.01814822 0.01809815 0.05454545 0.05454545
 0.         0.0458236  0.21395349 0.38260104 0.16666667 0.
 0.01781152 0.01790516 0.05454545 0.05454545 0.         0.58735377
 0.78292683 0.51133447 0.25       0.1072546  0.02864079 0.02903704
 0.05454545 0.05454545 0.         0.09747044 0.13861386 0.3198326
 0.16666667 0.         0.02132192 0.0210504  0.05454545 0.05454545
 0.         0.08849611 0.26932084 0.28936148]
deleted_not_scaled [2.00000000e+00 0.00000000e+00 6.84454000e+02 1.74536000e+05
 5.12000000e+02 2.88000000e+02 0.00000000e+00 1.57590000e+01
 6.62000000e-01 3.69210000e+01 2.00000000e+00 0.00000000e+00
 6.82305000e+02 1.74329000e+05 5.12000000e+02 2.88000000e+02
 0.00000000e+00 3.34520000e+01 9.08000000e-01 4.74140000e+01
 3.00000000e+00 5.27280643e-01 8.62718000e+02 2.20748000e+05
 5.12000000e+02 2.88000000e+02 0.00000000e+00 1.71750000e+01
 6.47000000e-01 2.89650000e+01 2.00000000e+00 0.00000000e+00
 7.40845000e+02 1.87619000e+05 5.12000000e+02 2.88000000e+02
 0.00000000e+00 1.65580000e+01 6.85000000e-01 2.73490000e+01
 1.41000000e+02]
deleted_idx_col 753
query_origi 507
query_idx 520
deleted_scaled [0.16666667 0.         0.01820551 0.01812125 0.05454545 0.05454545
 0.         0.14927483 0.26976744 0.27471503 0.25       0.
 0.02923576 0.02927215 0.05454545 0.05454545 0.         0.04309196
 0.23170732 0.40155943 0.25       0.         0.02695838 0.02727019
 0.05454545 0.05454545 0.         0.13112455 0.43069307 0.19242958
 0.25       0.         0.03242193 0.03201545 0.05454545 0.05454545
 0.         0.68790291 0.82669789 0.58768449]
deleted_not_scaled [2.00000e+00 0.00000e+00 6.85581e+02 1.74652e+05 5.12000e+02 2.88000e+02
 0.00000e+00 2.05880e+01 6.86000e-01 2.65100e+01 3.00000e+00 0.00000e+00
 9.07002e+02 2.31399e+05 5.12000e+02 2.88000e+02 0.00000e+00 1.50750e+01
 6.82000e-01 3.72350e+01 3.00000e+00 0.00000e+00 8.30911e+02 2.12298e+05
 5.12000e+02 2.88000e+02 0.00000e+00 1.83990e+01 7.65000e-01 1.74270e+01
 3.00000e+00 0.00000e+00 9.59284e+02 2.42699e+05 5.12000e+02 2.88000e+02
 0.00000e+00 3.63630e+01 9.23000e-01 5.55450e+01 2.38000e+02]
deleted_idx_col 520
query_origi 939
query_idx 965
deleted_scaled [0.58333333 0.         0.1406007  0.13966259 0.27272727 0.27272727
 0.         0.19259196 0.4627907  0.22415544 0.58333333 0.
 0.13998004 0.139341   0.27272727 0.27272727 0.         0.6931734
 0.86585366 0.76803701 0.58333333 0.         0.14599449 0.14685337
 0.27272727 0.27272727 0.         0.17629915 0.4950495  0.31979948
 0.58333333 0.         0.1399728  0.13976383 0.27272727 0.27272727
 0.         0.20417058 0.46604215 0.33129133]
deleted_not_scaled [7.000000e+00 0.000000e+00 3.093462e+03 7.849660e+05 1.280000e+03
 7.200000e+02 0.000000e+00 2.261000e+01 7.690000e-01 2.163100e+01
 7.000000e+00 0.000000e+00 3.085170e+03 7.840190e+05 1.280000e+03
 7.200000e+02 0.000000e+00 3.702500e+01 9.420000e-01 7.121700e+01
 7.000000e+00 0.000000e+00 3.081359e+03 7.842060e+05 1.280000e+03
 7.200000e+02 0.000000e+00 2.004200e+01 7.910000e-01 2.896200e+01
 7.000000e+00 0.000000e+00 3.075797e+03 7.839440e+05 1.280000e+03
 7.200000e+02 0.000000e+00 2.038000e+01 7.690000e-01 3.131200e+01
 8.500000e+01]
deleted_idx_col 965
query_origi 707
query_idx 787
deleted_scaled [0.41666667 0.         0.07723066 0.07739953 0.18181818 0.17171717
 0.         0.55843099 0.88139535 0.85380311 0.5        0.
 0.1079645  0.10704057 0.27272727 0.27272727 0.         0.45262846
 0.56829268 0.42710782 0.5        0.         0.11274983 0.11295863
 0.27272727 0.27272727 0.         0.22680781 0.11138614 0.36018021
 0.5        0.         0.10809861 0.10751068 0.27272727 0.27272727
 0.         0.24953845 0.15456674 0.32557795]
deleted_not_scaled [5.000000e+00 0.000000e+00 1.846783e+03 4.723150e+05 9.600000e+02
 5.200000e+02 0.000000e+00 3.968700e+01 9.490000e-01 8.239200e+01
 6.000000e+00 0.000000e+00 2.455474e+03 6.218490e+05 1.280000e+03
 7.200000e+02 0.000000e+00 2.890300e+01 8.200000e-01 3.960400e+01
 6.000000e+00 0.000000e+00 2.452849e+03 6.221040e+05 1.280000e+03
 7.200000e+02 0.000000e+00 2.187900e+01 6.360000e-01 3.261900e+01
 6.000000e+00 0.000000e+00 2.448539e+03 6.219290e+05 1.280000e+03
 7.200000e+02 0.000000e+00 2.187900e+01 6.360000e-01 3.077200e+01
 9.000000e+01]
deleted_idx_col 787
query_origi 731
query_idx 630
deleted_scaled [1.         0.         0.8275702  0.82674055 1.         1.
 1.         0.27228518 0.58372093 0.22115026 1.         0.
 0.90362401 0.90408065 1.         1.         1.         0.12287872
 0.36097561 0.11227703 1.         0.         0.85407914 0.86353009
 1.         1.         1.         0.22760517 0.58415842 0.0165741
 1.         0.         0.75991337 0.75383712 1.         1.
 1.         0.2296238  0.36065574 0.06032905]
deleted_not_scaled [1.2000000e+01 0.0000000e+00 1.6608215e+04 4.2350950e+06 3.8400000e+03
 2.1600000e+03 1.0000000e+00 2.6330000e+01 8.2100000e-01 2.1341000e+01
 1.2000000e+01 0.0000000e+00 1.8104861e+04 4.6235290e+06 3.8400000e+03
 2.1600000e+03 1.0000000e+00 1.7769000e+01 7.3500000e-01 1.0411000e+01
 1.2000000e+01 0.0000000e+00 1.6468117e+04 4.2117210e+06 3.8400000e+03
 2.1600000e+03 1.0000000e+00 2.1908000e+01 8.2700000e-01 1.5010000e+00
 1.2000000e+01 0.0000000e+00 1.5275719e+04 3.8685760e+06 3.8400000e+03
 2.1600000e+03 1.0000000e+00 2.1221000e+01 7.2400000e-01 5.7020000e+00
 2.8400000e+02]
deleted_idx_col 630
query_origi 731
query_idx 775
deleted_scaled [0.25       0.         0.02576206 0.02551772 0.05454545 0.05454545
 0.         0.24842006 0.73953488 0.12557513 0.33333333 0.
 0.04256803 0.0423933  0.09090909 0.09090909 0.         0.3805716
 0.76585366 0.25173091 0.33333333 0.         0.04485181 0.04512879
 0.09090909 0.09090909 0.         0.21710201 0.67574257 0.23368263
 0.33333333 0.         0.04284411 0.0428091  0.09090909 0.09090909
 0.         0.16385703 0.70725995 0.1507803 ]
deleted_not_scaled [3.000000e+00 0.000000e+00 8.342410e+02 2.117930e+05 5.120000e+02
 2.880000e+02 0.000000e+00 2.521600e+01 8.880000e-01 1.211800e+01
 4.000000e+00 0.000000e+00 1.169227e+03 2.972760e+05 6.400000e+02
 3.600000e+02 0.000000e+00 2.647000e+01 9.010000e-01 2.334200e+01
 4.000000e+00 0.000000e+00 1.169197e+03 2.977070e+05 6.400000e+02
 3.600000e+02 0.000000e+00 2.152600e+01 8.640000e-01 2.116300e+01
 4.000000e+00 0.000000e+00 1.164384e+03 2.969180e+05 6.400000e+02
 3.600000e+02 0.000000e+00 1.904800e+01 8.720000e-01 1.425100e+01
 1.680000e+02]
deleted_idx_col 775
query_origi 44
query_idx 863
deleted_scaled [1.         0.         0.82340708 0.82093586 1.         1.
 1.         0.1952484  0.44418605 0.11318135 1.         0.
 0.82168724 0.82046621 1.         1.         1.         0.24398045
 0.27804878 0.0834286  1.         0.         0.93754144 0.94602355
 1.         1.         1.         0.47159747 0.70792079 0.47770061
 0.91666667 0.         0.52203562 0.52283799 1.         1.
 0.         0.38137466 0.56206089 0.12170555]
deleted_not_scaled [1.2000000e+01 0.0000000e+00 1.6526314e+04 4.2059470e+06 3.8400000e+03
 2.1600000e+03 1.0000000e+00 2.2734000e+01 7.6100000e-01 1.0922000e+01
 1.2000000e+01 0.0000000e+00 1.6493292e+04 4.2037280e+06 3.8400000e+03
 2.1600000e+03 1.0000000e+00 2.1858000e+01 7.0100000e-01 7.7360000e+00
 1.2000000e+01 0.0000000e+00 1.8046021e+04 4.6062470e+06 3.8400000e+03
 2.1600000e+03 1.0000000e+00 3.0782000e+01 8.7700000e-01 4.3262000e+01
 1.1000000e+01 0.0000000e+00 1.0594480e+04 2.7082140e+06 3.8400000e+03
 2.1600000e+03 0.0000000e+00 2.6235000e+01 8.1000000e-01 1.1503000e+01
 1.1700000e+02]
deleted_idx_col 863
query_origi 230
query_idx 389
deleted_scaled [1.         0.09432611 0.77393624 0.77315824 1.         1.
 1.         0.04698044 0.17906977 0.13473575 1.         0.16570031
 0.82573672 0.82657256 1.         1.         1.         0.81297201
 0.88292683 1.         1.         0.16040825 0.85837178 0.86830247
 1.         1.         1.         0.09408853 0.09158416 0.10117819
 1.         0.         0.90574023 0.89851791 1.         1.
 1.         0.08495506 0.21311475 0.09197482]
deleted_not_scaled [1.20000000e+01 4.43190329e-01 1.55530740e+04 3.96603400e+06
 3.84000000e+03 2.16000000e+03 1.00000000e+00 1.58130000e+01
 6.47000000e-01 1.30020000e+01 1.20000000e+01 5.43753595e-01
 1.65729390e+04 4.23438600e+06 3.84000000e+03 2.16000000e+03
 1.00000000e+00 4.10700000e+01 9.49000000e-01 9.27260000e+01
 1.20000000e+01 7.88592439e-01 1.65492720e+04 4.23454500e+06
 3.84000000e+03 2.16000000e+03 1.00000000e+00 1.70520000e+01
 6.28000000e-01 9.16300000e+00 1.20000000e+01 0.00000000e+00
 1.81454720e+04 4.59534100e+06 3.84000000e+03 2.16000000e+03
 1.00000000e+00 1.64410000e+01 6.61000000e-01 8.69300000e+00
 1.41000000e+02]
deleted_idx_col 389
query_origi 303
query_idx 605
deleted_scaled [1.         0.         0.82832047 0.82666249 1.         1.
 1.         0.13509287 0.15581395 0.09079793 1.         0.
 0.83878951 0.83838033 1.         1.         1.         0.04024878
 0.15609756 0.12279188 1.         0.         0.8473598  0.85588264
 1.         1.         1.         0.13282925 0.37623762 0.02321036
 1.         0.         0.96068993 0.95207885 1.         1.
 1.         0.84927817 0.8852459  0.95818653]
deleted_not_scaled [1.2000000e+01 0.0000000e+00 1.6622975e+04 4.2347030e+06 3.8400000e+03
 2.1600000e+03 1.0000000e+00 1.9926000e+01 6.3700000e-01 8.7620000e+00
 1.2000000e+01 0.0000000e+00 1.6829667e+04 4.2936690e+06 3.8400000e+03
 2.1600000e+03 1.0000000e+00 1.4979000e+01 6.5100000e-01 1.1386000e+01
 1.2000000e+01 0.0000000e+00 1.6341084e+04 4.1751470e+06 3.8400000e+03
 2.1600000e+03 1.0000000e+00 1.8461000e+01 7.4300000e-01 2.1020000e+00
 1.2000000e+01 0.0000000e+00 1.9226837e+04 4.8643900e+06 3.8400000e+03
 2.1600000e+03 1.0000000e+00 4.1695000e+01 9.4800000e-01 9.0563000e+01
 2.3800000e+02]
deleted_idx_col 605
query_origi 595
query_idx 512
deleted_scaled [1.         0.         0.82901309 0.82652548 1.         1.
 1.         0.19274192 0.41395349 0.1333057  0.91666667 0.
 0.568473   0.5676393  1.         1.         0.         0.75205094
 0.86097561 0.90601342 0.91666667 0.         0.59103572 0.59639223
 1.         1.         0.         0.12930987 0.20792079 0.11357839
 1.         0.         0.8818089  0.8831312  1.         1.
 1.         0.05456857 0.16627635 0.16620642]
deleted_not_scaled [1.2000000e+01 0.0000000e+00 1.6636601e+04 4.2340150e+06 3.8400000e+03
 2.1600000e+03 1.0000000e+00 2.2617000e+01 7.4800000e-01 1.2864000e+01
 1.1000000e+01 0.0000000e+00 1.1512961e+04 2.9343660e+06 3.8400000e+03
 2.1600000e+03 0.0000000e+00 3.9013000e+01 9.4000000e-01 8.4011000e+01
 1.1000000e+01 0.0000000e+00 1.1495126e+04 2.9341310e+06 3.8400000e+03
 2.1600000e+03 0.0000000e+00 1.8333000e+01 6.7500000e-01 1.0286000e+01
 1.2000000e+01 0.0000000e+00 1.7674523e+04 4.5180500e+06 3.8400000e+03
 2.1600000e+03 1.0000000e+00 1.5437000e+01 6.4100000e-01 1.5709000e+01
 1.3200000e+02]
deleted_idx_col 512
query_origi 953
query_idx 137
deleted_scaled [1.00000000e+00 8.70172709e-02 8.06616356e-01 8.00565653e-01
 1.00000000e+00 1.00000000e+00 1.00000000e+00 9.60817498e-02
 5.09302326e-01 4.35233161e-04 1.00000000e+00 1.00000000e+00
 8.51369048e-01 8.46276079e-01 1.00000000e+00 1.00000000e+00
 1.00000000e+00 2.44069303e-01 6.07317073e-01 6.25498781e-04
 1.00000000e+00 6.34026088e-02 9.12655992e-01 9.16779299e-01
 1.00000000e+00 1.00000000e+00 1.00000000e+00 2.52213363e-01
 7.15346535e-01 0.00000000e+00 1.00000000e+00 0.00000000e+00
 8.70025326e-01 8.67424174e-01 1.00000000e+00 1.00000000e+00
 1.00000000e+00 2.02263854e-01 6.04215457e-01 1.98487013e-02]
deleted_not_scaled [1.20000000e+01 4.08849832e-01 1.61959900e+04 4.10365900e+06
 3.84000000e+03 2.16000000e+03 1.00000000e+00 1.81050000e+01
 7.89000000e-01 4.20000000e-02 1.20000000e+01 3.28154840e+00
 1.70770870e+04 4.33331100e+06 3.84000000e+03 2.16000000e+03
 1.00000000e+00 2.18610000e+01 8.36000000e-01 5.80000000e-02
 1.20000000e+01 3.11697293e-01 1.75755470e+04 4.46638600e+06
 3.84000000e+03 2.16000000e+03 1.00000000e+00 2.28030000e+01
 8.80000000e-01 0.00000000e+00 1.20000000e+01 0.00000000e+00
 1.74426320e+04 4.43915000e+06 3.84000000e+03 2.16000000e+03
 1.00000000e+00 2.03170000e+01 8.28000000e-01 1.87600000e+00
 2.12000000e+02]
deleted_idx_col 137
query_origi 44
query_idx 9
deleted_scaled [1.         0.07339868 0.91099752 0.9032732  1.         1.
 1.         0.20349622 0.44883721 0.01954404 1.         0.17645214
 0.75532888 0.75004979 1.         1.         1.         0.27575892
 0.4        0.02995923 1.         0.76382005 0.86529905 0.86833384
 1.         1.         1.         0.4805609  0.69059406 0.4244559
 1.         0.         0.8909513  0.88739956 1.         1.
 1.         0.31031143 0.44496487 0.00627414]
deleted_not_scaled [1.20000000e+01 3.44862994e-01 1.82494810e+04 4.61940000e+06
 3.84000000e+03 2.16000000e+03 1.00000000e+00 2.31190000e+01
 7.63000000e-01 1.88600000e+00 1.20000000e+01 5.79036254e-01
 1.51881260e+04 3.85019000e+06 3.84000000e+03 2.16000000e+03
 1.00000000e+00 2.29310000e+01 7.51000000e-01 2.77800000e+00
 1.20000000e+01 3.75506067e+00 1.66802360e+04 4.23469500e+06
 3.84000000e+03 2.16000000e+03 1.00000000e+00 3.11080000e+01
 8.70000000e-01 3.84400000e+01 1.20000000e+01 0.00000000e+00
 1.78544380e+04 4.53949100e+06 3.84000000e+03 2.16000000e+03
 1.00000000e+00 2.38870000e+01 7.60000000e-01 5.93000000e-01
 1.21000000e+02]
deleted_idx_col 9
query_origi 936
query_idx 136
deleted_scaled [1.         0.13702574 0.73168158 0.72984487 1.         1.
 1.         0.13072259 0.54418605 0.02379275 1.         0.1752333
 0.84922882 0.84838974 1.         1.         1.         0.84901525
 0.92439024 0.80133943 1.         0.08607532 0.86664902 0.87492828
 1.         1.         1.         0.31525983 0.78712871 0.07957996
 1.         0.         0.78058984 0.78215615 1.         1.
 1.         0.75058261 0.81498829 0.77810929]
deleted_not_scaled [1.20000000e+01 6.43814147e-01 1.47217980e+04 3.74853800e+06
 3.84000000e+03 2.16000000e+03 1.00000000e+00 1.97220000e+01
 8.04000000e-01 2.29600000e+00 1.20000000e+01 5.75036547e-01
 1.70349920e+04 4.34392300e+06 3.84000000e+03 2.16000000e+03
 1.00000000e+00 4.22870000e+01 9.66000000e-01 7.43050000e+01
 1.20000000e+01 4.23159964e-01 1.67057580e+04 4.26623300e+06
 3.84000000e+03 2.16000000e+03 1.00000000e+00 2.50960000e+01
 9.09000000e-01 7.20700000e+00 1.20000000e+01 0.00000000e+00
 1.56826150e+04 4.01082900e+06 3.84000000e+03 2.16000000e+03
 1.00000000e+00 3.84340000e+01 9.18000000e-01 7.35430000e+01
 1.85000000e+02]
deleted_idx_col 136
query_origi 447
query_idx 737
deleted_scaled [1.         0.         0.80946818 0.80380117 1.         1.
 1.         0.19940444 0.66976744 0.03418653 0.91666667 0.
 0.57094706 0.56780681 1.         1.         0.         0.58963424
 0.9097561  0.51528158 1.         0.         0.86394278 0.86827864
 1.         1.         1.         0.22708276 0.35643564 0.06525844
 0.91666667 0.         0.56931249 0.56788887 1.         1.
 0.         0.22441815 0.31147541 0.04756917]
deleted_not_scaled [1.2000000e+01 0.0000000e+00 1.6252094e+04 4.1199060e+06 3.8400000e+03
 2.1600000e+03 1.0000000e+00 2.2928000e+01 8.5800000e-01 3.2990000e+00
 1.1000000e+01 0.0000000e+00 1.1561622e+04 2.9352070e+06 3.8400000e+03
 2.1600000e+03 0.0000000e+00 3.3529000e+01 9.6000000e-01 4.7780000e+01
 1.2000000e+01 0.0000000e+00 1.6654595e+04 4.2344310e+06 3.8400000e+03
 2.1600000e+03 1.0000000e+00 2.1889000e+01 7.3500000e-01 5.9100000e+00
 1.1000000e+01 0.0000000e+00 1.1524850e+04 2.9345150e+06 3.8400000e+03
 2.1600000e+03 0.0000000e+00 2.1049000e+01 7.0300000e-01 4.4960000e+00
 2.8000000e+02]
deleted_idx_col 737
query_origi 737
query_idx 634
deleted_scaled [9.16666667e-01 0.00000000e+00 5.68018365e-01 5.67725033e-01
 1.00000000e+00 1.00000000e+00 0.00000000e+00 1.51288588e-01
 6.27906977e-01 4.66321244e-04 9.16666667e-01 0.00000000e+00
 5.71611577e-01 5.72213981e-01 1.00000000e+00 1.00000000e+00
 0.00000000e+00 1.90019251e-01 6.51219512e-01 2.04904773e-04
 9.16666667e-01 0.00000000e+00 5.92009559e-01 5.91958159e-01
 1.00000000e+00 1.00000000e+00 0.00000000e+00 1.69837778e-01
 5.86633663e-01 2.65450570e-02 9.16666667e-01 0.00000000e+00
 6.09707671e-01 6.05118498e-01 1.00000000e+00 1.00000000e+00
 0.00000000e+00 9.20190067e-01 9.46135831e-01 9.58958895e-01]
deleted_not_scaled [1.1000000e+01 0.0000000e+00 1.1502051e+04 2.9344610e+06 3.8400000e+03
 2.1600000e+03 0.0000000e+00 2.0682000e+01 8.4000000e-01 4.5000000e-02
 1.1000000e+01 0.0000000e+00 1.1574692e+04 2.9573340e+06 3.8400000e+03
 2.1600000e+03 0.0000000e+00 2.0036000e+01 8.5400000e-01 1.9000000e-02
 1.1000000e+01 0.0000000e+00 1.1513537e+04 2.9129250e+06 3.8400000e+03
 2.1600000e+03 0.0000000e+00 1.9807000e+01 8.2800000e-01 2.4040000e+00
 1.1000000e+01 0.0000000e+00 1.2319794e+04 3.1215280e+06 3.8400000e+03
 2.1600000e+03 0.0000000e+00 4.4038000e+01 9.7400000e-01 9.0636000e+01
 1.9400000e+02]
deleted_idx_col 634
query_origi 138
query_idx 566
deleted_scaled [1.         0.         0.88993409 0.8837167  1.         1.
 1.         0.17915979 0.61162791 0.         0.91666667 0.
 0.52519764 0.52230656 1.         1.         0.         0.33555457
 0.70731707 0.01717965 1.         0.         0.873563   0.87794761
 1.         1.         1.         0.34767666 0.75       0.07602442
 1.         0.         0.8197462  0.81770339 1.         1.
 1.         0.23758361 0.66042155 0.01886473]
deleted_not_scaled [1.2000000e+01 0.0000000e+00 1.7835100e+04 4.5211980e+06 3.8400000e+03
 2.1600000e+03 1.0000000e+00 2.1983000e+01 8.3300000e-01 0.0000000e+00
 1.1000000e+01 0.0000000e+00 1.0661802e+04 2.7067650e+06 3.8400000e+03
 2.1600000e+03 0.0000000e+00 2.4950000e+01 8.7700000e-01 1.5930000e+00
 1.2000000e+01 0.0000000e+00 1.6836471e+04 4.2806730e+06 3.8400000e+03
 2.1600000e+03 1.0000000e+00 2.6275000e+01 8.9400000e-01 6.8850000e+00
 1.2000000e+01 0.0000000e+00 1.6453180e+04 4.1893910e+06 3.8400000e+03
 2.1600000e+03 1.0000000e+00 2.1484000e+01 8.5200000e-01 1.7830000e+00
 1.6700000e+02]
deleted_idx_col 566
query_origi 674
query_idx 971
deleted_scaled [0.91666667 0.         0.57153344 0.56951017 1.         1.
 0.         0.23526639 0.69534884 0.06897409 1.         0.
 0.89347191 0.89169526 1.         1.         1.         0.31186139
 0.66829268 0.05452624 1.         0.         0.80576449 0.81265138
 1.         1.         1.         0.42320594 0.74009901 0.12777845
 1.         0.         0.76634784 0.76712001 1.         1.
 1.         0.3713568  0.66276347 0.17403587]
deleted_not_scaled [1.1000000e+01 0.0000000e+00 1.1571203e+04 2.9434250e+06 3.8400000e+03
 2.1600000e+03 0.0000000e+00 2.4602000e+01 8.6900000e-01 6.6560000e+00
 1.2000000e+01 0.0000000e+00 1.7905185e+04 4.5613460e+06 3.8400000e+03
 2.1600000e+03 1.0000000e+00 2.4150000e+01 8.6100000e-01 5.0560000e+00
 1.2000000e+01 0.0000000e+00 1.5554700e+04 3.9683930e+06 3.8400000e+03
 2.1600000e+03 1.0000000e+00 2.9022000e+01 8.9000000e-01 1.1572000e+01
 1.2000000e+01 0.0000000e+00 1.5402344e+04 3.9352990e+06 3.8400000e+03
 2.1600000e+03 1.0000000e+00 2.5904000e+01 8.5300000e-01 1.6449000e+01
 6.4000000e+01]
deleted_idx_col 971
query_origi 307
query_idx 263
deleted_scaled [1.         0.0963579  0.69254668 0.68698476 1.         1.
 1.         0.08875511 0.59302326 0.00439378 1.         0.12458517
 0.81636486 0.81107166 1.         1.         1.         0.0748112
 0.4097561  0.02000518 1.         0.12317322 0.86481988 0.86828867
 1.         1.         1.         0.73610118 0.88118812 0.9886267
 1.         0.         0.88197491 0.87889846 1.         1.
 1.         0.17635665 0.70725995 0.10636407]
deleted_not_scaled [1.20000000e+01 4.52736692e-01 1.39518970e+04 3.53331800e+06
 3.84000000e+03 2.16000000e+03 1.00000000e+00 1.77630000e+01
 8.25000000e-01 4.24000000e-01 1.20000000e+01 4.08832258e-01
 1.63886090e+04 4.15656100e+06 3.84000000e+03 2.16000000e+03
 1.00000000e+00 1.61460000e+01 7.55000000e-01 1.85500000e+00
 1.20000000e+01 6.05539096e-01 1.66711770e+04 4.23447900e+06
 3.84000000e+03 2.16000000e+03 1.00000000e+00 4.04020000e+01
 9.47000000e-01 8.95330000e+01 1.20000000e+01 0.00000000e+00
 1.76777900e+04 4.49678800e+06 3.84000000e+03 2.16000000e+03
 1.00000000e+00 1.94610000e+01 8.72000000e-01 1.00530000e+01
 2.19000000e+02]
deleted_idx_col 263
query_origi 462
query_idx 478
deleted_scaled [0.         0.         0.00201637 0.00186301 0.         0.
 0.         0.39028257 0.98139535 0.15226943 0.         0.
 0.00177686 0.00172785 0.         0.         0.         0.68662817
 0.98292683 0.39396717 0.25       0.         0.02912509 0.02920787
 0.05454545 0.05454545 0.         0.5965906  0.98762376 0.40075969
 0.58333333 0.         0.14053655 0.14009628 0.27272727 0.27272727
 0.         1.         0.60421546 0.55613395]
deleted_not_scaled [0.000000e+00 0.000000e+00 3.670920e+02 9.301200e+04 3.200000e+02
 1.800000e+02 0.000000e+00 3.183800e+01 9.920000e-01 1.469400e+01
 0.000000e+00 0.000000e+00 3.669280e+02 9.310800e+04 3.200000e+02
 1.800000e+02 0.000000e+00 3.680400e+01 9.900000e-01 3.653100e+01
 3.000000e+00 0.000000e+00 8.718740e+02 2.215650e+05 5.120000e+02
 2.880000e+02 0.000000e+00 3.532800e+01 9.900000e-01 3.629400e+01
 7.000000e+00 0.000000e+00 3.086891e+03 7.856140e+05 1.280000e+03
 7.200000e+02 0.000000e+00 4.667500e+01 8.280000e-01 5.256300e+01
 1.000000e+00]
deleted_idx_col 478
query_origi 55
query_idx 538
deleted_scaled [1.         0.         0.72983448 0.72617442 1.         1.
 1.         0.04406693 0.15348837 0.08377202 1.         0.
 0.80238597 0.79958974 1.         1.         1.         0.15400563
 0.07560976 0.09303755 0.91666667 0.         0.59234787 0.59651183
 1.         1.         0.         0.1737421  0.12376238 0.09514923
 1.         0.         0.83887743 0.83846254 1.         1.
 1.         0.040707   0.18969555 0.12046765]
deleted_not_scaled [1.2000000e+01 0.0000000e+00 1.4685460e+04 3.7301070e+06 3.8400000e+03
 2.1600000e+03 1.0000000e+00 1.5677000e+01 6.3600000e-01 8.0840000e+00
 1.2000000e+01 0.0000000e+00 1.6113666e+04 4.0989140e+06 3.8400000e+03
 2.1600000e+03 1.0000000e+00 1.8820000e+01 6.1800000e-01 8.6270000e+00
 1.1000000e+01 0.0000000e+00 1.1519933e+04 2.9347030e+06 3.8400000e+03
 2.1600000e+03 0.0000000e+00 1.9949000e+01 6.4100000e-01 8.6170000e+00
 1.2000000e+01 0.0000000e+00 1.6829667e+04 4.2936690e+06 3.8400000e+03
 2.1600000e+03 1.0000000e+00 1.4979000e+01 6.5100000e-01 1.1386000e+01
 2.3600000e+02]
deleted_idx_col 538
query_origi 501
query_idx 90
deleted_scaled [0.91666667 0.21971778 0.57025209 0.56765832 1.         1.
 0.         1.         1.         1.         0.91666667 0.07854106
 0.57076489 0.5690644  1.         1.         0.         1.
 0.56829268 0.39120635 0.83333333 0.         0.44177928 0.44510939
 0.63636364 0.63636364 0.         0.14118779 0.37623762 0.05761735
 0.83333333 0.         0.35907899 0.35909438 0.63636364 0.63636364
 0.         0.03973851 0.44496487 0.16303232]
deleted_not_scaled [1.10000000e+01 1.03234195e+00 1.15459950e+04 2.93412600e+06
 3.84000000e+03 2.16000000e+03 0.00000000e+00 6.02990000e+01
 1.00000000e+00 9.65000000e+01 1.10000000e+01 2.57736305e-01
 1.15580390e+04 2.94152100e+06 3.84000000e+03 2.16000000e+03
 0.00000000e+00 4.73850000e+01 8.20000000e-01 3.62750000e+01
 1.00000000e+01 0.00000000e+00 8.67334500e+03 2.21061900e+06
 2.56000000e+03 1.44000000e+03 0.00000000e+00 1.87650000e+01
 7.43000000e-01 5.21800000e+00 1.00000000e+01 0.00000000e+00
 7.38762700e+03 1.88569200e+06 2.56000000e+03 1.44000000e+03
 0.00000000e+00 1.49470000e+01 7.60000000e-01 1.54090000e+01
 3.00000000e+00]
deleted_idx_col 90
query_origi 395
query_idx 644
deleted_scaled [1.         0.         0.84942477 0.84475686 1.         1.
 1.         0.05490692 0.4        0.01918135 1.         0.
 0.81720118 0.81394478 1.         1.         1.         0.82508515
 0.91707317 0.87264629 0.91666667 0.         0.58312113 0.58692357
 1.         1.         0.         0.21836679 0.5        0.02188532
 1.         0.         0.80826757 0.80746456 1.         1.
 1.         0.23122787 0.49180328 0.02946622]
deleted_not_scaled [1.2000000e+01 0.0000000e+00 1.7038160e+04 4.3255630e+06 3.8400000e+03
 2.1600000e+03 1.0000000e+00 1.6183000e+01 7.4200000e-01 1.8510000e+00
 1.2000000e+01 0.0000000e+00 1.6405058e+04 4.1709860e+06 3.8400000e+03
 2.1600000e+03 1.0000000e+00 4.1479000e+01 9.6300000e-01 8.0917000e+01
 1.1000000e+01 0.0000000e+00 1.1345496e+04 2.8888470e+06 3.8400000e+03
 2.1600000e+03 0.0000000e+00 2.1572000e+01 7.9300000e-01 1.9820000e+00
 1.2000000e+01 0.0000000e+00 1.6227290e+04 4.1379590e+06 3.8400000e+03
 2.1600000e+03 1.0000000e+00 2.1274000e+01 7.8000000e-01 2.7850000e+00
 1.5300000e+02]
deleted_idx_col 644
query_origi 530
query_idx 956
deleted_scaled [0.91666667 0.         0.55408038 0.55491161 1.         1.
 0.         0.56423659 0.89767442 0.92324352 1.         0.
 0.79254346 0.78581789 1.         1.         1.         0.11091367
 0.55853659 0.06331557 0.91666667 0.         0.63165619 0.63289188
 1.         1.         0.         0.12719274 0.17821782 0.07808929
 0.91666667 0.         0.5727449  0.56958201 1.         1.
 0.         0.2093157  0.55503513 0.05887954]
deleted_not_scaled [1.1000000e+01 0.0000000e+00 1.1227849e+04 2.8701190e+06 3.8400000e+03
 2.1600000e+03 0.0000000e+00 3.9958000e+01 9.5600000e-01 8.9093000e+01
 1.2000000e+01 0.0000000e+00 1.5920079e+04 4.0297700e+06 3.8400000e+03
 2.1600000e+03 1.0000000e+00 1.7365000e+01 8.1600000e-01 5.8710000e+00
 1.1000000e+01 0.0000000e+00 1.2263080e+04 3.1086910e+06 3.8400000e+03
 2.1600000e+03 0.0000000e+00 1.8256000e+01 6.6300000e-01 7.0720000e+00
 1.1000000e+01 0.0000000e+00 1.1592397e+04 2.9430200e+06 3.8400000e+03
 2.1600000e+03 0.0000000e+00 2.0550000e+01 8.0700000e-01 5.5650000e+00
 2.4800000e+02]
deleted_idx_col 956
query_origi 345
query_idx 239
deleted_scaled [1.         0.08747722 0.77607237 0.77606875 1.         1.
 1.         0.66012554 0.93488372 0.84311917 1.         0.1061797
 0.87711943 0.87844027 1.         1.         1.         0.30069599
 0.7097561  0.00523046 1.         0.0975675  0.8489862  0.84939505
 1.         1.         1.         0.22251856 0.67079208 0.
 1.         0.         0.80952799 0.80387066 1.         1.
 1.         0.28128689 0.67447307 0.03490451]
deleted_not_scaled [1.20000000e+01 4.11010906e-01 1.55950980e+04 3.98064900e+06
 3.84000000e+03 2.16000000e+03 1.00000000e+00 4.44340000e+01
 9.72000000e-01 8.13610000e+01 1.20000000e+01 3.48433829e-01
 1.75835570e+04 4.49479700e+06 3.84000000e+03 2.16000000e+03
 1.00000000e+00 2.37730000e+01 8.78000000e-01 4.85000000e-01
 1.20000000e+01 4.79657318e-01 1.63718320e+04 4.14412000e+06
 3.84000000e+03 2.16000000e+03 1.00000000e+00 2.17230000e+01
 8.62000000e-01 0.00000000e+00 1.20000000e+01 0.00000000e+00
 1.62520940e+04 4.11990600e+06 3.84000000e+03 2.16000000e+03
 1.00000000e+00 2.29280000e+01 8.58000000e-01 3.29900000e+00
 2.77000000e+02]
deleted_idx_col 239
query_origi 626
query_idx 730
deleted_scaled [0.5        0.         0.10781958 0.10719549 0.27272727 0.27272727
 0.         0.54420617 0.86046512 0.85033161 0.16666667 0.
 0.01802491 0.01796491 0.05454545 0.05454545 0.         0.17390789
 0.7097561  0.30905032 0.5        0.         0.11212768 0.11290907
 0.27272727 0.27272727 0.         0.20395931 0.69059406 0.25133885
 0.08333333 0.         0.00918143 0.00919269 0.01818182 0.01818182
 0.         0.18940105 0.66744731 0.        ]
deleted_not_scaled [6.000000e+00 0.000000e+00 2.448559e+03 6.219340e+05 1.280000e+03
 7.200000e+02 0.000000e+00 3.902300e+01 9.400000e-01 8.205700e+01
 2.000000e+00 0.000000e+00 6.865020e+02 1.746290e+05 5.120000e+02
 2.880000e+02 0.000000e+00 1.949200e+01 8.780000e-01 2.865700e+01
 6.000000e+00 0.000000e+00 2.441087e+03 6.218670e+05 1.280000e+03
 7.200000e+02 0.000000e+00 2.104800e+01 8.700000e-01 2.276200e+01
 1.000000e+00 0.000000e+00 5.019300e+02 1.280550e+05 3.840000e+02
 2.160000e+02 0.000000e+00 1.989200e+01 8.550000e-01 0.000000e+00
 2.210000e+02]
deleted_idx_col 730
query_origi 42
query_idx 608
deleted_scaled [4.16666667e-01 0.00000000e+00 7.85581134e-02 7.84498189e-02
 1.81818182e-01 1.71717172e-01 0.00000000e+00 5.34415904e-01
 9.00000000e-01 6.87502591e-01 0.00000000e+00 0.00000000e+00
 5.41832306e-04 6.11073091e-04 0.00000000e+00 0.00000000e+00
 0.00000000e+00 3.40411669e-01 8.26829268e-01 2.16444147e-02
 3.33333333e-01 0.00000000e+00 4.34313343e-02 4.39676889e-02
 9.09090909e-02 9.09090909e-02 0.00000000e+00 5.39868023e-01
 7.79702970e-01 6.53500878e-01 5.00000000e-01 0.00000000e+00
 1.08444407e-01 1.07488188e-01 2.72727273e-01 2.72727273e-01
 0.00000000e+00 1.53536515e-01 4.42622951e-01 2.56911601e-01]
deleted_not_scaled [5.000000e+00 0.000000e+00 1.872898e+03 4.775890e+05 9.600000e+02
 5.200000e+02 0.000000e+00 3.856600e+01 9.570000e-01 6.634400e+01
 0.000000e+00 0.000000e+00 3.426370e+02 8.750100e+04 3.200000e+02
 1.800000e+02 0.000000e+00 2.511400e+01 9.260000e-01 2.007000e+00
 4.000000e+00 0.000000e+00 1.142342e+03 2.921540e+05 6.400000e+02
 3.600000e+02 0.000000e+00 3.326500e+01 9.060000e-01 5.918300e+01
 6.000000e+00 0.000000e+00 2.455344e+03 6.218160e+05 1.280000e+03
 7.200000e+02 0.000000e+00 1.870700e+01 7.590000e-01 2.428200e+01
 1.860000e+02]
deleted_idx_col 608
query_origi 687
query_idx 253
deleted_scaled [0.33333333 0.         0.04209225 0.04176023 0.09090909 0.09090909
 0.         0.24670623 0.73255814 0.14727461 0.41666667 0.
 0.07788307 0.07756784 0.18181818 0.17171717 0.         0.37817266
 0.76341463 0.28097837 0.41666667 0.92733004 0.08087217 0.08138505
 0.18181818 0.17171717 0.         0.21663459 0.66584158 0.24650243
 0.33333333 0.         0.04284411 0.0428091  0.09090909 0.09090909
 0.         0.16385703 0.70725995 0.1507803 ]
deleted_not_scaled [4.00000000e+00 0.00000000e+00 1.15550500e+03 2.93354000e+05
 6.40000000e+02 3.60000000e+02 0.00000000e+00 2.51360000e+01
 8.85000000e-01 1.42120000e+01 5.00000000e+00 0.00000000e+00
 1.86381900e+03 4.73876000e+05 9.60000000e+02 5.20000000e+02
 0.00000000e+00 2.63890000e+01 9.00000000e-01 2.60540000e+01
 5.00000000e+00 4.55890174e+00 1.85018300e+03 4.71103000e+05
 9.60000000e+02 5.20000000e+02 0.00000000e+00 2.15090000e+01
 8.60000000e-01 2.23240000e+01 4.00000000e+00 0.00000000e+00
 1.16438400e+03 2.96918000e+05 6.40000000e+02 3.60000000e+02
 0.00000000e+00 1.90480000e+01 8.72000000e-01 1.42510000e+01
 1.68000000e+02]
deleted_idx_col 253
query_origi 126
query_idx 909
deleted_scaled [0.         0.         0.00177802 0.00159934 0.         0.
 0.         0.74395338 0.99302326 0.67647668 0.41666667 0.
 0.07778687 0.07714758 0.18181818 0.17171717 0.         0.70451651
 0.99756098 0.84936264 0.58333333 0.         0.14651206 0.14688933
 0.27272727 0.27272727 0.         1.         1.         0.7411084
 0.58333333 0.         0.14046088 0.13979051 0.27272727 0.27272727
 0.         0.93323447 1.         0.86506904]
deleted_not_scaled [0.000000e+00 0.000000e+00 3.624030e+02 9.168800e+04 3.200000e+02
 1.800000e+02 0.000000e+00 4.834700e+01 9.970000e-01 6.528000e+01
 5.000000e+00 0.000000e+00 1.861927e+03 4.717660e+05 9.600000e+02
 5.200000e+02 0.000000e+00 3.740800e+01 9.960000e-01 7.875800e+01
 7.000000e+00 0.000000e+00 3.091144e+03 7.843780e+05 1.280000e+03
 7.200000e+02 0.000000e+00 5.000000e+01 9.950000e-01 6.711700e+01
 7.000000e+00 0.000000e+00 3.085402e+03 7.840780e+05 1.280000e+03
 7.200000e+02 0.000000e+00 4.446900e+01 9.970000e-01 8.176200e+01
 0.000000e+00]
deleted_idx_col 909
query_origi 231
query_idx 321
deleted_scaled [1.         0.03375549 0.82726094 0.82725813 1.         1.
 1.         0.35780544 0.65581395 0.62954404 1.         0.25879131
 0.86086248 0.86216039 1.         1.         1.         0.31298682
 0.35853659 0.32488191 1.         0.1888167  0.8814356  0.88186459
 1.         1.         1.         0.08405279 0.09653465 0.13379636
 1.         0.         0.83517672 0.82934291 1.         1.
 1.         0.040707   0.         0.03547585]
deleted_not_scaled [1.20000000e+01 1.58599869e-01 1.66021310e+04 4.23769400e+06
 3.84000000e+03 2.16000000e+03 1.00000000e+00 3.03220000e+01
 8.52000000e-01 6.07510000e+01 1.20000000e+01 8.49236209e-01
 1.72638080e+04 4.41306100e+06 3.84000000e+03 2.16000000e+03
 1.00000000e+00 2.41880000e+01 7.34000000e-01 3.01250000e+01
 1.20000000e+01 9.28252873e-01 1.69853070e+04 4.29940600e+06
 3.84000000e+03 2.16000000e+03 1.00000000e+00 1.66870000e+01
 6.30000000e-01 1.21170000e+01 1.20000000e+01 0.00000000e+00
 1.67568400e+04 4.24785900e+06 3.84000000e+03 2.16000000e+03
 1.00000000e+00 1.49790000e+01 5.70000000e-01 3.35300000e+00
 2.10000000e+01]
deleted_idx_col 321
query_origi 777
query_idx 353
deleted_scaled [0.33333333 0.         0.04744466 0.04752331 0.09090909 0.09090909
 0.         0.23252426 0.41627907 0.35815544 0.33333333 0.
 0.03949976 0.03908876 0.09090909 0.09090909 0.         0.09483193
 0.16341463 0.44002761 0.33333333 0.         0.04967018 0.04968226
 0.09090909 0.09090909 0.         0.03964806 0.02227723 0.25649548
 0.33333333 0.         0.03658674 0.03632483 0.09090909 0.09090909
 0.         0.09215823 0.37470726 0.23914723]
deleted_not_scaled [4.000000e+00 0.000000e+00 1.260803e+03 3.222930e+05 6.400000e+02
 3.600000e+02 0.000000e+00 2.447400e+01 7.490000e-01 3.456200e+01
 4.000000e+00 0.000000e+00 1.108879e+03 2.806850e+05 6.400000e+02
 3.600000e+02 0.000000e+00 1.682200e+01 6.540000e-01 4.080200e+01
 4.000000e+00 0.000000e+00 1.260291e+03 3.194840e+05 6.400000e+02
 3.600000e+02 0.000000e+00 1.507200e+01 6.000000e-01 2.322900e+01
 4.000000e+00 0.000000e+00 1.041244e+03 2.643460e+05 6.400000e+02
 3.600000e+02 0.000000e+00 1.667900e+01 7.300000e-01 2.260300e+01
 2.200000e+01]
deleted_idx_col 353
query_origi 543
query_idx 106
deleted_scaled [1.         0.23232535 0.83033836 0.82660254 1.         1.
 1.         0.33996015 0.69767442 0.26689119 1.         0.36934205
 0.82902778 0.82655284 1.         1.         1.         0.33271139
 0.4902439  0.02833078 1.         0.07581307 0.91456992 0.92146387
 1.         1.         1.         0.23194941 0.55693069 0.03692457
 1.         0.         0.77614265 0.77614806 1.         1.
 1.         0.93217518 0.94145199 0.86082632]
deleted_not_scaled [1.20000000e+01 1.09157850e+00 1.66626730e+04 4.23440200e+06
 3.84000000e+03 2.16000000e+03 1.00000000e+00 2.94890000e+01
 8.70000000e-01 2.57550000e+01 1.20000000e+01 1.21201380e+00
 1.66376690e+04 4.23428700e+06 3.84000000e+03 2.16000000e+03
 1.00000000e+00 2.48540000e+01 7.88000000e-01 2.62700000e+00
 1.20000000e+01 3.72709115e-01 1.76117310e+04 4.48879000e+06
 3.84000000e+03 2.16000000e+03 1.00000000e+00 2.20660000e+01
 8.16000000e-01 3.34400000e+00 1.20000000e+01 0.00000000e+00
 1.55950980e+04 3.98064900e+06 3.84000000e+03 2.16000000e+03
 1.00000000e+00 4.44340000e+01 9.72000000e-01 8.13610000e+01
 2.74000000e+02]
deleted_idx_col 106
query_origi 251
query_idx 446
deleted_scaled [1.         0.05228403 0.77909036 0.7748002  1.         1.
 1.         0.06409735 0.31627907 0.03689119 1.         0.01893309
 0.86302813 0.85958943 1.         1.         1.         0.12672886
 0.44390244 0.02388758 1.         0.02964444 0.82830856 0.83371688
 1.         1.         1.         0.41091559 0.80940594 0.38261763
 1.         0.         0.82742965 0.82660742 1.         1.
 1.         0.15910535 0.54332553 0.06210654]
deleted_not_scaled [1.20000000e+01 2.45656023e-01 1.56544710e+04 3.97427900e+06
 3.84000000e+03 2.16000000e+03 1.00000000e+00 1.66120000e+01
 7.06000000e-01 3.56000000e+00 1.20000000e+01 6.21298657e-02
 1.73064030e+04 4.40015300e+06 3.84000000e+03 2.16000000e+03
 1.00000000e+00 1.78990000e+01 7.69000000e-01 2.21500000e+00
 1.20000000e+01 1.45736772e-01 1.59809090e+04 4.06913900e+06
 3.84000000e+03 2.16000000e+03 1.00000000e+00 2.85750000e+01
 9.18000000e-01 3.46510000e+01 1.20000000e+01 0.00000000e+00
 1.66043840e+04 4.23411800e+06 3.84000000e+03 2.16000000e+03
 1.00000000e+00 1.88910000e+01 8.02000000e-01 5.87000000e+00
 2.50000000e+01]
deleted_idx_col 446
query_origi 200
query_idx 540
deleted_scaled [1.         0.         0.84942477 0.84475686 1.         1.
 1.         0.05490692 0.4        0.01918135 1.         0.
 0.81720118 0.81394478 1.         1.         1.         0.82508515
 0.91707317 0.87264629 1.         0.         0.83879974 0.84427682
 1.         1.         1.         0.21817432 0.4950495  0.02219449
 1.         0.         0.80826757 0.80746456 1.         1.
 1.         0.23122787 0.49180328 0.02946622]
deleted_not_scaled [1.2000000e+01 0.0000000e+00 1.7038160e+04 4.3255630e+06 3.8400000e+03
 2.1600000e+03 1.0000000e+00 1.6183000e+01 7.4200000e-01 1.8510000e+00
 1.2000000e+01 0.0000000e+00 1.6405058e+04 4.1709860e+06 3.8400000e+03
 2.1600000e+03 1.0000000e+00 4.1479000e+01 9.6300000e-01 8.0917000e+01
 1.2000000e+01 0.0000000e+00 1.6179251e+04 4.1196420e+06 3.8400000e+03
 2.1600000e+03 1.0000000e+00 2.1565000e+01 7.9100000e-01 2.0100000e+00
 1.2000000e+01 0.0000000e+00 1.6227290e+04 4.1379590e+06 3.8400000e+03
 2.1600000e+03 1.0000000e+00 2.1274000e+01 7.8000000e-01 2.7850000e+00
 1.5300000e+02]
deleted_idx_col 540
query_origi 252
query_idx 315
deleted_scaled [0.41666667 0.         0.07744151 0.07751861 0.18181818 0.17171717
 0.         0.13759935 0.6744186  0.18001036 0.41666667 0.
 0.07802248 0.07724199 0.18181818 0.17171717 0.         0.18217089
 0.6        0.14456571 0.41666667 0.00098186 0.08149002 0.08152034
 0.18181818 0.17171717 0.         0.78265054 0.93564356 0.91193975
 0.41666667 0.         0.07812043 0.07758751 0.18181818 0.17171717
 0.         0.29324173 0.71896956 0.2024758 ]
deleted_not_scaled [5.00000000e+00 0.00000000e+00 1.85093100e+03 4.72913000e+05
 9.60000000e+02 5.20000000e+02 0.00000000e+00 2.00430000e+01
 8.60000000e-01 1.73710000e+01 5.00000000e+00 0.00000000e+00
 1.86656100e+03 4.72240000e+05 9.60000000e+02 5.20000000e+02
 0.00000000e+00 1.97710000e+01 8.33000000e-01 1.34050000e+01
 5.00000000e+00 4.82697461e-03 1.86186400e+03 4.71750000e+05
 9.60000000e+02 5.20000000e+02 0.00000000e+00 4.20950000e+01
 9.69000000e-01 8.25880000e+01 5.00000000e+00 0.00000000e+00
 1.85859300e+03 4.71618000e+05 9.60000000e+02 5.20000000e+02
 0.00000000e+00 2.33230000e+01 8.77000000e-01 1.91370000e+01
 1.95000000e+02]
deleted_idx_col 315
query_origi 869
query_idx 167
deleted_scaled [0.41666667 0.06337857 0.07725928 0.0773822  0.18181818 0.17171717
 0.         0.21819233 0.73255814 0.18036269 0.41666667 0.90235882
 0.07788922 0.07715634 0.18181818 0.17171717 0.         0.24045609
 0.68292683 0.17633673 0.33333333 0.         0.04324652 0.04324506
 0.09090909 0.09090909 0.         0.2537256  0.68564356 0.16940693
 0.25       0.         0.02783083 0.02761629 0.05454545 0.05454545
 0.         0.59698556 0.90163934 0.48559488]
deleted_not_scaled [5.00000000e+00 2.97783617e-01 1.84734600e+03 4.72228000e+05
 9.60000000e+02 5.20000000e+02 0.00000000e+00 2.38050000e+01
 8.85000000e-01 1.74050000e+01 5.00000000e+00 2.96113414e+00
 1.86394000e+03 4.71810000e+05 9.60000000e+02 5.20000000e+02
 0.00000000e+00 2.17390000e+01 8.67000000e-01 1.63510000e+01
 4.00000000e+00 0.00000000e+00 1.13884800e+03 2.88698000e+05
 6.40000000e+02 3.60000000e+02 0.00000000e+00 2.28580000e+01
 8.68000000e-01 1.53420000e+01 3.00000000e+00 0.00000000e+00
 8.68935000e+02 2.20601000e+05 5.12000000e+02 2.88000000e+02
 0.00000000e+00 3.33590000e+01 9.55000000e-01 4.58960000e+01
 2.78000000e+02]
deleted_idx_col 167
query_origi 68
query_idx 114
deleted_scaled [0.33333333 0.61916709 0.04142316 0.04152126 0.09090909 0.09090909
 0.         0.42085306 0.78139535 0.61329534 0.33333333 0.43206846
 0.04270902 0.04230028 0.09090909 0.09090909 0.         0.14941507
 0.43414634 0.24284451 0.25       0.         0.02932112 0.02931326
 0.05454545 0.05454545 0.         0.71176794 0.92574257 0.63295165
 0.16666667 0.         0.01856338 0.01841604 0.05454545 0.05454545
 0.         0.26521594 0.75644028 0.19231868]
deleted_not_scaled [4.00000000e+00 2.90915077e+00 1.14234200e+03 2.92154000e+05
 6.40000000e+02 3.60000000e+02 0.00000000e+00 3.32650000e+01
 9.06000000e-01 5.91830000e+01 4.00000000e+00 1.41785357e+00
 1.17200000e+03 2.96809000e+05 6.40000000e+02 3.60000000e+02
 0.00000000e+00 1.86650000e+01 7.65000000e-01 2.25180000e+01
 3.00000000e+00 0.00000000e+00 8.75580000e+02 2.22069000e+05
 5.12000000e+02 2.88000000e+02 0.00000000e+00 3.95170000e+01
 9.65000000e-01 5.73220000e+01 2.00000000e+00 0.00000000e+00
 6.86559000e+02 1.74386000e+05 5.12000000e+02 2.88000000e+02
 0.00000000e+00 2.23970000e+01 8.93000000e-01 1.81770000e+01
 1.88000000e+02]
deleted_idx_col 114
query_origi 866
query_idx 261
deleted_scaled [1.         0.21411532 0.80511008 0.80671666 1.         1.
 1.         0.18487971 0.6627907  0.06232124 1.         0.19596145
 0.84018052 0.83347521 1.         1.         1.         0.16671109
 0.56829268 0.         1.         0.08632068 0.82742803 0.82949253
 1.         1.         1.         0.11789937 0.52475248 0.00511246
 1.         0.         0.8663427  0.86202347 1.         1.
 1.         0.45007718 0.7704918  0.27804052]
deleted_not_scaled [1.20000000e+01 1.00601883e+00 1.61663570e+04 4.13454600e+06
 3.84000000e+03 2.16000000e+03 1.00000000e+00 2.22500000e+01
 8.55000000e-01 6.01400000e+00 1.20000000e+01 6.43056986e-01
 1.68570260e+04 4.26904200e+06 3.84000000e+03 2.16000000e+03
 1.00000000e+00 1.92490000e+01 8.20000000e-01 0.00000000e+00
 1.20000000e+01 4.24366159e-01 1.59642620e+04 4.04893600e+06
 3.84000000e+03 2.16000000e+03 1.00000000e+00 1.79180000e+01
 8.03000000e-01 4.63000000e-01 1.20000000e+01 0.00000000e+00
 1.73701610e+04 4.41202100e+06 3.84000000e+03 2.16000000e+03
 1.00000000e+00 2.85050000e+01 8.99000000e-01 2.62790000e+01
 6.00000000e+01]
deleted_idx_col 261
query_origi 904
query_idx 464
deleted_scaled [1.         0.         0.83135178 0.82470449 1.         1.
 1.         0.20296065 0.6627907  0.01278756 1.         0.
 0.85695795 0.85140387 1.         1.         1.         0.29047831
 0.62682927 0.03420831 1.         0.         0.83254117 0.8358783
 1.         1.         1.         0.34220511 0.66831683 0.00101587
 1.         0.         0.82969011 0.82679415 1.         1.
 1.         0.44299507 0.81498829 0.3603555 ]
deleted_not_scaled [1.2000000e+01 0.0000000e+00 1.6682610e+04 4.2248710e+06 3.8400000e+03
 2.1600000e+03 1.0000000e+00 2.3094000e+01 8.5500000e-01 1.2340000e+00
 1.2000000e+01 0.0000000e+00 1.7187012e+04 4.3590560e+06 3.8400000e+03
 2.1600000e+03 1.0000000e+00 2.3428000e+01 8.4400000e-01 3.1720000e+00
 1.2000000e+01 0.0000000e+00 1.6060929e+04 4.0794760e+06 3.8400000e+03
 2.1600000e+03 1.0000000e+00 2.6076000e+01 8.6100000e-01 9.2000000e-02
 1.2000000e+01 0.0000000e+00 1.6648868e+04 4.2350560e+06 3.8400000e+03
 2.1600000e+03 1.0000000e+00 2.8271000e+01 9.1800000e-01 3.4059000e+01
 4.6000000e+01]
deleted_idx_col 464
query_origi 259
query_idx 65
deleted_scaled [1.         0.10036835 0.89921788 0.89248847 1.         1.
 1.         0.30009212 0.69302326 0.13670466 1.         0.08248772
 0.84367342 0.83862611 1.         1.         1.         0.37331556
 0.64390244 0.05530272 1.         0.11789518 0.78246899 0.78639196
 1.         1.         1.         0.27957108 0.5990099  0.17665051
 1.         0.         0.90116733 0.89892322 1.         1.
 1.         0.56211979 0.85714286 0.66179971]
deleted_not_scaled [1.20000000e+01 4.71579758e-01 1.80177400e+04 4.56524500e+06
 3.84000000e+03 2.16000000e+03 1.00000000e+00 2.76280000e+01
 8.68000000e-01 1.31920000e+01 1.20000000e+01 2.70687457e-01
 1.69257260e+04 4.29490300e+06 3.84000000e+03 2.16000000e+03
 1.00000000e+00 2.62250000e+01 8.51000000e-01 5.12800000e+00
 1.20000000e+01 5.79591429e-01 1.51142850e+04 3.84280700e+06
 3.84000000e+03 2.16000000e+03 1.00000000e+00 2.37980000e+01
 8.33000000e-01 1.59980000e+01 1.20000000e+01 0.00000000e+00
 1.80554810e+04 4.59737700e+06 3.84000000e+03 2.16000000e+03
 1.00000000e+00 3.22070000e+01 9.36000000e-01 6.25500000e+01
 6.90000000e+01]
deleted_idx_col 65
query_origi 794
query_idx 88
deleted_scaled [1.         0.16474283 0.82621647 0.82662644 1.         1.
 1.         0.18258746 0.44651163 0.06363731 1.         0.27903625
 0.82501699 0.82667673 1.         1.         1.         0.62197542
 0.72439024 0.36148437 1.         0.14736696 0.9355909  0.93652415
 1.         1.         1.         0.39703052 0.66831683 0.11043141
 1.         0.         0.85772197 0.85216109 1.         1.
 1.         0.4495324  0.67447307 0.04942073]
deleted_not_scaled [1.20000000e+01 7.74042656e-01 1.65815830e+04 4.23452200e+06
 3.84000000e+03 2.16000000e+03 1.00000000e+00 2.21430000e+01
 7.62000000e-01 6.14100000e+00 1.20000000e+01 9.15670966e-01
 1.65587830e+04 4.23490900e+06 3.84000000e+03 2.16000000e+03
 1.00000000e+00 3.46210000e+01 8.84000000e-01 3.35190000e+01
 1.20000000e+01 7.24479396e-01 1.80091450e+04 4.56081600e+06
 3.84000000e+03 2.16000000e+03 1.00000000e+00 2.80700000e+01
 8.61000000e-01 1.00010000e+01 1.20000000e+01 0.00000000e+00
 1.72005120e+04 4.36248000e+06 3.84000000e+03 2.16000000e+03
 1.00000000e+00 2.84870000e+01 8.58000000e-01 4.67100000e+00
 1.57000000e+02]
deleted_idx_col 88
query_origi 690
query_idx 423
deleted_scaled [1.         0.30732055 0.81399164 0.81480217 1.         1.
 1.         0.10370831 0.40232558 0.02178238 1.         0.17325371
 0.96066848 0.95205446 1.         1.         1.         0.8314823
 0.8804878  0.97667321 1.         0.06623682 0.83879895 0.84004724
 1.         1.         1.         0.07896618 0.50247525 0.11970672
 1.         0.         0.73262966 0.72823488 1.         1.
 1.         0.19878333 0.31147541 0.02644025]
deleted_not_scaled [1.20000000e+01 1.44394272e+00 1.63410840e+04 4.17514700e+06
 3.84000000e+03 2.16000000e+03 1.00000000e+00 1.84610000e+01
 7.43000000e-01 2.10200000e+00 1.20000000e+01 5.68540445e-01
 1.92268370e+04 4.86439000e+06 3.84000000e+03 2.16000000e+03
 1.00000000e+00 4.16950000e+01 9.48000000e-01 9.05630000e+01
 1.20000000e+01 3.25630708e-01 1.61792360e+04 4.09941400e+06
 3.84000000e+03 2.16000000e+03 1.00000000e+00 1.65020000e+01
 7.94000000e-01 1.08410000e+01 1.20000000e+01 0.00000000e+00
 1.47387980e+04 3.73997000e+06 3.84000000e+03 2.16000000e+03
 1.00000000e+00 2.02020000e+01 7.03000000e-01 2.49900000e+00
 2.40000000e+02]
deleted_idx_col 423
query_origi 752
query_idx 135
deleted_scaled [1.         0.15111774 0.8252157  0.82026553 1.         1.
 1.         0.08642002 0.61162791 0.00251813 1.         0.23268084
 0.83769766 0.83394129 1.         1.         1.         0.04883755
 0.48780488 0.04706339 1.         0.07709434 0.89627142 0.90167364
 1.         1.         1.         0.0719824  0.39108911 0.05291344
 1.         0.         0.75020849 0.74908839 1.         1.
 1.         0.2899428  0.35362998 0.15048405]
deleted_not_scaled [1.20000000e+01 7.10025309e-01 1.65618950e+04 4.20258100e+06
 3.84000000e+03 2.16000000e+03 1.00000000e+00 1.76540000e+01
 8.33000000e-01 2.43000000e-01 1.20000000e+01 7.63553437e-01
 1.68081920e+04 4.27138200e+06 3.84000000e+03 2.16000000e+03
 1.00000000e+00 1.52690000e+01 7.87000000e-01 4.36400000e+00
 1.20000000e+01 3.79008021e-01 1.72657870e+04 4.39414300e+06
 3.84000000e+03 2.16000000e+03 1.00000000e+00 1.62480000e+01
 7.49000000e-01 4.79200000e+00 1.20000000e+01 0.00000000e+00
 1.50847350e+04 3.84472200e+06 3.84000000e+03 2.16000000e+03
 1.00000000e+00 2.32140000e+01 7.21000000e-01 1.42230000e+01
 2.28000000e+02]
deleted_idx_col 135
query_origi 536
query_idx 515
deleted_scaled [1.         0.         0.89259179 0.88769205 1.         1.
 1.         0.19329891 0.71162791 0.00132642 1.         0.
 0.84314191 0.83978233 1.         1.         1.         0.29930401
 0.73170732 0.01861398 1.         0.         0.87479433 0.88050715
 1.         1.         1.         0.16326643 0.57178218 0.00889988
 1.         0.         0.75618964 0.75543888 1.         1.
 1.         0.18265186 0.59484778 0.05513411]
deleted_not_scaled [1.2000000e+01 0.0000000e+00 1.7887385e+04 4.5411600e+06 3.8400000e+03
 2.1600000e+03 1.0000000e+00 2.2643000e+01 8.7600000e-01 1.2800000e-01
 1.2000000e+01 0.0000000e+00 1.6915272e+04 4.3007080e+06 3.8400000e+03
 2.1600000e+03 1.0000000e+00 2.3726000e+01 8.8700000e-01 1.7260000e+00
 1.2000000e+01 0.0000000e+00 1.6859750e+04 4.2929140e+06 3.8400000e+03
 2.1600000e+03 1.0000000e+00 1.9568000e+01 8.2200000e-01 8.0600000e-01
 1.2000000e+01 0.0000000e+00 1.5202439e+04 3.8766220e+06 3.8400000e+03
 2.1600000e+03 1.0000000e+00 1.9669000e+01 8.2400000e-01 5.2110000e+00
 2.6600000e+02]
deleted_idx_col 515
query_origi 747
query_idx 576
deleted_scaled [1.         0.06115029 0.89878098 0.89160645 1.         1.
 1.         0.30956104 0.67674419 0.10363731 1.         0.
 0.85764433 0.85208585 1.         1.         1.         0.44030801
 0.66097561 0.05037422 1.         0.03807429 0.7701391  0.77322169
 1.         1.         1.         0.26510861 0.43564356 0.10487727
 1.         0.         0.82951134 0.82661598 1.         1.
 1.         0.39329923 0.66510539 0.05872084]
deleted_not_scaled [1.20000000e+01 2.87314052e-01 1.80091450e+04 4.56081600e+06
 3.84000000e+03 2.16000000e+03 1.00000000e+00 2.80700000e+01
 8.61000000e-01 1.00010000e+01 1.20000000e+01 0.00000000e+00
 1.72005120e+04 4.36248000e+06 3.84000000e+03 2.16000000e+03
 1.00000000e+00 2.84870000e+01 8.58000000e-01 4.67100000e+00
 1.20000000e+01 1.87179246e-01 1.48811810e+04 3.77982000e+06
 3.84000000e+03 2.16000000e+03 1.00000000e+00 2.32720000e+01
 7.67000000e-01 9.49800000e+00 1.20000000e+01 0.00000000e+00
 1.66453500e+04 4.23416100e+06 3.84000000e+03 2.16000000e+03
 1.00000000e+00 2.66290000e+01 8.54000000e-01 5.55000000e+00
 1.59000000e+02]
deleted_idx_col 576
query_origi 138
query_idx 52
deleted_scaled [1.00000000e+00 1.33997678e-01 8.20943503e-01 8.20530396e-01
 1.00000000e+00 1.00000000e+00 1.00000000e+00 1.51202896e-01
 6.23255814e-01 5.07772021e-04 1.00000000e+00 1.71989494e-01
 8.31558079e-01 8.32399263e-01 1.00000000e+00 1.00000000e+00
 1.00000000e+00 1.89930401e-01 6.46341463e-01 2.04904773e-04
 1.00000000e+00 1.81686901e-01 8.62479351e-01 8.62462028e-01
 1.00000000e+00 1.00000000e+00 1.00000000e+00 1.70030245e-01
 5.81683168e-01 2.67658978e-02 1.00000000e+00 0.00000000e+00
 8.90061578e-01 8.83406318e-01 1.00000000e+00 1.00000000e+00
 1.00000000e+00 9.39287552e-01 9.50819672e-01 9.72268952e-01]
deleted_not_scaled [1.20000000e+01 6.29586836e-01 1.64778480e+04 4.20391100e+06
 3.84000000e+03 2.16000000e+03 1.00000000e+00 2.06780000e+01
 8.38000000e-01 4.90000000e-02 1.20000000e+01 5.64391847e-01
 1.66874360e+04 4.26364000e+06 3.84000000e+03 2.16000000e+03
 1.00000000e+00 2.00330000e+01 8.52000000e-01 1.90000000e-02
 1.20000000e+01 8.93201655e-01 1.66269280e+04 4.20661300e+06
 3.84000000e+03 2.16000000e+03 1.00000000e+00 1.98140000e+01
 8.26000000e-01 2.42400000e+00 1.20000000e+01 0.00000000e+00
 1.78369290e+04 4.51943200e+06 3.84000000e+03 2.16000000e+03
 1.00000000e+00 4.46690000e+01 9.76000000e-01 9.18940000e+01
 1.94000000e+02]
deleted_idx_col 52
