query_origi 8
query_idx 12
deleted_scaled [1.66666667e-01 0.00000000e+00 1.81388678e-02 1.81228457e-02
 5.45454545e-02 5.45454545e-02 0.00000000e+00 5.45834315e-01
 8.81395349e-01 5.06466321e-01 8.33333333e-02 4.45394773e-01
 8.67475709e-03 8.77252386e-03 1.81818182e-02 1.81818182e-02
 0.00000000e+00 3.05641937e-01 7.53658537e-01 0.00000000e+00
 8.33333333e-02 0.00000000e+00 1.12787805e-02 1.11681894e-02
 1.81818182e-02 1.81818182e-02 0.00000000e+00 2.25570525e-01
 7.10396040e-01 0.00000000e+00 0.00000000e+00 0.00000000e+00
 1.92873890e-03 1.82750903e-03 0.00000000e+00 0.00000000e+00
 0.00000000e+00 2.79561757e-01 7.21311475e-01 2.11606623e-05]
deleted_not_scaled [2.00000000e+00 0.00000000e+00 6.84270000e+02 1.74660000e+05
 5.12000000e+02 2.88000000e+02 0.00000000e+00 3.90990000e+01
 9.49000000e-01 4.88740000e+01 1.00000000e+00 1.46158451e+00
 5.02599000e+02 1.28477000e+05 3.84000000e+02 2.16000000e+02
 0.00000000e+00 2.39400000e+01 8.96000000e-01 0.00000000e+00
 1.00000000e+00 0.00000000e+00 5.34479000e+02 1.35290000e+05
 3.84000000e+02 2.16000000e+02 0.00000000e+00 2.18340000e+01
 8.78000000e-01 0.00000000e+00 0.00000000e+00 0.00000000e+00
 3.59203000e+02 9.10580000e+04 3.20000000e+02 1.80000000e+02
 0.00000000e+00 2.28710000e+01 8.78000000e-01 2.00000000e-03
 2.77000000e+02]
deleted_idx_col 12
query_origi 634
query_idx 96
deleted_scaled [1.         0.06823407 0.83214581 0.82673936 1.         1.
 1.         0.31262452 0.58372093 0.07807254 1.         0.16071157
 0.83067575 0.82653571 1.         1.         1.         0.36306827
 0.48292683 0.00786187 1.         0.13351528 0.86354877 0.86831774
 1.         1.         1.         0.15515535 0.34405941 0.07892848
 1.         0.         0.8283464  0.82669601 1.         1.
 1.         0.25550074 0.54098361 0.13796752]
deleted_not_scaled [1.20000000e+01 3.20597144e-01 1.66982310e+04 4.23508900e+06
 3.84000000e+03 2.16000000e+03 1.00000000e+00 2.82130000e+01
 8.21000000e-01 7.53400000e+00 1.20000000e+01 5.27382807e-01
 1.66700820e+04 4.23420100e+06 3.84000000e+03 2.16000000e+03
 1.00000000e+00 2.58790000e+01 7.85000000e-01 7.29000000e-01
 1.20000000e+01 6.56382343e-01 1.66471460e+04 4.23461800e+06
 3.84000000e+03 2.16000000e+03 1.00000000e+00 1.92730000e+01
 7.30000000e-01 7.14800000e+00 1.20000000e+01 0.00000000e+00
 1.66224250e+04 4.23456300e+06 3.84000000e+03 2.16000000e+03
 1.00000000e+00 2.20760000e+01 8.01000000e-01 1.30400000e+01
 7.70000000e+01]
deleted_idx_col 96
query_origi 424
query_idx 447
deleted_scaled [0.41666667 0.         0.07626492 0.07624986 0.18181818 0.17171717
 0.         0.05998415 0.26976744 0.00592746 0.41666667 0.
 0.07720106 0.07739535 0.18181818 0.17171717 0.         0.18311861
 0.26829268 0.01847378 0.5        0.         0.11298563 0.11293814
 0.27272727 0.27272727 0.         0.10478416 0.43811881 0.22693595
 0.58333333 0.         0.14092483 0.13986735 0.27272727 0.27272727
 0.         0.20120456 0.70257611 0.13476168]
deleted_not_scaled [5.000000e+00 0.000000e+00 1.827784e+03 4.665420e+05 9.600000e+02
 5.200000e+02 0.000000e+00 1.642000e+01 6.860000e-01 5.720000e-01
 5.000000e+00 0.000000e+00 1.850405e+03 4.730100e+05 9.600000e+02
 5.200000e+02 0.000000e+00 1.980300e+01 6.970000e-01 1.713000e+00
 6.000000e+00 0.000000e+00 2.457307e+03 6.220060e+05 1.280000e+03
 7.200000e+02 0.000000e+00 1.744100e+01 7.680000e-01 2.055200e+01
 7.000000e+00 0.000000e+00 3.094532e+03 7.844640e+05 1.280000e+03
 7.200000e+02 0.000000e+00 2.028200e+01 8.700000e-01 1.273700e+01
 1.490000e+02]
deleted_idx_col 447
query_origi 830
query_idx 565
deleted_scaled [0.25       0.         0.03174126 0.03160699 0.05454545 0.05454545
 0.         0.12817327 0.60930233 0.16746114 0.16666667 0.
 0.01596186 0.01598948 0.05454545 0.05454545 0.         0.18122316
 0.60487805 0.19491836 0.25       0.         0.02733086 0.02764635
 0.05454545 0.05454545 0.         0.17970855 0.63118812 0.1939313
 0.25       0.         0.02889511 0.02902912 0.05454545 0.05454545
 0.         0.30292667 0.67213115 0.24516743]
deleted_not_scaled [3.00000e+00 0.00000e+00 9.51870e+02 2.42370e+05 5.12000e+02 2.88000e+02
 0.00000e+00 1.96030e+01 8.32000e-01 1.61600e+01 2.00000e+00 0.00000e+00
 6.45925e+02 1.64711e+05 5.12000e+02 2.88000e+02 0.00000e+00 1.97390e+01
 8.35000e-01 1.80740e+01 3.00000e+00 0.00000e+00 8.37953e+02 2.14097e+05
 5.12000e+02 2.88000e+02 0.00000e+00 2.01660e+01 8.46000e-01 1.75630e+01
 3.00000e+00 0.00000e+00 8.89879e+02 2.27698e+05 5.12000e+02 2.88000e+02
 0.00000e+00 2.36430e+01 8.57000e-01 2.31720e+01 2.68000e+02]
deleted_idx_col 565
query_origi 194
query_idx 519
deleted_scaled [0.5        0.         0.0916337  0.09183101 0.27272727 0.27272727
 0.         0.18554382 0.67674419 0.27235233 0.5        0.
 0.10792759 0.10700392 0.27272727 0.27272727 0.         0.16700726
 0.58292683 0.20474301 0.5        0.         0.11314966 0.11335946
 0.27272727 0.27272727 0.         0.11811933 0.53712871 0.25097446
 0.5        0.         0.10757425 0.10698891 0.27272727 0.27272727
 0.         0.45143912 0.78220141 0.49192192]
deleted_not_scaled [6.000000e+00 0.000000e+00 2.130134e+03 5.447820e+05 1.280000e+03
 7.200000e+02 0.000000e+00 2.228100e+01 8.610000e-01 2.628200e+01
 6.000000e+00 0.000000e+00 2.454748e+03 6.216650e+05 1.280000e+03
 7.200000e+02 0.000000e+00 1.925900e+01 8.260000e-01 1.898500e+01
 6.000000e+00 0.000000e+00 2.460408e+03 6.240210e+05 1.280000e+03
 7.200000e+02 0.000000e+00 1.792600e+01 8.080000e-01 2.272900e+01
 6.000000e+00 0.000000e+00 2.438220e+03 6.193080e+05 1.280000e+03
 7.200000e+02 0.000000e+00 2.855000e+01 9.040000e-01 4.649400e+01
 6.000000e+01]
deleted_idx_col 519
query_origi 90
query_idx 753
deleted_scaled [0.16666667 0.         0.01814822 0.01809815 0.05454545 0.05454545
 0.         0.0458236  0.21395349 0.38260104 0.16666667 0.
 0.01781152 0.01790516 0.05454545 0.05454545 0.         0.58735377
 0.78292683 0.51133447 0.25       0.1072546  0.02864079 0.02903704
 0.05454545 0.05454545 0.         0.09747044 0.13861386 0.3198326
 0.16666667 0.         0.02132192 0.0210504  0.05454545 0.05454545
 0.         0.08849611 0.26932084 0.28936148]
deleted_not_scaled [2.00000000e+00 0.00000000e+00 6.84454000e+02 1.74536000e+05
 5.12000000e+02 2.88000000e+02 0.00000000e+00 1.57590000e+01
 6.62000000e-01 3.69210000e+01 2.00000000e+00 0.00000000e+00
 6.82305000e+02 1.74329000e+05 5.12000000e+02 2.88000000e+02
 0.00000000e+00 3.34520000e+01 9.08000000e-01 4.74140000e+01
 3.00000000e+00 5.27280643e-01 8.62718000e+02 2.20748000e+05
 5.12000000e+02 2.88000000e+02 0.00000000e+00 1.71750000e+01
 6.47000000e-01 2.89650000e+01 2.00000000e+00 0.00000000e+00
 7.40845000e+02 1.87619000e+05 5.12000000e+02 2.88000000e+02
 0.00000000e+00 1.65580000e+01 6.85000000e-01 2.73490000e+01
 1.41000000e+02]
deleted_idx_col 753
query_origi 507
query_idx 520
deleted_scaled [0.16666667 0.         0.01820551 0.01812125 0.05454545 0.05454545
 0.         0.14927483 0.26976744 0.27471503 0.25       0.
 0.02923576 0.02927215 0.05454545 0.05454545 0.         0.04309196
 0.23170732 0.40155943 0.25       0.         0.02695838 0.02727019
 0.05454545 0.05454545 0.         0.13112455 0.43069307 0.19242958
 0.25       0.         0.03242193 0.03201545 0.05454545 0.05454545
 0.         0.68790291 0.82669789 0.58768449]
deleted_not_scaled [2.00000e+00 0.00000e+00 6.85581e+02 1.74652e+05 5.12000e+02 2.88000e+02
 0.00000e+00 2.05880e+01 6.86000e-01 2.65100e+01 3.00000e+00 0.00000e+00
 9.07002e+02 2.31399e+05 5.12000e+02 2.88000e+02 0.00000e+00 1.50750e+01
 6.82000e-01 3.72350e+01 3.00000e+00 0.00000e+00 8.30911e+02 2.12298e+05
 5.12000e+02 2.88000e+02 0.00000e+00 1.83990e+01 7.65000e-01 1.74270e+01
 3.00000e+00 0.00000e+00 9.59284e+02 2.42699e+05 5.12000e+02 2.88000e+02
 0.00000e+00 3.63630e+01 9.23000e-01 5.55450e+01 2.38000e+02]
deleted_idx_col 520
query_origi 939
query_idx 965
deleted_scaled [0.58333333 0.         0.1406007  0.13966259 0.27272727 0.27272727
 0.         0.19259196 0.4627907  0.22415544 0.58333333 0.
 0.13998004 0.139341   0.27272727 0.27272727 0.         0.6931734
 0.86585366 0.76803701 0.58333333 0.         0.14599449 0.14685337
 0.27272727 0.27272727 0.         0.17629915 0.4950495  0.31979948
 0.58333333 0.         0.1399728  0.13976383 0.27272727 0.27272727
 0.         0.20417058 0.46604215 0.33129133]
deleted_not_scaled [7.000000e+00 0.000000e+00 3.093462e+03 7.849660e+05 1.280000e+03
 7.200000e+02 0.000000e+00 2.261000e+01 7.690000e-01 2.163100e+01
 7.000000e+00 0.000000e+00 3.085170e+03 7.840190e+05 1.280000e+03
 7.200000e+02 0.000000e+00 3.702500e+01 9.420000e-01 7.121700e+01
 7.000000e+00 0.000000e+00 3.081359e+03 7.842060e+05 1.280000e+03
 7.200000e+02 0.000000e+00 2.004200e+01 7.910000e-01 2.896200e+01
 7.000000e+00 0.000000e+00 3.075797e+03 7.839440e+05 1.280000e+03
 7.200000e+02 0.000000e+00 2.038000e+01 7.690000e-01 3.131200e+01
 8.500000e+01]
deleted_idx_col 965
query_origi 707
query_idx 787
deleted_scaled [0.41666667 0.         0.07723066 0.07739953 0.18181818 0.17171717
 0.         0.55843099 0.88139535 0.85380311 0.5        0.
 0.1079645  0.10704057 0.27272727 0.27272727 0.         0.45262846
 0.56829268 0.42710782 0.5        0.         0.11274983 0.11295863
 0.27272727 0.27272727 0.         0.22680781 0.11138614 0.36018021
 0.5        0.         0.10809861 0.10751068 0.27272727 0.27272727
 0.         0.24953845 0.15456674 0.32557795]
deleted_not_scaled [5.000000e+00 0.000000e+00 1.846783e+03 4.723150e+05 9.600000e+02
 5.200000e+02 0.000000e+00 3.968700e+01 9.490000e-01 8.239200e+01
 6.000000e+00 0.000000e+00 2.455474e+03 6.218490e+05 1.280000e+03
 7.200000e+02 0.000000e+00 2.890300e+01 8.200000e-01 3.960400e+01
 6.000000e+00 0.000000e+00 2.452849e+03 6.221040e+05 1.280000e+03
 7.200000e+02 0.000000e+00 2.187900e+01 6.360000e-01 3.261900e+01
 6.000000e+00 0.000000e+00 2.448539e+03 6.219290e+05 1.280000e+03
 7.200000e+02 0.000000e+00 2.187900e+01 6.360000e-01 3.077200e+01
 9.000000e+01]
deleted_idx_col 787
query_origi 731
query_idx 630
deleted_scaled [1.         0.         0.8275702  0.82674055 1.         1.
 1.         0.27228518 0.58372093 0.22115026 1.         0.
 0.90362401 0.90408065 1.         1.         1.         0.12287872
 0.36097561 0.11227703 1.         0.         0.85407914 0.86353009
 1.         1.         1.         0.22760517 0.58415842 0.0165741
 1.         0.         0.75991337 0.75383712 1.         1.
 1.         0.2296238  0.36065574 0.06032905]
deleted_not_scaled [1.2000000e+01 0.0000000e+00 1.6608215e+04 4.2350950e+06 3.8400000e+03
 2.1600000e+03 1.0000000e+00 2.6330000e+01 8.2100000e-01 2.1341000e+01
 1.2000000e+01 0.0000000e+00 1.8104861e+04 4.6235290e+06 3.8400000e+03
 2.1600000e+03 1.0000000e+00 1.7769000e+01 7.3500000e-01 1.0411000e+01
 1.2000000e+01 0.0000000e+00 1.6468117e+04 4.2117210e+06 3.8400000e+03
 2.1600000e+03 1.0000000e+00 2.1908000e+01 8.2700000e-01 1.5010000e+00
 1.2000000e+01 0.0000000e+00 1.5275719e+04 3.8685760e+06 3.8400000e+03
 2.1600000e+03 1.0000000e+00 2.1221000e+01 7.2400000e-01 5.7020000e+00
 2.8400000e+02]
deleted_idx_col 630
query_origi 731
query_idx 775
deleted_scaled [0.25       0.         0.02576206 0.02551772 0.05454545 0.05454545
 0.         0.24842006 0.73953488 0.12557513 0.33333333 0.
 0.04256803 0.0423933  0.09090909 0.09090909 0.         0.3805716
 0.76585366 0.25173091 0.33333333 0.         0.04485181 0.04512879
 0.09090909 0.09090909 0.         0.21710201 0.67574257 0.23368263
 0.33333333 0.         0.04284411 0.0428091  0.09090909 0.09090909
 0.         0.16385703 0.70725995 0.1507803 ]
deleted_not_scaled [3.000000e+00 0.000000e+00 8.342410e+02 2.117930e+05 5.120000e+02
 2.880000e+02 0.000000e+00 2.521600e+01 8.880000e-01 1.211800e+01
 4.000000e+00 0.000000e+00 1.169227e+03 2.972760e+05 6.400000e+02
 3.600000e+02 0.000000e+00 2.647000e+01 9.010000e-01 2.334200e+01
 4.000000e+00 0.000000e+00 1.169197e+03 2.977070e+05 6.400000e+02
 3.600000e+02 0.000000e+00 2.152600e+01 8.640000e-01 2.116300e+01
 4.000000e+00 0.000000e+00 1.164384e+03 2.969180e+05 6.400000e+02
 3.600000e+02 0.000000e+00 1.904800e+01 8.720000e-01 1.425100e+01
 1.680000e+02]
deleted_idx_col 775
query_origi 753
query_idx 405
deleted_scaled [0.83333333 0.         0.39612646 0.39348878 0.63636364 0.63636364
 0.         0.05392146 0.43488372 0.0180829  0.83333333 0.
 0.41400457 0.41193019 0.63636364 0.63636364 0.         0.78208204
 0.87073171 0.9328128  0.83333333 0.         0.41192171 0.41417899
 0.63636364 0.63636364 0.         0.16037943 0.70049505 0.11110498
 0.83333333 0.         0.39342203 0.39263394 0.63636364 0.63636364
 0.         0.22420629 0.70023419 0.00849601]
deleted_not_scaled [1.000000e+01 0.000000e+00 8.120421e+03 2.059542e+06 2.560000e+03
 1.440000e+03 0.000000e+00 1.613700e+01 7.570000e-01 1.745000e+00
 1.000000e+01 0.000000e+00 8.474807e+03 2.152601e+06 2.560000e+03
 1.440000e+03 0.000000e+00 4.002700e+01 9.440000e-01 8.649600e+01
 1.000000e+01 0.000000e+00 8.108870e+03 2.062694e+06 2.560000e+03
 1.440000e+03 0.000000e+00 1.946300e+01 8.740000e-01 1.006200e+01
 1.000000e+01 0.000000e+00 8.063470e+03 2.054169e+06 2.560000e+03
 1.440000e+03 0.000000e+00 2.104200e+01 8.690000e-01 8.030000e-01
 2.200000e+02]
deleted_idx_col 405
query_origi 877
query_idx 437
deleted_scaled [0.91666667 0.         0.56423791 0.56366187 1.         1.
 0.         0.13397888 0.55116279 0.00568912 0.91666667 0.
 0.56739798 0.5677104  1.         1.         0.         0.44116689
 0.7902439  0.14615103 1.         0.         0.85729083 0.86677712
 1.         1.         1.         0.27613418 0.67079208 0.00986054
 1.         0.         0.83732691 0.83064227 1.         1.
 1.         0.18095699 0.57845433 0.        ]
deleted_not_scaled [1.1000000e+01 0.0000000e+00 1.1427678e+04 2.9140580e+06 3.8400000e+03
 2.1600000e+03 0.0000000e+00 1.9874000e+01 8.0700000e-01 5.4900000e-01
 1.1000000e+01 0.0000000e+00 1.1491817e+04 2.9347230e+06 3.8400000e+03
 2.1600000e+03 0.0000000e+00 2.8516000e+01 9.1100000e-01 1.3552000e+01
 1.2000000e+01 0.0000000e+00 1.6528836e+04 4.2272500e+06 3.8400000e+03
 2.1600000e+03 1.0000000e+00 2.3673000e+01 8.6200000e-01 8.9300000e-01
 1.2000000e+01 0.0000000e+00 1.6799154e+04 4.2543860e+06 3.8400000e+03
 2.1600000e+03 1.0000000e+00 1.9613000e+01 8.1700000e-01 0.0000000e+00
 2.0100000e+02]
deleted_idx_col 437
query_origi 297
query_idx 108
deleted_scaled [1.         0.47907371 0.85437287 0.85095805 1.         1.
 1.         0.10848561 0.57906977 0.05373057 1.         0.41945903
 0.73161943 0.72980312 1.         1.         1.         0.18071968
 0.52926829 0.02476112 1.         0.10424979 0.88406366 0.89117288
 1.         1.         1.         0.78792961 0.92821782 0.82047856
 1.         0.         0.83258098 0.83300071 1.         1.
 1.         0.34690233 0.79391101 0.07625245]
deleted_not_scaled [1.20000000e+01 2.25092335e+00 1.71355040e+04 4.35670200e+06
 3.84000000e+03 2.16000000e+03 1.00000000e+00 1.86840000e+01
 8.19000000e-01 5.18500000e+00 1.20000000e+01 1.37647510e+00
 1.47217980e+04 3.74853800e+06 3.84000000e+03 2.16000000e+03
 1.00000000e+00 1.97220000e+01 8.04000000e-01 2.29600000e+00
 1.20000000e+01 5.12508516e-01 1.70349920e+04 4.34392300e+06
 3.84000000e+03 2.16000000e+03 1.00000000e+00 4.22870000e+01
 9.66000000e-01 7.43050000e+01 1.20000000e+01 0.00000000e+00
 1.67057580e+04 4.26623300e+06 3.84000000e+03 2.16000000e+03
 1.00000000e+00 2.50960000e+01 9.09000000e-01 7.20700000e+00
 1.84000000e+02]
deleted_idx_col 108
query_origi 281
query_idx 111
deleted_scaled [1.         0.07833125 0.83252841 0.83294155 1.         1.
 1.         0.24584931 0.78837209 0.07468394 1.         0.18551408
 0.78047011 0.78204529 1.         1.         1.         0.73490301
 0.80731707 0.79312167 1.         0.1099702  0.86740816 0.86826546
 1.         1.         1.         0.14162772 0.3960396  0.03271756
 1.         0.         0.86940528 0.86376975 1.         1.
 1.         0.97085439 0.96252927 0.94812464]
deleted_not_scaled [1.20000000e+01 3.68038646e-01 1.67057580e+04 4.26623300e+06
 3.84000000e+03 2.16000000e+03 1.00000000e+00 2.50960000e+01
 9.09000000e-01 7.20700000e+00 1.20000000e+01 6.08773441e-01
 1.56826150e+04 4.01082900e+06 3.84000000e+03 2.16000000e+03
 1.00000000e+00 3.84340000e+01 9.18000000e-01 7.35430000e+01
 1.20000000e+01 5.40630960e-01 1.67201100e+04 4.23436800e+06
 3.84000000e+03 2.16000000e+03 1.00000000e+00 1.87810000e+01
 7.51000000e-01 2.96300000e+00 1.20000000e+01 0.00000000e+00
 1.74304300e+04 4.42079300e+06 3.84000000e+03 2.16000000e+03
 1.00000000e+00 4.57120000e+01 9.81000000e-01 8.96120000e+01
 1.87000000e+02]
deleted_idx_col 111
query_origi 349
query_idx 728
deleted_scaled [1.         0.14989766 0.82726094 0.82725813 1.         1.
 1.         0.35780544 0.65581395 0.62954404 1.         0.20043295
 0.86086248 0.86216039 1.         1.         1.         0.31298682
 0.35853659 0.32488191 1.         0.20890517 0.8814356  0.88186459
 1.         1.         1.         0.08405279 0.09653465 0.13379636
 1.         0.         0.83517672 0.82934291 1.         1.
 1.         0.040707   0.         0.03547585]
deleted_not_scaled [1.20000000e+01 7.04292735e-01 1.66021310e+04 4.23769400e+06
 3.84000000e+03 2.16000000e+03 1.00000000e+00 3.03220000e+01
 8.52000000e-01 6.07510000e+01 1.20000000e+01 6.57730426e-01
 1.72638080e+04 4.41306100e+06 3.84000000e+03 2.16000000e+03
 1.00000000e+00 2.41880000e+01 7.34000000e-01 3.01250000e+01
 1.20000000e+01 1.02701098e+00 1.69853070e+04 4.29940600e+06
 3.84000000e+03 2.16000000e+03 1.00000000e+00 1.66870000e+01
 6.30000000e-01 1.21170000e+01 1.20000000e+01 0.00000000e+00
 1.67568400e+04 4.24785900e+06 3.84000000e+03 2.16000000e+03
 1.00000000e+00 1.49790000e+01 5.70000000e-01 3.35300000e+00
 2.10000000e+01]
deleted_idx_col 728
query_origi 952
query_idx 137
deleted_scaled [1.00000000e+00 8.70172709e-02 8.06616356e-01 8.00565653e-01
 1.00000000e+00 1.00000000e+00 1.00000000e+00 9.60817498e-02
 5.09302326e-01 4.35233161e-04 1.00000000e+00 1.00000000e+00
 8.51369048e-01 8.46276079e-01 1.00000000e+00 1.00000000e+00
 1.00000000e+00 2.44069303e-01 6.07317073e-01 6.25498781e-04
 1.00000000e+00 6.34026088e-02 9.12655992e-01 9.16779299e-01
 1.00000000e+00 1.00000000e+00 1.00000000e+00 2.52213363e-01
 7.15346535e-01 0.00000000e+00 1.00000000e+00 0.00000000e+00
 8.70025326e-01 8.67424174e-01 1.00000000e+00 1.00000000e+00
 1.00000000e+00 2.02263854e-01 6.04215457e-01 1.98487013e-02]
deleted_not_scaled [1.20000000e+01 4.08849832e-01 1.61959900e+04 4.10365900e+06
 3.84000000e+03 2.16000000e+03 1.00000000e+00 1.81050000e+01
 7.89000000e-01 4.20000000e-02 1.20000000e+01 3.28154840e+00
 1.70770870e+04 4.33331100e+06 3.84000000e+03 2.16000000e+03
 1.00000000e+00 2.18610000e+01 8.36000000e-01 5.80000000e-02
 1.20000000e+01 3.11697293e-01 1.75755470e+04 4.46638600e+06
 3.84000000e+03 2.16000000e+03 1.00000000e+00 2.28030000e+01
 8.80000000e-01 0.00000000e+00 1.20000000e+01 0.00000000e+00
 1.74426320e+04 4.43915000e+06 3.84000000e+03 2.16000000e+03
 1.00000000e+00 2.03170000e+01 8.28000000e-01 1.87600000e+00
 2.12000000e+02]
deleted_idx_col 137
query_origi 706
query_idx 937
deleted_scaled [1.         0.19801307 0.72096334 0.7209588  1.         1.
 1.         0.05917008 0.24883721 0.01054922 1.         0.39102491
 0.82556096 0.82680918 1.         1.         1.         0.17698801
 0.23658537 0.04075448 1.         0.27041276 0.90999868 0.91044539
 1.         1.         1.         0.10387682 0.41831683 0.01946711
 1.         0.         0.82895624 0.82316521 1.         1.
 1.         0.20096244 0.69789227 0.        ]
deleted_not_scaled [1.20000000e+01 9.30362564e-01 1.45109380e+04 3.70391700e+06
 3.84000000e+03 2.16000000e+03 1.00000000e+00 1.63820000e+01
 6.77000000e-01 1.01800000e+00 1.20000000e+01 1.28316717e+00
 1.65694820e+04 4.23557400e+06 3.84000000e+03 2.16000000e+03
 1.00000000e+00 1.95960000e+01 6.84000000e-01 3.77900000e+00
 1.20000000e+01 1.32939207e+00 1.75253090e+04 4.43609400e+06
 3.84000000e+03 2.16000000e+03 1.00000000e+00 1.74080000e+01
 7.60000000e-01 1.76300000e+00 1.20000000e+01 0.00000000e+00
 1.66344260e+04 4.21682700e+06 3.84000000e+03 2.16000000e+03
 1.00000000e+00 2.02740000e+01 8.68000000e-01 0.00000000e+00
 1.49000000e+02]
deleted_idx_col 937
query_origi 328
query_idx 545
deleted_scaled [0.58333333 0.         0.1402854  0.13950288 0.27272727 0.27272727
 0.         0.39533837 0.98604651 0.25075648 0.58333333 0.
 0.16266907 0.16210447 0.27272727 0.27272727 0.         0.66337924
 0.88780488 0.5742618  0.41666667 0.         0.06713956 0.06764562
 0.18181818 0.17171717 0.         0.36557602 0.67079208 0.11630578
 0.66666667 0.         0.20447204 0.20449109 0.45454545 0.45454545
 0.         0.38319058 0.66510539 0.13828493]
deleted_not_scaled [7.000000e+00 0.000000e+00 3.087259e+03 7.841640e+05 1.280000e+03
 7.200000e+02 0.000000e+00 3.207400e+01 9.940000e-01 2.419800e+01
 7.000000e+00 0.000000e+00 3.531428e+03 8.983070e+05 1.280000e+03
 7.200000e+02 0.000000e+00 3.601900e+01 9.510000e-01 5.324900e+01
 5.000000e+00 0.000000e+00 1.590560e+03 4.053940e+05 9.600000e+02
 5.200000e+02 0.000000e+00 2.692600e+01 8.620000e-01 1.053300e+01
 8.000000e+00 0.000000e+00 4.345089e+03 1.109084e+06 1.920000e+03
 1.080000e+03 0.000000e+00 2.629500e+01 8.540000e-01 1.307000e+01
 3.300000e+01]
deleted_idx_col 545
query_origi 931
query_idx 428
deleted_scaled [0.41666667 0.         0.07722309 0.07734595 0.18181818 0.17171717
 0.         0.06242636 0.59302326 0.5353057  0.41666667 0.
 0.07881619 0.07807554 0.18181818 0.17171717 0.         0.42082038
 0.85365854 0.42660095 0.41666667 0.         0.08044578 0.08052254
 0.18181818 0.17171717 0.         0.39466593 0.67821782 0.49995031
 0.41666667 0.         0.07811692 0.07763031 0.18181818 0.17171717
 0.         0.38543022 0.57845433 0.50120087]
deleted_not_scaled [5.000000e+00 0.000000e+00 1.846634e+03 4.720460e+05 9.600000e+02
 5.200000e+02 0.000000e+00 1.653400e+01 8.250000e-01 5.165700e+01
 5.000000e+00 0.000000e+00 1.882172e+03 4.764250e+05 9.600000e+02
 5.200000e+02 0.000000e+00 2.782900e+01 9.370000e-01 3.955700e+01
 5.000000e+00 0.000000e+00 1.842122e+03 4.669780e+05 9.600000e+02
 5.200000e+02 0.000000e+00 2.798400e+01 8.650000e-01 4.527700e+01
 5.000000e+00 0.000000e+00 1.858524e+03 4.718330e+05 9.600000e+02
 5.200000e+02 0.000000e+00 2.636900e+01 8.170000e-01 4.737100e+01
 7.000000e+00]
deleted_idx_col 428
query_origi 199
query_idx 39
deleted_scaled [0.16666667 0.82242784 0.01774259 0.01769289 0.05454545 0.05454545
 0.         0.19179931 0.58139535 0.10154404 0.08333333 0.
 0.01113225 0.01120606 0.01818182 0.01818182 0.         0.53638383
 0.82682927 0.03057395 0.         0.         0.00126783 0.00134051
 0.         0.         0.         0.24212263 0.68316832 0.
 0.         0.         0.00163833 0.00152153 0.         0.
 0.         0.17402621 0.6323185  0.        ]
deleted_not_scaled [2.00000000e+00 3.86416949e+00 6.76474000e+02 1.72501000e+05
 5.12000000e+02 2.88000000e+02 0.00000000e+00 2.25730000e+01
 8.20000000e-01 9.79900000e+00 1.00000000e+00 0.00000000e+00
 5.50934000e+02 1.40695000e+05 3.84000000e+02 2.16000000e+02
 0.00000000e+00 3.17310000e+01 9.26000000e-01 2.83500000e+00
 0.00000000e+00 0.00000000e+00 3.45216000e+02 8.82890000e+04
 3.20000000e+02 1.80000000e+02 0.00000000e+00 2.24360000e+01
 8.67000000e-01 0.00000000e+00 0.00000000e+00 0.00000000e+00
 3.53488000e+02 8.95210000e+04 3.20000000e+02 1.80000000e+02
 0.00000000e+00 1.93840000e+01 8.40000000e-01 0.00000000e+00
 5.80000000e+01]
deleted_idx_col 39
query_origi 331
query_idx 78
deleted_scaled [0.5        0.32344528 0.10804522 0.10717577 0.27272727 0.27272727
 0.         0.19826903 0.68139535 0.17867358 0.41666667 0.
 0.07777732 0.07732345 0.18181818 0.17171717 0.         0.58930846
 0.90731707 0.6352048  0.         0.         0.0023785  0.00234856
 0.         0.         0.         0.24775914 0.41584158 0.
 0.         0.         0.00227255 0.00225094 0.         0.
 0.         0.23534397 0.40515222 0.        ]
deleted_not_scaled [6.0000000e+00 1.5197046e+00 2.4529980e+03 6.2183500e+05 1.2800000e+03
 7.2000000e+02 0.0000000e+00 2.2875000e+01 8.6300000e-01 1.7242000e+01
 5.0000000e+00 0.0000000e+00 1.8617390e+03 4.7264900e+05 9.6000000e+02
 5.2000000e+02 0.0000000e+00 3.3518000e+01 9.5900000e-01 5.8900000e+01
 0.0000000e+00 0.0000000e+00 3.6621400e+02 9.3110000e+04 3.2000000e+02
 1.8000000e+02 0.0000000e+00 2.2641000e+01 7.5900000e-01 0.0000000e+00
 0.0000000e+00 0.0000000e+00 3.6596900e+02 9.3185000e+04 3.2000000e+02
 1.8000000e+02 0.0000000e+00 2.1410000e+01 7.4300000e-01 0.0000000e+00
 2.8000000e+02]
deleted_idx_col 78
query_origi 284
query_idx 242
deleted_scaled [0.5        0.22219878 0.10766165 0.10722098 0.27272727 0.27272727
 0.         0.12151074 0.39302326 0.07075648 0.33333333 0.58015002
 0.04239445 0.04233653 0.09090909 0.09090909 0.         0.25176958
 0.54390244 0.42339797 0.33333333 0.1822123  0.04465394 0.04505143
 0.09090909 0.09090909 0.         0.16153423 0.54207921 0.27325729
 0.25       0.         0.02754205 0.02760833 0.05454545 0.05454545
 0.         0.18616265 0.55971897 0.20170343]
deleted_not_scaled [6.00000000e+00 1.04399887e+00 2.44545200e+03 6.22062000e+05
 1.28000000e+03 7.20000000e+02 0.00000000e+00 1.92920000e+01
 7.39000000e-01 6.82800000e+00 4.00000000e+00 1.90379036e+00
 1.16581300e+03 2.96991000e+05 6.40000000e+02 3.60000000e+02
 0.00000000e+00 2.21210000e+01 8.10000000e-01 3.92600000e+01
 4.00000000e+00 8.95784597e-01 1.16545600e+03 2.97337000e+05
 6.40000000e+02 3.60000000e+02 0.00000000e+00 1.95050000e+01
 8.10000000e-01 2.47470000e+01 3.00000000e+00 0.00000000e+00
 8.63252000e+02 2.20561000e+05 5.12000000e+02 2.88000000e+02
 0.00000000e+00 1.97850000e+01 8.09000000e-01 1.90640000e+01
 7.90000000e+01]
deleted_idx_col 242
query_origi 261
query_idx 315
deleted_scaled [0.41666667 0.         0.07744151 0.07751861 0.18181818 0.17171717
 0.         0.13759935 0.6744186  0.18001036 0.41666667 0.
 0.07802248 0.07724199 0.18181818 0.17171717 0.         0.18217089
 0.6        0.14456571 0.41666667 0.00098186 0.08149002 0.08152034
 0.18181818 0.17171717 0.         0.78265054 0.93564356 0.91193975
 0.41666667 0.         0.07812043 0.07758751 0.18181818 0.17171717
 0.         0.29324173 0.71896956 0.2024758 ]
deleted_not_scaled [5.00000000e+00 0.00000000e+00 1.85093100e+03 4.72913000e+05
 9.60000000e+02 5.20000000e+02 0.00000000e+00 2.00430000e+01
 8.60000000e-01 1.73710000e+01 5.00000000e+00 0.00000000e+00
 1.86656100e+03 4.72240000e+05 9.60000000e+02 5.20000000e+02
 0.00000000e+00 1.97710000e+01 8.33000000e-01 1.34050000e+01
 5.00000000e+00 4.82697461e-03 1.86186400e+03 4.71750000e+05
 9.60000000e+02 5.20000000e+02 0.00000000e+00 4.20950000e+01
 9.69000000e-01 8.25880000e+01 5.00000000e+00 0.00000000e+00
 1.85859300e+03 4.71618000e+05 9.60000000e+02 5.20000000e+02
 0.00000000e+00 2.33230000e+01 8.77000000e-01 1.91370000e+01
 1.95000000e+02]
deleted_idx_col 315
query_origi 857
query_idx 260
deleted_scaled [0.00000000e+00 3.54925767e-01 2.06709672e-03 2.06912264e-03
 0.00000000e+00 0.00000000e+00 0.00000000e+00 2.61616573e-01
 6.81395349e-01 1.65803109e-03 3.33333333e-01 0.00000000e+00
 4.27099811e-02 4.22429171e-02 9.09090909e-02 9.09090909e-02
 0.00000000e+00 6.85561972e-01 8.80487805e-01 5.28546470e-01
 0.00000000e+00 0.00000000e+00 4.22150274e-03 4.12753800e-03
 0.00000000e+00 0.00000000e+00 0.00000000e+00 4.07451196e-01
 7.25247525e-01 0.00000000e+00 0.00000000e+00 0.00000000e+00
 5.30967246e-04 4.55881882e-04 0.00000000e+00 0.00000000e+00
 0.00000000e+00 3.96749493e-01 6.97892272e-01 0.00000000e+00]
deleted_not_scaled [0.00000000e+00 1.66761539e+00 3.68090000e+02 9.40470000e+04
 3.20000000e+02 1.80000000e+02 0.00000000e+00 2.58320000e+01
 8.63000000e-01 1.60000000e-01 4.00000000e+00 0.00000000e+00
 1.17201900e+03 2.96521000e+05 6.40000000e+02 3.60000000e+02
 0.00000000e+00 3.67680000e+01 9.48000000e-01 4.90100000e+01
 0.00000000e+00 0.00000000e+00 4.01057000e+02 1.01618000e+05
 3.20000000e+02 1.80000000e+02 0.00000000e+00 2.84490000e+01
 8.84000000e-01 0.00000000e+00 0.00000000e+00 0.00000000e+00
 3.31696000e+02 8.41680000e+04 3.20000000e+02 1.80000000e+02
 0.00000000e+00 2.67430000e+01 8.68000000e-01 0.00000000e+00
 6.70000000e+01]
deleted_idx_col 260
query_origi 455
query_idx 109
deleted_scaled [0.33333333 0.29196229 0.03764336 0.03738839 0.09090909 0.09090909
 0.         0.20416033 0.58139535 0.22107772 0.16666667 0.15811331
 0.02054931 0.02049883 0.05454545 0.05454545 0.         0.62712868
 0.77317073 0.57581477 0.08333333 0.         0.0075803  0.00763741
 0.01818182 0.01818182 0.         0.14676932 0.39356436 0.03757605
 0.         0.         0.00215039 0.0021743  0.         0.
 0.         0.10390121 0.43325527 0.01709782]
deleted_not_scaled [4.00000000e+00 1.37178207e+00 1.06798200e+03 2.71401000e+05
 6.40000000e+02 3.60000000e+02 0.00000000e+00 2.31500000e+01
 8.20000000e-01 2.13340000e+01 2.00000000e+00 5.18856492e-01
 7.36153000e+02 1.87351000e+05 5.12000000e+02 2.88000000e+02
 0.00000000e+00 3.47950000e+01 9.04000000e-01 5.33930000e+01
 1.00000000e+00 0.00000000e+00 4.64557000e+02 1.18404000e+05
 3.84000000e+02 2.16000000e+02 0.00000000e+00 1.89680000e+01
 7.50000000e-01 3.40300000e+00 0.00000000e+00 0.00000000e+00
 3.63565000e+02 9.28000000e+04 3.20000000e+02 1.80000000e+02
 0.00000000e+00 1.70670000e+01 7.55000000e-01 1.61600000e+00
 2.59000000e+02]
deleted_idx_col 109
query_origi 581
query_idx 225
deleted_scaled [0.00000000e+00 0.00000000e+00 2.17150376e-04 1.01763394e-04
 0.00000000e+00 0.00000000e+00 0.00000000e+00 2.81132843e-01
 6.93023256e-01 0.00000000e+00 0.00000000e+00 7.55108673e-01
 2.10250459e-03 2.08876255e-03 0.00000000e+00 0.00000000e+00
 0.00000000e+00 3.07270843e-01 6.29268293e-01 2.02747881e-03
 0.00000000e+00 4.61953224e-01 3.92021619e-03 3.92910671e-03
 0.00000000e+00 0.00000000e+00 0.00000000e+00 4.83942810e-01
 8.29207921e-01 8.81375396e-02 0.00000000e+00 0.00000000e+00
 5.45398741e-04 5.52831435e-04 0.00000000e+00 0.00000000e+00
 0.00000000e+00 3.93722950e-01 7.72833724e-01 0.00000000e+00]
deleted_not_scaled [0.00000000e+00 0.00000000e+00 3.31696000e+02 8.41680000e+04
 3.20000000e+02 1.80000000e+02 0.00000000e+00 2.67430000e+01
 8.68000000e-01 0.00000000e+00 0.00000000e+00 2.47792566e+00
 3.73333000e+02 9.49200000e+04 3.20000000e+02 1.80000000e+02
 0.00000000e+00 2.39950000e+01 8.45000000e-01 1.88000000e-01
 0.00000000e+00 2.27103541e+00 3.95361000e+02 1.00669000e+05
 3.20000000e+02 1.80000000e+02 0.00000000e+00 3.12310000e+01
 9.26000000e-01 7.98200000e+00 0.00000000e+00 0.00000000e+00
 3.31980000e+02 8.46550000e+04 3.20000000e+02 1.80000000e+02
 0.00000000e+00 2.66430000e+01 9.00000000e-01 0.00000000e+00
 7.00000000e+01]
deleted_idx_col 225
query_origi 796
query_idx 589
deleted_scaled [0.00000000e+00 4.83354249e-01 3.45331112e-03 3.38786471e-03
 0.00000000e+00 0.00000000e+00 0.00000000e+00 3.77278862e-01
 8.27906977e-01 8.27150259e-02 0.00000000e+00 8.07903036e-01
 0.00000000e+00 4.42171532e-05 0.00000000e+00 0.00000000e+00
 0.00000000e+00 3.85695247e-01 7.63414634e-01 0.00000000e+00
 0.00000000e+00 0.00000000e+00 2.20432158e-03 2.25885476e-03
 0.00000000e+00 0.00000000e+00 0.00000000e+00 3.31372010e-01
 7.54950495e-01 0.00000000e+00 0.00000000e+00 0.00000000e+00
 2.28292032e-03 2.34331250e-03 0.00000000e+00 0.00000000e+00
 0.00000000e+00 3.42392785e-01 7.42388759e-01 0.00000000e+00]
deleted_not_scaled [0.00000000e+00 2.27103541e+00 3.95361000e+02 1.00669000e+05
 3.20000000e+02 1.80000000e+02 0.00000000e+00 3.12310000e+01
 9.26000000e-01 7.98200000e+00 0.00000000e+00 2.65117292e+00
 3.31980000e+02 8.46550000e+04 3.20000000e+02 1.80000000e+02
 0.00000000e+00 2.66430000e+01 9.00000000e-01 0.00000000e+00
 0.00000000e+00 0.00000000e+00 3.62921000e+02 9.26810000e+04
 3.20000000e+02 1.80000000e+02 0.00000000e+00 2.56820000e+01
 8.96000000e-01 0.00000000e+00 0.00000000e+00 0.00000000e+00
 3.66173000e+02 9.36490000e+04 3.20000000e+02 1.80000000e+02
 0.00000000e+00 2.49470000e+01 8.87000000e-01 0.00000000e+00
 7.20000000e+01]
deleted_idx_col 589
query_origi 554
query_idx 89
deleted_scaled [0.         0.26305568 0.00182529 0.00179092 0.         0.
 0.         0.11510529 0.57209302 0.         0.         0.38211618
 0.0016225  0.0016922  0.         0.         0.         0.07602547
 0.49512195 0.         0.         0.25397979 0.00233418 0.0024186
 0.         0.         0.         0.57618917 0.91336634 0.10945971
 0.         0.         0.00239502 0.00227224 0.         0.
 0.         0.58451621 0.90398126 0.12052055]
deleted_not_scaled [0.00000000e+00 1.23596465e+00 3.63333000e+02 9.26500000e+04
 3.20000000e+02 1.80000000e+02 0.00000000e+00 1.89930000e+01
 8.16000000e-01 0.00000000e+00 0.00000000e+00 1.25393275e+00
 3.63892000e+02 9.29290000e+04 3.20000000e+02 1.80000000e+02
 0.00000000e+00 1.61870000e+01 7.90000000e-01 0.00000000e+00
 0.00000000e+00 1.24860500e+00 3.65376000e+02 9.34450000e+04
 3.20000000e+02 1.80000000e+02 0.00000000e+00 3.45860000e+01
 9.60000000e-01 9.91300000e+00 0.00000000e+00 0.00000000e+00
 3.68379000e+02 9.32920000e+04 3.20000000e+02 1.80000000e+02
 0.00000000e+00 3.29470000e+01 9.56000000e-01 1.13910000e+01
 2.80000000e+01]
deleted_idx_col 89
query_origi 31
query_idx 595
deleted_scaled [0.00000000e+00 6.88905132e-01 6.97809074e-04 6.39058185e-04
 0.00000000e+00 0.00000000e+00 0.00000000e+00 2.98999550e-01
 6.90697674e-01 0.00000000e+00 0.00000000e+00 7.41644159e-02
 1.59407603e-03 1.63663220e-03 0.00000000e+00 0.00000000e+00
 0.00000000e+00 1.59129276e-01 5.58536585e-01 0.00000000e+00
 0.00000000e+00 1.82383134e-01 2.25568205e-03 2.31071035e-03
 0.00000000e+00 0.00000000e+00 0.00000000e+00 7.03051966e-02
 4.92574257e-01 0.00000000e+00 0.00000000e+00 0.00000000e+00
 2.24242067e-03 2.30270119e-03 0.00000000e+00 0.00000000e+00
 0.00000000e+00 6.34121243e-01 9.13348946e-01 1.04882823e-01]
deleted_not_scaled [0.00000000e+00 3.23681431e+00 3.41152000e+02 8.68660000e+04
 3.20000000e+02 1.80000000e+02 0.00000000e+00 2.75770000e+01
 8.67000000e-01 0.00000000e+00 0.00000000e+00 2.43374120e-01
 3.63333000e+02 9.26500000e+04 3.20000000e+02 1.80000000e+02
 0.00000000e+00 1.89930000e+01 8.16000000e-01 0.00000000e+00
 0.00000000e+00 8.96624449e-01 3.63892000e+02 9.29290000e+04
 3.20000000e+02 1.80000000e+02 0.00000000e+00 1.61870000e+01
 7.90000000e-01 0.00000000e+00 0.00000000e+00 0.00000000e+00
 3.65376000e+02 9.34450000e+04 3.20000000e+02 1.80000000e+02
 0.00000000e+00 3.45860000e+01 9.60000000e-01 9.91300000e+00
 2.70000000e+01]
deleted_idx_col 595
query_origi 758
query_idx 265
deleted_scaled [0.         0.         0.00197209 0.00187376 0.         0.
 0.         0.34208102 0.66744186 0.         0.25       0.
 0.0274162  0.02734512 0.05454545 0.05454545 0.         0.35302828
 0.56097561 0.20267239 0.         0.19344628 0.00239141 0.0024094
 0.         0.         0.         0.2331317  0.64108911 0.00164526
 0.         0.         0.00226742 0.00229135 0.         0.
 0.         0.72276868 0.87119438 0.07919378]
deleted_not_scaled [0.00000000e+00 0.00000000e+00 3.66221000e+02 9.30660000e+04
 3.20000000e+02 1.80000000e+02 0.00000000e+00 2.95880000e+01
 8.57000000e-01 0.00000000e+00 3.00000000e+00 0.00000000e+00
 8.71214000e+02 2.21724000e+05 5.12000000e+02 2.88000000e+02
 0.00000000e+00 2.55400000e+01 8.17000000e-01 1.87930000e+01
 0.00000000e+00 9.51012639e-01 3.66458000e+02 9.34010000e+04
 3.20000000e+02 1.80000000e+02 0.00000000e+00 2.21090000e+01
 8.50000000e-01 1.49000000e-01 0.00000000e+00 0.00000000e+00
 3.65868000e+02 9.33880000e+04 3.20000000e+02 1.80000000e+02
 0.00000000e+00 3.75150000e+01 9.42000000e-01 7.48500000e+00
 2.74000000e+02]
deleted_idx_col 265
query_origi 780
query_idx 495
deleted_scaled [0.         0.43804918 0.00143288 0.00127493 0.         0.
 0.         0.16684162 0.45581395 0.00279793 0.         0.50533976
 0.00171768 0.00165994 0.         0.         0.         0.34017474
 0.4804878  0.         0.         0.20865596 0.0022697  0.00222017
 0.         0.         0.         0.24011548 0.37623762 0.
 0.         0.         0.00219476 0.00215519 0.         0.
 0.         0.29539058 0.39812646 0.        ]
deleted_not_scaled [0.00000000e+00 2.05816995e+00 3.55613000e+02 9.00590000e+04
 3.20000000e+02 1.80000000e+02 0.00000000e+00 2.14080000e+01
 7.66000000e-01 2.70000000e-01 0.00000000e+00 1.65829688e+00
 3.65764000e+02 9.27670000e+04 3.20000000e+02 1.80000000e+02
 0.00000000e+00 2.51060000e+01 7.84000000e-01 0.00000000e+00
 0.00000000e+00 1.02578581e+00 3.64157000e+02 9.24960000e+04
 3.20000000e+02 1.80000000e+02 0.00000000e+00 2.23630000e+01
 7.43000000e-01 0.00000000e+00 0.00000000e+00 0.00000000e+00
 3.64438000e+02 9.27040000e+04 3.20000000e+02 1.80000000e+02
 0.00000000e+00 2.33940000e+01 7.40000000e-01 0.00000000e+00
 2.87000000e+02]
deleted_idx_col 495
query_origi 715
query_idx 139
deleted_scaled [0.         0.         0.00264571 0.0026578  0.         0.
 0.         0.25825318 0.71162791 0.         0.         0.
 0.00113415 0.00104488 0.         0.         0.         0.22188657
 0.58780488 0.         0.         1.         0.00271311 0.00262644
 0.         0.         0.         0.16442123 0.44059406 0.
 0.33333333 0.         0.04270036 0.04240538 0.09090909 0.09090909
 0.         0.51902182 0.76112412 0.34770142]
deleted_not_scaled [0.0000000e+00 0.0000000e+00 3.7947300e+02 9.7003000e+04 3.2000000e+02
 1.8000000e+02 0.0000000e+00 2.5675000e+01 8.7600000e-01 0.0000000e+00
 0.0000000e+00 0.0000000e+00 3.5428700e+02 8.9679000e+04 3.2000000e+02
 1.8000000e+02 0.0000000e+00 2.1112000e+01 8.2800000e-01 0.0000000e+00
 0.0000000e+00 4.9161588e+00 3.7254000e+02 9.4439000e+04 3.2000000e+02
 1.8000000e+02 0.0000000e+00 1.9610000e+01 7.6900000e-01 0.0000000e+00
 4.0000000e+00 0.0000000e+00 1.1615550e+03 2.9489000e+05 6.4000000e+02
 3.6000000e+02 0.0000000e+00 3.0783000e+01 8.9500000e-01 3.2863000e+01
 3.7000000e+01]
deleted_idx_col 139
query_origi 146
query_idx 148
deleted_scaled [0.25       0.05734176 0.03055512 0.03026196 0.05454545 0.05454545
 0.         0.18158058 0.67209302 0.07055959 0.16666667 0.78918947
 0.01587985 0.01579528 0.05454545 0.05454545 0.         0.27498889
 0.73902439 0.10704657 0.16666667 0.         0.02236709 0.02247731
 0.05454545 0.05454545 0.         0.18152323 0.61138614 0.10132173
 0.08333333 0.         0.0076898  0.00767832 0.01818182 0.01818182
 0.         0.67497957 0.83606557 0.17219489]
deleted_not_scaled [3.00000000e+00 2.69419737e-01 9.28535000e+02 2.35616000e+05
 5.12000000e+02 2.88000000e+02 0.00000000e+00 2.20960000e+01
 8.59000000e-01 6.80900000e+00 2.00000000e+00 2.58976345e+00
 6.44312000e+02 1.63736000e+05 5.12000000e+02 2.88000000e+02
 0.00000000e+00 2.29050000e+01 8.90000000e-01 9.92600000e+00
 2.00000000e+00 0.00000000e+00 7.44110000e+02 1.89376000e+05
 5.12000000e+02 2.88000000e+02 0.00000000e+00 2.02320000e+01
 8.38000000e-01 9.17600000e+00 1.00000000e+00 0.00000000e+00
 4.72576000e+02 1.20448000e+05 3.84000000e+02 2.16000000e+02
 0.00000000e+00 3.59360000e+01 9.27000000e-01 1.62750000e+01
 2.13000000e+02]
deleted_idx_col 148
query_origi 122
query_idx 130
deleted_scaled [0.         0.13012505 0.00190637 0.00184469 0.         0.
 0.         0.03603333 0.2372093  0.06710881 0.         0.18138309
 0.00179246 0.00183481 0.         0.         0.         0.06293499
 0.2        0.06253909 0.         0.12193019 0.00227441 0.00233915
 0.         0.         0.         0.46246907 0.71287129 0.01935669
 0.         0.         0.00218785 0.00225711 0.         0.
 0.         0.11289005 0.21311475 0.02364704]
deleted_not_scaled [0.00000000e+00 6.11391326e-01 3.64928000e+02 9.29200000e+04
 3.20000000e+02 1.80000000e+02 0.00000000e+00 1.53020000e+01
 6.72000000e-01 6.47600000e+00 0.00000000e+00 5.95217403e-01
 3.67235000e+02 9.36450000e+04 3.20000000e+02 1.80000000e+02
 0.00000000e+00 1.57450000e+01 6.69000000e-01 5.79900000e+00
 0.00000000e+00 5.99428200e-01 3.64246000e+02 9.30650000e+04
 3.20000000e+02 1.80000000e+02 0.00000000e+00 3.04500000e+01
 8.79000000e-01 1.75300000e+00 0.00000000e+00 0.00000000e+00
 3.64302000e+02 9.32160000e+04 3.20000000e+02 1.80000000e+02
 0.00000000e+00 1.73640000e+01 6.61000000e-01 2.23500000e+00
 1.40000000e+02]
deleted_idx_col 130
query_origi 612
query_idx 243
deleted_scaled [0.33333333 0.7960277  0.04295282 0.04261616 0.09090909 0.09090909
 0.         0.42498768 0.9        0.54307772 0.16666667 0.09765861
 0.01799329 0.01791631 0.05454545 0.05454545 0.         0.25908485
 0.41463415 0.21820201 0.         0.14553603 0.00236554 0.00236424
 0.         0.         0.         0.21391257 0.37623762 0.
 0.         0.         0.00236199 0.0023676  0.         0.
 0.         0.38721588 0.55503513 0.        ]
deleted_not_scaled [4.00000000e+00 3.74012868e+00 1.17243500e+03 2.97652000e+05
 6.40000000e+02 3.60000000e+02 0.00000000e+00 3.34580000e+01
 9.57000000e-01 5.24070000e+01 2.00000000e+00 3.20471454e-01
 6.85880000e+02 1.74385000e+05 5.12000000e+02 2.88000000e+02
 0.00000000e+00 2.23680000e+01 7.57000000e-01 2.02330000e+01
 0.00000000e+00 7.15478239e-01 3.65969000e+02 9.31850000e+04
 3.20000000e+02 1.80000000e+02 0.00000000e+00 2.14100000e+01
 7.43000000e-01 0.00000000e+00 0.00000000e+00 0.00000000e+00
 3.67729000e+02 9.37710000e+04 3.20000000e+02 1.80000000e+02
 0.00000000e+00 2.64280000e+01 8.07000000e-01 0.00000000e+00
 2.81000000e+02]
deleted_idx_col 243
query_origi 149
query_idx 695
deleted_scaled [0.         0.         0.00208179 0.00191877 0.         0.
 0.         0.41404057 0.89767442 0.11804145 0.         0.01524078
 0.00198246 0.00192305 0.         0.         0.         0.49566119
 0.81219512 0.08899338 0.         0.38037985 0.00235343 0.00230423
 0.         0.         0.         0.51534232 0.98762376 0.
 0.         0.         0.00439454 0.0043474  0.         0.
 0.         0.58605974 0.8852459  0.01143734]
deleted_not_scaled [0.00000000e+00 0.00000000e+00 3.68379000e+02 9.32920000e+04
 3.20000000e+02 1.80000000e+02 0.00000000e+00 3.29470000e+01
 9.56000000e-01 1.13910000e+01 0.00000000e+00 5.00133462e-02
 3.70972000e+02 9.40880000e+04 3.20000000e+02 1.80000000e+02
 0.00000000e+00 3.03560000e+01 9.20000000e-01 8.25200000e+00
 0.00000000e+00 1.87000774e+00 3.65740000e+02 9.28980000e+04
 3.20000000e+02 1.80000000e+02 0.00000000e+00 3.23730000e+01
 9.90000000e-01 0.00000000e+00 0.00000000e+00 0.00000000e+00
 4.07728000e+02 1.03716000e+05 3.20000000e+02 1.80000000e+02
 0.00000000e+00 3.29980000e+01 9.48000000e-01 1.08100000e+00
 3.10000000e+01]
deleted_idx_col 695
query_origi 542
query_idx 546
deleted_scaled [0.25       0.         0.02720957 0.02730107 0.05454545 0.05454545
 0.         0.07615844 0.17906977 0.30015544 0.         0.
 0.00291406 0.00281954 0.         0.         0.         0.09110025
 0.2804878  0.02604448 0.         0.         0.00141006 0.00133884
 0.         0.         0.         0.05345065 0.41089109 0.
 0.         0.         0.00222794 0.00217012 0.         0.
 0.         0.16476499 0.49882904 0.        ]
deleted_not_scaled [3.00000e+00 0.00000e+00 8.62718e+02 2.20748e+05 5.12000e+02 2.88000e+02
 0.00000e+00 1.71750e+01 6.47000e-01 2.89650e+01 0.00000e+00 0.00000e+00
 3.89295e+02 9.85890e+04 3.20000e+02 1.80000e+02 0.00000e+00 1.66960e+01
 7.02000e-01 2.41500e+00 0.00000e+00 0.00000e+00 3.47905e+02 8.82810e+04
 3.20000e+02 1.80000e+02 0.00000e+00 1.55740e+01 7.57000e-01 0.00000e+00
 0.00000e+00 0.00000e+00 3.65091e+02 9.27790e+04 3.20000e+02 1.80000e+02
 0.00000e+00 1.90780e+01 7.83000e-01 0.00000e+00 1.43000e+02]
deleted_idx_col 546
query_origi 640
query_idx 766
deleted_scaled [0.25       0.24231928 0.02751319 0.02747572 0.05454545 0.05454545
 0.         0.07652263 0.17906977 0.2198342  0.25       0.17573527
 0.03010472 0.03020968 0.05454545 0.05454545 0.         0.12145713
 0.27073171 0.24078468 0.16666667 0.00746434 0.01688009 0.01675626
 0.05454545 0.05454545 0.         0.25815232 0.52227723 0.21088082
 0.08333333 0.         0.00935898 0.00919408 0.01818182 0.01818182
 0.         0.20072032 0.46135831 0.        ]
deleted_not_scaled [3.00000000e+00 1.13853486e+00 8.68691000e+02 2.21625000e+05
 5.12000000e+02 2.88000000e+02 0.00000000e+00 1.71920000e+01
 6.47000000e-01 2.12140000e+01 3.00000000e+00 5.76683809e-01
 9.24093000e+02 2.36106000e+05 5.12000000e+02 2.88000000e+02
 0.00000000e+00 1.77210000e+01 6.98000000e-01 2.23270000e+01
 2.00000000e+00 3.66958734e-02 6.40375000e+02 1.62015000e+05
 5.12000000e+02 2.88000000e+02 0.00000000e+00 2.30190000e+01
 8.02000000e-01 1.90980000e+01 1.00000000e+00 0.00000000e+00
 5.05424000e+02 1.28062000e+05 3.84000000e+02 2.16000000e+02
 0.00000000e+00 2.02660000e+01 7.67000000e-01 0.00000000e+00
 1.11000000e+02]
deleted_idx_col 766
query_origi 372
query_idx 361
deleted_scaled [0.08333333 0.         0.00891501 0.00882374 0.01818182 0.01818182
 0.         0.26172369 0.58837209 0.         0.33333333 0.
 0.04240269 0.04237378 0.09090909 0.09090909 0.         0.24925218
 0.60487805 0.2234864  0.         0.         0.0023602  0.00240669
 0.         0.         0.         0.65672257 0.86881188 0.08264965
 0.         0.         0.00225487 0.00230609 0.         0.
 0.         0.31364063 0.76814988 0.        ]
deleted_not_scaled [1.000000e+00 0.000000e+00 5.028090e+02 1.279650e+05 3.840000e+02
 2.160000e+02 0.000000e+00 2.583700e+01 8.230000e-01 0.000000e+00
 4.000000e+00 0.000000e+00 1.165975e+03 2.971780e+05 6.400000e+02
 3.600000e+02 0.000000e+00 2.203600e+01 8.350000e-01 2.072300e+01
 0.000000e+00 0.000000e+00 3.658680e+02 9.338800e+04 3.200000e+02
 1.800000e+02 0.000000e+00 3.751500e+01 9.420000e-01 7.485000e+00
 0.000000e+00 0.000000e+00 3.656210e+02 9.346200e+04 3.200000e+02
 1.800000e+02 0.000000e+00 2.399700e+01 8.980000e-01 0.000000e+00
 2.750000e+02]
deleted_idx_col 361
query_origi 687
query_idx 559
deleted_scaled [0.33333333 0.         0.04262232 0.04243255 0.09090909 0.09090909
 0.         0.14353349 0.54186047 0.21453886 0.         0.
 0.00176572 0.00179896 0.         0.         0.         0.19354361
 0.36829268 0.         0.         0.         0.0022707  0.00231636
 0.         0.         0.         0.38567501 0.46287129 0.
 0.33333333 0.         0.04774366 0.04786063 0.09090909 0.09090909
 0.         0.32807724 0.41920375 0.36567741]
deleted_not_scaled [4.000000e+00 0.000000e+00 1.165933e+03 2.967300e+05 6.400000e+02
 3.600000e+02 0.000000e+00 2.032000e+01 8.030000e-01 2.070300e+01
 0.000000e+00 0.000000e+00 3.667090e+02 9.346500e+04 3.200000e+02
 1.800000e+02 0.000000e+00 2.015500e+01 7.380000e-01 0.000000e+00
 0.000000e+00 0.000000e+00 3.641760e+02 9.295600e+04 3.200000e+02
 1.800000e+02 0.000000e+00 2.765700e+01 7.780000e-01 0.000000e+00
 4.000000e+00 0.000000e+00 1.260803e+03 3.222930e+05 6.400000e+02
 3.600000e+02 0.000000e+00 2.447400e+01 7.490000e-01 3.456200e+01
 1.900000e+01]
deleted_idx_col 559
query_origi 621
query_idx 375
deleted_scaled [0.         0.         0.00099858 0.00097362 0.         0.
 0.         0.15375222 0.66046512 0.         0.08333333 0.
 0.0096066  0.00969272 0.01818182 0.01818182 0.         0.19164816
 0.67804878 0.         0.33333333 0.         0.04409019 0.04396978
 0.09090909 0.09090909 0.         0.16843552 0.60891089 0.13480119
 0.         0.         0.00232479 0.00221172 0.         0.
 0.         0.67531249 0.88992974 0.13018039]
deleted_not_scaled [0.000000e+00 0.000000e+00 3.470690e+02 8.854600e+04 3.200000e+02
 1.800000e+02 0.000000e+00 2.079700e+01 8.540000e-01 0.000000e+00
 1.000000e+00 0.000000e+00 5.209270e+02 1.330970e+05 3.840000e+02
 2.160000e+02 0.000000e+00 2.009100e+01 8.650000e-01 0.000000e+00
 4.000000e+00 0.000000e+00 1.154798e+03 2.921640e+05 6.400000e+02
 3.600000e+02 0.000000e+00 1.975600e+01 8.370000e-01 1.220800e+01
 0.000000e+00 0.000000e+00 3.669970e+02 9.298800e+04 3.200000e+02
 1.800000e+02 0.000000e+00 3.594700e+01 9.500000e-01 1.230400e+01
 1.940000e+02]
deleted_idx_col 375
query_origi 2
query_idx 524
deleted_scaled [0.         0.         0.00215961 0.00211572 0.         0.
 0.         0.11699051 0.50232558 0.00534715 0.08333333 0.
 0.0083936  0.00845384 0.01818182 0.01818182 0.         0.03897527
 0.46585366 0.         0.33333333 0.         0.04447372 0.04499121
 0.09090909 0.09090909 0.         0.07926863 0.58415842 0.44019081
 0.08333333 0.         0.00958571 0.00939375 0.01818182 0.01818182
 0.         0.43234164 0.86885246 0.10013225]
deleted_not_scaled [0.000000e+00 0.000000e+00 3.699100e+02 9.428100e+04 3.200000e+02
 1.800000e+02 0.000000e+00 1.908100e+01 7.860000e-01 5.160000e-01
 1.000000e+00 0.000000e+00 4.970690e+02 1.268770e+05 3.840000e+02
 2.160000e+02 0.000000e+00 1.493600e+01 7.780000e-01 0.000000e+00
 4.000000e+00 0.000000e+00 1.162049e+03 2.970490e+05 6.400000e+02
 3.600000e+02 0.000000e+00 1.651300e+01 8.270000e-01 3.986500e+01
 1.000000e+00 0.000000e+00 5.098860e+02 1.290650e+05 3.840000e+02
 2.160000e+02 0.000000e+00 2.791900e+01 9.410000e-01 9.464000e+00
 5.000000e+00]
deleted_idx_col 524
query_origi 235
query_idx 997
deleted_scaled [0.         0.         0.0018717  0.00187356 0.         0.
 0.         0.36054757 0.71860465 0.0181658  0.5        0.
 0.10671219 0.10706905 0.27272727 0.27272727 0.         0.10250259
 0.12195122 0.35351466 0.         0.         0.00359936 0.00349419
 0.         0.         0.         0.08430025 0.27475248 0.02666652
 0.         0.         0.00135463 0.00127468 0.         0.
 0.         0.05871493 0.43793911 0.        ]
deleted_not_scaled [0.000000e+00 0.000000e+00 3.642460e+02 9.306500e+04 3.200000e+02
 1.800000e+02 0.000000e+00 3.045000e+01 8.790000e-01 1.753000e+00
 6.000000e+00 0.000000e+00 2.430843e+03 6.219920e+05 1.280000e+03
 7.200000e+02 0.000000e+00 1.708100e+01 6.370000e-01 3.278000e+01
 0.000000e+00 0.000000e+00 3.892950e+02 9.858900e+04 3.200000e+02
 1.800000e+02 0.000000e+00 1.669600e+01 7.020000e-01 2.415000e+00
 0.000000e+00 0.000000e+00 3.479050e+02 8.828100e+04 3.200000e+02
 1.800000e+02 0.000000e+00 1.557400e+01 7.570000e-01 0.000000e+00
 1.420000e+02]
deleted_idx_col 997
query_origi 756
query_idx 746
deleted_scaled [0.00000000e+00 0.00000000e+00 2.06892664e-03 1.93350449e-03
 0.00000000e+00 0.00000000e+00 0.00000000e+00 9.40679963e-02
 5.86046512e-01 0.00000000e+00 0.00000000e+00 0.00000000e+00
 1.62214129e-03 1.59221587e-03 0.00000000e+00 0.00000000e+00
 0.00000000e+00 4.49222568e-01 7.80487805e-01 2.14934323e-02
 4.16666667e-01 0.00000000e+00 8.12866988e-02 8.17051792e-02
 1.81818182e-01 1.71717172e-01 0.00000000e+00 3.02584548e-01
 7.02970297e-01 3.25276327e-01 0.00000000e+00 0.00000000e+00
 2.49161805e-03 2.47868354e-03 0.00000000e+00 0.00000000e+00
 0.00000000e+00 3.28137768e-01 7.35362998e-01 5.50177221e-04]
deleted_not_scaled [0.00000e+00 0.00000e+00 3.68126e+02 9.33660e+04 3.20000e+02 1.80000e+02
 0.00000e+00 1.80110e+01 8.22000e-01 0.00000e+00 0.00000e+00 0.00000e+00
 3.63885e+02 9.24270e+04 3.20000e+02 1.80000e+02 0.00000e+00 2.87880e+01
 9.07000e-01 1.99300e+00 5.00000e+00 0.00000e+00 1.85802e+03 4.72634e+05
 9.60000e+02 5.20000e+02 0.00000e+00 2.46350e+01 8.75000e-01 2.94580e+01
 0.00000e+00 0.00000e+00 3.70280e+02 9.43290e+04 3.20000e+02 1.80000e+02
 0.00000e+00 2.44760e+01 8.84000e-01 5.20000e-02 6.20000e+01]
deleted_idx_col 746
query_origi 453
query_idx 478
deleted_scaled [0.         0.         0.00201637 0.00186301 0.         0.
 0.         0.39028257 0.98139535 0.15226943 0.         0.
 0.00177686 0.00172785 0.         0.         0.         0.68662817
 0.98292683 0.39396717 0.25       0.         0.02912509 0.02920787
 0.05454545 0.05454545 0.         0.5965906  0.98762376 0.40075969
 0.58333333 0.         0.14053655 0.14009628 0.27272727 0.27272727
 0.         1.         0.60421546 0.55613395]
deleted_not_scaled [0.000000e+00 0.000000e+00 3.670920e+02 9.301200e+04 3.200000e+02
 1.800000e+02 0.000000e+00 3.183800e+01 9.920000e-01 1.469400e+01
 0.000000e+00 0.000000e+00 3.669280e+02 9.310800e+04 3.200000e+02
 1.800000e+02 0.000000e+00 3.680400e+01 9.900000e-01 3.653100e+01
 3.000000e+00 0.000000e+00 8.718740e+02 2.215650e+05 5.120000e+02
 2.880000e+02 0.000000e+00 3.532800e+01 9.900000e-01 3.629400e+01
 7.000000e+00 0.000000e+00 3.086891e+03 7.856140e+05 1.280000e+03
 7.200000e+02 0.000000e+00 4.667500e+01 8.280000e-01 5.256300e+01
 1.000000e+00]
deleted_idx_col 478
query_origi 32
query_idx 878
deleted_scaled [0.91666667 0.         0.56892733 0.56777323 1.         1.
 0.         0.1355856  0.16511628 0.08929534 0.91666667 0.
 0.56990799 0.5696468  1.         1.         0.         0.04042648
 0.16829268 0.12068891 0.91666667 0.         0.58842395 0.59435523
 1.         1.         0.         0.13244432 0.38366337 0.02228283
 0.91666667 0.         0.65514666 0.64923612 1.         1.
 0.         0.82833449 0.87587822 0.927165  ]
deleted_not_scaled [1.1000000e+01 0.0000000e+00 1.1519933e+04 2.9347030e+06 3.8400000e+03
 2.1600000e+03 0.0000000e+00 1.9949000e+01 6.4100000e-01 8.6170000e+00
 1.1000000e+01 0.0000000e+00 1.1541185e+04 2.9444450e+06 3.8400000e+03
 2.1600000e+03 0.0000000e+00 1.4985000e+01 6.5600000e-01 1.1191000e+01
 1.1000000e+01 0.0000000e+00 1.1445749e+04 2.9243890e+06 3.8400000e+03
 2.1600000e+03 0.0000000e+00 1.8447000e+01 7.4600000e-01 2.0180000e+00
 1.1000000e+01 0.0000000e+00 1.3213996e+04 3.3431410e+06 3.8400000e+03
 2.1600000e+03 0.0000000e+00 4.1003000e+01 9.4400000e-01 8.7631000e+01
 2.3800000e+02]
deleted_idx_col 878
query_origi 583
query_idx 286
deleted_scaled [0.25       0.         0.02766461 0.02758366 0.05454545 0.05454545
 0.         0.18068082 0.62790698 0.19866321 0.25       0.55712957
 0.02737008 0.02742917 0.05454545 0.05454545 0.         0.76013624
 0.88536585 0.54079762 0.25       0.         0.02899063 0.02934546
 0.05454545 0.05454545 0.         0.2816882  0.74752475 0.16436072
 0.08333333 0.         0.01083541 0.010633   0.01818182 0.01818182
 0.         0.24817651 0.72131148 0.        ]
deleted_not_scaled [3.00000000e+00 0.00000000e+00 8.71670000e+02 2.22167000e+05
 5.12000000e+02 2.88000000e+02 0.00000000e+00 2.20540000e+01
 8.40000000e-01 1.91710000e+01 3.00000000e+00 1.82824766e+00
 8.70307000e+02 2.22146000e+05 5.12000000e+02 2.88000000e+02
 0.00000000e+00 3.92860000e+01 9.50000000e-01 5.01460000e+01
 3.00000000e+00 0.00000000e+00 8.69332000e+02 2.22223000e+05
 5.12000000e+02 2.88000000e+02 0.00000000e+00 2.38750000e+01
 8.93000000e-01 1.48850000e+01 1.00000000e+00 0.00000000e+00
 5.34479000e+02 1.35290000e+05 3.84000000e+02 2.16000000e+02
 0.00000000e+00 2.18340000e+01 8.78000000e-01 0.00000000e+00
 2.76000000e+02]
deleted_idx_col 286
query_origi 7
query_idx 440
deleted_scaled [1.         0.         0.82408059 0.81954881 1.         1.
 1.         0.22185565 0.64651163 0.         1.         0.
 0.82990955 0.82660263 1.         1.         1.         0.36875463
 0.62195122 0.         1.         0.         0.86272764 0.86836144
 1.         1.         1.         0.22980478 0.4529703  0.
 1.         0.         0.82750735 0.82668506 1.         1.
 1.         0.2613117  0.52459016 0.00439084]
deleted_not_scaled [1.2000000e+01 0.0000000e+00 1.6539564e+04 4.1989820e+06 3.8400000e+03
 2.1600000e+03 1.0000000e+00 2.3976000e+01 8.4800000e-01 0.0000000e+00
 1.2000000e+01 0.0000000e+00 1.6655012e+04 4.2345370e+06 3.8400000e+03
 2.1600000e+03 1.0000000e+00 2.6071000e+01 8.4200000e-01 0.0000000e+00
 1.2000000e+01 0.0000000e+00 1.6631622e+04 4.2348270e+06 3.8400000e+03
 2.1600000e+03 1.0000000e+00 2.1988000e+01 7.7400000e-01 0.0000000e+00
 1.2000000e+01 0.0000000e+00 1.6605913e+04 4.2345080e+06 3.8400000e+03
 2.1600000e+03 1.0000000e+00 2.2268000e+01 7.9400000e-01 4.1500000e-01
 5.5000000e+01]
deleted_idx_col 440
query_origi 195
query_idx 706
deleted_scaled [0.25       0.         0.02787505 0.02751037 0.05454545 0.05454545
 0.         0.10797146 0.46046512 0.2227772  0.33333333 0.
 0.04267439 0.04235346 0.09090909 0.09090909 0.         0.79967422
 0.92926829 0.71914026 0.41666667 0.         0.08127459 0.08154731
 0.18181818 0.17171717 0.         0.2400055  0.73762376 0.22380001
 0.5        0.         0.10795912 0.10755448 0.27272727 0.27272727
 0.         0.22590115 0.68618267 0.16539174]
deleted_not_scaled [3.000000e+00 0.000000e+00 8.758100e+02 2.217990e+05 5.120000e+02
 2.880000e+02 0.000000e+00 1.866000e+01 7.680000e-01 2.149800e+01
 4.000000e+00 0.000000e+00 1.171319e+03 2.970760e+05 6.400000e+02
 3.600000e+02 0.000000e+00 4.062100e+01 9.680000e-01 6.668300e+01
 5.000000e+00 0.000000e+00 1.857791e+03 4.718790e+05 9.600000e+02
 5.200000e+02 0.000000e+00 2.235900e+01 8.890000e-01 2.026800e+01
 6.000000e+00 0.000000e+00 2.445794e+03 6.221490e+05 1.280000e+03
 7.200000e+02 0.000000e+00 2.109800e+01 8.630000e-01 1.563200e+01
 1.890000e+02]
deleted_idx_col 706
