query_origi 8
query_idx 12
deleted_scaled [1.66666667e-01 0.00000000e+00 1.81388678e-02 1.81228457e-02
 5.45454545e-02 5.45454545e-02 0.00000000e+00 5.45834315e-01
 8.81395349e-01 5.06466321e-01 8.33333333e-02 4.45394773e-01
 8.67475709e-03 8.77252386e-03 1.81818182e-02 1.81818182e-02
 0.00000000e+00 3.05641937e-01 7.53658537e-01 0.00000000e+00
 8.33333333e-02 0.00000000e+00 1.12787805e-02 1.11681894e-02
 1.81818182e-02 1.81818182e-02 0.00000000e+00 2.25570525e-01
 7.10396040e-01 0.00000000e+00 0.00000000e+00 0.00000000e+00
 1.92873890e-03 1.82750903e-03 0.00000000e+00 0.00000000e+00
 0.00000000e+00 2.79561757e-01 7.21311475e-01 2.11606623e-05]
deleted_not_scaled [2.00000000e+00 0.00000000e+00 6.84270000e+02 1.74660000e+05
 5.12000000e+02 2.88000000e+02 0.00000000e+00 3.90990000e+01
 9.49000000e-01 4.88740000e+01 1.00000000e+00 1.46158451e+00
 5.02599000e+02 1.28477000e+05 3.84000000e+02 2.16000000e+02
 0.00000000e+00 2.39400000e+01 8.96000000e-01 0.00000000e+00
 1.00000000e+00 0.00000000e+00 5.34479000e+02 1.35290000e+05
 3.84000000e+02 2.16000000e+02 0.00000000e+00 2.18340000e+01
 8.78000000e-01 0.00000000e+00 0.00000000e+00 0.00000000e+00
 3.59203000e+02 9.10580000e+04 3.20000000e+02 1.80000000e+02
 0.00000000e+00 2.28710000e+01 8.78000000e-01 2.00000000e-03
 2.77000000e+02]
deleted_idx_col 12
query_origi 634
query_idx 96
deleted_scaled [1.         0.06823407 0.83214581 0.82673936 1.         1.
 1.         0.31262452 0.58372093 0.07807254 1.         0.16071157
 0.83067575 0.82653571 1.         1.         1.         0.36306827
 0.48292683 0.00786187 1.         0.13351528 0.86354877 0.86831774
 1.         1.         1.         0.15515535 0.34405941 0.07892848
 1.         0.         0.8283464  0.82669601 1.         1.
 1.         0.25550074 0.54098361 0.13796752]
deleted_not_scaled [1.20000000e+01 3.20597144e-01 1.66982310e+04 4.23508900e+06
 3.84000000e+03 2.16000000e+03 1.00000000e+00 2.82130000e+01
 8.21000000e-01 7.53400000e+00 1.20000000e+01 5.27382807e-01
 1.66700820e+04 4.23420100e+06 3.84000000e+03 2.16000000e+03
 1.00000000e+00 2.58790000e+01 7.85000000e-01 7.29000000e-01
 1.20000000e+01 6.56382343e-01 1.66471460e+04 4.23461800e+06
 3.84000000e+03 2.16000000e+03 1.00000000e+00 1.92730000e+01
 7.30000000e-01 7.14800000e+00 1.20000000e+01 0.00000000e+00
 1.66224250e+04 4.23456300e+06 3.84000000e+03 2.16000000e+03
 1.00000000e+00 2.20760000e+01 8.01000000e-01 1.30400000e+01
 7.70000000e+01]
deleted_idx_col 96
query_origi 424
query_idx 447
deleted_scaled [0.41666667 0.         0.07626492 0.07624986 0.18181818 0.17171717
 0.         0.05998415 0.26976744 0.00592746 0.41666667 0.
 0.07720106 0.07739535 0.18181818 0.17171717 0.         0.18311861
 0.26829268 0.01847378 0.5        0.         0.11298563 0.11293814
 0.27272727 0.27272727 0.         0.10478416 0.43811881 0.22693595
 0.58333333 0.         0.14092483 0.13986735 0.27272727 0.27272727
 0.         0.20120456 0.70257611 0.13476168]
deleted_not_scaled [5.000000e+00 0.000000e+00 1.827784e+03 4.665420e+05 9.600000e+02
 5.200000e+02 0.000000e+00 1.642000e+01 6.860000e-01 5.720000e-01
 5.000000e+00 0.000000e+00 1.850405e+03 4.730100e+05 9.600000e+02
 5.200000e+02 0.000000e+00 1.980300e+01 6.970000e-01 1.713000e+00
 6.000000e+00 0.000000e+00 2.457307e+03 6.220060e+05 1.280000e+03
 7.200000e+02 0.000000e+00 1.744100e+01 7.680000e-01 2.055200e+01
 7.000000e+00 0.000000e+00 3.094532e+03 7.844640e+05 1.280000e+03
 7.200000e+02 0.000000e+00 2.028200e+01 8.700000e-01 1.273700e+01
 1.490000e+02]
deleted_idx_col 447
query_origi 830
query_idx 565
deleted_scaled [0.25       0.         0.03174126 0.03160699 0.05454545 0.05454545
 0.         0.12817327 0.60930233 0.16746114 0.16666667 0.
 0.01596186 0.01598948 0.05454545 0.05454545 0.         0.18122316
 0.60487805 0.19491836 0.25       0.         0.02733086 0.02764635
 0.05454545 0.05454545 0.         0.17970855 0.63118812 0.1939313
 0.25       0.         0.02889511 0.02902912 0.05454545 0.05454545
 0.         0.30292667 0.67213115 0.24516743]
deleted_not_scaled [3.00000e+00 0.00000e+00 9.51870e+02 2.42370e+05 5.12000e+02 2.88000e+02
 0.00000e+00 1.96030e+01 8.32000e-01 1.61600e+01 2.00000e+00 0.00000e+00
 6.45925e+02 1.64711e+05 5.12000e+02 2.88000e+02 0.00000e+00 1.97390e+01
 8.35000e-01 1.80740e+01 3.00000e+00 0.00000e+00 8.37953e+02 2.14097e+05
 5.12000e+02 2.88000e+02 0.00000e+00 2.01660e+01 8.46000e-01 1.75630e+01
 3.00000e+00 0.00000e+00 8.89879e+02 2.27698e+05 5.12000e+02 2.88000e+02
 0.00000e+00 2.36430e+01 8.57000e-01 2.31720e+01 2.68000e+02]
deleted_idx_col 565
query_origi 194
query_idx 519
deleted_scaled [0.5        0.         0.0916337  0.09183101 0.27272727 0.27272727
 0.         0.18554382 0.67674419 0.27235233 0.5        0.
 0.10792759 0.10700392 0.27272727 0.27272727 0.         0.16700726
 0.58292683 0.20474301 0.5        0.         0.11314966 0.11335946
 0.27272727 0.27272727 0.         0.11811933 0.53712871 0.25097446
 0.5        0.         0.10757425 0.10698891 0.27272727 0.27272727
 0.         0.45143912 0.78220141 0.49192192]
deleted_not_scaled [6.000000e+00 0.000000e+00 2.130134e+03 5.447820e+05 1.280000e+03
 7.200000e+02 0.000000e+00 2.228100e+01 8.610000e-01 2.628200e+01
 6.000000e+00 0.000000e+00 2.454748e+03 6.216650e+05 1.280000e+03
 7.200000e+02 0.000000e+00 1.925900e+01 8.260000e-01 1.898500e+01
 6.000000e+00 0.000000e+00 2.460408e+03 6.240210e+05 1.280000e+03
 7.200000e+02 0.000000e+00 1.792600e+01 8.080000e-01 2.272900e+01
 6.000000e+00 0.000000e+00 2.438220e+03 6.193080e+05 1.280000e+03
 7.200000e+02 0.000000e+00 2.855000e+01 9.040000e-01 4.649400e+01
 6.000000e+01]
deleted_idx_col 519
query_origi 90
query_idx 753
deleted_scaled [0.16666667 0.         0.01814822 0.01809815 0.05454545 0.05454545
 0.         0.0458236  0.21395349 0.38260104 0.16666667 0.
 0.01781152 0.01790516 0.05454545 0.05454545 0.         0.58735377
 0.78292683 0.51133447 0.25       0.1072546  0.02864079 0.02903704
 0.05454545 0.05454545 0.         0.09747044 0.13861386 0.3198326
 0.16666667 0.         0.02132192 0.0210504  0.05454545 0.05454545
 0.         0.08849611 0.26932084 0.28936148]
deleted_not_scaled [2.00000000e+00 0.00000000e+00 6.84454000e+02 1.74536000e+05
 5.12000000e+02 2.88000000e+02 0.00000000e+00 1.57590000e+01
 6.62000000e-01 3.69210000e+01 2.00000000e+00 0.00000000e+00
 6.82305000e+02 1.74329000e+05 5.12000000e+02 2.88000000e+02
 0.00000000e+00 3.34520000e+01 9.08000000e-01 4.74140000e+01
 3.00000000e+00 5.27280643e-01 8.62718000e+02 2.20748000e+05
 5.12000000e+02 2.88000000e+02 0.00000000e+00 1.71750000e+01
 6.47000000e-01 2.89650000e+01 2.00000000e+00 0.00000000e+00
 7.40845000e+02 1.87619000e+05 5.12000000e+02 2.88000000e+02
 0.00000000e+00 1.65580000e+01 6.85000000e-01 2.73490000e+01
 1.41000000e+02]
deleted_idx_col 753
query_origi 507
query_idx 520
deleted_scaled [0.16666667 0.         0.01820551 0.01812125 0.05454545 0.05454545
 0.         0.14927483 0.26976744 0.27471503 0.25       0.
 0.02923576 0.02927215 0.05454545 0.05454545 0.         0.04309196
 0.23170732 0.40155943 0.25       0.         0.02695838 0.02727019
 0.05454545 0.05454545 0.         0.13112455 0.43069307 0.19242958
 0.25       0.         0.03242193 0.03201545 0.05454545 0.05454545
 0.         0.68790291 0.82669789 0.58768449]
deleted_not_scaled [2.00000e+00 0.00000e+00 6.85581e+02 1.74652e+05 5.12000e+02 2.88000e+02
 0.00000e+00 2.05880e+01 6.86000e-01 2.65100e+01 3.00000e+00 0.00000e+00
 9.07002e+02 2.31399e+05 5.12000e+02 2.88000e+02 0.00000e+00 1.50750e+01
 6.82000e-01 3.72350e+01 3.00000e+00 0.00000e+00 8.30911e+02 2.12298e+05
 5.12000e+02 2.88000e+02 0.00000e+00 1.83990e+01 7.65000e-01 1.74270e+01
 3.00000e+00 0.00000e+00 9.59284e+02 2.42699e+05 5.12000e+02 2.88000e+02
 0.00000e+00 3.63630e+01 9.23000e-01 5.55450e+01 2.38000e+02]
deleted_idx_col 520
query_origi 939
query_idx 965
deleted_scaled [0.58333333 0.         0.1406007  0.13966259 0.27272727 0.27272727
 0.         0.19259196 0.4627907  0.22415544 0.58333333 0.
 0.13998004 0.139341   0.27272727 0.27272727 0.         0.6931734
 0.86585366 0.76803701 0.58333333 0.         0.14599449 0.14685337
 0.27272727 0.27272727 0.         0.17629915 0.4950495  0.31979948
 0.58333333 0.         0.1399728  0.13976383 0.27272727 0.27272727
 0.         0.20417058 0.46604215 0.33129133]
deleted_not_scaled [7.000000e+00 0.000000e+00 3.093462e+03 7.849660e+05 1.280000e+03
 7.200000e+02 0.000000e+00 2.261000e+01 7.690000e-01 2.163100e+01
 7.000000e+00 0.000000e+00 3.085170e+03 7.840190e+05 1.280000e+03
 7.200000e+02 0.000000e+00 3.702500e+01 9.420000e-01 7.121700e+01
 7.000000e+00 0.000000e+00 3.081359e+03 7.842060e+05 1.280000e+03
 7.200000e+02 0.000000e+00 2.004200e+01 7.910000e-01 2.896200e+01
 7.000000e+00 0.000000e+00 3.075797e+03 7.839440e+05 1.280000e+03
 7.200000e+02 0.000000e+00 2.038000e+01 7.690000e-01 3.131200e+01
 8.500000e+01]
deleted_idx_col 965
query_origi 707
query_idx 787
deleted_scaled [0.41666667 0.         0.07723066 0.07739953 0.18181818 0.17171717
 0.         0.55843099 0.88139535 0.85380311 0.5        0.
 0.1079645  0.10704057 0.27272727 0.27272727 0.         0.45262846
 0.56829268 0.42710782 0.5        0.         0.11274983 0.11295863
 0.27272727 0.27272727 0.         0.22680781 0.11138614 0.36018021
 0.5        0.         0.10809861 0.10751068 0.27272727 0.27272727
 0.         0.24953845 0.15456674 0.32557795]
deleted_not_scaled [5.000000e+00 0.000000e+00 1.846783e+03 4.723150e+05 9.600000e+02
 5.200000e+02 0.000000e+00 3.968700e+01 9.490000e-01 8.239200e+01
 6.000000e+00 0.000000e+00 2.455474e+03 6.218490e+05 1.280000e+03
 7.200000e+02 0.000000e+00 2.890300e+01 8.200000e-01 3.960400e+01
 6.000000e+00 0.000000e+00 2.452849e+03 6.221040e+05 1.280000e+03
 7.200000e+02 0.000000e+00 2.187900e+01 6.360000e-01 3.261900e+01
 6.000000e+00 0.000000e+00 2.448539e+03 6.219290e+05 1.280000e+03
 7.200000e+02 0.000000e+00 2.187900e+01 6.360000e-01 3.077200e+01
 9.000000e+01]
deleted_idx_col 787
query_origi 731
query_idx 630
deleted_scaled [1.         0.         0.8275702  0.82674055 1.         1.
 1.         0.27228518 0.58372093 0.22115026 1.         0.
 0.90362401 0.90408065 1.         1.         1.         0.12287872
 0.36097561 0.11227703 1.         0.         0.85407914 0.86353009
 1.         1.         1.         0.22760517 0.58415842 0.0165741
 1.         0.         0.75991337 0.75383712 1.         1.
 1.         0.2296238  0.36065574 0.06032905]
deleted_not_scaled [1.2000000e+01 0.0000000e+00 1.6608215e+04 4.2350950e+06 3.8400000e+03
 2.1600000e+03 1.0000000e+00 2.6330000e+01 8.2100000e-01 2.1341000e+01
 1.2000000e+01 0.0000000e+00 1.8104861e+04 4.6235290e+06 3.8400000e+03
 2.1600000e+03 1.0000000e+00 1.7769000e+01 7.3500000e-01 1.0411000e+01
 1.2000000e+01 0.0000000e+00 1.6468117e+04 4.2117210e+06 3.8400000e+03
 2.1600000e+03 1.0000000e+00 2.1908000e+01 8.2700000e-01 1.5010000e+00
 1.2000000e+01 0.0000000e+00 1.5275719e+04 3.8685760e+06 3.8400000e+03
 2.1600000e+03 1.0000000e+00 2.1221000e+01 7.2400000e-01 5.7020000e+00
 2.8400000e+02]
deleted_idx_col 630
query_origi 731
query_idx 775
deleted_scaled [0.25       0.         0.02576206 0.02551772 0.05454545 0.05454545
 0.         0.24842006 0.73953488 0.12557513 0.33333333 0.
 0.04256803 0.0423933  0.09090909 0.09090909 0.         0.3805716
 0.76585366 0.25173091 0.33333333 0.         0.04485181 0.04512879
 0.09090909 0.09090909 0.         0.21710201 0.67574257 0.23368263
 0.33333333 0.         0.04284411 0.0428091  0.09090909 0.09090909
 0.         0.16385703 0.70725995 0.1507803 ]
deleted_not_scaled [3.000000e+00 0.000000e+00 8.342410e+02 2.117930e+05 5.120000e+02
 2.880000e+02 0.000000e+00 2.521600e+01 8.880000e-01 1.211800e+01
 4.000000e+00 0.000000e+00 1.169227e+03 2.972760e+05 6.400000e+02
 3.600000e+02 0.000000e+00 2.647000e+01 9.010000e-01 2.334200e+01
 4.000000e+00 0.000000e+00 1.169197e+03 2.977070e+05 6.400000e+02
 3.600000e+02 0.000000e+00 2.152600e+01 8.640000e-01 2.116300e+01
 4.000000e+00 0.000000e+00 1.164384e+03 2.969180e+05 6.400000e+02
 3.600000e+02 0.000000e+00 1.904800e+01 8.720000e-01 1.425100e+01
 1.680000e+02]
deleted_idx_col 775
query_origi 20
query_idx 121
deleted_scaled [0.         0.93935601 0.00258161 0.00250884 0.         0.
 0.         0.38220613 0.61627907 0.31065285 0.         0.
 0.00192847 0.00196149 0.         0.         0.         0.16173552
 0.48536585 0.00556478 0.         0.         0.00207468 0.00211855
 0.         0.         0.         0.03579874 0.47277228 0.
 0.         0.         0.00151439 0.00156453 0.         0.
 0.         0.08380497 0.61358314 0.        ]
deleted_not_scaled [0.00000000e+00 4.41355541e+00 3.78212000e+02 9.62550000e+04
 3.20000000e+02 1.80000000e+02 0.00000000e+00 3.14610000e+01
 8.35000000e-01 2.99780000e+01 0.00000000e+00 0.00000000e+00
 3.69910000e+02 9.42810000e+04 3.20000000e+02 1.80000000e+02
 0.00000000e+00 1.90810000e+01 7.86000000e-01 5.16000000e-01
 0.00000000e+00 0.00000000e+00 3.60470000e+02 9.20100000e+04
 3.20000000e+02 1.80000000e+02 0.00000000e+00 1.49320000e+01
 7.82000000e-01 0.00000000e+00 0.00000000e+00 0.00000000e+00
 3.51049000e+02 8.97370000e+04 3.20000000e+02 1.80000000e+02
 0.00000000e+00 1.64030000e+01 8.32000000e-01 0.00000000e+00
 4.00000000e+00]
deleted_idx_col 121
query_origi 244
query_idx 574
deleted_scaled [0.91666667 0.         0.57000759 0.5697133  1.         1.
 0.         0.02924227 0.2        0.11596891 0.91666667 0.
 0.56505575 0.56565212 1.         1.         0.         0.14295869
 0.38780488 0.02176304 1.         0.         1.         1.
 1.         1.         1.         0.77165246 0.88366337 1.
 0.91666667 0.         0.54587625 0.54175749 1.         1.
 0.         0.08686178 0.52693208 0.11360102]
deleted_not_scaled [1.1000000e+01 0.0000000e+00 1.1541185e+04 2.9444450e+06 3.8400000e+03
 2.1600000e+03 0.0000000e+00 1.4985000e+01 6.5600000e-01 1.1191000e+01
 1.1000000e+01 0.0000000e+00 1.1445749e+04 2.9243890e+06 3.8400000e+03
 2.1600000e+03 0.0000000e+00 1.8447000e+01 7.4600000e-01 2.0180000e+00
 1.2000000e+01 0.0000000e+00 1.9226837e+04 4.8643900e+06 3.8400000e+03
 2.1600000e+03 1.0000000e+00 4.1695000e+01 9.4800000e-01 9.0563000e+01
 1.1000000e+01 0.0000000e+00 1.1063644e+04 2.8032510e+06 3.8400000e+03
 2.1600000e+03 0.0000000e+00 1.6504000e+01 7.9500000e-01 1.0737000e+01
 2.3900000e+02]
deleted_idx_col 574
query_origi 30
query_idx 595
deleted_scaled [0.00000000e+00 6.88905132e-01 6.97809074e-04 6.39058185e-04
 0.00000000e+00 0.00000000e+00 0.00000000e+00 2.98999550e-01
 6.90697674e-01 0.00000000e+00 0.00000000e+00 7.41644159e-02
 1.59407603e-03 1.63663220e-03 0.00000000e+00 0.00000000e+00
 0.00000000e+00 1.59129276e-01 5.58536585e-01 0.00000000e+00
 0.00000000e+00 1.82383134e-01 2.25568205e-03 2.31071035e-03
 0.00000000e+00 0.00000000e+00 0.00000000e+00 7.03051966e-02
 4.92574257e-01 0.00000000e+00 0.00000000e+00 0.00000000e+00
 2.24242067e-03 2.30270119e-03 0.00000000e+00 0.00000000e+00
 0.00000000e+00 6.34121243e-01 9.13348946e-01 1.04882823e-01]
deleted_not_scaled [0.00000000e+00 3.23681431e+00 3.41152000e+02 8.68660000e+04
 3.20000000e+02 1.80000000e+02 0.00000000e+00 2.75770000e+01
 8.67000000e-01 0.00000000e+00 0.00000000e+00 2.43374120e-01
 3.63333000e+02 9.26500000e+04 3.20000000e+02 1.80000000e+02
 0.00000000e+00 1.89930000e+01 8.16000000e-01 0.00000000e+00
 0.00000000e+00 8.96624449e-01 3.63892000e+02 9.29290000e+04
 3.20000000e+02 1.80000000e+02 0.00000000e+00 1.61870000e+01
 7.90000000e-01 0.00000000e+00 0.00000000e+00 0.00000000e+00
 3.65376000e+02 9.34450000e+04 3.20000000e+02 1.80000000e+02
 0.00000000e+00 3.45860000e+01 9.60000000e-01 9.91300000e+00
 2.70000000e+01]
deleted_idx_col 595
query_origi 70
query_idx 114
deleted_scaled [0.33333333 0.61916709 0.04142316 0.04152126 0.09090909 0.09090909
 0.         0.42085306 0.78139535 0.61329534 0.33333333 0.43206846
 0.04270902 0.04230028 0.09090909 0.09090909 0.         0.14941507
 0.43414634 0.24284451 0.25       0.         0.02932112 0.02931326
 0.05454545 0.05454545 0.         0.71176794 0.92574257 0.63295165
 0.16666667 0.         0.01856338 0.01841604 0.05454545 0.05454545
 0.         0.26521594 0.75644028 0.19231868]
deleted_not_scaled [4.00000000e+00 2.90915077e+00 1.14234200e+03 2.92154000e+05
 6.40000000e+02 3.60000000e+02 0.00000000e+00 3.32650000e+01
 9.06000000e-01 5.91830000e+01 4.00000000e+00 1.41785357e+00
 1.17200000e+03 2.96809000e+05 6.40000000e+02 3.60000000e+02
 0.00000000e+00 1.86650000e+01 7.65000000e-01 2.25180000e+01
 3.00000000e+00 0.00000000e+00 8.75580000e+02 2.22069000e+05
 5.12000000e+02 2.88000000e+02 0.00000000e+00 3.95170000e+01
 9.65000000e-01 5.73220000e+01 2.00000000e+00 0.00000000e+00
 6.86559000e+02 1.74386000e+05 5.12000000e+02 2.88000000e+02
 0.00000000e+00 2.23970000e+01 8.93000000e-01 1.81770000e+01
 1.88000000e+02]
deleted_idx_col 114
query_origi 397
query_idx 677
deleted_scaled [0.33333333 0.         0.03758008 0.03759092 0.09090909 0.09090909
 0.         0.24492813 0.81162791 0.25013472 0.33333333 0.
 0.04120112 0.04137311 0.09090909 0.09090909 0.         0.58181549
 0.77804878 0.6382568  0.33333333 0.         0.04500008 0.04494103
 0.09090909 0.09090909 0.         0.13843827 0.43069307 0.24864459
 0.41666667 0.         0.0782589  0.07767889 0.18181818 0.17171717
 0.         0.85642081 0.94145199 0.82056816]
deleted_not_scaled [4.000000e+00 0.000000e+00 1.066737e+03 2.724180e+05 6.400000e+02
 3.600000e+02 0.000000e+00 2.505300e+01 9.190000e-01 2.413800e+01
 4.000000e+00 0.000000e+00 1.142342e+03 2.921540e+05 6.400000e+02
 3.600000e+02 0.000000e+00 3.326500e+01 9.060000e-01 5.918300e+01
 4.000000e+00 0.000000e+00 1.172000e+03 2.968090e+05 6.400000e+02
 3.600000e+02 0.000000e+00 1.866500e+01 7.650000e-01 2.251800e+01
 5.000000e+00 0.000000e+00 1.861318e+03 4.720770e+05 9.600000e+02
 5.200000e+02 0.000000e+00 4.193100e+01 9.720000e-01 7.755600e+01
 1.870000e+02]
deleted_idx_col 677
query_origi 894
query_idx 892
deleted_scaled [0.5        0.30478528 0.11797091 0.11815427 0.27272727 0.27272727
 0.         0.2326528  0.41627907 0.23030052 0.5        0.4351572
 0.09872188 0.09781432 0.27272727 0.27272727 0.         0.09272916
 0.13902439 0.12614585 0.41666667 0.         0.09060193 0.09070003
 0.18181818 0.17171717 0.         0.03857575 0.         0.27184391
 0.33333333 0.         0.03658674 0.03632483 0.09090909 0.09090909
 0.         0.09215823 0.37470726 0.23914723]
deleted_not_scaled [6.00000000e+00 1.43203080e+00 2.64826600e+03 6.76963000e+05
 1.28000000e+03 7.20000000e+02 0.00000000e+00 2.44800000e+01
 7.49000000e-01 2.22240000e+01 6.00000000e+00 1.42798942e+00
 2.27368600e+03 5.75527000e+05 1.28000000e+03 7.20000000e+02
 0.00000000e+00 1.67510000e+01 6.44000000e-01 1.16970000e+01
 5.00000000e+00 0.00000000e+00 2.03413000e+03 5.15652000e+05
 9.60000000e+02 5.20000000e+02 0.00000000e+00 1.50330000e+01
 5.91000000e-01 2.46190000e+01 4.00000000e+00 0.00000000e+00
 1.04124400e+03 2.64346000e+05 6.40000000e+02 3.60000000e+02
 0.00000000e+00 1.66790000e+01 7.30000000e-01 2.26030000e+01
 2.20000000e+01]
deleted_idx_col 892
query_origi 911
query_idx 187
deleted_scaled [0.33333333 0.         0.04253001 0.04257235 0.09090909 0.09090909
 0.         0.06827481 0.55348837 0.23474611 0.33333333 0.
 0.04274877 0.04228136 0.09090909 0.09090909 0.         0.10273952
 0.57073171 0.17382395 0.25       0.94608443 0.02900232 0.02894818
 0.05454545 0.05454545 0.         0.27415452 0.75990099 0.22964124
 0.08333333 0.         0.0095161  0.00938798 0.01818182 0.01818182
 0.         0.12348295 0.64168618 0.        ]
deleted_not_scaled [4.00000000e+00 0.00000000e+00 1.16411700e+03 2.97432000e+05
 6.40000000e+02 3.60000000e+02 0.00000000e+00 1.68070000e+01
 8.08000000e-01 2.26530000e+01 4.00000000e+00 0.00000000e+00
 1.17278200e+03 2.96714000e+05 6.40000000e+02 3.60000000e+02
 0.00000000e+00 1.70890000e+01 8.21000000e-01 1.61180000e+01
 3.00000000e+00 4.65110132e+00 8.69553000e+02 2.20323000e+05
 5.12000000e+02 2.88000000e+02 0.00000000e+00 2.36010000e+01
 8.98000000e-01 2.07970000e+01 1.00000000e+00 0.00000000e+00
 5.08516000e+02 1.29036000e+05 3.84000000e+02 2.16000000e+02
 0.00000000e+00 1.77140000e+01 8.44000000e-01 0.00000000e+00
 2.25000000e+02]
deleted_idx_col 187
query_origi 337
query_idx 170
deleted_scaled [0.41666667 0.         0.07779021 0.0773127  0.18181818 0.17171717
 0.         0.18721481 0.74186047 0.21003109 0.5        0.58803765
 0.10747234 0.10710032 0.27272727 0.27272727 0.         0.22147194
 0.67317073 0.16858271 0.5        0.02984482 0.11229356 0.11307614
 0.27272727 0.27272727 0.         0.24335991 0.67079208 0.22765368
 0.33333333 0.         0.0409325  0.04092744 0.09090909 0.09090909
 0.         0.21406737 0.65105386 0.15373221]
deleted_not_scaled [5.00000000e+00 0.00000000e+00 1.85779100e+03 4.71879000e+05
 9.60000000e+02 5.20000000e+02 0.00000000e+00 2.23590000e+01
 8.89000000e-01 2.02680000e+01 6.00000000e+00 1.92967401e+00
 2.44579400e+03 6.22149000e+05 1.28000000e+03 7.20000000e+02
 0.00000000e+00 2.10980000e+01 8.63000000e-01 1.56320000e+01
 6.00000000e+00 1.46721867e-01 2.44422300e+03 6.22666000e+05
 1.28000000e+03 7.20000000e+02 0.00000000e+00 2.24810000e+01
 8.62000000e-01 2.06170000e+01 4.00000000e+00 0.00000000e+00
 1.12676500e+03 2.87466000e+05 6.40000000e+02 3.60000000e+02
 0.00000000e+00 2.07070000e+01 8.48000000e-01 1.45300000e+01
 1.91000000e+02]
deleted_idx_col 170
query_origi 138
query_idx 537
deleted_scaled [0.08333333 0.         0.0089759  0.00884684 0.01818182 0.01818182
 0.         0.3479509  0.68372093 0.         0.16666667 0.
 0.01792943 0.01788683 0.05454545 0.05454545 0.         0.35314675
 0.56097561 0.20113021 0.25       0.         0.0291143  0.02933375
 0.05454545 0.05454545 0.         0.23161947 0.61633663 0.21168689
 0.33333333 0.         0.04283375 0.04285668 0.09090909 0.09090909
 0.         0.80012711 0.90163934 0.62453579]
deleted_not_scaled [1.00000e+00 0.00000e+00 5.04007e+02 1.28081e+05 3.84000e+02 2.16000e+02
 0.00000e+00 2.98620e+01 8.64000e-01 0.00000e+00 2.00000e+00 0.00000e+00
 6.84624e+02 1.74237e+05 5.12000e+02 2.88000e+02 0.00000e+00 2.55440e+01
 8.17000e-01 1.86500e+01 3.00000e+00 0.00000e+00 8.71670e+02 2.22167e+05
 5.12000e+02 2.88000e+02 0.00000e+00 2.20540e+01 8.40000e-01 1.91710e+01
 4.00000e+00 0.00000e+00 1.16418e+03 2.97157e+05 6.40000e+02 3.60000e+02
 0.00000e+00 4.00710e+01 9.55000e-01 5.90280e+01 2.74000e+02]
deleted_idx_col 537
query_origi 300
query_idx 605
deleted_scaled [1.         0.         0.82832047 0.82666249 1.         1.
 1.         0.13509287 0.15581395 0.09079793 1.         0.
 0.83878951 0.83838033 1.         1.         1.         0.04024878
 0.15609756 0.12279188 1.         0.         0.8473598  0.85588264
 1.         1.         1.         0.13282925 0.37623762 0.02321036
 1.         0.         0.96068993 0.95207885 1.         1.
 1.         0.84927817 0.8852459  0.95818653]
deleted_not_scaled [1.2000000e+01 0.0000000e+00 1.6622975e+04 4.2347030e+06 3.8400000e+03
 2.1600000e+03 1.0000000e+00 1.9926000e+01 6.3700000e-01 8.7620000e+00
 1.2000000e+01 0.0000000e+00 1.6829667e+04 4.2936690e+06 3.8400000e+03
 2.1600000e+03 1.0000000e+00 1.4979000e+01 6.5100000e-01 1.1386000e+01
 1.2000000e+01 0.0000000e+00 1.6341084e+04 4.1751470e+06 3.8400000e+03
 2.1600000e+03 1.0000000e+00 1.8461000e+01 7.4300000e-01 2.1020000e+00
 1.2000000e+01 0.0000000e+00 1.9226837e+04 4.8643900e+06 3.8400000e+03
 2.1600000e+03 1.0000000e+00 4.1695000e+01 9.4800000e-01 9.0563000e+01
 2.3800000e+02]
deleted_idx_col 605
query_origi 522
query_idx 18
deleted_scaled [0.16666667 0.         0.01576577 0.01555924 0.05454545 0.05454545
 0.         0.04070353 0.40930233 0.19353368 0.         0.
 0.00168346 0.00166233 0.         0.         0.         0.16164668
 0.47804878 0.         0.08333333 0.87573434 0.01265964 0.0127111
 0.01818182 0.01818182 0.         0.05389057 0.35643564 0.03267339
 0.         0.         0.00097433 0.00097288 0.         0.
 0.         0.14037105 0.54332553 0.        ]
deleted_not_scaled [2.00000000e+00 0.00000000e+00 6.37584000e+02 1.61787000e+05
 5.12000000e+02 2.88000000e+02 0.00000000e+00 1.55200000e+01
 7.46000000e-01 1.86760000e+01 0.00000000e+00 0.00000000e+00
 3.65091000e+02 9.27790000e+04 3.20000000e+02 1.80000000e+02
 0.00000000e+00 1.90780000e+01 7.83000000e-01 0.00000000e+00
 1.00000000e+00 4.30524906e+00 5.60585000e+02 1.42669000e+05
 3.84000000e+02 2.16000000e+02 0.00000000e+00 1.55900000e+01
 7.35000000e-01 2.95900000e+00 0.00000000e+00 0.00000000e+00
 3.40421000e+02 8.67650000e+04 3.20000000e+02 1.80000000e+02
 0.00000000e+00 1.82720000e+01 8.02000000e-01 0.00000000e+00
 1.45000000e+02]
deleted_idx_col 18
query_origi 643
query_idx 183
deleted_scaled [2.50000000e-01 0.00000000e+00 3.24233164e-02 3.24075586e-02
 5.45454545e-02 5.45454545e-02 0.00000000e+00 1.76267701e-01
 6.16279070e-01 4.41378238e-01 1.66666667e-01 9.04023116e-01
 1.51458323e-02 1.52527269e-02 5.45454545e-02 5.45454545e-02
 0.00000000e+00 1.47519621e-01 6.60975610e-01 3.27502534e-01
 3.33333333e-01 1.64101163e-01 4.72354473e-02 4.71471896e-02
 9.09090909e-02 9.09090909e-02 0.00000000e+00 3.57437448e-04
 4.05940594e-01 5.70608306e-01 0.00000000e+00 0.00000000e+00
 2.89112656e-03 2.78326838e-03 0.00000000e+00 0.00000000e+00
 0.00000000e+00 2.28503980e-02 4.70725995e-01 1.68692800e-01]
deleted_not_scaled [3.00000000e+00 0.00000000e+00 9.65288000e+02 2.46390000e+05
 5.12000000e+02 2.88000000e+02 0.00000000e+00 2.18480000e+01
 8.35000000e-01 4.25930000e+01 2.00000000e+00 2.96659561e+00
 6.29875000e+02 1.61012000e+05 5.12000000e+02 2.88000000e+02
 0.00000000e+00 1.86010000e+01 8.58000000e-01 3.03680000e+01
 4.00000000e+00 8.06747378e-01 1.21426100e+03 3.07360000e+05
 6.40000000e+02 3.60000000e+02 0.00000000e+00 1.36430000e+01
 7.55000000e-01 5.16760000e+01 0.00000000e+00 0.00000000e+00
 3.78142000e+02 9.58590000e+04 3.20000000e+02 1.80000000e+02
 0.00000000e+00 1.43890000e+01 7.71000000e-01 1.59440000e+01
 2.32000000e+02]
deleted_idx_col 183
query_origi 402
query_idx 876
deleted_scaled [0.33333333 0.         0.04242865 0.04252873 0.09090909 0.09090909
 0.         0.47271792 0.92093023 0.5284456  0.33333333 0.
 0.04275996 0.04235087 0.09090909 0.09090909 0.         0.57837998
 0.90487805 0.50998641 0.33333333 0.         0.04512634 0.04515953
 0.09090909 0.09090909 0.         0.4480066  0.81188119 0.23658669
 0.33333333 0.         0.04302542 0.04275774 0.09090909 0.09090909
 0.         0.56759783 0.9882904  0.31099825]
deleted_not_scaled [4.000000e+00 0.000000e+00 1.162123e+03 2.972130e+05 6.400000e+02
 3.600000e+02 0.000000e+00 3.568600e+01 9.660000e-01 5.099500e+01
 4.000000e+00 0.000000e+00 1.173002e+03 2.970630e+05 6.400000e+02
 3.600000e+02 0.000000e+00 3.314900e+01 9.580000e-01 4.728900e+01
 4.000000e+00 0.000000e+00 1.174387e+03 2.978540e+05 6.400000e+02
 3.600000e+02 0.000000e+00 2.992400e+01 9.190000e-01 2.142600e+01
 4.000000e+00 0.000000e+00 1.167952e+03 2.966600e+05 6.400000e+02
 3.600000e+02 0.000000e+00 3.238800e+01 9.920000e-01 2.939400e+01
 3.000000e+01]
deleted_idx_col 876
query_origi 640
query_idx 525
deleted_scaled [0.66666667 0.         0.20948561 0.20770088 0.45454545 0.45454545
 0.         0.06064826 0.22790698 0.08643523 0.66666667 0.
 0.20208505 0.20084686 0.45454545 0.45454545 0.         0.05520509
 0.35121951 0.00136963 0.66666667 0.         0.21385119 0.21477876
 0.45454545 0.45454545 0.         0.14281001 0.40594059 0.05047315
 0.66666667 0.         0.20809333 0.20745293 0.45454545 0.45454545
 0.         0.05695954 0.33957845 0.05611808]
deleted_not_scaled [8.000000e+00 0.000000e+00 4.448635e+03 1.126617e+06 1.920000e+03
 1.080000e+03 0.000000e+00 1.645100e+01 6.680000e-01 8.341000e+00
 8.000000e+00 0.000000e+00 4.306679e+03 1.092820e+06 1.920000e+03
 1.080000e+03 0.000000e+00 1.548400e+01 7.310000e-01 1.270000e-01
 8.000000e+00 0.000000e+00 4.364230e+03 1.109060e+06 1.920000e+03
 1.080000e+03 0.000000e+00 1.882400e+01 7.550000e-01 4.571000e+00
 8.000000e+00 0.000000e+00 4.416353e+03 1.123962e+06 1.920000e+03
 1.080000e+03 0.000000e+00 1.551600e+01 7.150000e-01 5.304000e+00
 1.440000e+02]
deleted_idx_col 525
query_origi 186
query_idx 872
deleted_scaled [9.16666667e-01 0.00000000e+00 5.54589556e-01 5.49826624e-01
 1.00000000e+00 1.00000000e+00 0.00000000e+00 4.28458193e-05
 4.02325581e-01 1.61668394e-01 9.16666667e-01 0.00000000e+00
 6.12950224e-01 6.08655886e-01 1.00000000e+00 1.00000000e+00
 0.00000000e+00 1.84806753e-02 3.73170732e-01 2.01734141e-01
 9.16666667e-01 0.00000000e+00 5.18060796e-01 5.20115161e-01
 1.00000000e+00 1.00000000e+00 0.00000000e+00 5.66675832e-02
 1.18811881e-01 8.83142122e-02 8.33333333e-01 0.00000000e+00
 3.95111585e-01 3.93715718e-01 6.36363636e-01 6.36363636e-01
 0.00000000e+00 1.57743410e-01 1.31147541e-01 8.89594244e-02]
deleted_not_scaled [1.1000000e+01 0.0000000e+00 1.1237866e+04 2.8445850e+06 3.8400000e+03
 2.1600000e+03 0.0000000e+00 1.3622000e+01 7.4300000e-01 1.5601000e+01
 1.1000000e+01 0.0000000e+00 1.2387759e+04 3.1402970e+06 3.8400000e+03
 2.1600000e+03 0.0000000e+00 1.4244000e+01 7.4000000e-01 1.8706000e+01
 1.1000000e+01 0.0000000e+00 1.0115492e+04 2.5693350e+06 3.8400000e+03
 2.1600000e+03 0.0000000e+00 1.5691000e+01 6.3900000e-01 7.9980000e+00
 1.0000000e+01 0.0000000e+00 8.0967190e+03 2.0596030e+06 2.5600000e+03
 1.4400000e+03 0.0000000e+00 1.8846000e+01 6.2600000e-01 8.4080000e+00
 2.3400000e+02]
deleted_idx_col 872
query_origi 276
query_idx 643
deleted_scaled [0.41666667 0.         0.0745939  0.07471285 0.18181818 0.17171717
 0.         0.14912487 0.24651163 0.44766839 0.5        0.
 0.11563597 0.11458656 0.27272727 0.27272727 0.         0.20219162
 0.45609756 0.39477601 0.5        0.         0.11420453 0.11435225
 0.27272727 0.27272727 0.         0.03354413 0.37128713 0.33422038
 0.41666667 0.         0.071077   0.07067125 0.18181818 0.17171717
 0.         0.10647378 0.32318501 0.27641115]
deleted_not_scaled [5.000000e+00 0.000000e+00 1.794910e+03 4.588240e+05 9.600000e+02
 5.200000e+02 0.000000e+00 2.058100e+01 6.760000e-01 4.320000e+01
 6.000000e+00 0.000000e+00 2.606360e+03 6.597350e+05 1.280000e+03
 7.200000e+02 0.000000e+00 2.044700e+01 7.740000e-01 3.660600e+01
 6.000000e+00 0.000000e+00 2.480351e+03 6.287690e+05 1.280000e+03
 7.200000e+02 0.000000e+00 1.485000e+01 7.410000e-01 3.026800e+01
 5.000000e+00 0.000000e+00 1.719984e+03 4.368760e+05 9.600000e+02
 5.200000e+02 0.000000e+00 1.715200e+01 7.080000e-01 2.612500e+01
 1.050000e+02]
deleted_idx_col 643
query_origi 739
query_idx 405
deleted_scaled [0.83333333 0.         0.39612646 0.39348878 0.63636364 0.63636364
 0.         0.05392146 0.43488372 0.0180829  0.83333333 0.
 0.41400457 0.41193019 0.63636364 0.63636364 0.         0.78208204
 0.87073171 0.9328128  0.83333333 0.         0.41192171 0.41417899
 0.63636364 0.63636364 0.         0.16037943 0.70049505 0.11110498
 0.83333333 0.         0.39342203 0.39263394 0.63636364 0.63636364
 0.         0.22420629 0.70023419 0.00849601]
deleted_not_scaled [1.000000e+01 0.000000e+00 8.120421e+03 2.059542e+06 2.560000e+03
 1.440000e+03 0.000000e+00 1.613700e+01 7.570000e-01 1.745000e+00
 1.000000e+01 0.000000e+00 8.474807e+03 2.152601e+06 2.560000e+03
 1.440000e+03 0.000000e+00 4.002700e+01 9.440000e-01 8.649600e+01
 1.000000e+01 0.000000e+00 8.108870e+03 2.062694e+06 2.560000e+03
 1.440000e+03 0.000000e+00 1.946300e+01 8.740000e-01 1.006200e+01
 1.000000e+01 0.000000e+00 8.063470e+03 2.054169e+06 2.560000e+03
 1.440000e+03 0.000000e+00 2.104200e+01 8.690000e-01 8.030000e-01
 2.200000e+02]
deleted_idx_col 405
query_origi 46
query_idx 913
deleted_scaled [0.33333333 0.         0.0427466  0.04241104 0.09090909 0.09090909
 0.         0.07894342 0.39302326 0.5138342  0.33333333 0.
 0.0424912  0.04231681 0.09090909 0.09090909 0.         0.05867022
 0.23414634 0.5580959  0.41666667 0.         0.08099351 0.08150717
 0.18181818 0.17171717 0.         0.04319494 0.16584158 0.12596756
 0.41666667 0.         0.07781549 0.07774538 0.18181818 0.17171717
 0.         0.06525226 0.19906323 0.12337724]
deleted_not_scaled [4.000000e+00 0.000000e+00 1.168378e+03 2.966220e+05 6.400000e+02
 3.600000e+02 0.000000e+00 1.730500e+01 7.390000e-01 4.958500e+01
 4.000000e+00 0.000000e+00 1.167716e+03 2.968920e+05 6.400000e+02
 3.600000e+02 0.000000e+00 1.560100e+01 6.830000e-01 5.175000e+01
 5.000000e+00 0.000000e+00 1.852477e+03 4.716870e+05 9.600000e+02
 5.200000e+02 0.000000e+00 1.520100e+01 6.580000e-01 1.140800e+01
 5.000000e+00 0.000000e+00 1.852592e+03 4.724110e+05 9.600000e+02
 5.200000e+02 0.000000e+00 1.579000e+01 6.550000e-01 1.166100e+01
 1.380000e+02]
deleted_idx_col 913
query_origi 758
query_idx 902
deleted_scaled [0.25       1.         0.02684959 0.02649293 0.05454545 0.05454545
 0.         0.20523147 0.69069767 0.16088083 0.41666667 0.01066216
 0.08492897 0.08433645 0.18181818 0.17171717 0.         0.29326225
 0.64634146 0.13069689 0.         0.04051533 0.00115997 0.0011059
 0.         0.         0.         0.36651086 0.7450495  0.
 0.         0.         0.0024936  0.002453   0.         0.
 0.         0.44254109 0.78688525 0.        ]
deleted_not_scaled [3.00000000e+00 4.69849063e+00 8.55636000e+02 2.16690000e+05
 5.12000000e+02 2.88000000e+02 0.00000000e+00 2.32000000e+01
 8.67000000e-01 1.55250000e+01 5.00000000e+00 3.49883843e-02
 2.00240100e+03 5.07859000e+05 9.60000000e+02 5.20000000e+02
 0.00000000e+00 2.35220000e+01 8.52000000e-01 1.21190000e+01
 0.00000000e+00 1.99179802e-01 3.43177000e+02 8.71670000e+04
 3.20000000e+02 1.80000000e+02 0.00000000e+00 2.69600000e+01
 8.92000000e-01 0.00000000e+00 0.00000000e+00 0.00000000e+00
 3.70319000e+02 9.42000000e+04 3.20000000e+02 1.80000000e+02
 0.00000000e+00 2.82560000e+01 9.06000000e-01 0.00000000e+00
 4.60000000e+01]
deleted_idx_col 902
query_origi 193
query_idx 39
deleted_scaled [0.16666667 0.82242784 0.01774259 0.01769289 0.05454545 0.05454545
 0.         0.19179931 0.58139535 0.10154404 0.08333333 0.
 0.01113225 0.01120606 0.01818182 0.01818182 0.         0.53638383
 0.82682927 0.03057395 0.         0.         0.00126783 0.00134051
 0.         0.         0.         0.24212263 0.68316832 0.
 0.         0.         0.00163833 0.00152153 0.         0.
 0.         0.17402621 0.6323185  0.        ]
deleted_not_scaled [2.00000000e+00 3.86416949e+00 6.76474000e+02 1.72501000e+05
 5.12000000e+02 2.88000000e+02 0.00000000e+00 2.25730000e+01
 8.20000000e-01 9.79900000e+00 1.00000000e+00 0.00000000e+00
 5.50934000e+02 1.40695000e+05 3.84000000e+02 2.16000000e+02
 0.00000000e+00 3.17310000e+01 9.26000000e-01 2.83500000e+00
 0.00000000e+00 0.00000000e+00 3.45216000e+02 8.82890000e+04
 3.20000000e+02 1.80000000e+02 0.00000000e+00 2.24360000e+01
 8.67000000e-01 0.00000000e+00 0.00000000e+00 0.00000000e+00
 3.53488000e+02 8.95210000e+04 3.20000000e+02 1.80000000e+02
 0.00000000e+00 1.93840000e+01 8.40000000e-01 0.00000000e+00
 5.80000000e+01]
deleted_idx_col 39
query_origi 621
query_idx 292
deleted_scaled [0.         0.48857555 0.0019969  0.00195322 0.         0.
 0.         0.13999871 0.39069767 0.         0.         0.
 0.00163694 0.00169758 0.         0.         0.         0.41572634
 0.46585366 0.         0.         0.         0.00385785 0.00394876
 0.         0.         0.         0.29326368 0.3960396  0.
 0.         0.         0.00149823 0.00137382 0.         0.
 0.         0.10402228 0.26697892 0.09237687]
deleted_not_scaled [0.00000000e+00 2.29556766e+00 3.66709000e+02 9.34650000e+04
 3.20000000e+02 1.80000000e+02 0.00000000e+00 2.01550000e+01
 7.38000000e-01 0.00000000e+00 0.00000000e+00 0.00000000e+00
 3.64176000e+02 9.29560000e+04 3.20000000e+02 1.80000000e+02
 0.00000000e+00 2.76570000e+01 7.78000000e-01 0.00000000e+00
 0.00000000e+00 0.00000000e+00 3.94182000e+02 1.00763000e+05
 3.20000000e+02 1.80000000e+02 0.00000000e+00 2.42960000e+01
 7.51000000e-01 0.00000000e+00 0.00000000e+00 0.00000000e+00
 3.50731000e+02 8.87790000e+04 3.20000000e+02 1.80000000e+02
 0.00000000e+00 1.70710000e+01 6.84000000e-01 8.73100000e+00
 2.00000000e+01]
deleted_idx_col 292
query_origi 699
query_idx 423
deleted_scaled [1.         0.30732055 0.81399164 0.81480217 1.         1.
 1.         0.10370831 0.40232558 0.02178238 1.         0.17325371
 0.96066848 0.95205446 1.         1.         1.         0.8314823
 0.8804878  0.97667321 1.         0.06623682 0.83879895 0.84004724
 1.         1.         1.         0.07896618 0.50247525 0.11970672
 1.         0.         0.73262966 0.72823488 1.         1.
 1.         0.19878333 0.31147541 0.02644025]
deleted_not_scaled [1.20000000e+01 1.44394272e+00 1.63410840e+04 4.17514700e+06
 3.84000000e+03 2.16000000e+03 1.00000000e+00 1.84610000e+01
 7.43000000e-01 2.10200000e+00 1.20000000e+01 5.68540445e-01
 1.92268370e+04 4.86439000e+06 3.84000000e+03 2.16000000e+03
 1.00000000e+00 4.16950000e+01 9.48000000e-01 9.05630000e+01
 1.20000000e+01 3.25630708e-01 1.61792360e+04 4.09941400e+06
 3.84000000e+03 2.16000000e+03 1.00000000e+00 1.65020000e+01
 7.94000000e-01 1.08410000e+01 1.20000000e+01 0.00000000e+00
 1.47387980e+04 3.73997000e+06 3.84000000e+03 2.16000000e+03
 1.00000000e+00 2.02020000e+01 7.03000000e-01 2.49900000e+00
 2.40000000e+02]
deleted_idx_col 423
query_origi 837
query_idx 206
deleted_scaled [1.         0.1290645  0.84926373 0.84841317 1.         1.
 1.         0.61413055 0.92093023 0.77       1.         0.13462823
 0.83248962 0.83291573 1.         1.         1.         0.33987857
 0.78536585 0.07772362 1.         0.12302871 0.81253047 0.82152455
 1.         1.         1.         0.68199065 0.80940594 0.81206453
 1.         0.         0.83331028 0.82665719 1.         1.
 1.         0.15577616 0.42388759 0.03134952]
deleted_not_scaled [1.20000000e+01 6.06408352e-01 1.70349920e+04 4.34392300e+06
 3.84000000e+03 2.16000000e+03 1.00000000e+00 4.22870000e+01
 9.66000000e-01 7.43050000e+01 1.20000000e+01 4.41789066e-01
 1.67057580e+04 4.26623300e+06 3.84000000e+03 2.16000000e+03
 1.00000000e+00 2.50960000e+01 9.09000000e-01 7.20700000e+00
 1.20000000e+01 6.04828658e-01 1.56826150e+04 4.01082900e+06
 3.84000000e+03 2.16000000e+03 1.00000000e+00 3.84340000e+01
 9.18000000e-01 7.35430000e+01 1.20000000e+01 0.00000000e+00
 1.67201100e+04 4.23436800e+06 3.84000000e+03 2.16000000e+03
 1.00000000e+00 1.87810000e+01 7.51000000e-01 2.96300000e+00
 1.86000000e+02]
deleted_idx_col 206
query_origi 4
query_idx 191
deleted_scaled [0.00000000e+00 9.67075496e-01 1.01148767e-03 9.69241566e-04
 0.00000000e+00 0.00000000e+00 0.00000000e+00 1.16304977e-01
 4.34883721e-01 2.29637306e-02 0.00000000e+00 0.00000000e+00
 1.60587158e-03 1.66650865e-03 0.00000000e+00 0.00000000e+00
 0.00000000e+00 1.02087961e-01 4.09756098e-01 1.74276902e-02
 0.00000000e+00 0.00000000e+00 2.57040378e-03 2.64777171e-03
 0.00000000e+00 0.00000000e+00 0.00000000e+00 4.20126478e-02
 3.91089109e-01 1.76672593e-04 0.00000000e+00 0.00000000e+00
 2.22458456e-03 2.09407053e-03 0.00000000e+00 0.00000000e+00
 0.00000000e+00 3.62912745e-01 6.90866511e-01 0.00000000e+00]
deleted_not_scaled [0.00000000e+00 4.54379515e+00 3.47323000e+02 8.85240000e+04
 3.20000000e+02 1.80000000e+02 0.00000000e+00 1.90490000e+01
 7.57000000e-01 2.21600000e+00 0.00000000e+00 0.00000000e+00
 3.63565000e+02 9.28000000e+04 3.20000000e+02 1.80000000e+02
 0.00000000e+00 1.70670000e+01 7.55000000e-01 1.61600000e+00
 0.00000000e+00 0.00000000e+00 3.69842000e+02 9.45410000e+04
 3.20000000e+02 1.80000000e+02 0.00000000e+00 1.51580000e+01
 7.49000000e-01 1.60000000e-02 0.00000000e+00 0.00000000e+00
 3.65025000e+02 9.23970000e+04 3.20000000e+02 1.80000000e+02
 0.00000000e+00 2.56250000e+01 8.65000000e-01 0.00000000e+00
 2.61000000e+02]
deleted_idx_col 191
query_origi 206
query_idx 164
deleted_scaled [0.00000000e+00 9.92986457e-01 1.94459382e-03 1.86460012e-03
 0.00000000e+00 0.00000000e+00 0.00000000e+00 1.26309475e-01
 7.18604651e-01 7.70984456e-03 0.00000000e+00 0.00000000e+00
 1.72235256e-03 1.74657755e-03 0.00000000e+00 0.00000000e+00
 0.00000000e+00 2.22538131e-01 7.09756098e-01 5.50007549e-04
 0.00000000e+00 0.00000000e+00 2.27371904e-03 2.30987397e-03
 0.00000000e+00 0.00000000e+00 0.00000000e+00 1.73137201e-01
 6.58415842e-01 0.00000000e+00 0.00000000e+00 0.00000000e+00
 2.30492327e-03 2.34709493e-03 0.00000000e+00 0.00000000e+00
 0.00000000e+00 9.71520232e-02 5.73770492e-01 1.89387928e-03]
deleted_not_scaled [0.00000000e+00 4.66553756e+00 3.65680000e+02 9.30200000e+04
 3.20000000e+02 1.80000000e+02 0.00000000e+00 1.95160000e+01
 8.79000000e-01 7.44000000e-01 0.00000000e+00 0.00000000e+00
 3.65856000e+02 9.32020000e+04 3.20000000e+02 1.80000000e+02
 0.00000000e+00 2.11340000e+01 8.78000000e-01 5.10000000e-02
 0.00000000e+00 0.00000000e+00 3.64233000e+02 9.29250000e+04
 3.20000000e+02 1.80000000e+02 0.00000000e+00 1.99270000e+01
 8.57000000e-01 0.00000000e+00 0.00000000e+00 0.00000000e+00
 3.66606000e+02 9.36680000e+04 3.20000000e+02 1.80000000e+02
 0.00000000e+00 1.68440000e+01 8.15000000e-01 1.79000000e-01
 2.22000000e+02]
deleted_idx_col 164
query_origi 459
query_idx 601
deleted_scaled [0.00000000e+00 4.44900492e-01 1.99044345e-03 1.93768655e-03
 0.00000000e+00 0.00000000e+00 0.00000000e+00 1.56665738e-01
 2.97674419e-01 8.08290155e-04 0.00000000e+00 3.86872509e-01
 2.78212103e-03 2.83308463e-03 0.00000000e+00 0.00000000e+00
 0.00000000e+00 4.59943729e-02 2.65853659e-01 6.69175851e-02
 0.00000000e+00 6.46239054e-02 1.12834352e-03 1.18159662e-03
 0.00000000e+00 0.00000000e+00 0.00000000e+00 1.33049216e-01
 4.55445545e-01 7.17732407e-04 0.00000000e+00 0.00000000e+00
 3.76941519e-03 3.61619842e-03 0.00000000e+00 0.00000000e+00
 0.00000000e+00 5.91840441e-01 7.93911007e-01 8.66000106e-02]
deleted_not_scaled [0.00000000e+00 2.09036079e+00 3.66582000e+02 9.33870000e+04
 3.20000000e+02 1.80000000e+02 0.00000000e+00 2.09330000e+01
 6.98000000e-01 7.80000000e-02 0.00000000e+00 1.26954086e+00
 3.86700000e+02 9.86570000e+04 3.20000000e+02 1.80000000e+02
 0.00000000e+00 1.51730000e+01 6.96000000e-01 6.20500000e+00
 0.00000000e+00 3.17701381e-01 3.42579000e+02 8.75290000e+04
 3.20000000e+02 1.80000000e+02 0.00000000e+00 1.84690000e+01
 7.75000000e-01 6.50000000e-02 0.00000000e+00 0.00000000e+00
 3.95426000e+02 1.00043000e+05 3.20000000e+02 1.80000000e+02
 0.00000000e+00 3.31890000e+01 9.09000000e-01 8.18500000e+00
 2.38000000e+02]
deleted_idx_col 601
query_origi 72
query_idx 552
deleted_scaled [0.08333333 0.         0.00895872 0.00884226 0.01818182 0.01818182
 0.         0.04344566 0.27906977 0.1339171  0.08333333 0.
 0.0086655  0.00866318 0.01818182 0.01818182 0.         0.04865985
 0.2        0.08227466 0.         0.         0.00243251 0.00246042
 0.         0.         0.         0.05815232 0.19306931 0.06403277
 0.08333333 0.         0.00914779 0.00919647 0.01818182 0.01818182
 0.         0.55043734 0.75644028 0.09852404]
deleted_not_scaled [1.00000e+00 0.00000e+00 5.03669e+02 1.28058e+05 3.84000e+02 2.16000e+02
 0.00000e+00 1.56480e+01 6.90000e-01 1.29230e+01 1.00000e+00 0.00000e+00
 5.02417e+02 1.27928e+05 3.84000e+02 2.16000e+02 0.00000e+00 1.52630e+01
 6.69000e-01 7.62900e+00 0.00000e+00 0.00000e+00 3.67235e+02 9.36450e+04
 3.20000e+02 1.80000e+02 0.00000e+00 1.57450e+01 6.69000e-01 5.79900e+00
 1.00000e+00 0.00000e+00 5.01268e+02 1.28074e+05 3.84000e+02 2.16000e+02
 0.00000e+00 3.18210e+01 8.93000e-01 9.31200e+00 1.39000e+02]
deleted_idx_col 552
query_origi 543
query_idx 118
deleted_scaled [0.         0.31377928 0.00182052 0.00183134 0.         0.
 0.         0.04248163 0.26046512 0.11027979 0.         0.44816448
 0.00184341 0.00174817 0.         0.         0.         0.03672442
 0.27317073 0.11623493 0.         0.29724787 0.00243642 0.00234918
 0.         0.         0.         0.14379984 0.43069307 0.15733799
 0.         0.         0.00226285 0.00218664 0.         0.
 0.         0.11394934 0.42154567 0.12258372]
deleted_not_scaled [0.00000000e+00 1.47428898e+00 3.63239000e+02 9.28530000e+04
 3.20000000e+02 1.80000000e+02 0.00000000e+00 1.56030000e+01
 6.82000000e-01 1.06420000e+01 0.00000000e+00 1.47067343e+00
 3.68237000e+02 9.32100000e+04 3.20000000e+02 1.80000000e+02
 0.00000000e+00 1.48600000e+01 6.99000000e-01 1.07780000e+01
 0.00000000e+00 1.46131771e+00 3.67309000e+02 9.31130000e+04
 3.20000000e+02 1.80000000e+02 0.00000000e+00 1.88600000e+01
 7.65000000e-01 1.42490000e+01 0.00000000e+00 0.00000000e+00
 3.65778000e+02 9.28620000e+04 3.20000000e+02 1.80000000e+02
 0.00000000e+00 1.73990000e+01 7.50000000e-01 1.15860000e+01
 1.35000000e+02]
deleted_idx_col 118
query_origi 701
query_idx 374
deleted_scaled [0.08333333 0.         0.00903589 0.00883111 0.01818182 0.01818182
 0.         0.50984383 0.89534884 0.27916062 0.5        0.
 0.10767505 0.10699734 0.27272727 0.27272727 0.         0.28713165
 0.70487805 0.21107349 0.25       0.         0.0292066  0.02931263
 0.05454545 0.05454545 0.         0.33109706 0.73019802 0.27553195
 0.5        0.         0.10908519 0.1087995  0.27272727 0.27272727
 0.         0.13743531 0.51288056 0.19541872]
deleted_not_scaled [1.000000e+00 0.000000e+00 5.051870e+02 1.280020e+05 3.840000e+02
 2.160000e+02 0.000000e+00 3.741900e+01 9.550000e-01 2.693900e+01
 6.000000e+00 0.000000e+00 2.449781e+03 6.216320e+05 1.280000e+03
 7.200000e+02 0.000000e+00 2.331500e+01 8.760000e-01 1.957200e+01
 3.000000e+00 0.000000e+00 8.734150e+02 2.220660e+05 5.120000e+02
 2.880000e+02 0.000000e+00 2.567200e+01 8.860000e-01 2.495300e+01
 6.000000e+00 0.000000e+00 2.467954e+03 6.284030e+05 1.280000e+03
 7.200000e+02 0.000000e+00 1.817500e+01 7.890000e-01 1.847000e+01
 1.970000e+02]
deleted_idx_col 374
query_origi 718
query_idx 846
deleted_scaled [0.         0.         0.00199858 0.00191837 0.         0.
 0.         0.12723066 0.23023256 0.         0.         0.
 0.00175926 0.00178343 0.         0.         0.         0.21658522
 0.27073171 0.00084119 0.41666667 0.         0.08360887 0.08433852
 0.18181818 0.17171717 0.         0.03816332 0.20049505 0.43175469
 0.         0.         0.00108399 0.00112497 0.         0.
 0.         0.14633334 0.48009368 0.00068772]
deleted_not_scaled [0.000000e+00 0.000000e+00 3.667420e+02 9.329000e+04 3.200000e+02
 1.800000e+02 0.000000e+00 1.955900e+01 6.690000e-01 0.000000e+00
 0.000000e+00 0.000000e+00 3.665820e+02 9.338700e+04 3.200000e+02
 1.800000e+02 0.000000e+00 2.093300e+01 6.980000e-01 7.800000e-02
 5.000000e+00 0.000000e+00 1.901922e+03 4.852280e+05 9.600000e+02
 5.200000e+02 0.000000e+00 1.501800e+01 6.720000e-01 3.910100e+01
 0.000000e+00 0.000000e+00 3.425790e+02 8.752900e+04 3.200000e+02
 1.800000e+02 0.000000e+00 1.846900e+01 7.750000e-01 6.500000e-02
 2.370000e+02]
deleted_idx_col 846
query_origi 843
query_idx 717
deleted_scaled [0.25       0.         0.027471   0.02751993 0.05454545 0.05454545
 0.         0.04016796 0.22093023 0.46445596 0.25       0.
 0.02770661 0.02739452 0.05454545 0.05454545 0.         0.03476973
 0.24878049 0.48129974 0.25       0.         0.0293026  0.02927186
 0.05454545 0.05454545 0.         0.14063789 0.40841584 0.58452127
 0.25       0.         0.0280344  0.02781875 0.05454545 0.05454545
 0.         0.11164916 0.4028103  0.50949585]
deleted_not_scaled [3.00000e+00 0.00000e+00 8.67861e+02 2.21847e+05 5.12000e+02 2.88000e+02
 0.00000e+00 1.54950e+01 6.65000e-01 4.48200e+01 3.00000e+00 0.00000e+00
 8.76926e+02 2.21972e+05 5.12000e+02 2.88000e+02 0.00000e+00 1.47940e+01
 6.89000e-01 4.46290e+01 3.00000e+00 0.00000e+00 8.75230e+02 2.21871e+05
 5.12000e+02 2.88000e+02 0.00000e+00 1.87450e+01 7.56000e-01 5.29360e+01
 3.00000e+00 0.00000e+00 8.72941e+02 2.21618e+05 5.12000e+02 2.88000e+02
 0.00000e+00 1.73230e+01 7.42000e-01 4.81550e+01 1.35000e+02]
deleted_idx_col 717
query_origi 36
query_idx 786
deleted_scaled [0.58333333 0.         0.1355029  0.13526526 0.27272727 0.27272727
 0.         0.09625313 0.5        0.18106736 0.58333333 0.
 0.13931024 0.13936251 0.27272727 0.27272727 0.         0.08239301
 0.23414634 0.21949615 0.58333333 0.05691196 0.14555198 0.14713105
 0.27272727 0.27272727 0.         0.16714325 0.25247525 0.29311087
 0.58333333 0.         0.14116884 0.1398783  0.27272727 0.27272727
 0.         0.11503889 0.46135831 0.2166217 ]
deleted_not_scaled [7.00000000e+00 0.00000000e+00 2.99317300e+03 7.62885000e+05
 1.28000000e+03 7.20000000e+02 0.00000000e+00 1.81130000e+01
 7.85000000e-01 1.74730000e+01 7.00000000e+00 0.00000000e+00
 3.07199600e+03 7.84127000e+05 1.28000000e+03 7.20000000e+02
 0.00000000e+00 1.64020000e+01 6.83000000e-01 2.03530000e+01
 7.00000000e+00 2.79788245e-01 3.07299300e+03 7.85534000e+05
 1.28000000e+03 7.20000000e+02 0.00000000e+00 1.97090000e+01
 6.93000000e-01 2.65450000e+01 7.00000000e+00 0.00000000e+00
 3.09933400e+03 7.84519000e+05 1.28000000e+03 7.20000000e+02
 0.00000000e+00 1.74350000e+01 7.67000000e-01 2.04740000e+01
 1.48000000e+02]
deleted_idx_col 786
query_origi 228
query_idx 778
deleted_scaled [0.33333333 0.1385671  0.04259106 0.04245943 0.09090909 0.09090909
 0.         0.1593436  0.70465116 0.22817617 0.33333333 0.87819537
 0.04227146 0.04230068 0.09090909 0.09090909 0.         0.18436251
 0.64146341 0.1919742  0.25       0.02581982 0.02905411 0.02938686
 0.05454545 0.05454545 0.         0.08748969 0.54207921 0.24374193
 0.16666667 0.         0.01868355 0.01839852 0.05454545 0.05454545
 0.         0.10502103 0.59484778 0.15932921]
deleted_not_scaled [4.00000000e+00 6.51056240e-01 1.16531800e+03 2.96865000e+05
 6.40000000e+02 3.60000000e+02 0.00000000e+00 2.10580000e+01
 8.73000000e-01 2.20190000e+01 4.00000000e+00 2.88184061e+00
 1.16339400e+03 2.96811000e+05 6.40000000e+02 3.60000000e+02
 0.00000000e+00 1.98450000e+01 8.50000000e-01 1.78010000e+01
 3.00000000e+00 1.26934331e-01 8.70532000e+02 2.22421000e+05
 5.12000000e+02 2.88000000e+02 0.00000000e+00 1.68120000e+01
 8.10000000e-01 2.20740000e+01 2.00000000e+00 0.00000000e+00
 6.88924000e+02 1.74298000e+05 5.12000000e+02 2.88000000e+02
 0.00000000e+00 1.71040000e+01 8.24000000e-01 1.50590000e+01
 2.23000000e+02]
deleted_idx_col 778
query_origi 613
query_idx 158
deleted_scaled [0.         0.04357984 0.00136548 0.00119925 0.         0.
 0.         0.16050044 0.6        0.         0.         0.04205748
 0.00206219 0.00199296 0.         0.         0.         0.17740264
 0.44390244 0.         0.         0.6808652  0.00208832 0.00202864
 0.         0.         0.         0.4737421  0.76485149 0.
 0.         0.         0.00266713 0.00261664 0.         0.
 0.         0.53255047 0.75175644 0.        ]
deleted_not_scaled [0.00000000e+00 2.04759462e-01 3.54287000e+02 8.96790000e+04
 3.20000000e+02 1.80000000e+02 0.00000000e+00 2.11120000e+01
 8.28000000e-01 0.00000000e+00 0.00000000e+00 1.38013655e-01
 3.72540000e+02 9.44390000e+04 3.20000000e+02 1.80000000e+02
 0.00000000e+00 1.96100000e+01 7.69000000e-01 0.00000000e+00
 0.00000000e+00 3.34724145e+00 3.60728000e+02 9.15800000e+04
 3.20000000e+02 1.80000000e+02 0.00000000e+00 3.08600000e+01
 9.00000000e-01 0.00000000e+00 0.00000000e+00 0.00000000e+00
 3.73734000e+02 9.50220000e+04 3.20000000e+02 1.80000000e+02
 0.00000000e+00 3.12300000e+01 8.91000000e-01 0.00000000e+00
 3.80000000e+01]
deleted_idx_col 158
query_origi 580
query_idx 312
deleted_scaled [0.33333333 0.         0.04247389 0.04237141 0.09090909 0.09090909
 0.         0.14618994 0.47674419 0.29516062 0.33333333 0.83156016
 0.04217135 0.04225845 0.09090909 0.09090909 0.         0.2620465
 0.59512195 0.37342277 0.33333333 0.11874465 0.04449869 0.04504683
 0.09090909 0.09090909 0.         0.67640913 0.86138614 0.77012687
 0.25       0.         0.03006629 0.02972609 0.05454545 0.05454545
 0.         0.44556763 0.56440281 0.40759668]
deleted_not_scaled [4.00000000e+00 0.00000000e+00 1.16301300e+03 2.96423000e+05
 6.40000000e+02 3.60000000e+02 0.00000000e+00 2.04440000e+01
 7.75000000e-01 2.84830000e+01 4.00000000e+00 2.72880492e+00
 1.16142500e+03 2.96599000e+05 6.40000000e+02 3.60000000e+02
 0.00000000e+00 2.24680000e+01 8.31000000e-01 3.46260000e+01
 4.00000000e+00 5.83767579e-01 1.16252100e+03 2.97315000e+05
 6.40000000e+02 3.60000000e+02 0.00000000e+00 3.82310000e+01
 9.39000000e-01 6.97450000e+01 3.00000000e+00 0.00000000e+00
 9.12927000e+02 2.31199000e+05 5.12000000e+02 2.88000000e+02
 0.00000000e+00 2.83560000e+01 8.11000000e-01 3.85240000e+01
 8.80000000e+01]
deleted_idx_col 312
query_origi 265
query_idx 204
deleted_scaled [0.00000000e+00 0.00000000e+00 1.83556115e-03 1.79211113e-03
 0.00000000e+00 0.00000000e+00 0.00000000e+00 1.49274835e-01
 5.00000000e-01 1.65803109e-04 0.00000000e+00 5.95621835e-01
 1.60216005e-03 1.67188642e-03 0.00000000e+00 0.00000000e+00
 0.00000000e+00 2.62698060e-01 5.92682927e-01 0.00000000e+00
 3.33333333e-01 0.00000000e+00 4.44986906e-02 4.50468289e-02
 9.09090909e-02 9.09090909e-02 0.00000000e+00 6.76409128e-01
 8.61386139e-01 7.70126873e-01 0.00000000e+00 0.00000000e+00
 3.05094013e-03 2.92301907e-03 0.00000000e+00 0.00000000e+00
 0.00000000e+00 4.16724675e-01 5.24590164e-01 6.66560863e-03]
deleted_not_scaled [0.00000000e+00 0.00000000e+00 3.63535000e+02 9.26560000e+04
 3.20000000e+02 1.80000000e+02 0.00000000e+00 2.05880000e+01
 7.85000000e-01 1.60000000e-02 0.00000000e+00 1.95456188e+00
 3.63492000e+02 9.28270000e+04 3.20000000e+02 1.80000000e+02
 0.00000000e+00 2.24900000e+01 8.30000000e-01 0.00000000e+00
 4.00000000e+00 0.00000000e+00 1.16252100e+03 2.97315000e+05
 6.40000000e+02 3.60000000e+02 0.00000000e+00 3.82310000e+01
 9.39000000e-01 6.97450000e+01 0.00000000e+00 0.00000000e+00
 3.81287000e+02 9.65610000e+04 3.20000000e+02 1.80000000e+02
 0.00000000e+00 2.74030000e+01 7.94000000e-01 6.30000000e-01
 8.80000000e+01]
deleted_idx_col 204
query_origi 302
query_idx 291
deleted_scaled [8.33333333e-02 0.00000000e+00 8.84191397e-03 8.82573407e-03
 1.81818182e-02 1.81818182e-02 0.00000000e+00 3.11146340e-01
 5.02325581e-01 0.00000000e+00 8.33333333e-02 0.00000000e+00
 1.10726587e-02 1.11737941e-02 1.81818182e-02 1.81818182e-02
 0.00000000e+00 3.18140086e-01 3.97560976e-01 2.58827082e-04
 8.33333333e-02 2.14139797e-01 7.60034466e-03 7.48748775e-03
 1.81818182e-02 1.81818182e-02 0.00000000e+00 9.21088809e-02
 2.02970297e-01 1.01873834e-01 8.33333333e-02 0.00000000e+00
 1.11926920e-02 1.10277628e-02 1.81818182e-02 1.81818182e-02
 0.00000000e+00 4.66087588e-02 1.12412178e-01 2.45463683e-03]
deleted_not_scaled [1.00000000e+00 0.00000000e+00 5.01371000e+02 1.27975000e+05
 3.84000000e+02 2.16000000e+02 0.00000000e+00 2.81440000e+01
 7.86000000e-01 0.00000000e+00 1.00000000e+00 0.00000000e+00
 5.49762000e+02 1.40533000e+05 3.84000000e+02 2.16000000e+02
 0.00000000e+00 2.43620000e+01 7.50000000e-01 2.40000000e-02
 1.00000000e+00 1.05274525e+00 4.64936000e+02 1.17687000e+05
 3.84000000e+02 2.16000000e+02 0.00000000e+00 1.69800000e+01
 6.73000000e-01 9.22600000e+00 1.00000000e+00 0.00000000e+00
 5.41510000e+02 1.37273000e+05 3.84000000e+02 2.16000000e+02
 0.00000000e+00 1.51740000e+01 6.18000000e-01 2.32000000e-01
 2.10000000e+01]
deleted_idx_col 291
query_origi 860
query_idx 167
deleted_scaled [0.41666667 0.06337857 0.07725928 0.0773822  0.18181818 0.17171717
 0.         0.21819233 0.73255814 0.18036269 0.41666667 0.90235882
 0.07788922 0.07715634 0.18181818 0.17171717 0.         0.24045609
 0.68292683 0.17633673 0.33333333 0.         0.04324652 0.04324506
 0.09090909 0.09090909 0.         0.2537256  0.68564356 0.16940693
 0.25       0.         0.02783083 0.02761629 0.05454545 0.05454545
 0.         0.59698556 0.90163934 0.48559488]
deleted_not_scaled [5.00000000e+00 2.97783617e-01 1.84734600e+03 4.72228000e+05
 9.60000000e+02 5.20000000e+02 0.00000000e+00 2.38050000e+01
 8.85000000e-01 1.74050000e+01 5.00000000e+00 2.96113414e+00
 1.86394000e+03 4.71810000e+05 9.60000000e+02 5.20000000e+02
 0.00000000e+00 2.17390000e+01 8.67000000e-01 1.63510000e+01
 4.00000000e+00 0.00000000e+00 1.13884800e+03 2.88698000e+05
 6.40000000e+02 3.60000000e+02 0.00000000e+00 2.28580000e+01
 8.68000000e-01 1.53420000e+01 3.00000000e+00 0.00000000e+00
 8.68935000e+02 2.20601000e+05 5.12000000e+02 2.88000000e+02
 0.00000000e+00 3.33590000e+01 9.55000000e-01 4.58960000e+01
 2.78000000e+02]
deleted_idx_col 167
query_origi 775
query_idx 589
deleted_scaled [0.00000000e+00 4.83354249e-01 3.45331112e-03 3.38786471e-03
 0.00000000e+00 0.00000000e+00 0.00000000e+00 3.77278862e-01
 8.27906977e-01 8.27150259e-02 0.00000000e+00 8.07903036e-01
 0.00000000e+00 4.42171532e-05 0.00000000e+00 0.00000000e+00
 0.00000000e+00 3.85695247e-01 7.63414634e-01 0.00000000e+00
 0.00000000e+00 0.00000000e+00 2.20432158e-03 2.25885476e-03
 0.00000000e+00 0.00000000e+00 0.00000000e+00 3.31372010e-01
 7.54950495e-01 0.00000000e+00 0.00000000e+00 0.00000000e+00
 2.28292032e-03 2.34331250e-03 0.00000000e+00 0.00000000e+00
 0.00000000e+00 3.42392785e-01 7.42388759e-01 0.00000000e+00]
deleted_not_scaled [0.00000000e+00 2.27103541e+00 3.95361000e+02 1.00669000e+05
 3.20000000e+02 1.80000000e+02 0.00000000e+00 3.12310000e+01
 9.26000000e-01 7.98200000e+00 0.00000000e+00 2.65117292e+00
 3.31980000e+02 8.46550000e+04 3.20000000e+02 1.80000000e+02
 0.00000000e+00 2.66430000e+01 9.00000000e-01 0.00000000e+00
 0.00000000e+00 0.00000000e+00 3.62921000e+02 9.26810000e+04
 3.20000000e+02 1.80000000e+02 0.00000000e+00 2.56820000e+01
 8.96000000e-01 0.00000000e+00 0.00000000e+00 0.00000000e+00
 3.66173000e+02 9.36490000e+04 3.20000000e+02 1.80000000e+02
 0.00000000e+00 2.49470000e+01 8.87000000e-01 0.00000000e+00
 7.20000000e+01]
deleted_idx_col 589
