query_origi 8
query_idx 12
deleted_scaled [1.66666667e-01 0.00000000e+00 1.81388678e-02 1.81228457e-02
 5.45454545e-02 5.45454545e-02 0.00000000e+00 5.45834315e-01
 8.81395349e-01 5.06466321e-01 8.33333333e-02 4.45394773e-01
 8.67475709e-03 8.77252386e-03 1.81818182e-02 1.81818182e-02
 0.00000000e+00 3.05641937e-01 7.53658537e-01 0.00000000e+00
 8.33333333e-02 0.00000000e+00 1.12787805e-02 1.11681894e-02
 1.81818182e-02 1.81818182e-02 0.00000000e+00 2.25570525e-01
 7.10396040e-01 0.00000000e+00 0.00000000e+00 0.00000000e+00
 1.92873890e-03 1.82750903e-03 0.00000000e+00 0.00000000e+00
 0.00000000e+00 2.79561757e-01 7.21311475e-01 2.11606623e-05]
deleted_not_scaled [2.00000000e+00 0.00000000e+00 6.84270000e+02 1.74660000e+05
 5.12000000e+02 2.88000000e+02 0.00000000e+00 3.90990000e+01
 9.49000000e-01 4.88740000e+01 1.00000000e+00 1.46158451e+00
 5.02599000e+02 1.28477000e+05 3.84000000e+02 2.16000000e+02
 0.00000000e+00 2.39400000e+01 8.96000000e-01 0.00000000e+00
 1.00000000e+00 0.00000000e+00 5.34479000e+02 1.35290000e+05
 3.84000000e+02 2.16000000e+02 0.00000000e+00 2.18340000e+01
 8.78000000e-01 0.00000000e+00 0.00000000e+00 0.00000000e+00
 3.59203000e+02 9.10580000e+04 3.20000000e+02 1.80000000e+02
 0.00000000e+00 2.28710000e+01 8.78000000e-01 2.00000000e-03
 2.77000000e+02]
deleted_idx_col 12
query_origi 634
query_idx 96
deleted_scaled [1.         0.06823407 0.83214581 0.82673936 1.         1.
 1.         0.31262452 0.58372093 0.07807254 1.         0.16071157
 0.83067575 0.82653571 1.         1.         1.         0.36306827
 0.48292683 0.00786187 1.         0.13351528 0.86354877 0.86831774
 1.         1.         1.         0.15515535 0.34405941 0.07892848
 1.         0.         0.8283464  0.82669601 1.         1.
 1.         0.25550074 0.54098361 0.13796752]
deleted_not_scaled [1.20000000e+01 3.20597144e-01 1.66982310e+04 4.23508900e+06
 3.84000000e+03 2.16000000e+03 1.00000000e+00 2.82130000e+01
 8.21000000e-01 7.53400000e+00 1.20000000e+01 5.27382807e-01
 1.66700820e+04 4.23420100e+06 3.84000000e+03 2.16000000e+03
 1.00000000e+00 2.58790000e+01 7.85000000e-01 7.29000000e-01
 1.20000000e+01 6.56382343e-01 1.66471460e+04 4.23461800e+06
 3.84000000e+03 2.16000000e+03 1.00000000e+00 1.92730000e+01
 7.30000000e-01 7.14800000e+00 1.20000000e+01 0.00000000e+00
 1.66224250e+04 4.23456300e+06 3.84000000e+03 2.16000000e+03
 1.00000000e+00 2.20760000e+01 8.01000000e-01 1.30400000e+01
 7.70000000e+01]
deleted_idx_col 96
query_origi 424
query_idx 447
deleted_scaled [0.41666667 0.         0.07626492 0.07624986 0.18181818 0.17171717
 0.         0.05998415 0.26976744 0.00592746 0.41666667 0.
 0.07720106 0.07739535 0.18181818 0.17171717 0.         0.18311861
 0.26829268 0.01847378 0.5        0.         0.11298563 0.11293814
 0.27272727 0.27272727 0.         0.10478416 0.43811881 0.22693595
 0.58333333 0.         0.14092483 0.13986735 0.27272727 0.27272727
 0.         0.20120456 0.70257611 0.13476168]
deleted_not_scaled [5.000000e+00 0.000000e+00 1.827784e+03 4.665420e+05 9.600000e+02
 5.200000e+02 0.000000e+00 1.642000e+01 6.860000e-01 5.720000e-01
 5.000000e+00 0.000000e+00 1.850405e+03 4.730100e+05 9.600000e+02
 5.200000e+02 0.000000e+00 1.980300e+01 6.970000e-01 1.713000e+00
 6.000000e+00 0.000000e+00 2.457307e+03 6.220060e+05 1.280000e+03
 7.200000e+02 0.000000e+00 1.744100e+01 7.680000e-01 2.055200e+01
 7.000000e+00 0.000000e+00 3.094532e+03 7.844640e+05 1.280000e+03
 7.200000e+02 0.000000e+00 2.028200e+01 8.700000e-01 1.273700e+01
 1.490000e+02]
deleted_idx_col 447
query_origi 830
query_idx 565
deleted_scaled [0.25       0.         0.03174126 0.03160699 0.05454545 0.05454545
 0.         0.12817327 0.60930233 0.16746114 0.16666667 0.
 0.01596186 0.01598948 0.05454545 0.05454545 0.         0.18122316
 0.60487805 0.19491836 0.25       0.         0.02733086 0.02764635
 0.05454545 0.05454545 0.         0.17970855 0.63118812 0.1939313
 0.25       0.         0.02889511 0.02902912 0.05454545 0.05454545
 0.         0.30292667 0.67213115 0.24516743]
deleted_not_scaled [3.00000e+00 0.00000e+00 9.51870e+02 2.42370e+05 5.12000e+02 2.88000e+02
 0.00000e+00 1.96030e+01 8.32000e-01 1.61600e+01 2.00000e+00 0.00000e+00
 6.45925e+02 1.64711e+05 5.12000e+02 2.88000e+02 0.00000e+00 1.97390e+01
 8.35000e-01 1.80740e+01 3.00000e+00 0.00000e+00 8.37953e+02 2.14097e+05
 5.12000e+02 2.88000e+02 0.00000e+00 2.01660e+01 8.46000e-01 1.75630e+01
 3.00000e+00 0.00000e+00 8.89879e+02 2.27698e+05 5.12000e+02 2.88000e+02
 0.00000e+00 2.36430e+01 8.57000e-01 2.31720e+01 2.68000e+02]
deleted_idx_col 565
query_origi 194
query_idx 519
deleted_scaled [0.5        0.         0.0916337  0.09183101 0.27272727 0.27272727
 0.         0.18554382 0.67674419 0.27235233 0.5        0.
 0.10792759 0.10700392 0.27272727 0.27272727 0.         0.16700726
 0.58292683 0.20474301 0.5        0.         0.11314966 0.11335946
 0.27272727 0.27272727 0.         0.11811933 0.53712871 0.25097446
 0.5        0.         0.10757425 0.10698891 0.27272727 0.27272727
 0.         0.45143912 0.78220141 0.49192192]
deleted_not_scaled [6.000000e+00 0.000000e+00 2.130134e+03 5.447820e+05 1.280000e+03
 7.200000e+02 0.000000e+00 2.228100e+01 8.610000e-01 2.628200e+01
 6.000000e+00 0.000000e+00 2.454748e+03 6.216650e+05 1.280000e+03
 7.200000e+02 0.000000e+00 1.925900e+01 8.260000e-01 1.898500e+01
 6.000000e+00 0.000000e+00 2.460408e+03 6.240210e+05 1.280000e+03
 7.200000e+02 0.000000e+00 1.792600e+01 8.080000e-01 2.272900e+01
 6.000000e+00 0.000000e+00 2.438220e+03 6.193080e+05 1.280000e+03
 7.200000e+02 0.000000e+00 2.855000e+01 9.040000e-01 4.649400e+01
 6.000000e+01]
deleted_idx_col 519
query_origi 90
query_idx 753
deleted_scaled [0.16666667 0.         0.01814822 0.01809815 0.05454545 0.05454545
 0.         0.0458236  0.21395349 0.38260104 0.16666667 0.
 0.01781152 0.01790516 0.05454545 0.05454545 0.         0.58735377
 0.78292683 0.51133447 0.25       0.1072546  0.02864079 0.02903704
 0.05454545 0.05454545 0.         0.09747044 0.13861386 0.3198326
 0.16666667 0.         0.02132192 0.0210504  0.05454545 0.05454545
 0.         0.08849611 0.26932084 0.28936148]
deleted_not_scaled [2.00000000e+00 0.00000000e+00 6.84454000e+02 1.74536000e+05
 5.12000000e+02 2.88000000e+02 0.00000000e+00 1.57590000e+01
 6.62000000e-01 3.69210000e+01 2.00000000e+00 0.00000000e+00
 6.82305000e+02 1.74329000e+05 5.12000000e+02 2.88000000e+02
 0.00000000e+00 3.34520000e+01 9.08000000e-01 4.74140000e+01
 3.00000000e+00 5.27280643e-01 8.62718000e+02 2.20748000e+05
 5.12000000e+02 2.88000000e+02 0.00000000e+00 1.71750000e+01
 6.47000000e-01 2.89650000e+01 2.00000000e+00 0.00000000e+00
 7.40845000e+02 1.87619000e+05 5.12000000e+02 2.88000000e+02
 0.00000000e+00 1.65580000e+01 6.85000000e-01 2.73490000e+01
 1.41000000e+02]
deleted_idx_col 753
query_origi 507
query_idx 520
deleted_scaled [0.16666667 0.         0.01820551 0.01812125 0.05454545 0.05454545
 0.         0.14927483 0.26976744 0.27471503 0.25       0.
 0.02923576 0.02927215 0.05454545 0.05454545 0.         0.04309196
 0.23170732 0.40155943 0.25       0.         0.02695838 0.02727019
 0.05454545 0.05454545 0.         0.13112455 0.43069307 0.19242958
 0.25       0.         0.03242193 0.03201545 0.05454545 0.05454545
 0.         0.68790291 0.82669789 0.58768449]
deleted_not_scaled [2.00000e+00 0.00000e+00 6.85581e+02 1.74652e+05 5.12000e+02 2.88000e+02
 0.00000e+00 2.05880e+01 6.86000e-01 2.65100e+01 3.00000e+00 0.00000e+00
 9.07002e+02 2.31399e+05 5.12000e+02 2.88000e+02 0.00000e+00 1.50750e+01
 6.82000e-01 3.72350e+01 3.00000e+00 0.00000e+00 8.30911e+02 2.12298e+05
 5.12000e+02 2.88000e+02 0.00000e+00 1.83990e+01 7.65000e-01 1.74270e+01
 3.00000e+00 0.00000e+00 9.59284e+02 2.42699e+05 5.12000e+02 2.88000e+02
 0.00000e+00 3.63630e+01 9.23000e-01 5.55450e+01 2.38000e+02]
deleted_idx_col 520
query_origi 939
query_idx 965
deleted_scaled [0.58333333 0.         0.1406007  0.13966259 0.27272727 0.27272727
 0.         0.19259196 0.4627907  0.22415544 0.58333333 0.
 0.13998004 0.139341   0.27272727 0.27272727 0.         0.6931734
 0.86585366 0.76803701 0.58333333 0.         0.14599449 0.14685337
 0.27272727 0.27272727 0.         0.17629915 0.4950495  0.31979948
 0.58333333 0.         0.1399728  0.13976383 0.27272727 0.27272727
 0.         0.20417058 0.46604215 0.33129133]
deleted_not_scaled [7.000000e+00 0.000000e+00 3.093462e+03 7.849660e+05 1.280000e+03
 7.200000e+02 0.000000e+00 2.261000e+01 7.690000e-01 2.163100e+01
 7.000000e+00 0.000000e+00 3.085170e+03 7.840190e+05 1.280000e+03
 7.200000e+02 0.000000e+00 3.702500e+01 9.420000e-01 7.121700e+01
 7.000000e+00 0.000000e+00 3.081359e+03 7.842060e+05 1.280000e+03
 7.200000e+02 0.000000e+00 2.004200e+01 7.910000e-01 2.896200e+01
 7.000000e+00 0.000000e+00 3.075797e+03 7.839440e+05 1.280000e+03
 7.200000e+02 0.000000e+00 2.038000e+01 7.690000e-01 3.131200e+01
 8.500000e+01]
deleted_idx_col 965
query_origi 707
query_idx 787
deleted_scaled [0.41666667 0.         0.07723066 0.07739953 0.18181818 0.17171717
 0.         0.55843099 0.88139535 0.85380311 0.5        0.
 0.1079645  0.10704057 0.27272727 0.27272727 0.         0.45262846
 0.56829268 0.42710782 0.5        0.         0.11274983 0.11295863
 0.27272727 0.27272727 0.         0.22680781 0.11138614 0.36018021
 0.5        0.         0.10809861 0.10751068 0.27272727 0.27272727
 0.         0.24953845 0.15456674 0.32557795]
deleted_not_scaled [5.000000e+00 0.000000e+00 1.846783e+03 4.723150e+05 9.600000e+02
 5.200000e+02 0.000000e+00 3.968700e+01 9.490000e-01 8.239200e+01
 6.000000e+00 0.000000e+00 2.455474e+03 6.218490e+05 1.280000e+03
 7.200000e+02 0.000000e+00 2.890300e+01 8.200000e-01 3.960400e+01
 6.000000e+00 0.000000e+00 2.452849e+03 6.221040e+05 1.280000e+03
 7.200000e+02 0.000000e+00 2.187900e+01 6.360000e-01 3.261900e+01
 6.000000e+00 0.000000e+00 2.448539e+03 6.219290e+05 1.280000e+03
 7.200000e+02 0.000000e+00 2.187900e+01 6.360000e-01 3.077200e+01
 9.000000e+01]
deleted_idx_col 787
query_origi 731
query_idx 630
deleted_scaled [1.         0.         0.8275702  0.82674055 1.         1.
 1.         0.27228518 0.58372093 0.22115026 1.         0.
 0.90362401 0.90408065 1.         1.         1.         0.12287872
 0.36097561 0.11227703 1.         0.         0.85407914 0.86353009
 1.         1.         1.         0.22760517 0.58415842 0.0165741
 1.         0.         0.75991337 0.75383712 1.         1.
 1.         0.2296238  0.36065574 0.06032905]
deleted_not_scaled [1.2000000e+01 0.0000000e+00 1.6608215e+04 4.2350950e+06 3.8400000e+03
 2.1600000e+03 1.0000000e+00 2.6330000e+01 8.2100000e-01 2.1341000e+01
 1.2000000e+01 0.0000000e+00 1.8104861e+04 4.6235290e+06 3.8400000e+03
 2.1600000e+03 1.0000000e+00 1.7769000e+01 7.3500000e-01 1.0411000e+01
 1.2000000e+01 0.0000000e+00 1.6468117e+04 4.2117210e+06 3.8400000e+03
 2.1600000e+03 1.0000000e+00 2.1908000e+01 8.2700000e-01 1.5010000e+00
 1.2000000e+01 0.0000000e+00 1.5275719e+04 3.8685760e+06 3.8400000e+03
 2.1600000e+03 1.0000000e+00 2.1221000e+01 7.2400000e-01 5.7020000e+00
 2.8400000e+02]
deleted_idx_col 630
query_origi 731
query_idx 775
deleted_scaled [0.25       0.         0.02576206 0.02551772 0.05454545 0.05454545
 0.         0.24842006 0.73953488 0.12557513 0.33333333 0.
 0.04256803 0.0423933  0.09090909 0.09090909 0.         0.3805716
 0.76585366 0.25173091 0.33333333 0.         0.04485181 0.04512879
 0.09090909 0.09090909 0.         0.21710201 0.67574257 0.23368263
 0.33333333 0.         0.04284411 0.0428091  0.09090909 0.09090909
 0.         0.16385703 0.70725995 0.1507803 ]
deleted_not_scaled [3.000000e+00 0.000000e+00 8.342410e+02 2.117930e+05 5.120000e+02
 2.880000e+02 0.000000e+00 2.521600e+01 8.880000e-01 1.211800e+01
 4.000000e+00 0.000000e+00 1.169227e+03 2.972760e+05 6.400000e+02
 3.600000e+02 0.000000e+00 2.647000e+01 9.010000e-01 2.334200e+01
 4.000000e+00 0.000000e+00 1.169197e+03 2.977070e+05 6.400000e+02
 3.600000e+02 0.000000e+00 2.152600e+01 8.640000e-01 2.116300e+01
 4.000000e+00 0.000000e+00 1.164384e+03 2.969180e+05 6.400000e+02
 3.600000e+02 0.000000e+00 1.904800e+01 8.720000e-01 1.425100e+01
 1.680000e+02]
deleted_idx_col 775
query_origi 305
query_idx 605
deleted_scaled [1.         0.         0.82832047 0.82666249 1.         1.
 1.         0.13509287 0.15581395 0.09079793 1.         0.
 0.83878951 0.83838033 1.         1.         1.         0.04024878
 0.15609756 0.12279188 1.         0.         0.8473598  0.85588264
 1.         1.         1.         0.13282925 0.37623762 0.02321036
 1.         0.         0.96068993 0.95207885 1.         1.
 1.         0.84927817 0.8852459  0.95818653]
deleted_not_scaled [1.2000000e+01 0.0000000e+00 1.6622975e+04 4.2347030e+06 3.8400000e+03
 2.1600000e+03 1.0000000e+00 1.9926000e+01 6.3700000e-01 8.7620000e+00
 1.2000000e+01 0.0000000e+00 1.6829667e+04 4.2936690e+06 3.8400000e+03
 2.1600000e+03 1.0000000e+00 1.4979000e+01 6.5100000e-01 1.1386000e+01
 1.2000000e+01 0.0000000e+00 1.6341084e+04 4.1751470e+06 3.8400000e+03
 2.1600000e+03 1.0000000e+00 1.8461000e+01 7.4300000e-01 2.1020000e+00
 1.2000000e+01 0.0000000e+00 1.9226837e+04 4.8643900e+06 3.8400000e+03
 2.1600000e+03 1.0000000e+00 4.1695000e+01 9.4800000e-01 9.0563000e+01
 2.3800000e+02]
deleted_idx_col 605
query_origi 343
query_idx 957
deleted_scaled [1.         0.18976334 0.80946818 0.80380117 1.         1.
 1.         0.19940444 0.66976744 0.03418653 1.         0.3064278
 0.82021595 0.81571784 1.         1.         1.         0.58951577
 0.90731707 0.5181826  1.         0.19234975 0.86394278 0.86827864
 1.         1.         1.         0.22708276 0.35643564 0.06525844
 1.         0.         0.82875013 0.82668506 1.         1.
 1.         0.22453921 0.30679157 0.04882823]
deleted_not_scaled [1.20000000e+01 8.91601261e-01 1.62520940e+04 4.11990600e+06
 3.84000000e+03 2.16000000e+03 1.00000000e+00 2.29280000e+01
 8.58000000e-01 3.29900000e+00 1.20000000e+01 1.00555766e+00
 1.64643540e+04 4.17988800e+06 3.84000000e+03 2.16000000e+03
 1.00000000e+00 3.35250000e+01 9.59000000e-01 4.80490000e+01
 1.20000000e+01 9.45621899e-01 1.66545950e+04 4.23443100e+06
 3.84000000e+03 2.16000000e+03 1.00000000e+00 2.18890000e+01
 7.35000000e-01 5.91000000e+00 1.20000000e+01 0.00000000e+00
 1.66303700e+04 4.23450800e+06 3.84000000e+03 2.16000000e+03
 1.00000000e+00 2.10530000e+01 7.01000000e-01 4.61500000e+00
 2.80000000e+02]
deleted_idx_col 957
query_origi 34
query_idx 878
deleted_scaled [0.91666667 0.         0.56892733 0.56777323 1.         1.
 0.         0.1355856  0.16511628 0.08929534 0.91666667 0.
 0.56990799 0.5696468  1.         1.         0.         0.04042648
 0.16829268 0.12068891 0.91666667 0.         0.58842395 0.59435523
 1.         1.         0.         0.13244432 0.38366337 0.02228283
 0.91666667 0.         0.65514666 0.64923612 1.         1.
 0.         0.82833449 0.87587822 0.927165  ]
deleted_not_scaled [1.1000000e+01 0.0000000e+00 1.1519933e+04 2.9347030e+06 3.8400000e+03
 2.1600000e+03 0.0000000e+00 1.9949000e+01 6.4100000e-01 8.6170000e+00
 1.1000000e+01 0.0000000e+00 1.1541185e+04 2.9444450e+06 3.8400000e+03
 2.1600000e+03 0.0000000e+00 1.4985000e+01 6.5600000e-01 1.1191000e+01
 1.1000000e+01 0.0000000e+00 1.1445749e+04 2.9243890e+06 3.8400000e+03
 2.1600000e+03 0.0000000e+00 1.8447000e+01 7.4600000e-01 2.0180000e+00
 1.1000000e+01 0.0000000e+00 1.3213996e+04 3.3431410e+06 3.8400000e+03
 2.1600000e+03 0.0000000e+00 4.1003000e+01 9.4400000e-01 8.7631000e+01
 2.3800000e+02]
deleted_idx_col 878
query_origi 507
query_idx 90
deleted_scaled [0.91666667 0.21971778 0.57025209 0.56765832 1.         1.
 0.         1.         1.         1.         0.91666667 0.07854106
 0.57076489 0.5690644  1.         1.         0.         1.
 0.56829268 0.39120635 0.83333333 0.         0.44177928 0.44510939
 0.63636364 0.63636364 0.         0.14118779 0.37623762 0.05761735
 0.83333333 0.         0.35907899 0.35909438 0.63636364 0.63636364
 0.         0.03973851 0.44496487 0.16303232]
deleted_not_scaled [1.10000000e+01 1.03234195e+00 1.15459950e+04 2.93412600e+06
 3.84000000e+03 2.16000000e+03 0.00000000e+00 6.02990000e+01
 1.00000000e+00 9.65000000e+01 1.10000000e+01 2.57736305e-01
 1.15580390e+04 2.94152100e+06 3.84000000e+03 2.16000000e+03
 0.00000000e+00 4.73850000e+01 8.20000000e-01 3.62750000e+01
 1.00000000e+01 0.00000000e+00 8.67334500e+03 2.21061900e+06
 2.56000000e+03 1.44000000e+03 0.00000000e+00 1.87650000e+01
 7.43000000e-01 5.21800000e+00 1.00000000e+01 0.00000000e+00
 7.38762700e+03 1.88569200e+06 2.56000000e+03 1.44000000e+03
 0.00000000e+00 1.49470000e+01 7.60000000e-01 1.54090000e+01
 3.00000000e+00]
deleted_idx_col 90
query_origi 163
query_idx 789
deleted_scaled [9.16666667e-01 0.00000000e+00 5.39256361e-01 5.37070951e-01
 1.00000000e+00 1.00000000e+00 0.00000000e+00 2.52511836e-01
 7.11627907e-01 1.60217617e-01 9.16666667e-01 0.00000000e+00
 5.73042244e-01 5.71623821e-01 1.00000000e+00 1.00000000e+00
 0.00000000e+00 1.34695691e-01 4.80487805e-01 6.79421090e-04
 9.16666667e-01 0.00000000e+00 5.87468098e-01 5.92195064e-01
 1.00000000e+00 1.00000000e+00 0.00000000e+00 1.71679956e-01
 5.34653465e-01 6.06207833e-03 9.16666667e-01 0.00000000e+00
 5.67633916e-01 5.67930282e-01 1.00000000e+00 1.00000000e+00
 0.00000000e+00 4.50410097e-01 7.98594848e-01 1.43384648e-01]
deleted_not_scaled [1.1000000e+01 0.0000000e+00 1.0936216e+04 2.7805330e+06 3.8400000e+03
 2.1600000e+03 0.0000000e+00 2.5407000e+01 8.7600000e-01 1.5461000e+01
 1.1000000e+01 0.0000000e+00 1.1602831e+04 2.9543710e+06 3.8400000e+03
 2.1600000e+03 0.0000000e+00 1.8168000e+01 7.8400000e-01 6.3000000e-02
 1.1000000e+01 0.0000000e+00 1.1427678e+04 2.9140580e+06 3.8400000e+03
 2.1600000e+03 0.0000000e+00 1.9874000e+01 8.0700000e-01 5.4900000e-01
 1.1000000e+01 0.0000000e+00 1.1491817e+04 2.9347230e+06 3.8400000e+03
 2.1600000e+03 0.0000000e+00 2.8516000e+01 9.1100000e-01 1.3552000e+01
 1.9900000e+02]
deleted_idx_col 789
query_origi 320
query_idx 911
deleted_scaled [0.91666667 0.         0.56640402 0.56782461 1.         1.
 0.         0.20538143 0.63953488 0.08335751 0.91666667 0.
 0.57221788 0.56762834 1.         1.         0.         0.27478158
 0.44146341 0.01395509 0.91666667 0.         0.59461477 0.59637697
 1.         1.         0.         0.25243332 0.43316832 0.02043881
 1.         0.         0.83039161 0.82666395 1.         1.
 1.         0.47985836 0.70257611 0.27249643]
deleted_not_scaled [1.1000000e+01 0.0000000e+00 1.1470292e+04 2.9349610e+06 3.8400000e+03
 2.1600000e+03 0.0000000e+00 2.3207000e+01 8.4500000e-01 8.0440000e+00
 1.1000000e+01 0.0000000e+00 1.1586617e+04 2.9343110e+06 3.8400000e+03
 2.1600000e+03 0.0000000e+00 2.2898000e+01 7.6800000e-01 1.2940000e+00
 1.1000000e+01 0.0000000e+00 1.1562790e+04 2.9340580e+06 3.8400000e+03
 2.1600000e+03 0.0000000e+00 2.2811000e+01 7.6600000e-01 1.8510000e+00
 1.2000000e+01 0.0000000e+00 1.6662673e+04 4.2344020e+06 3.8400000e+03
 2.1600000e+03 1.0000000e+00 2.9489000e+01 8.7000000e-01 2.5755000e+01
 2.7100000e+02]
deleted_idx_col 911
query_origi 592
query_idx 512
deleted_scaled [1.         0.         0.82901309 0.82652548 1.         1.
 1.         0.19274192 0.41395349 0.1333057  0.91666667 0.
 0.568473   0.5676393  1.         1.         0.         0.75205094
 0.86097561 0.90601342 0.91666667 0.         0.59103572 0.59639223
 1.         1.         0.         0.12930987 0.20792079 0.11357839
 1.         0.         0.8818089  0.8831312  1.         1.
 1.         0.05456857 0.16627635 0.16620642]
deleted_not_scaled [1.2000000e+01 0.0000000e+00 1.6636601e+04 4.2340150e+06 3.8400000e+03
 2.1600000e+03 1.0000000e+00 2.2617000e+01 7.4800000e-01 1.2864000e+01
 1.1000000e+01 0.0000000e+00 1.1512961e+04 2.9343660e+06 3.8400000e+03
 2.1600000e+03 0.0000000e+00 3.9013000e+01 9.4000000e-01 8.4011000e+01
 1.1000000e+01 0.0000000e+00 1.1495126e+04 2.9341310e+06 3.8400000e+03
 2.1600000e+03 0.0000000e+00 1.8333000e+01 6.7500000e-01 1.0286000e+01
 1.2000000e+01 0.0000000e+00 1.7674523e+04 4.5180500e+06 3.8400000e+03
 2.1600000e+03 1.0000000e+00 1.5437000e+01 6.4100000e-01 1.5709000e+01
 1.3200000e+02]
deleted_idx_col 512
query_origi 243
query_idx 574
deleted_scaled [0.91666667 0.         0.57000759 0.5697133  1.         1.
 0.         0.02924227 0.2        0.11596891 0.91666667 0.
 0.56505575 0.56565212 1.         1.         0.         0.14295869
 0.38780488 0.02176304 1.         0.         1.         1.
 1.         1.         1.         0.77165246 0.88366337 1.
 0.91666667 0.         0.54587625 0.54175749 1.         1.
 0.         0.08686178 0.52693208 0.11360102]
deleted_not_scaled [1.1000000e+01 0.0000000e+00 1.1541185e+04 2.9444450e+06 3.8400000e+03
 2.1600000e+03 0.0000000e+00 1.4985000e+01 6.5600000e-01 1.1191000e+01
 1.1000000e+01 0.0000000e+00 1.1445749e+04 2.9243890e+06 3.8400000e+03
 2.1600000e+03 0.0000000e+00 1.8447000e+01 7.4600000e-01 2.0180000e+00
 1.2000000e+01 0.0000000e+00 1.9226837e+04 4.8643900e+06 3.8400000e+03
 2.1600000e+03 1.0000000e+00 4.1695000e+01 9.4800000e-01 9.0563000e+01
 1.1000000e+01 0.0000000e+00 1.1063644e+04 2.8032510e+06 3.8400000e+03
 2.1600000e+03 0.0000000e+00 1.6504000e+01 7.9500000e-01 1.0737000e+01
 2.3900000e+02]
deleted_idx_col 574
query_origi 129
query_idx 909
deleted_scaled [0.         0.         0.00177802 0.00159934 0.         0.
 0.         0.74395338 0.99302326 0.67647668 0.41666667 0.
 0.07778687 0.07714758 0.18181818 0.17171717 0.         0.70451651
 0.99756098 0.84936264 0.58333333 0.         0.14651206 0.14688933
 0.27272727 0.27272727 0.         1.         1.         0.7411084
 0.58333333 0.         0.14046088 0.13979051 0.27272727 0.27272727
 0.         0.93323447 1.         0.86506904]
deleted_not_scaled [0.000000e+00 0.000000e+00 3.624030e+02 9.168800e+04 3.200000e+02
 1.800000e+02 0.000000e+00 4.834700e+01 9.970000e-01 6.528000e+01
 5.000000e+00 0.000000e+00 1.861927e+03 4.717660e+05 9.600000e+02
 5.200000e+02 0.000000e+00 3.740800e+01 9.960000e-01 7.875800e+01
 7.000000e+00 0.000000e+00 3.091144e+03 7.843780e+05 1.280000e+03
 7.200000e+02 0.000000e+00 5.000000e+01 9.950000e-01 6.711700e+01
 7.000000e+00 0.000000e+00 3.085402e+03 7.840780e+05 1.280000e+03
 7.200000e+02 0.000000e+00 4.446900e+01 9.970000e-01 8.176200e+01
 0.000000e+00]
deleted_idx_col 909
query_origi 869
query_idx 437
deleted_scaled [0.91666667 0.         0.56423791 0.56366187 1.         1.
 0.         0.13397888 0.55116279 0.00568912 0.91666667 0.
 0.56739798 0.5677104  1.         1.         0.         0.44116689
 0.7902439  0.14615103 1.         0.         0.85729083 0.86677712
 1.         1.         1.         0.27613418 0.67079208 0.00986054
 1.         0.         0.83732691 0.83064227 1.         1.
 1.         0.18095699 0.57845433 0.        ]
deleted_not_scaled [1.1000000e+01 0.0000000e+00 1.1427678e+04 2.9140580e+06 3.8400000e+03
 2.1600000e+03 0.0000000e+00 1.9874000e+01 8.0700000e-01 5.4900000e-01
 1.1000000e+01 0.0000000e+00 1.1491817e+04 2.9347230e+06 3.8400000e+03
 2.1600000e+03 0.0000000e+00 2.8516000e+01 9.1100000e-01 1.3552000e+01
 1.2000000e+01 0.0000000e+00 1.6528836e+04 4.2272500e+06 3.8400000e+03
 2.1600000e+03 1.0000000e+00 2.3673000e+01 8.6200000e-01 8.9300000e-01
 1.2000000e+01 0.0000000e+00 1.6799154e+04 4.2543860e+06 3.8400000e+03
 2.1600000e+03 1.0000000e+00 1.9613000e+01 8.1700000e-01 0.0000000e+00
 2.0100000e+02]
deleted_idx_col 437
query_origi 453
query_idx 453
deleted_scaled [0.83333333 0.         0.39492166 0.39350092 0.63636364 0.63636364
 0.         0.11195613 0.13023256 0.08712953 0.83333333 0.
 0.39419289 0.39342451 0.63636364 0.63636364 0.         0.18756108
 0.13902439 0.0932101  0.83333333 0.         0.42442844 0.42806395
 0.63636364 0.63636364 0.         0.03720099 0.16831683 0.12165012
 0.83333333 0.         0.3793997  0.37980216 0.63636364 0.63636364
 0.         0.14524379 0.41686183 0.01921388]
deleted_not_scaled [1.000000e+01 0.000000e+00 8.096719e+03 2.059603e+06 2.560000e+03
 1.440000e+03 0.000000e+00 1.884600e+01 6.260000e-01 8.408000e+00
 1.000000e+01 0.000000e+00 8.085142e+03 2.059690e+06 2.560000e+03
 1.440000e+03 0.000000e+00 1.995300e+01 6.440000e-01 8.643000e+00
 1.000000e+01 0.000000e+00 8.345317e+03 2.129099e+06 2.560000e+03
 1.440000e+03 0.000000e+00 1.498300e+01 6.590000e-01 1.101700e+01
 1.000000e+01 0.000000e+00 7.787522e+03 1.989712e+06 2.560000e+03
 1.440000e+03 0.000000e+00 1.843300e+01 7.480000e-01 1.816000e+00
 2.370000e+02]
deleted_idx_col 453
query_origi 444
query_idx 737
deleted_scaled [1.         0.         0.80946818 0.80380117 1.         1.
 1.         0.19940444 0.66976744 0.03418653 0.91666667 0.
 0.57094706 0.56780681 1.         1.         0.         0.58963424
 0.9097561  0.51528158 1.         0.         0.86394278 0.86827864
 1.         1.         1.         0.22708276 0.35643564 0.06525844
 0.91666667 0.         0.56931249 0.56788887 1.         1.
 0.         0.22441815 0.31147541 0.04756917]
deleted_not_scaled [1.2000000e+01 0.0000000e+00 1.6252094e+04 4.1199060e+06 3.8400000e+03
 2.1600000e+03 1.0000000e+00 2.2928000e+01 8.5800000e-01 3.2990000e+00
 1.1000000e+01 0.0000000e+00 1.1561622e+04 2.9352070e+06 3.8400000e+03
 2.1600000e+03 0.0000000e+00 3.3529000e+01 9.6000000e-01 4.7780000e+01
 1.2000000e+01 0.0000000e+00 1.6654595e+04 4.2344310e+06 3.8400000e+03
 2.1600000e+03 1.0000000e+00 2.1889000e+01 7.3500000e-01 5.9100000e+00
 1.1000000e+01 0.0000000e+00 1.1524850e+04 2.9345150e+06 3.8400000e+03
 2.1600000e+03 0.0000000e+00 2.1049000e+01 7.0300000e-01 4.4960000e+00
 2.8000000e+02]
deleted_idx_col 737
query_origi 717
query_idx 139
deleted_scaled [0.         0.         0.00264571 0.0026578  0.         0.
 0.         0.25825318 0.71162791 0.         0.         0.
 0.00113415 0.00104488 0.         0.         0.         0.22188657
 0.58780488 0.         0.         1.         0.00271311 0.00262644
 0.         0.         0.         0.16442123 0.44059406 0.
 0.33333333 0.         0.04270036 0.04240538 0.09090909 0.09090909
 0.         0.51902182 0.76112412 0.34770142]
deleted_not_scaled [0.0000000e+00 0.0000000e+00 3.7947300e+02 9.7003000e+04 3.2000000e+02
 1.8000000e+02 0.0000000e+00 2.5675000e+01 8.7600000e-01 0.0000000e+00
 0.0000000e+00 0.0000000e+00 3.5428700e+02 8.9679000e+04 3.2000000e+02
 1.8000000e+02 0.0000000e+00 2.1112000e+01 8.2800000e-01 0.0000000e+00
 0.0000000e+00 4.9161588e+00 3.7254000e+02 9.4439000e+04 3.2000000e+02
 1.8000000e+02 0.0000000e+00 1.9610000e+01 7.6900000e-01 0.0000000e+00
 4.0000000e+00 0.0000000e+00 1.1615550e+03 2.9489000e+05 6.4000000e+02
 3.6000000e+02 0.0000000e+00 3.0783000e+01 8.9500000e-01 3.2863000e+01
 3.7000000e+01]
deleted_idx_col 139
query_origi 434
query_idx 162
deleted_scaled [0.33333333 0.         0.04299547 0.04257095 0.09090909 0.09090909
 0.         0.26523704 0.75348837 0.2900829  0.         0.32544593
 0.00277821 0.0027329  0.         0.         0.         0.20530135
 0.64390244 0.03141514 0.         0.70662395 0.0026581  0.00262958
 0.         0.         0.         0.15639263 0.62128713 0.02559544
 0.         0.         0.00249167 0.00246953 0.         0.
 0.         0.18271239 0.58548009 0.        ]
deleted_not_scaled [4.00000000e+00 0.00000000e+00 1.17327400e+03 2.97425000e+05
 6.40000000e+02 3.60000000e+02 0.00000000e+00 2.60010000e+01
 8.94000000e-01 2.79930000e+01 0.00000000e+00 1.06796658e+00
 3.86623000e+02 9.81540000e+04 3.20000000e+02 1.80000000e+02
 0.00000000e+00 2.05520000e+01 8.51000000e-01 2.91300000e+00
 0.00000000e+00 3.47387555e+00 3.71500000e+02 9.44540000e+04
 3.20000000e+02 1.80000000e+02 0.00000000e+00 1.93180000e+01
 8.42000000e-01 2.31800000e+00 0.00000000e+00 0.00000000e+00
 3.70281000e+02 9.42830000e+04 3.20000000e+02 1.80000000e+02
 0.00000000e+00 1.96710000e+01 8.20000000e-01 0.00000000e+00
 1.82000000e+02]
deleted_idx_col 162
query_origi 56
query_idx 538
deleted_scaled [1.         0.         0.72983448 0.72617442 1.         1.
 1.         0.04406693 0.15348837 0.08377202 1.         0.
 0.80238597 0.79958974 1.         1.         1.         0.15400563
 0.07560976 0.09303755 0.91666667 0.         0.59234787 0.59651183
 1.         1.         0.         0.1737421  0.12376238 0.09514923
 1.         0.         0.83887743 0.83846254 1.         1.
 1.         0.040707   0.18969555 0.12046765]
deleted_not_scaled [1.2000000e+01 0.0000000e+00 1.4685460e+04 3.7301070e+06 3.8400000e+03
 2.1600000e+03 1.0000000e+00 1.5677000e+01 6.3600000e-01 8.0840000e+00
 1.2000000e+01 0.0000000e+00 1.6113666e+04 4.0989140e+06 3.8400000e+03
 2.1600000e+03 1.0000000e+00 1.8820000e+01 6.1800000e-01 8.6270000e+00
 1.1000000e+01 0.0000000e+00 1.1519933e+04 2.9347030e+06 3.8400000e+03
 2.1600000e+03 0.0000000e+00 1.9949000e+01 6.4100000e-01 8.6170000e+00
 1.2000000e+01 0.0000000e+00 1.6829667e+04 4.2936690e+06 3.8400000e+03
 2.1600000e+03 1.0000000e+00 1.4979000e+01 6.5100000e-01 1.1386000e+01
 2.3600000e+02]
deleted_idx_col 538
query_origi 16
query_idx 528
deleted_scaled [0.33333333 0.         0.04267833 0.04240128 0.09090909 0.09090909
 0.         0.48062298 0.97906977 0.50648705 0.66666667 0.
 0.20648412 0.20587606 0.45454545 0.45454545 0.         0.94266252
 0.5804878  0.57192158 0.75       0.         0.28908085 0.29125991
 0.45454545 0.45454545 0.         0.14146274 0.38366337 0.36045626
 0.83333333 0.         0.35907899 0.35909438 0.63636364 0.63636364
 0.         0.03973851 0.44496487 0.16303232]
deleted_not_scaled [4.000000e+00 0.000000e+00 1.167035e+03 2.965730e+05 6.400000e+02
 3.600000e+02 0.000000e+00 3.605500e+01 9.910000e-01 4.887600e+01
 8.000000e+00 0.000000e+00 4.393202e+03 1.118070e+06 1.920000e+03
 1.080000e+03 0.000000e+00 4.544900e+01 8.250000e-01 5.303200e+01
 9.000000e+00 0.000000e+00 5.786491e+03 1.474832e+06 1.920000e+03
 1.080000e+03 0.000000e+00 1.877500e+01 7.460000e-01 3.264400e+01
 1.000000e+01 0.000000e+00 7.387627e+03 1.885692e+06 2.560000e+03
 1.440000e+03 0.000000e+00 1.494700e+01 7.600000e-01 1.540900e+01
 3.000000e+00]
deleted_idx_col 528
query_origi 305
query_idx 263
deleted_scaled [1.         0.0963579  0.69254668 0.68698476 1.         1.
 1.         0.08875511 0.59302326 0.00439378 1.         0.12458517
 0.81636486 0.81107166 1.         1.         1.         0.0748112
 0.4097561  0.02000518 1.         0.12317322 0.86481988 0.86828867
 1.         1.         1.         0.73610118 0.88118812 0.9886267
 1.         0.         0.88197491 0.87889846 1.         1.
 1.         0.17635665 0.70725995 0.10636407]
deleted_not_scaled [1.20000000e+01 4.52736692e-01 1.39518970e+04 3.53331800e+06
 3.84000000e+03 2.16000000e+03 1.00000000e+00 1.77630000e+01
 8.25000000e-01 4.24000000e-01 1.20000000e+01 4.08832258e-01
 1.63886090e+04 4.15656100e+06 3.84000000e+03 2.16000000e+03
 1.00000000e+00 1.61460000e+01 7.55000000e-01 1.85500000e+00
 1.20000000e+01 6.05539096e-01 1.66711770e+04 4.23447900e+06
 3.84000000e+03 2.16000000e+03 1.00000000e+00 4.04020000e+01
 9.47000000e-01 8.95330000e+01 1.20000000e+01 0.00000000e+00
 1.76777900e+04 4.49678800e+06 3.84000000e+03 2.16000000e+03
 1.00000000e+00 1.94610000e+01 8.72000000e-01 1.00530000e+01
 2.19000000e+02]
deleted_idx_col 263
query_origi 927
query_idx 414
deleted_scaled [0.5        0.         0.10754479 0.10722616 0.27272727 0.27272727
 0.         0.03376251 0.20232558 0.45210363 0.5        0.
 0.10714145 0.10707423 0.27272727 0.27272727 0.         0.06435658
 0.16341463 0.43884132 0.5        0.11847631 0.11174266 0.11290301
 0.27272727 0.27272727 0.         0.66750069 0.8539604  0.92510186
 0.41666667 0.         0.07765522 0.07790743 0.18181818 0.17171717
 0.         0.10483944 0.16159251 0.08597577]
deleted_not_scaled [6.00000000e+00 0.00000000e+00 2.44315300e+03 6.22088000e+05
 1.28000000e+03 7.20000000e+02 0.00000000e+00 1.51960000e+01
 6.57000000e-01 4.36280000e+01 6.00000000e+00 0.00000000e+00
 2.43928600e+03 6.22018000e+05 1.28000000e+03 7.20000000e+02
 0.00000000e+00 1.57930000e+01 6.54000000e-01 4.06920000e+01
 6.00000000e+00 5.82448354e-01 2.43380800e+03 6.21838000e+05
 1.28000000e+03 7.20000000e+02 0.00000000e+00 3.79070000e+01
 9.36000000e-01 8.37800000e+01 5.00000000e+00 0.00000000e+00
 1.84943800e+03 4.73225000e+05 9.60000000e+02 5.20000000e+02
 0.00000000e+00 1.70980000e+01 6.39000000e-01 8.12600000e+00
 1.40000000e+02]
deleted_idx_col 414
query_origi 136
query_idx 566
deleted_scaled [1.         0.         0.88993409 0.8837167  1.         1.
 1.         0.17915979 0.61162791 0.         0.91666667 0.
 0.52519764 0.52230656 1.         1.         0.         0.33555457
 0.70731707 0.01717965 1.         0.         0.873563   0.87794761
 1.         1.         1.         0.34767666 0.75       0.07602442
 1.         0.         0.8197462  0.81770339 1.         1.
 1.         0.23758361 0.66042155 0.01886473]
deleted_not_scaled [1.2000000e+01 0.0000000e+00 1.7835100e+04 4.5211980e+06 3.8400000e+03
 2.1600000e+03 1.0000000e+00 2.1983000e+01 8.3300000e-01 0.0000000e+00
 1.1000000e+01 0.0000000e+00 1.0661802e+04 2.7067650e+06 3.8400000e+03
 2.1600000e+03 0.0000000e+00 2.4950000e+01 8.7700000e-01 1.5930000e+00
 1.2000000e+01 0.0000000e+00 1.6836471e+04 4.2806730e+06 3.8400000e+03
 2.1600000e+03 1.0000000e+00 2.6275000e+01 8.9400000e-01 6.8850000e+00
 1.2000000e+01 0.0000000e+00 1.6453180e+04 4.1893910e+06 3.8400000e+03
 2.1600000e+03 1.0000000e+00 2.1484000e+01 8.5200000e-01 1.7830000e+00
 1.6700000e+02]
deleted_idx_col 566
query_origi 371
query_idx 273
deleted_scaled [1.         0.13586465 0.78359664 0.78124176 1.         1.
 1.         0.56667881 0.84883721 0.92832124 1.         0.14825281
 0.8156376  0.81442579 1.         1.         1.         0.2046794
 0.42926829 0.01231586 1.         0.03180562 0.92292269 0.93127294
 1.         1.         1.         0.12521309 0.44306931 0.06106246
 1.         0.         0.76560512 0.76675948 1.         1.
 1.         0.20250598 0.19672131 0.17704068]
deleted_not_scaled [1.20000000e+01 6.38358794e-01 1.57431230e+04 4.00662500e+06
 3.84000000e+03 2.16000000e+03 1.00000000e+00 4.00720000e+01
 9.35000000e-01 8.95830000e+01 1.20000000e+01 4.86498784e-01
 1.63743050e+04 4.17340100e+06 3.84000000e+03 2.16000000e+03
 1.00000000e+00 2.05310000e+01 7.63000000e-01 1.14200000e+00
 1.20000000e+01 1.56361491e-01 1.77696450e+04 4.53570200e+06
 3.84000000e+03 2.16000000e+03 1.00000000e+00 1.81840000e+01
 7.70000000e-01 5.53000000e+00 1.20000000e+01 0.00000000e+00
 1.53877280e+04 3.93348800e+06 3.84000000e+03 2.16000000e+03
 1.00000000e+00 2.03250000e+01 6.54000000e-01 1.67330000e+01
 1.02000000e+02]
deleted_idx_col 273
query_origi 275
query_idx 643
deleted_scaled [0.41666667 0.         0.0745939  0.07471285 0.18181818 0.17171717
 0.         0.14912487 0.24651163 0.44766839 0.5        0.
 0.11563597 0.11458656 0.27272727 0.27272727 0.         0.20219162
 0.45609756 0.39477601 0.5        0.         0.11420453 0.11435225
 0.27272727 0.27272727 0.         0.03354413 0.37128713 0.33422038
 0.41666667 0.         0.071077   0.07067125 0.18181818 0.17171717
 0.         0.10647378 0.32318501 0.27641115]
deleted_not_scaled [5.000000e+00 0.000000e+00 1.794910e+03 4.588240e+05 9.600000e+02
 5.200000e+02 0.000000e+00 2.058100e+01 6.760000e-01 4.320000e+01
 6.000000e+00 0.000000e+00 2.606360e+03 6.597350e+05 1.280000e+03
 7.200000e+02 0.000000e+00 2.044700e+01 7.740000e-01 3.660600e+01
 6.000000e+00 0.000000e+00 2.480351e+03 6.287690e+05 1.280000e+03
 7.200000e+02 0.000000e+00 1.485000e+01 7.410000e-01 3.026800e+01
 5.000000e+00 0.000000e+00 1.719984e+03 4.368760e+05 9.600000e+02
 5.200000e+02 0.000000e+00 1.715200e+01 7.080000e-01 2.612500e+01
 1.050000e+02]
deleted_idx_col 643
query_origi 167
query_idx 774
deleted_scaled [0.         0.         0.00207457 0.00190244 0.         0.
 0.         0.02656441 0.3        0.11168912 0.41666667 0.
 0.07776166 0.07716889 0.18181818 0.17171717 0.         0.1503628
 0.39512195 0.604523   0.41666667 0.         0.08126797 0.08149211
 0.18181818 0.17171717 0.         0.1005774  0.35891089 0.56269117
 0.5        0.         0.10797025 0.10750471 0.27272727 0.27272727
 0.         0.05892679 0.2529274  0.56834365]
deleted_not_scaled [0.000000e+00 0.000000e+00 3.682370e+02 9.321000e+04 3.200000e+02
 1.800000e+02 0.000000e+00 1.486000e+01 6.990000e-01 1.077800e+01
 5.000000e+00 0.000000e+00 1.861431e+03 4.718730e+05 9.600000e+02
 5.200000e+02 0.000000e+00 1.869700e+01 7.490000e-01 5.605500e+01
 5.000000e+00 0.000000e+00 1.857666e+03 4.716150e+05 9.600000e+02
 5.200000e+02 0.000000e+00 1.728800e+01 7.360000e-01 5.095900e+01
 6.000000e+00 0.000000e+00 2.446013e+03 6.218990e+05 1.280000e+03
 7.200000e+02 0.000000e+00 1.558100e+01 6.780000e-01 5.371700e+01
 1.360000e+02]
deleted_idx_col 774
query_origi 920
query_idx 136
deleted_scaled [1.         0.13702574 0.73168158 0.72984487 1.         1.
 1.         0.13072259 0.54418605 0.02379275 1.         0.1752333
 0.84922882 0.84838974 1.         1.         1.         0.84901525
 0.92439024 0.80133943 1.         0.08607532 0.86664902 0.87492828
 1.         1.         1.         0.31525983 0.78712871 0.07957996
 1.         0.         0.78058984 0.78215615 1.         1.
 1.         0.75058261 0.81498829 0.77810929]
deleted_not_scaled [1.20000000e+01 6.43814147e-01 1.47217980e+04 3.74853800e+06
 3.84000000e+03 2.16000000e+03 1.00000000e+00 1.97220000e+01
 8.04000000e-01 2.29600000e+00 1.20000000e+01 5.75036547e-01
 1.70349920e+04 4.34392300e+06 3.84000000e+03 2.16000000e+03
 1.00000000e+00 4.22870000e+01 9.66000000e-01 7.43050000e+01
 1.20000000e+01 4.23159964e-01 1.67057580e+04 4.26623300e+06
 3.84000000e+03 2.16000000e+03 1.00000000e+00 2.50960000e+01
 9.09000000e-01 7.20700000e+00 1.20000000e+01 0.00000000e+00
 1.56826150e+04 4.01082900e+06 3.84000000e+03 2.16000000e+03
 1.00000000e+00 3.84340000e+01 9.18000000e-01 7.35430000e+01
 1.85000000e+02]
deleted_idx_col 136
query_origi 489
query_idx 918
deleted_scaled [0.91666667 0.         0.56860221 0.56343623 1.         1.
 0.         0.13254354 0.6        0.02491192 0.91666667 0.
 0.60949469 0.60491754 1.         1.         0.         0.90087369
 0.94390244 0.97746047 0.91666667 0.         0.58773088 0.58947181
 1.         1.         0.         0.26612593 0.6980198  0.01966587
 0.91666667 0.         0.53940098 0.5372349  1.         1.
 0.         0.35631488 0.71662763 0.1635825 ]
deleted_not_scaled [1.1000000e+01 0.0000000e+00 1.1513537e+04 2.9129250e+06 3.8400000e+03
 2.1600000e+03 0.0000000e+00 1.9807000e+01 8.2800000e-01 2.4040000e+00
 1.1000000e+01 0.0000000e+00 1.2319794e+04 3.1215280e+06 3.8400000e+03
 2.1600000e+03 0.0000000e+00 4.4038000e+01 9.7400000e-01 9.0636000e+01
 1.1000000e+01 0.0000000e+00 1.1432646e+04 2.9010340e+06 3.8400000e+03
 2.1600000e+03 0.0000000e+00 2.3309000e+01 8.7300000e-01 1.7810000e+00
 1.1000000e+01 0.0000000e+00 1.0936216e+04 2.7805330e+06 3.8400000e+03
 2.1600000e+03 0.0000000e+00 2.5407000e+01 8.7600000e-01 1.5461000e+01
 1.9600000e+02]
deleted_idx_col 918
query_origi 388
query_idx 644
deleted_scaled [1.         0.         0.84942477 0.84475686 1.         1.
 1.         0.05490692 0.4        0.01918135 1.         0.
 0.81720118 0.81394478 1.         1.         1.         0.82508515
 0.91707317 0.87264629 0.91666667 0.         0.58312113 0.58692357
 1.         1.         0.         0.21836679 0.5        0.02188532
 1.         0.         0.80826757 0.80746456 1.         1.
 1.         0.23122787 0.49180328 0.02946622]
deleted_not_scaled [1.2000000e+01 0.0000000e+00 1.7038160e+04 4.3255630e+06 3.8400000e+03
 2.1600000e+03 1.0000000e+00 1.6183000e+01 7.4200000e-01 1.8510000e+00
 1.2000000e+01 0.0000000e+00 1.6405058e+04 4.1709860e+06 3.8400000e+03
 2.1600000e+03 1.0000000e+00 4.1479000e+01 9.6300000e-01 8.0917000e+01
 1.1000000e+01 0.0000000e+00 1.1345496e+04 2.8888470e+06 3.8400000e+03
 2.1600000e+03 0.0000000e+00 2.1572000e+01 7.9300000e-01 1.9820000e+00
 1.2000000e+01 0.0000000e+00 1.6227290e+04 4.1379590e+06 3.8400000e+03
 2.1600000e+03 1.0000000e+00 2.1274000e+01 7.8000000e-01 2.7850000e+00
 1.5300000e+02]
deleted_idx_col 644
query_origi 542
query_idx 648
deleted_scaled [0.33333333 0.         0.04293071 0.04244828 0.09090909 0.09090909
 0.         0.10807858 0.45348837 0.23334715 0.33333333 0.
 0.04267439 0.04235346 0.09090909 0.09090909 0.         0.79967422
 0.92926829 0.71914026 0.33333333 0.         0.0448324  0.0449565
 0.09090909 0.09090909 0.         0.24050041 0.74257426 0.21188565
 0.41666667 0.         0.07799385 0.07769262 0.18181818 0.17171717
 0.         0.22611301 0.68852459 0.16228112]
deleted_not_scaled [4.000000e+00 0.000000e+00 1.172000e+03 2.968090e+05 6.400000e+02
 3.600000e+02 0.000000e+00 1.866500e+01 7.650000e-01 2.251800e+01
 4.000000e+00 0.000000e+00 1.171319e+03 2.970760e+05 6.400000e+02
 3.600000e+02 0.000000e+00 4.062100e+01 9.680000e-01 6.668300e+01
 4.000000e+00 0.000000e+00 1.168830e+03 2.968830e+05 6.400000e+02
 3.600000e+02 0.000000e+00 2.237700e+01 8.910000e-01 1.918900e+01
 5.000000e+00 0.000000e+00 1.856102e+03 4.721460e+05 9.600000e+02
 5.200000e+02 0.000000e+00 2.110500e+01 8.640000e-01 1.533800e+01
 1.890000e+02]
deleted_idx_col 648
query_origi 346
query_idx 891
deleted_scaled [0.5        0.         0.10792816 0.10718155 0.27272727 0.27272727
 0.         0.77936545 0.98837209 0.65370984 0.5        0.
 0.10747803 0.1069842  0.27272727 0.27272727 0.         0.91363838
 1.         0.80238552 0.41666667 0.         0.08173371 0.08220345
 0.18181818 0.17171717 0.         0.6571625  0.59405941 0.56876429
 0.41666667 0.         0.0796243  0.0795054  0.18181818 0.17171717
 0.         0.15692624 0.44262295 0.33453949]
deleted_not_scaled [6.000000e+00 0.000000e+00 2.450695e+03 6.218640e+05 1.280000e+03
 7.200000e+02 0.000000e+00 5.000000e+01 9.950000e-01 6.308300e+01
 6.000000e+00 0.000000e+00 2.445906e+03 6.215660e+05 1.280000e+03
 7.200000e+02 0.000000e+00 4.446900e+01 9.970000e-01 7.440200e+01
 5.000000e+00 0.000000e+00 1.866471e+03 4.750170e+05 9.600000e+02
 5.200000e+02 0.000000e+00 3.753100e+01 8.310000e-01 5.150900e+01
 5.000000e+00 0.000000e+00 1.888188e+03 4.812520e+05 9.600000e+02
 5.200000e+02 0.000000e+00 1.881900e+01 7.590000e-01 3.161900e+01
 2.000000e+00]
deleted_idx_col 891
query_origi 58
query_idx 906
deleted_scaled [0.5        0.         0.10766267 0.10722197 0.27272727 0.27272727
 0.         0.11463399 0.16976744 0.07296373 0.41666667 0.25530305
 0.07735257 0.07722406 0.18181818 0.17171717 0.         0.19493558
 0.19512195 0.3480038  0.41666667 0.         0.08360887 0.08433852
 0.18181818 0.17171717 0.         0.03816332 0.20049505 0.43175469
 0.33333333 0.         0.03952665 0.03960439 0.09090909 0.09090909
 0.         0.14397264 0.45199063 0.19511189]
deleted_not_scaled [6.00000000e+00 0.00000000e+00 2.44547200e+03 6.22067000e+05
 1.28000000e+03 7.20000000e+02 0.00000000e+00 1.89710000e+01
 6.43000000e-01 7.04100000e+00 5.00000000e+00 8.37789319e-01
 1.85338500e+03 4.72150000e+05 9.60000000e+02 5.20000000e+02
 0.00000000e+00 2.02020000e+01 6.67000000e-01 3.22690000e+01
 5.00000000e+00 0.00000000e+00 1.90192200e+03 4.85228000e+05
 9.60000000e+02 5.20000000e+02 0.00000000e+00 1.50180000e+01
 6.72000000e-01 3.91010000e+01 4.00000000e+00 0.00000000e+00
 1.09909900e+03 2.80820000e+05 6.40000000e+02 3.60000000e+02
 0.00000000e+00 1.83910000e+01 7.63000000e-01 1.84410000e+01
 2.37000000e+02]
deleted_idx_col 906
query_origi 10
query_idx 25
deleted_scaled [0.         0.31220851 0.00177802 0.00159934 0.         0.
 0.         0.74395338 0.99302326 0.67647668 0.         0.44810769
 0.00178519 0.00170873 0.         0.         0.         0.53955279
 0.98780488 0.15846688 0.         0.29684603 0.00241627 0.00234814
 0.         0.         0.         0.63717349 0.98762376 0.40337665
 0.         0.         0.00223399 0.00217609 0.         0.
 0.         0.58739142 0.97189696 0.1361477 ]
deleted_not_scaled [0.00000000e+00 1.46690878e+00 3.62403000e+02 9.16880000e+04
 3.20000000e+02 1.80000000e+02 0.00000000e+00 4.83470000e+01
 9.97000000e-01 6.52800000e+01 0.00000000e+00 1.47048706e+00
 3.67092000e+02 9.30120000e+04 3.20000000e+02 1.80000000e+02
 0.00000000e+00 3.18380000e+01 9.92000000e-01 1.46940000e+01
 0.00000000e+00 1.45934220e+00 3.66928000e+02 9.31080000e+04
 3.20000000e+02 1.80000000e+02 0.00000000e+00 3.68040000e+01
 9.90000000e-01 3.65310000e+01 0.00000000e+00 0.00000000e+00
 3.65210000e+02 9.28090000e+04 3.20000000e+02 1.80000000e+02
 0.00000000e+00 3.30420000e+01 9.85000000e-01 1.28680000e+01
 0.00000000e+00]
deleted_idx_col 25
query_origi 4
query_idx 191
deleted_scaled [0.00000000e+00 9.67075496e-01 1.01148767e-03 9.69241566e-04
 0.00000000e+00 0.00000000e+00 0.00000000e+00 1.16304977e-01
 4.34883721e-01 2.29637306e-02 0.00000000e+00 0.00000000e+00
 1.60587158e-03 1.66650865e-03 0.00000000e+00 0.00000000e+00
 0.00000000e+00 1.02087961e-01 4.09756098e-01 1.74276902e-02
 0.00000000e+00 0.00000000e+00 2.57040378e-03 2.64777171e-03
 0.00000000e+00 0.00000000e+00 0.00000000e+00 4.20126478e-02
 3.91089109e-01 1.76672593e-04 0.00000000e+00 0.00000000e+00
 2.22458456e-03 2.09407053e-03 0.00000000e+00 0.00000000e+00
 0.00000000e+00 3.62912745e-01 6.90866511e-01 0.00000000e+00]
deleted_not_scaled [0.00000000e+00 4.54379515e+00 3.47323000e+02 8.85240000e+04
 3.20000000e+02 1.80000000e+02 0.00000000e+00 1.90490000e+01
 7.57000000e-01 2.21600000e+00 0.00000000e+00 0.00000000e+00
 3.63565000e+02 9.28000000e+04 3.20000000e+02 1.80000000e+02
 0.00000000e+00 1.70670000e+01 7.55000000e-01 1.61600000e+00
 0.00000000e+00 0.00000000e+00 3.69842000e+02 9.45410000e+04
 3.20000000e+02 1.80000000e+02 0.00000000e+00 1.51580000e+01
 7.49000000e-01 1.60000000e-02 0.00000000e+00 0.00000000e+00
 3.65025000e+02 9.23970000e+04 3.20000000e+02 1.80000000e+02
 0.00000000e+00 2.56250000e+01 8.65000000e-01 0.00000000e+00
 2.61000000e+02]
deleted_idx_col 191
query_origi 741
query_idx 776
deleted_scaled [0.33333333 0.         0.04289426 0.04244131 0.09090909 0.09090909
 0.         0.48019452 0.98837209 0.66275648 0.33333333 0.
 0.04260438 0.04231303 0.09090909 0.09090909 0.         0.75761884
 0.98780488 0.5705843  0.41666667 0.         0.08116086 0.08148166
 0.18181818 0.17171717 0.         0.72205114 1.         0.766483
 0.41666667 0.         0.07852075 0.07826417 0.18181818 0.17171717
 0.         0.72325293 0.61124122 0.54498228]
deleted_not_scaled [4.000000e+00 0.000000e+00 1.171283e+03 2.967740e+05 6.400000e+02
 3.600000e+02 0.000000e+00 3.603500e+01 9.950000e-01 6.395600e+01
 4.000000e+00 0.000000e+00 1.169942e+03 2.968730e+05 6.400000e+02
 3.600000e+02 0.000000e+00 3.920100e+01 9.920000e-01 5.290800e+01
 5.000000e+00 0.000000e+00 1.855641e+03 4.715650e+05 9.600000e+02
 5.200000e+02 0.000000e+00 3.989100e+01 9.950000e-01 6.941500e+01
 5.000000e+00 0.000000e+00 1.866471e+03 4.750170e+05 9.600000e+02
 5.200000e+02 0.000000e+00 3.753100e+01 8.310000e-01 5.150900e+01
 1.000000e+00]
deleted_idx_col 776
query_origi 29
query_idx 681
deleted_scaled [0.33333333 0.         0.04030305 0.04020371 0.09090909 0.09090909
 0.         0.04599499 0.54651163 0.47418653 0.33333333 0.
 0.04405808 0.04411617 0.09090909 0.09090909 0.         0.08156375
 0.5097561  0.38019541 0.33333333 0.         0.04273001 0.04322916
 0.09090909 0.09090909 0.         0.56098433 0.79207921 0.72993386
 0.33333333 0.         0.04328158 0.0428083  0.09090909 0.09090909
 0.         0.11364668 0.59016393 0.34222081]
deleted_not_scaled [4.000000e+00 0.000000e+00 1.120306e+03 2.855380e+05 6.400000e+02
 3.600000e+02 0.000000e+00 1.576700e+01 8.050000e-01 4.575900e+01
 4.000000e+00 0.000000e+00 1.198534e+03 3.059260e+05 6.400000e+02
 3.600000e+02 0.000000e+00 1.637400e+01 7.960000e-01 3.525400e+01
 4.000000e+00 0.000000e+00 1.129083e+03 2.886220e+05 6.400000e+02
 3.600000e+02 0.000000e+00 3.403300e+01 9.110000e-01 6.610500e+01
 4.000000e+00 0.000000e+00 1.172993e+03 2.969140e+05 6.400000e+02
 3.600000e+02 0.000000e+00 1.738900e+01 8.220000e-01 3.234500e+01
 2.460000e+02]
deleted_idx_col 681
query_origi 708
query_idx 999
deleted_scaled [0.41666667 0.         0.07757489 0.07728302 0.18181818 0.17171717
 0.         0.24612781 0.54418605 0.25918135 0.5        0.
 0.10723358 0.1071055  0.27272727 0.27272727 0.         0.24848216
 0.5804878  0.25595842 0.5        0.         0.11193652 0.11297138
 0.27272727 0.27272727 0.         0.79051416 0.92821782 0.85585725
 0.41666667 0.         0.07754891 0.07770895 0.18181818 0.17171717
 0.         0.30782967 0.73770492 0.18415066]
deleted_not_scaled [5.000000e+00 0.000000e+00 1.853555e+03 4.717300e+05 9.600000e+02
 5.200000e+02 0.000000e+00 2.510900e+01 8.040000e-01 2.501100e+01
 6.000000e+00 0.000000e+00 2.441098e+03 6.221750e+05 1.280000e+03
 7.200000e+02 0.000000e+00 2.201000e+01 8.250000e-01 2.373400e+01
 6.000000e+00 0.000000e+00 2.437473e+03 6.221650e+05 1.280000e+03
 7.200000e+02 0.000000e+00 4.238100e+01 9.660000e-01 7.750900e+01
 5.000000e+00 0.000000e+00 1.847346e+03 4.722280e+05 9.600000e+02
 5.200000e+02 0.000000e+00 2.380500e+01 8.850000e-01 1.740500e+01
 2.750000e+02]
deleted_idx_col 999
query_origi 202
query_idx 562
deleted_scaled [0.25       0.         0.02814059 0.02812473 0.05454545 0.05454545
 0.         0.05908438 0.52790698 0.36259067 0.25       0.
 0.027115   0.02723876 0.05454545 0.05454545 0.         0.57867614
 0.77073171 0.63683325 0.33333333 0.         0.0450526  0.04496298
 0.09090909 0.09090909 0.         0.10335441 0.57178218 0.35715469
 0.33333333 0.         0.04647663 0.04606895 0.09090909 0.09090909
 0.         0.14530432 0.28103044 0.30705179]
deleted_not_scaled [3.000000e+00 0.000000e+00 8.810340e+02 2.248840e+05 5.120000e+02
 2.880000e+02 0.000000e+00 1.637800e+01 7.970000e-01 3.499000e+01
 3.000000e+00 0.000000e+00 8.652900e+02 2.211900e+05 5.120000e+02
 2.880000e+02 0.000000e+00 3.315900e+01 9.030000e-01 5.905100e+01
 4.000000e+00 0.000000e+00 1.172993e+03 2.969140e+05 6.400000e+02
 3.600000e+02 0.000000e+00 1.738900e+01 8.220000e-01 3.234500e+01
 4.000000e+00 0.000000e+00 1.235869e+03 3.132930e+05 6.400000e+02
 3.600000e+02 0.000000e+00 1.843500e+01 6.900000e-01 2.902100e+01
 2.470000e+02]
deleted_idx_col 562
query_origi 36
query_idx 861
deleted_scaled [5.00000000e-01 0.00000000e+00 1.08253834e-01 1.07199471e-01
 2.72727273e-01 2.72727273e-01 0.00000000e+00 1.47004006e-01
 5.79069767e-01 7.56476684e-04 5.00000000e-01 0.00000000e+00
 1.09186150e-01 1.08376043e-01 2.72727273e-01 2.72727273e-01
 0.00000000e+00 2.48659855e-01 6.19512195e-01 0.00000000e+00
 3.33333333e-01 0.00000000e+00 4.41275834e-02 4.42186031e-02
 9.09090909e-02 9.09090909e-02 0.00000000e+00 3.16359637e-01
 7.27722772e-01 1.56929430e-01 3.33333333e-01 0.00000000e+00
 4.30902101e-02 4.28803692e-02 9.09090909e-02 9.09090909e-02
 0.00000000e+00 3.88487031e-01 7.75175644e-01 2.46966090e-01]
deleted_not_scaled [6.000000e+00 0.000000e+00 2.457102e+03 6.219540e+05 1.280000e+03
 7.200000e+02 0.000000e+00 2.048200e+01 8.190000e-01 7.300000e-02
 6.000000e+00 0.000000e+00 2.479502e+03 6.285540e+05 1.280000e+03
 7.200000e+02 0.000000e+00 2.201600e+01 8.410000e-01 0.000000e+00
 4.000000e+00 0.000000e+00 1.155505e+03 2.933540e+05 6.400000e+02
 3.600000e+02 0.000000e+00 2.513600e+01 8.850000e-01 1.421200e+01
 4.000000e+00 0.000000e+00 1.169227e+03 2.972760e+05 6.400000e+02
 3.600000e+02 0.000000e+00 2.647000e+01 9.010000e-01 2.334200e+01
 1.660000e+02]
deleted_idx_col 861
query_origi 481
query_idx 719
deleted_scaled [8.33333333e-02 0.00000000e+00 8.99471220e-03 8.89065553e-03
 1.81818182e-02 1.81818182e-02 0.00000000e+00 1.24831295e-01
 2.20930233e-01 1.03626943e-04 8.33333333e-02 0.00000000e+00
 8.74614046e-03 8.75619140e-03 1.81818182e-02 1.81818182e-02
 0.00000000e+00 2.12083518e-01 2.58536585e-01 2.50199513e-03
 8.33333333e-02 0.00000000e+00 1.06364837e-02 1.07439354e-02
 1.81818182e-02 1.81818182e-02 0.00000000e+00 4.10778114e-02
 2.45049505e-01 7.82880426e-02 8.33333333e-02 0.00000000e+00
 8.12706627e-03 8.17481816e-03 1.81818182e-02 1.81818182e-02
 0.00000000e+00 1.45364850e-01 4.70725995e-01 1.12151510e-03]
deleted_not_scaled [1.00000e+00 0.00000e+00 5.04377e+02 1.28301e+05 3.84000e+02 2.16000e+02
 0.00000e+00 1.94470e+01 6.65000e-01 1.00000e-02 1.00000e+00 0.00000e+00
 5.04003e+02 1.28395e+05 3.84000e+02 2.16000e+02 0.00000e+00 2.07810e+01
 6.93000e-01 2.32000e-01 1.00000e+00 0.00000e+00 5.22336e+02 1.33261e+05
 3.84000e+02 2.16000e+02 0.00000e+00 1.51240e+01 6.90000e-01 7.09000e+00
 1.00000e+00 0.00000e+00 4.81181e+02 1.22942e+05 3.84000e+02 2.16000e+02
 0.00000e+00 1.84370e+01 7.71000e-01 1.06000e-01 2.37000e+02]
deleted_idx_col 719
query_origi 341
query_idx 583
deleted_scaled [0.33333333 0.         0.04258445 0.04242378 0.09090909 0.09090909
 0.         0.03421239 0.21395349 0.43318135 0.33333333 0.
 0.04241987 0.04241998 0.09090909 0.09090909 0.         0.06394195
 0.17560976 0.4141449  0.33333333 0.         0.04445786 0.04494479
 0.09090909 0.09090909 0.         0.58831454 0.81435644 0.67249318
 0.33333333 0.         0.04265528 0.04282264 0.09090909 0.09090909
 0.         0.10623165 0.17330211 0.32232979]
deleted_not_scaled [4.000000e+00 0.000000e+00 1.165188e+03 2.966860e+05 6.400000e+02
 3.600000e+02 0.000000e+00 1.521700e+01 6.620000e-01 4.180200e+01
 4.000000e+00 0.000000e+00 1.166313e+03 2.974100e+05 6.400000e+02
 3.600000e+02 0.000000e+00 1.577900e+01 6.590000e-01 3.840200e+01
 4.000000e+00 0.000000e+00 1.161749e+03 2.968270e+05 6.400000e+02
 3.600000e+02 0.000000e+00 3.502700e+01 9.200000e-01 6.090300e+01
 4.000000e+00 0.000000e+00 1.160668e+03 2.969860e+05 6.400000e+02
 3.600000e+02 0.000000e+00 1.714400e+01 6.440000e-01 3.046500e+01
 1.400000e+02]
deleted_idx_col 583
query_origi 156
query_idx 35
deleted_scaled [0.5        0.         0.10749721 0.1072395  0.27272727 0.27272727
 0.         0.13894899 0.21162791 0.07843523 0.5        0.8228571
 0.10854324 0.10853598 0.27272727 0.27272727 0.         0.04113727
 0.2        0.11051916 0.5        0.         0.11019492 0.11133981
 0.27272727 0.27272727 0.         0.1308496  0.40841584 0.01450924
 0.41666667 0.         0.08592848 0.08504905 0.18181818 0.17171717
 0.         0.7475258  0.84777518 0.7975771 ]
deleted_not_scaled [6.0000000e+00 0.0000000e+00 2.4422170e+03 6.2215500e+05 1.2800000e+03
 7.2000000e+02 0.0000000e+00 2.0106000e+01 6.6100000e-01 7.5690000e+00
 6.0000000e+00 2.7002454e+00 2.4668570e+03 6.2935700e+05 1.2800000e+03
 7.2000000e+02 0.0000000e+00 1.5009000e+01 6.6900000e-01 1.0248000e+01
 6.0000000e+00 0.0000000e+00 2.4045470e+03 6.1436200e+05 1.2800000e+03
 7.2000000e+02 0.0000000e+00 1.8389000e+01 7.5600000e-01 1.3140000e+00
 5.0000000e+00 0.0000000e+00 2.0122490e+03 5.0909900e+05 9.6000000e+02
 5.2000000e+02 0.0000000e+00 3.8333000e+01 9.3200000e-01 7.5383000e+01
 2.3800000e+02]
deleted_idx_col 35
query_origi 378
query_idx 677
deleted_scaled [0.33333333 0.         0.03758008 0.03759092 0.09090909 0.09090909
 0.         0.24492813 0.81162791 0.25013472 0.33333333 0.
 0.04120112 0.04137311 0.09090909 0.09090909 0.         0.58181549
 0.77804878 0.6382568  0.33333333 0.         0.04500008 0.04494103
 0.09090909 0.09090909 0.         0.13843827 0.43069307 0.24864459
 0.41666667 0.         0.0782589  0.07767889 0.18181818 0.17171717
 0.         0.85642081 0.94145199 0.82056816]
deleted_not_scaled [4.000000e+00 0.000000e+00 1.066737e+03 2.724180e+05 6.400000e+02
 3.600000e+02 0.000000e+00 2.505300e+01 9.190000e-01 2.413800e+01
 4.000000e+00 0.000000e+00 1.142342e+03 2.921540e+05 6.400000e+02
 3.600000e+02 0.000000e+00 3.326500e+01 9.060000e-01 5.918300e+01
 4.000000e+00 0.000000e+00 1.172000e+03 2.968090e+05 6.400000e+02
 3.600000e+02 0.000000e+00 1.866500e+01 7.650000e-01 2.251800e+01
 5.000000e+00 0.000000e+00 1.861318e+03 4.720770e+05 9.600000e+02
 5.200000e+02 0.000000e+00 4.193100e+01 9.720000e-01 7.755600e+01
 1.870000e+02]
deleted_idx_col 677
