query_origi 8
query_idx 12
deleted_scaled [1.66666667e-01 0.00000000e+00 1.81388678e-02 1.81228457e-02
 5.45454545e-02 5.45454545e-02 0.00000000e+00 5.45834315e-01
 8.81395349e-01 5.06466321e-01 8.33333333e-02 4.45394773e-01
 8.67475709e-03 8.77252386e-03 1.81818182e-02 1.81818182e-02
 0.00000000e+00 3.05641937e-01 7.53658537e-01 0.00000000e+00
 8.33333333e-02 0.00000000e+00 1.12787805e-02 1.11681894e-02
 1.81818182e-02 1.81818182e-02 0.00000000e+00 2.25570525e-01
 7.10396040e-01 0.00000000e+00 0.00000000e+00 0.00000000e+00
 1.92873890e-03 1.82750903e-03 0.00000000e+00 0.00000000e+00
 0.00000000e+00 2.79561757e-01 7.21311475e-01 2.11606623e-05]
deleted_not_scaled [2.00000000e+00 0.00000000e+00 6.84270000e+02 1.74660000e+05
 5.12000000e+02 2.88000000e+02 0.00000000e+00 3.90990000e+01
 9.49000000e-01 4.88740000e+01 1.00000000e+00 1.46158451e+00
 5.02599000e+02 1.28477000e+05 3.84000000e+02 2.16000000e+02
 0.00000000e+00 2.39400000e+01 8.96000000e-01 0.00000000e+00
 1.00000000e+00 0.00000000e+00 5.34479000e+02 1.35290000e+05
 3.84000000e+02 2.16000000e+02 0.00000000e+00 2.18340000e+01
 8.78000000e-01 0.00000000e+00 0.00000000e+00 0.00000000e+00
 3.59203000e+02 9.10580000e+04 3.20000000e+02 1.80000000e+02
 0.00000000e+00 2.28710000e+01 8.78000000e-01 2.00000000e-03
 2.77000000e+02]
deleted_idx_col 12
query_origi 634
query_idx 96
deleted_scaled [1.         0.06823407 0.83214581 0.82673936 1.         1.
 1.         0.31262452 0.58372093 0.07807254 1.         0.16071157
 0.83067575 0.82653571 1.         1.         1.         0.36306827
 0.48292683 0.00786187 1.         0.13351528 0.86354877 0.86831774
 1.         1.         1.         0.15515535 0.34405941 0.07892848
 1.         0.         0.8283464  0.82669601 1.         1.
 1.         0.25550074 0.54098361 0.13796752]
deleted_not_scaled [1.20000000e+01 3.20597144e-01 1.66982310e+04 4.23508900e+06
 3.84000000e+03 2.16000000e+03 1.00000000e+00 2.82130000e+01
 8.21000000e-01 7.53400000e+00 1.20000000e+01 5.27382807e-01
 1.66700820e+04 4.23420100e+06 3.84000000e+03 2.16000000e+03
 1.00000000e+00 2.58790000e+01 7.85000000e-01 7.29000000e-01
 1.20000000e+01 6.56382343e-01 1.66471460e+04 4.23461800e+06
 3.84000000e+03 2.16000000e+03 1.00000000e+00 1.92730000e+01
 7.30000000e-01 7.14800000e+00 1.20000000e+01 0.00000000e+00
 1.66224250e+04 4.23456300e+06 3.84000000e+03 2.16000000e+03
 1.00000000e+00 2.20760000e+01 8.01000000e-01 1.30400000e+01
 7.70000000e+01]
deleted_idx_col 96
query_origi 424
query_idx 447
deleted_scaled [0.41666667 0.         0.07626492 0.07624986 0.18181818 0.17171717
 0.         0.05998415 0.26976744 0.00592746 0.41666667 0.
 0.07720106 0.07739535 0.18181818 0.17171717 0.         0.18311861
 0.26829268 0.01847378 0.5        0.         0.11298563 0.11293814
 0.27272727 0.27272727 0.         0.10478416 0.43811881 0.22693595
 0.58333333 0.         0.14092483 0.13986735 0.27272727 0.27272727
 0.         0.20120456 0.70257611 0.13476168]
deleted_not_scaled [5.000000e+00 0.000000e+00 1.827784e+03 4.665420e+05 9.600000e+02
 5.200000e+02 0.000000e+00 1.642000e+01 6.860000e-01 5.720000e-01
 5.000000e+00 0.000000e+00 1.850405e+03 4.730100e+05 9.600000e+02
 5.200000e+02 0.000000e+00 1.980300e+01 6.970000e-01 1.713000e+00
 6.000000e+00 0.000000e+00 2.457307e+03 6.220060e+05 1.280000e+03
 7.200000e+02 0.000000e+00 1.744100e+01 7.680000e-01 2.055200e+01
 7.000000e+00 0.000000e+00 3.094532e+03 7.844640e+05 1.280000e+03
 7.200000e+02 0.000000e+00 2.028200e+01 8.700000e-01 1.273700e+01
 1.490000e+02]
deleted_idx_col 447
query_origi 830
query_idx 565
deleted_scaled [0.25       0.         0.03174126 0.03160699 0.05454545 0.05454545
 0.         0.12817327 0.60930233 0.16746114 0.16666667 0.
 0.01596186 0.01598948 0.05454545 0.05454545 0.         0.18122316
 0.60487805 0.19491836 0.25       0.         0.02733086 0.02764635
 0.05454545 0.05454545 0.         0.17970855 0.63118812 0.1939313
 0.25       0.         0.02889511 0.02902912 0.05454545 0.05454545
 0.         0.30292667 0.67213115 0.24516743]
deleted_not_scaled [3.00000e+00 0.00000e+00 9.51870e+02 2.42370e+05 5.12000e+02 2.88000e+02
 0.00000e+00 1.96030e+01 8.32000e-01 1.61600e+01 2.00000e+00 0.00000e+00
 6.45925e+02 1.64711e+05 5.12000e+02 2.88000e+02 0.00000e+00 1.97390e+01
 8.35000e-01 1.80740e+01 3.00000e+00 0.00000e+00 8.37953e+02 2.14097e+05
 5.12000e+02 2.88000e+02 0.00000e+00 2.01660e+01 8.46000e-01 1.75630e+01
 3.00000e+00 0.00000e+00 8.89879e+02 2.27698e+05 5.12000e+02 2.88000e+02
 0.00000e+00 2.36430e+01 8.57000e-01 2.31720e+01 2.68000e+02]
deleted_idx_col 565
query_origi 194
query_idx 519
deleted_scaled [0.5        0.         0.0916337  0.09183101 0.27272727 0.27272727
 0.         0.18554382 0.67674419 0.27235233 0.5        0.
 0.10792759 0.10700392 0.27272727 0.27272727 0.         0.16700726
 0.58292683 0.20474301 0.5        0.         0.11314966 0.11335946
 0.27272727 0.27272727 0.         0.11811933 0.53712871 0.25097446
 0.5        0.         0.10757425 0.10698891 0.27272727 0.27272727
 0.         0.45143912 0.78220141 0.49192192]
deleted_not_scaled [6.000000e+00 0.000000e+00 2.130134e+03 5.447820e+05 1.280000e+03
 7.200000e+02 0.000000e+00 2.228100e+01 8.610000e-01 2.628200e+01
 6.000000e+00 0.000000e+00 2.454748e+03 6.216650e+05 1.280000e+03
 7.200000e+02 0.000000e+00 1.925900e+01 8.260000e-01 1.898500e+01
 6.000000e+00 0.000000e+00 2.460408e+03 6.240210e+05 1.280000e+03
 7.200000e+02 0.000000e+00 1.792600e+01 8.080000e-01 2.272900e+01
 6.000000e+00 0.000000e+00 2.438220e+03 6.193080e+05 1.280000e+03
 7.200000e+02 0.000000e+00 2.855000e+01 9.040000e-01 4.649400e+01
 6.000000e+01]
deleted_idx_col 519
query_origi 90
query_idx 753
deleted_scaled [0.16666667 0.         0.01814822 0.01809815 0.05454545 0.05454545
 0.         0.0458236  0.21395349 0.38260104 0.16666667 0.
 0.01781152 0.01790516 0.05454545 0.05454545 0.         0.58735377
 0.78292683 0.51133447 0.25       0.1072546  0.02864079 0.02903704
 0.05454545 0.05454545 0.         0.09747044 0.13861386 0.3198326
 0.16666667 0.         0.02132192 0.0210504  0.05454545 0.05454545
 0.         0.08849611 0.26932084 0.28936148]
deleted_not_scaled [2.00000000e+00 0.00000000e+00 6.84454000e+02 1.74536000e+05
 5.12000000e+02 2.88000000e+02 0.00000000e+00 1.57590000e+01
 6.62000000e-01 3.69210000e+01 2.00000000e+00 0.00000000e+00
 6.82305000e+02 1.74329000e+05 5.12000000e+02 2.88000000e+02
 0.00000000e+00 3.34520000e+01 9.08000000e-01 4.74140000e+01
 3.00000000e+00 5.27280643e-01 8.62718000e+02 2.20748000e+05
 5.12000000e+02 2.88000000e+02 0.00000000e+00 1.71750000e+01
 6.47000000e-01 2.89650000e+01 2.00000000e+00 0.00000000e+00
 7.40845000e+02 1.87619000e+05 5.12000000e+02 2.88000000e+02
 0.00000000e+00 1.65580000e+01 6.85000000e-01 2.73490000e+01
 1.41000000e+02]
deleted_idx_col 753
query_origi 507
query_idx 520
deleted_scaled [0.16666667 0.         0.01820551 0.01812125 0.05454545 0.05454545
 0.         0.14927483 0.26976744 0.27471503 0.25       0.
 0.02923576 0.02927215 0.05454545 0.05454545 0.         0.04309196
 0.23170732 0.40155943 0.25       0.         0.02695838 0.02727019
 0.05454545 0.05454545 0.         0.13112455 0.43069307 0.19242958
 0.25       0.         0.03242193 0.03201545 0.05454545 0.05454545
 0.         0.68790291 0.82669789 0.58768449]
deleted_not_scaled [2.00000e+00 0.00000e+00 6.85581e+02 1.74652e+05 5.12000e+02 2.88000e+02
 0.00000e+00 2.05880e+01 6.86000e-01 2.65100e+01 3.00000e+00 0.00000e+00
 9.07002e+02 2.31399e+05 5.12000e+02 2.88000e+02 0.00000e+00 1.50750e+01
 6.82000e-01 3.72350e+01 3.00000e+00 0.00000e+00 8.30911e+02 2.12298e+05
 5.12000e+02 2.88000e+02 0.00000e+00 1.83990e+01 7.65000e-01 1.74270e+01
 3.00000e+00 0.00000e+00 9.59284e+02 2.42699e+05 5.12000e+02 2.88000e+02
 0.00000e+00 3.63630e+01 9.23000e-01 5.55450e+01 2.38000e+02]
deleted_idx_col 520
query_origi 939
query_idx 965
deleted_scaled [0.58333333 0.         0.1406007  0.13966259 0.27272727 0.27272727
 0.         0.19259196 0.4627907  0.22415544 0.58333333 0.
 0.13998004 0.139341   0.27272727 0.27272727 0.         0.6931734
 0.86585366 0.76803701 0.58333333 0.         0.14599449 0.14685337
 0.27272727 0.27272727 0.         0.17629915 0.4950495  0.31979948
 0.58333333 0.         0.1399728  0.13976383 0.27272727 0.27272727
 0.         0.20417058 0.46604215 0.33129133]
deleted_not_scaled [7.000000e+00 0.000000e+00 3.093462e+03 7.849660e+05 1.280000e+03
 7.200000e+02 0.000000e+00 2.261000e+01 7.690000e-01 2.163100e+01
 7.000000e+00 0.000000e+00 3.085170e+03 7.840190e+05 1.280000e+03
 7.200000e+02 0.000000e+00 3.702500e+01 9.420000e-01 7.121700e+01
 7.000000e+00 0.000000e+00 3.081359e+03 7.842060e+05 1.280000e+03
 7.200000e+02 0.000000e+00 2.004200e+01 7.910000e-01 2.896200e+01
 7.000000e+00 0.000000e+00 3.075797e+03 7.839440e+05 1.280000e+03
 7.200000e+02 0.000000e+00 2.038000e+01 7.690000e-01 3.131200e+01
 8.500000e+01]
deleted_idx_col 965
query_origi 707
query_idx 787
deleted_scaled [0.41666667 0.         0.07723066 0.07739953 0.18181818 0.17171717
 0.         0.55843099 0.88139535 0.85380311 0.5        0.
 0.1079645  0.10704057 0.27272727 0.27272727 0.         0.45262846
 0.56829268 0.42710782 0.5        0.         0.11274983 0.11295863
 0.27272727 0.27272727 0.         0.22680781 0.11138614 0.36018021
 0.5        0.         0.10809861 0.10751068 0.27272727 0.27272727
 0.         0.24953845 0.15456674 0.32557795]
deleted_not_scaled [5.000000e+00 0.000000e+00 1.846783e+03 4.723150e+05 9.600000e+02
 5.200000e+02 0.000000e+00 3.968700e+01 9.490000e-01 8.239200e+01
 6.000000e+00 0.000000e+00 2.455474e+03 6.218490e+05 1.280000e+03
 7.200000e+02 0.000000e+00 2.890300e+01 8.200000e-01 3.960400e+01
 6.000000e+00 0.000000e+00 2.452849e+03 6.221040e+05 1.280000e+03
 7.200000e+02 0.000000e+00 2.187900e+01 6.360000e-01 3.261900e+01
 6.000000e+00 0.000000e+00 2.448539e+03 6.219290e+05 1.280000e+03
 7.200000e+02 0.000000e+00 2.187900e+01 6.360000e-01 3.077200e+01
 9.000000e+01]
deleted_idx_col 787
query_origi 731
query_idx 630
deleted_scaled [1.         0.         0.8275702  0.82674055 1.         1.
 1.         0.27228518 0.58372093 0.22115026 1.         0.
 0.90362401 0.90408065 1.         1.         1.         0.12287872
 0.36097561 0.11227703 1.         0.         0.85407914 0.86353009
 1.         1.         1.         0.22760517 0.58415842 0.0165741
 1.         0.         0.75991337 0.75383712 1.         1.
 1.         0.2296238  0.36065574 0.06032905]
deleted_not_scaled [1.2000000e+01 0.0000000e+00 1.6608215e+04 4.2350950e+06 3.8400000e+03
 2.1600000e+03 1.0000000e+00 2.6330000e+01 8.2100000e-01 2.1341000e+01
 1.2000000e+01 0.0000000e+00 1.8104861e+04 4.6235290e+06 3.8400000e+03
 2.1600000e+03 1.0000000e+00 1.7769000e+01 7.3500000e-01 1.0411000e+01
 1.2000000e+01 0.0000000e+00 1.6468117e+04 4.2117210e+06 3.8400000e+03
 2.1600000e+03 1.0000000e+00 2.1908000e+01 8.2700000e-01 1.5010000e+00
 1.2000000e+01 0.0000000e+00 1.5275719e+04 3.8685760e+06 3.8400000e+03
 2.1600000e+03 1.0000000e+00 2.1221000e+01 7.2400000e-01 5.7020000e+00
 2.8400000e+02]
deleted_idx_col 630
query_origi 731
query_idx 775
deleted_scaled [0.25       0.         0.02576206 0.02551772 0.05454545 0.05454545
 0.         0.24842006 0.73953488 0.12557513 0.33333333 0.
 0.04256803 0.0423933  0.09090909 0.09090909 0.         0.3805716
 0.76585366 0.25173091 0.33333333 0.         0.04485181 0.04512879
 0.09090909 0.09090909 0.         0.21710201 0.67574257 0.23368263
 0.33333333 0.         0.04284411 0.0428091  0.09090909 0.09090909
 0.         0.16385703 0.70725995 0.1507803 ]
deleted_not_scaled [3.000000e+00 0.000000e+00 8.342410e+02 2.117930e+05 5.120000e+02
 2.880000e+02 0.000000e+00 2.521600e+01 8.880000e-01 1.211800e+01
 4.000000e+00 0.000000e+00 1.169227e+03 2.972760e+05 6.400000e+02
 3.600000e+02 0.000000e+00 2.647000e+01 9.010000e-01 2.334200e+01
 4.000000e+00 0.000000e+00 1.169197e+03 2.977070e+05 6.400000e+02
 3.600000e+02 0.000000e+00 2.152600e+01 8.640000e-01 2.116300e+01
 4.000000e+00 0.000000e+00 1.164384e+03 2.969180e+05 6.400000e+02
 3.600000e+02 0.000000e+00 1.904800e+01 8.720000e-01 1.425100e+01
 1.680000e+02]
deleted_idx_col 775
query_origi 490
query_idx 875
deleted_scaled [0.91666667 0.         0.5946721  0.59346798 1.         1.
 0.         0.22569035 0.67906977 0.05239378 0.91666667 0.
 0.55976951 0.5595139  1.         1.         0.         0.4566563
 0.74390244 0.12308306 0.91666667 0.         0.55396208 0.55954841
 1.         1.         0.         0.33736596 0.6509901  0.18025021
 1.         0.         0.83336674 0.82588099 1.         1.
 1.         0.78239157 0.93208431 0.73912077]
deleted_not_scaled [1.1000000e+01 0.0000000e+00 1.2026410e+04 3.0637280e+06 3.8400000e+03
 2.1600000e+03 0.0000000e+00 2.4155000e+01 8.6200000e-01 5.0560000e+00
 1.1000000e+01 0.0000000e+00 1.1341777e+04 2.8935710e+06 3.8400000e+03
 2.1600000e+03 0.0000000e+00 2.9039000e+01 8.9200000e-01 1.1413000e+01
 1.1000000e+01 0.0000000e+00 1.0794227e+04 2.7579250e+06 3.8400000e+03
 2.1600000e+03 0.0000000e+00 2.5900000e+01 8.5400000e-01 1.6324000e+01
 1.2000000e+01 0.0000000e+00 1.6721221e+04 4.2304690e+06 3.8400000e+03
 2.1600000e+03 1.0000000e+00 3.9485000e+01 9.6800000e-01 6.9858000e+01
 6.5000000e+01]
deleted_idx_col 875
query_origi 230
query_idx 210
deleted_scaled [0.00000000e+00 7.95328552e-01 1.91409517e-03 1.84329154e-03
 0.00000000e+00 0.00000000e+00 0.00000000e+00 1.41776816e-01
 5.69767442e-01 2.07253886e-04 0.00000000e+00 3.72674463e-01
 1.60434629e-03 1.63782726e-03 0.00000000e+00 0.00000000e+00
 0.00000000e+00 2.06367540e-01 4.82926829e-01 1.72551388e-04
 0.00000000e+00 0.00000000e+00 2.23452429e-03 2.28938265e-03
 0.00000000e+00 0.00000000e+00 0.00000000e+00 2.43607369e-01
 5.91584158e-01 0.00000000e+00 0.00000000e+00 0.00000000e+00
 2.26289917e-03 2.32320592e-03 0.00000000e+00 0.00000000e+00
 0.00000000e+00 6.19442511e-01 7.91569087e-01 5.11876422e-02]
deleted_not_scaled [0.00000000e+00 3.73684375e+00 3.65080000e+02 9.29130000e+04
 3.20000000e+02 1.80000000e+02 0.00000000e+00 2.02380000e+01
 8.15000000e-01 2.00000000e-02 0.00000000e+00 1.22294929e+00
 3.63535000e+02 9.26560000e+04 3.20000000e+02 1.80000000e+02
 0.00000000e+00 2.05880000e+01 7.85000000e-01 1.60000000e-02
 0.00000000e+00 0.00000000e+00 3.63492000e+02 9.28270000e+04
 3.20000000e+02 1.80000000e+02 0.00000000e+00 2.24900000e+01
 8.30000000e-01 0.00000000e+00 0.00000000e+00 0.00000000e+00
 3.65779000e+02 9.35480000e+04 3.20000000e+02 1.80000000e+02
 0.00000000e+00 3.41010000e+01 9.08000000e-01 4.83800000e+00
 8.70000000e+01]
deleted_idx_col 210
query_origi 468
query_idx 478
deleted_scaled [0.         0.         0.00201637 0.00186301 0.         0.
 0.         0.39028257 0.98139535 0.15226943 0.         0.
 0.00177686 0.00172785 0.         0.         0.         0.68662817
 0.98292683 0.39396717 0.25       0.         0.02912509 0.02920787
 0.05454545 0.05454545 0.         0.5965906  0.98762376 0.40075969
 0.58333333 0.         0.14053655 0.14009628 0.27272727 0.27272727
 0.         1.         0.60421546 0.55613395]
deleted_not_scaled [0.000000e+00 0.000000e+00 3.670920e+02 9.301200e+04 3.200000e+02
 1.800000e+02 0.000000e+00 3.183800e+01 9.920000e-01 1.469400e+01
 0.000000e+00 0.000000e+00 3.669280e+02 9.310800e+04 3.200000e+02
 1.800000e+02 0.000000e+00 3.680400e+01 9.900000e-01 3.653100e+01
 3.000000e+00 0.000000e+00 8.718740e+02 2.215650e+05 5.120000e+02
 2.880000e+02 0.000000e+00 3.532800e+01 9.900000e-01 3.629400e+01
 7.000000e+00 0.000000e+00 3.086891e+03 7.856140e+05 1.280000e+03
 7.200000e+02 0.000000e+00 4.667500e+01 8.280000e-01 5.256300e+01
 1.000000e+00]
deleted_idx_col 478
query_origi 280
query_idx 111
deleted_scaled [1.         0.07833125 0.83252841 0.83294155 1.         1.
 1.         0.24584931 0.78837209 0.07468394 1.         0.18551408
 0.78047011 0.78204529 1.         1.         1.         0.73490301
 0.80731707 0.79312167 1.         0.1099702  0.86740816 0.86826546
 1.         1.         1.         0.14162772 0.3960396  0.03271756
 1.         0.         0.86940528 0.86376975 1.         1.
 1.         0.97085439 0.96252927 0.94812464]
deleted_not_scaled [1.20000000e+01 3.68038646e-01 1.67057580e+04 4.26623300e+06
 3.84000000e+03 2.16000000e+03 1.00000000e+00 2.50960000e+01
 9.09000000e-01 7.20700000e+00 1.20000000e+01 6.08773441e-01
 1.56826150e+04 4.01082900e+06 3.84000000e+03 2.16000000e+03
 1.00000000e+00 3.84340000e+01 9.18000000e-01 7.35430000e+01
 1.20000000e+01 5.40630960e-01 1.67201100e+04 4.23436800e+06
 3.84000000e+03 2.16000000e+03 1.00000000e+00 1.87810000e+01
 7.51000000e-01 2.96300000e+00 1.20000000e+01 0.00000000e+00
 1.74304300e+04 4.42079300e+06 3.84000000e+03 2.16000000e+03
 1.00000000e+00 4.57120000e+01 9.81000000e-01 8.96120000e+01
 1.87000000e+02]
deleted_idx_col 111
query_origi 130
query_idx 909
deleted_scaled [0.         0.         0.00177802 0.00159934 0.         0.
 0.         0.74395338 0.99302326 0.67647668 0.41666667 0.
 0.07778687 0.07714758 0.18181818 0.17171717 0.         0.70451651
 0.99756098 0.84936264 0.58333333 0.         0.14651206 0.14688933
 0.27272727 0.27272727 0.         1.         1.         0.7411084
 0.58333333 0.         0.14046088 0.13979051 0.27272727 0.27272727
 0.         0.93323447 1.         0.86506904]
deleted_not_scaled [0.000000e+00 0.000000e+00 3.624030e+02 9.168800e+04 3.200000e+02
 1.800000e+02 0.000000e+00 4.834700e+01 9.970000e-01 6.528000e+01
 5.000000e+00 0.000000e+00 1.861927e+03 4.717660e+05 9.600000e+02
 5.200000e+02 0.000000e+00 3.740800e+01 9.960000e-01 7.875800e+01
 7.000000e+00 0.000000e+00 3.091144e+03 7.843780e+05 1.280000e+03
 7.200000e+02 0.000000e+00 5.000000e+01 9.950000e-01 6.711700e+01
 7.000000e+00 0.000000e+00 3.085402e+03 7.840780e+05 1.280000e+03
 7.200000e+02 0.000000e+00 4.446900e+01 9.970000e-01 8.176200e+01
 0.000000e+00]
deleted_idx_col 909
query_origi 755
query_idx 806
deleted_scaled [8.33333333e-01 0.00000000e+00 4.01226442e-01 3.98351712e-01
 6.36363636e-01 6.36363636e-01 0.00000000e+00 9.93166092e-02
 2.20930233e-01 7.39067358e-02 8.33333333e-01 0.00000000e+00
 4.21274542e-01 4.18949560e-01 6.36363636e-01 6.36363636e-01
 0.00000000e+00 2.05242115e-01 5.41463415e-01 5.95517978e-02
 8.33333333e-01 0.00000000e+00 3.90025331e-01 3.91959707e-01
 6.36363636e-01 6.36363636e-01 0.00000000e+00 2.89166896e-01
 6.83168317e-01 1.41989554e-01 8.33333333e-01 0.00000000e+00
 3.72020430e-01 3.71274783e-01 6.36363636e-01 6.36363636e-01
 0.00000000e+00 1.78384431e-01 5.10538642e-01 6.77141195e-04]
deleted_not_scaled [1.000000e+01 0.000000e+00 8.220753e+03 2.083961e+06 2.560000e+03
 1.440000e+03 0.000000e+00 1.825600e+01 6.650000e-01 7.132000e+00
 1.000000e+01 0.000000e+00 8.617796e+03 2.187843e+06 2.560000e+03
 1.440000e+03 0.000000e+00 2.055000e+01 8.090000e-01 5.522000e+00
 1.000000e+01 0.000000e+00 7.694906e+03 1.956430e+06 2.560000e+03
 1.440000e+03 0.000000e+00 2.414700e+01 8.670000e-01 1.285900e+01
 1.000000e+01 0.000000e+00 7.642304e+03 1.946877e+06 2.560000e+03
 1.440000e+03 0.000000e+00 1.952800e+01 7.880000e-01 6.400000e-02
 2.500000e+02]
deleted_idx_col 806
query_origi 601
query_idx 460
deleted_scaled [2.50000000e-01 0.00000000e+00 3.24233164e-02 3.24075586e-02
 5.45454545e-02 5.45454545e-02 0.00000000e+00 1.76267701e-01
 6.16279070e-01 4.41378238e-01 2.50000000e-01 0.00000000e+00
 2.35110072e-02 2.36296865e-02 5.45454545e-02 5.45454545e-02
 0.00000000e+00 1.46986525e-01 6.58536585e-01 3.30295710e-01
 3.33333333e-01 0.00000000e+00 4.72354473e-02 4.71471896e-02
 9.09090909e-02 9.09090909e-02 0.00000000e+00 3.57437448e-04
 4.05940594e-01 5.70608306e-01 3.33333333e-01 0.00000000e+00
 4.73612722e-02 4.69474727e-02 9.09090909e-02 9.09090909e-02
 0.00000000e+00 1.97027935e-02 4.40281030e-01 6.37009998e-01]
deleted_not_scaled [3.000000e+00 0.000000e+00 9.652880e+02 2.463900e+05 5.120000e+02
 2.880000e+02 0.000000e+00 2.184800e+01 8.350000e-01 4.259300e+01
 3.000000e+00 0.000000e+00 7.944050e+02 2.030700e+05 5.120000e+02
 2.880000e+02 0.000000e+00 1.858300e+01 8.570000e-01 3.062700e+01
 4.000000e+00 0.000000e+00 1.214261e+03 3.073600e+05 6.400000e+02
 3.600000e+02 0.000000e+00 1.364300e+01 7.550000e-01 5.167600e+01
 4.000000e+00 0.000000e+00 1.253278e+03 3.177060e+05 6.400000e+02
 3.600000e+02 0.000000e+00 1.428500e+01 7.580000e-01 6.020700e+01
 2.320000e+02]
deleted_idx_col 460
query_origi 365
query_idx 93
deleted_scaled [1.         0.41938379 0.82745319 0.82662365 1.         1.
 1.         0.18526532 0.52093023 0.00430052 1.         0.33952178
 0.88121472 0.88166175 1.         1.         1.         0.51811047
 0.81219512 0.24546513 1.         0.22482621 0.83811772 0.84739317
 1.         1.         1.         0.23700852 0.65346535 0.06640681
 1.         0.         0.84026768 0.83355991 1.         1.
 1.         0.16994038 0.58548009 0.        ]
deleted_not_scaled [1.20000000e+01 1.97047081e+00 1.66059130e+04 4.23450800e+06
 3.84000000e+03 2.16000000e+03 1.00000000e+00 2.22680000e+01
 7.94000000e-01 4.15000000e-01 1.20000000e+01 1.11415715e+00
 1.76641050e+04 4.51097100e+06 3.84000000e+03 2.16000000e+03
 1.00000000e+00 3.11140000e+01 9.20000000e-01 2.27610000e+01
 1.20000000e+01 1.10528137e+00 1.61663570e+04 4.13454600e+06
 3.84000000e+03 2.16000000e+03 1.00000000e+00 2.22500000e+01
 8.55000000e-01 6.01400000e+00 1.20000000e+01 0.00000000e+00
 1.68570260e+04 4.26904200e+06 3.84000000e+03 2.16000000e+03
 1.00000000e+00 1.92490000e+01 8.20000000e-01 0.00000000e+00
 5.80000000e+01]
deleted_idx_col 93
query_origi 936
query_idx 414
deleted_scaled [0.5        0.         0.10754479 0.10722616 0.27272727 0.27272727
 0.         0.03376251 0.20232558 0.45210363 0.5        0.
 0.10714145 0.10707423 0.27272727 0.27272727 0.         0.06435658
 0.16341463 0.43884132 0.5        0.11847631 0.11174266 0.11290301
 0.27272727 0.27272727 0.         0.66750069 0.8539604  0.92510186
 0.41666667 0.         0.07765522 0.07790743 0.18181818 0.17171717
 0.         0.10483944 0.16159251 0.08597577]
deleted_not_scaled [6.00000000e+00 0.00000000e+00 2.44315300e+03 6.22088000e+05
 1.28000000e+03 7.20000000e+02 0.00000000e+00 1.51960000e+01
 6.57000000e-01 4.36280000e+01 6.00000000e+00 0.00000000e+00
 2.43928600e+03 6.22018000e+05 1.28000000e+03 7.20000000e+02
 0.00000000e+00 1.57930000e+01 6.54000000e-01 4.06920000e+01
 6.00000000e+00 5.82448354e-01 2.43380800e+03 6.21838000e+05
 1.28000000e+03 7.20000000e+02 0.00000000e+00 3.79070000e+01
 9.36000000e-01 8.37800000e+01 5.00000000e+00 0.00000000e+00
 1.84943800e+03 4.73225000e+05 9.60000000e+02 5.20000000e+02
 0.00000000e+00 1.70980000e+01 6.39000000e-01 8.12600000e+00
 1.40000000e+02]
deleted_idx_col 414
query_origi 535
query_idx 956
deleted_scaled [0.91666667 0.         0.55408038 0.55491161 1.         1.
 0.         0.56423659 0.89767442 0.92324352 1.         0.
 0.79254346 0.78581789 1.         1.         1.         0.11091367
 0.55853659 0.06331557 0.91666667 0.         0.63165619 0.63289188
 1.         1.         0.         0.12719274 0.17821782 0.07808929
 0.91666667 0.         0.5727449  0.56958201 1.         1.
 0.         0.2093157  0.55503513 0.05887954]
deleted_not_scaled [1.1000000e+01 0.0000000e+00 1.1227849e+04 2.8701190e+06 3.8400000e+03
 2.1600000e+03 0.0000000e+00 3.9958000e+01 9.5600000e-01 8.9093000e+01
 1.2000000e+01 0.0000000e+00 1.5920079e+04 4.0297700e+06 3.8400000e+03
 2.1600000e+03 1.0000000e+00 1.7365000e+01 8.1600000e-01 5.8710000e+00
 1.1000000e+01 0.0000000e+00 1.2263080e+04 3.1086910e+06 3.8400000e+03
 2.1600000e+03 0.0000000e+00 1.8256000e+01 6.6300000e-01 7.0720000e+00
 1.1000000e+01 0.0000000e+00 1.1592397e+04 2.9430200e+06 3.8400000e+03
 2.1600000e+03 0.0000000e+00 2.0550000e+01 8.0700000e-01 5.5650000e+00
 2.4800000e+02]
deleted_idx_col 956
query_origi 605
query_idx 305
deleted_scaled [0.41666667 0.         0.06890854 0.06893524 0.18181818 0.17171717
 0.         0.2447139  0.80232558 0.26504663 0.58333333 0.
 0.12919037 0.12952937 0.27272727 0.27272727 0.         0.65763364
 0.79512195 0.69353795 0.5        0.         0.1128818  0.11289841
 0.27272727 0.27272727 0.         0.13959307 0.41584158 0.26812274
 0.58333333 0.         0.14087477 0.13989462 0.27272727 0.27272727
 0.         0.88983384 0.94847775 0.81813469]
deleted_not_scaled [5.000000e+00 0.000000e+00 1.683062e+03 4.298120e+05 9.600000e+02
 5.200000e+02 0.000000e+00 2.504300e+01 9.150000e-01 2.557700e+01
 7.000000e+00 0.000000e+00 2.872954e+03 7.347580e+05 1.280000e+03
 7.200000e+02 0.000000e+00 3.582500e+01 9.130000e-01 6.430900e+01
 6.000000e+00 0.000000e+00 2.455344e+03 6.218160e+05 1.280000e+03
 7.200000e+02 0.000000e+00 1.870700e+01 7.590000e-01 2.428200e+01
 7.000000e+00 0.000000e+00 3.093547e+03 7.846010e+05 1.280000e+03
 7.200000e+02 0.000000e+00 4.303500e+01 9.750000e-01 7.732600e+01
 1.870000e+02]
deleted_idx_col 305
query_origi 625
query_idx 158
deleted_scaled [0.         0.04357984 0.00136548 0.00119925 0.         0.
 0.         0.16050044 0.6        0.         0.         0.04205748
 0.00206219 0.00199296 0.         0.         0.         0.17740264
 0.44390244 0.         0.         0.6808652  0.00208832 0.00202864
 0.         0.         0.         0.4737421  0.76485149 0.
 0.         0.         0.00266713 0.00261664 0.         0.
 0.         0.53255047 0.75175644 0.        ]
deleted_not_scaled [0.00000000e+00 2.04759462e-01 3.54287000e+02 8.96790000e+04
 3.20000000e+02 1.80000000e+02 0.00000000e+00 2.11120000e+01
 8.28000000e-01 0.00000000e+00 0.00000000e+00 1.38013655e-01
 3.72540000e+02 9.44390000e+04 3.20000000e+02 1.80000000e+02
 0.00000000e+00 1.96100000e+01 7.69000000e-01 0.00000000e+00
 0.00000000e+00 3.34724145e+00 3.60728000e+02 9.15800000e+04
 3.20000000e+02 1.80000000e+02 0.00000000e+00 3.08600000e+01
 9.00000000e-01 0.00000000e+00 0.00000000e+00 0.00000000e+00
 3.73734000e+02 9.50220000e+04 3.20000000e+02 1.80000000e+02
 0.00000000e+00 3.12300000e+01 8.91000000e-01 0.00000000e+00
 3.80000000e+01]
deleted_idx_col 158
query_origi 617
query_idx 243
deleted_scaled [0.33333333 0.7960277  0.04295282 0.04261616 0.09090909 0.09090909
 0.         0.42498768 0.9        0.54307772 0.16666667 0.09765861
 0.01799329 0.01791631 0.05454545 0.05454545 0.         0.25908485
 0.41463415 0.21820201 0.         0.14553603 0.00236554 0.00236424
 0.         0.         0.         0.21391257 0.37623762 0.
 0.         0.         0.00236199 0.0023676  0.         0.
 0.         0.38721588 0.55503513 0.        ]
deleted_not_scaled [4.00000000e+00 3.74012868e+00 1.17243500e+03 2.97652000e+05
 6.40000000e+02 3.60000000e+02 0.00000000e+00 3.34580000e+01
 9.57000000e-01 5.24070000e+01 2.00000000e+00 3.20471454e-01
 6.85880000e+02 1.74385000e+05 5.12000000e+02 2.88000000e+02
 0.00000000e+00 2.23680000e+01 7.57000000e-01 2.02330000e+01
 0.00000000e+00 7.15478239e-01 3.65969000e+02 9.31850000e+04
 3.20000000e+02 1.80000000e+02 0.00000000e+00 2.14100000e+01
 7.43000000e-01 0.00000000e+00 0.00000000e+00 0.00000000e+00
 3.67729000e+02 9.37710000e+04 3.20000000e+02 1.80000000e+02
 0.00000000e+00 2.64280000e+01 8.07000000e-01 0.00000000e+00
 2.81000000e+02]
deleted_idx_col 243
query_origi 175
query_idx 431
deleted_scaled [0.         0.20467218 0.00194764 0.0018403  0.         0.
 0.         0.40174382 0.97674419 0.         0.         0.10839662
 0.00385124 0.00384072 0.         0.         0.         0.57390789
 0.8804878  0.011658   0.         0.10194467 0.         0.
 0.         0.         0.         0.39125653 0.72029703 0.
 0.         0.         0.0021442  0.00216813 0.         0.
 0.         0.41545353 0.73302108 0.        ]
deleted_not_scaled [0.00000000e+00 9.61650299e-01 3.65740000e+02 9.28980000e+04
 3.20000000e+02 1.80000000e+02 0.00000000e+00 3.23730000e+01
 9.90000000e-01 0.00000000e+00 0.00000000e+00 3.55708763e-01
 4.07728000e+02 1.03716000e+05 3.20000000e+02 1.80000000e+02
 0.00000000e+00 3.29980000e+01 9.48000000e-01 1.08100000e+00
 0.00000000e+00 5.01176199e-01 3.21247000e+02 8.18780000e+04
 3.20000000e+02 1.80000000e+02 0.00000000e+00 2.78600000e+01
 8.82000000e-01 0.00000000e+00 0.00000000e+00 0.00000000e+00
 3.63443000e+02 9.27690000e+04 3.20000000e+02 1.80000000e+02
 0.00000000e+00 2.73610000e+01 8.83000000e-01 0.00000000e+00
 3.30000000e+01]
deleted_idx_col 431
query_origi 256
query_idx 446
deleted_scaled [1.         0.05228403 0.77909036 0.7748002  1.         1.
 1.         0.06409735 0.31627907 0.03689119 1.         0.01893309
 0.86302813 0.85958943 1.         1.         1.         0.12672886
 0.44390244 0.02388758 1.         0.02964444 0.82830856 0.83371688
 1.         1.         1.         0.41091559 0.80940594 0.38261763
 1.         0.         0.82742965 0.82660742 1.         1.
 1.         0.15910535 0.54332553 0.06210654]
deleted_not_scaled [1.20000000e+01 2.45656023e-01 1.56544710e+04 3.97427900e+06
 3.84000000e+03 2.16000000e+03 1.00000000e+00 1.66120000e+01
 7.06000000e-01 3.56000000e+00 1.20000000e+01 6.21298657e-02
 1.73064030e+04 4.40015300e+06 3.84000000e+03 2.16000000e+03
 1.00000000e+00 1.78990000e+01 7.69000000e-01 2.21500000e+00
 1.20000000e+01 1.45736772e-01 1.59809090e+04 4.06913900e+06
 3.84000000e+03 2.16000000e+03 1.00000000e+00 2.85750000e+01
 9.18000000e-01 3.46510000e+01 1.20000000e+01 0.00000000e+00
 1.66043840e+04 4.23411800e+06 3.84000000e+03 2.16000000e+03
 1.00000000e+00 1.88910000e+01 8.02000000e-01 5.87000000e+00
 2.50000000e+01]
deleted_idx_col 446
query_origi 694
query_idx 912
deleted_scaled [8.33333333e-02 8.80775096e-02 9.11004792e-03 8.87950338e-03
 1.81818182e-02 1.81818182e-02 0.00000000e+00 8.55416783e-02
 5.00000000e-01 4.14507772e-05 8.33333333e-02 7.19024832e-01
 8.83160729e-03 8.71555942e-03 1.81818182e-02 1.81818182e-02
 0.00000000e+00 2.00296165e-01 7.14634146e-01 0.00000000e+00
 8.33333333e-02 0.00000000e+00 1.11735735e-02 1.11464435e-02
 1.81818182e-02 1.81818182e-02 0.00000000e+00 6.61259280e-02
 4.13366337e-01 6.62522222e-05 0.00000000e+00 0.00000000e+00
 1.25472708e-03 1.20977912e-03 0.00000000e+00 0.00000000e+00
 0.00000000e+00 5.84879392e-01 7.98594848e-01 4.06284717e-03]
deleted_not_scaled [1.00000000e+00 4.13831353e-01 5.06646000e+02 1.28245000e+05
 3.84000000e+02 2.16000000e+02 0.00000000e+00 1.76130000e+01
 7.85000000e-01 4.00000000e-03 1.00000000e+00 2.35951479e+00
 5.05684000e+02 1.28191000e+05 3.84000000e+02 2.16000000e+02
 0.00000000e+00 2.03830000e+01 8.80000000e-01 0.00000000e+00
 1.00000000e+00 0.00000000e+00 5.32490000e+02 1.35186000e+05
 3.84000000e+02 2.16000000e+02 0.00000000e+00 1.60350000e+01
 7.58000000e-01 6.00000000e-03 0.00000000e+00 0.00000000e+00
 3.45939000e+02 8.79550000e+04 3.20000000e+02 1.80000000e+02
 0.00000000e+00 3.29590000e+01 9.11000000e-01 3.84000000e-01
 1.51000000e+02]
deleted_idx_col 912
query_origi 507
query_idx 23
deleted_scaled [0.41666667 0.04043739 0.0728355  0.072908   0.18181818 0.17171717
 0.         0.25626085 0.48604651 0.28976166 0.25       0.94242099
 0.03105126 0.03122747 0.05454545 0.05454545 0.         0.23755368
 0.4097561  0.29499817 0.16666667 0.         0.01689278 0.01681919
 0.05454545 0.05454545 0.         0.07195491 0.32673267 0.29760498
 0.08333333 0.         0.00941818 0.00929063 0.01818182 0.01818182
 0.         0.32483884 0.50117096 0.02713855]
deleted_not_scaled [5.00000000e+00 1.89994716e-01 1.76031700e+03 4.49761000e+05
 9.60000000e+02 5.20000000e+02 0.00000000e+00 2.55820000e+01
 7.79000000e-01 2.79620000e+01 3.00000000e+00 3.09260008e+00
 9.42710000e+02 2.41216000e+05 5.12000000e+02 2.88000000e+02
 0.00000000e+00 2.16410000e+01 7.55000000e-01 2.73540000e+01
 2.00000000e+00 0.00000000e+00 6.40615000e+02 1.62316000e+05
 5.12000000e+02 2.88000000e+02 0.00000000e+00 1.62470000e+01
 7.23000000e-01 2.69520000e+01 1.00000000e+00 0.00000000e+00
 5.06589000e+02 1.28547000e+05 3.84000000e+02 2.16000000e+02
 0.00000000e+00 2.43670000e+01 7.84000000e-01 2.56500000e+00
 1.27000000e+02]
deleted_idx_col 23
query_origi 475
query_idx 931
deleted_scaled [0.00000000e+00 0.00000000e+00 6.97809074e-04 6.39058185e-04
 0.00000000e+00 0.00000000e+00 0.00000000e+00 2.98999550e-01
 6.90697674e-01 0.00000000e+00 0.00000000e+00 0.00000000e+00
 1.59407603e-03 1.63663220e-03 0.00000000e+00 0.00000000e+00
 0.00000000e+00 1.59129276e-01 5.58536585e-01 0.00000000e+00
 0.00000000e+00 0.00000000e+00 2.25568205e-03 2.31071035e-03
 0.00000000e+00 0.00000000e+00 0.00000000e+00 7.03051966e-02
 4.92574257e-01 0.00000000e+00 0.00000000e+00 0.00000000e+00
 2.24242067e-03 2.30270119e-03 0.00000000e+00 0.00000000e+00
 0.00000000e+00 6.34121243e-01 9.13348946e-01 1.04882823e-01]
deleted_not_scaled [0.00000e+00 0.00000e+00 3.41152e+02 8.68660e+04 3.20000e+02 1.80000e+02
 0.00000e+00 2.75770e+01 8.67000e-01 0.00000e+00 0.00000e+00 0.00000e+00
 3.63333e+02 9.26500e+04 3.20000e+02 1.80000e+02 0.00000e+00 1.89930e+01
 8.16000e-01 0.00000e+00 0.00000e+00 0.00000e+00 3.63892e+02 9.29290e+04
 3.20000e+02 1.80000e+02 0.00000e+00 1.61870e+01 7.90000e-01 0.00000e+00
 0.00000e+00 0.00000e+00 3.65376e+02 9.34450e+04 3.20000e+02 1.80000e+02
 0.00000e+00 3.45860e+01 9.60000e-01 9.91300e+00 2.70000e+01]
deleted_idx_col 931
query_origi 726
query_idx 846
deleted_scaled [0.         0.         0.00199858 0.00191837 0.         0.
 0.         0.12723066 0.23023256 0.         0.         0.
 0.00175926 0.00178343 0.         0.         0.         0.21658522
 0.27073171 0.00084119 0.41666667 0.         0.08360887 0.08433852
 0.18181818 0.17171717 0.         0.03816332 0.20049505 0.43175469
 0.         0.         0.00108399 0.00112497 0.         0.
 0.         0.14633334 0.48009368 0.00068772]
deleted_not_scaled [0.000000e+00 0.000000e+00 3.667420e+02 9.329000e+04 3.200000e+02
 1.800000e+02 0.000000e+00 1.955900e+01 6.690000e-01 0.000000e+00
 0.000000e+00 0.000000e+00 3.665820e+02 9.338700e+04 3.200000e+02
 1.800000e+02 0.000000e+00 2.093300e+01 6.980000e-01 7.800000e-02
 5.000000e+00 0.000000e+00 1.901922e+03 4.852280e+05 9.600000e+02
 5.200000e+02 0.000000e+00 1.501800e+01 6.720000e-01 3.910100e+01
 0.000000e+00 0.000000e+00 3.425790e+02 8.752900e+04 3.200000e+02
 1.800000e+02 0.000000e+00 1.846900e+01 7.750000e-01 6.500000e-02
 2.370000e+02]
deleted_idx_col 846
query_origi 877
query_idx 167
deleted_scaled [0.41666667 0.06337857 0.07725928 0.0773822  0.18181818 0.17171717
 0.         0.21819233 0.73255814 0.18036269 0.41666667 0.90235882
 0.07788922 0.07715634 0.18181818 0.17171717 0.         0.24045609
 0.68292683 0.17633673 0.33333333 0.         0.04324652 0.04324506
 0.09090909 0.09090909 0.         0.2537256  0.68564356 0.16940693
 0.25       0.         0.02783083 0.02761629 0.05454545 0.05454545
 0.         0.59698556 0.90163934 0.48559488]
deleted_not_scaled [5.00000000e+00 2.97783617e-01 1.84734600e+03 4.72228000e+05
 9.60000000e+02 5.20000000e+02 0.00000000e+00 2.38050000e+01
 8.85000000e-01 1.74050000e+01 5.00000000e+00 2.96113414e+00
 1.86394000e+03 4.71810000e+05 9.60000000e+02 5.20000000e+02
 0.00000000e+00 2.17390000e+01 8.67000000e-01 1.63510000e+01
 4.00000000e+00 0.00000000e+00 1.13884800e+03 2.88698000e+05
 6.40000000e+02 3.60000000e+02 0.00000000e+00 2.28580000e+01
 8.68000000e-01 1.53420000e+01 3.00000000e+00 0.00000000e+00
 8.68935000e+02 2.20601000e+05 5.12000000e+02 2.88000000e+02
 0.00000000e+00 3.33590000e+01 9.55000000e-01 4.58960000e+01
 2.78000000e+02]
deleted_idx_col 167
query_origi 96
query_idx 475
deleted_scaled [1.         0.         0.8252157  0.82026553 1.         1.
 1.         0.08642002 0.61162791 0.00251813 0.91666667 0.
 0.57492917 0.57234683 1.         1.         0.         0.04880794
 0.4902439  0.04743006 1.         0.         0.89627142 0.90167364
 1.         1.         1.         0.0719824  0.39108911 0.05291344
 1.         0.         0.75020849 0.74908839 1.         1.
 1.         0.2899428  0.35362998 0.15048405]
deleted_not_scaled [1.2000000e+01 0.0000000e+00 1.6561895e+04 4.2025810e+06 3.8400000e+03
 2.1600000e+03 1.0000000e+00 1.7654000e+01 8.3300000e-01 2.4300000e-01
 1.1000000e+01 0.0000000e+00 1.1639944e+04 2.9580010e+06 3.8400000e+03
 2.1600000e+03 0.0000000e+00 1.5268000e+01 7.8800000e-01 4.3980000e+00
 1.2000000e+01 0.0000000e+00 1.7265787e+04 4.3941430e+06 3.8400000e+03
 2.1600000e+03 1.0000000e+00 1.6248000e+01 7.4900000e-01 4.7920000e+00
 1.2000000e+01 0.0000000e+00 1.5084735e+04 3.8447220e+06 3.8400000e+03
 2.1600000e+03 1.0000000e+00 2.3214000e+01 7.2100000e-01 1.4223000e+01
 2.2800000e+02]
deleted_idx_col 475
query_origi 57
query_idx 538
deleted_scaled [1.         0.         0.72983448 0.72617442 1.         1.
 1.         0.04406693 0.15348837 0.08377202 1.         0.
 0.80238597 0.79958974 1.         1.         1.         0.15400563
 0.07560976 0.09303755 0.91666667 0.         0.59234787 0.59651183
 1.         1.         0.         0.1737421  0.12376238 0.09514923
 1.         0.         0.83887743 0.83846254 1.         1.
 1.         0.040707   0.18969555 0.12046765]
deleted_not_scaled [1.2000000e+01 0.0000000e+00 1.4685460e+04 3.7301070e+06 3.8400000e+03
 2.1600000e+03 1.0000000e+00 1.5677000e+01 6.3600000e-01 8.0840000e+00
 1.2000000e+01 0.0000000e+00 1.6113666e+04 4.0989140e+06 3.8400000e+03
 2.1600000e+03 1.0000000e+00 1.8820000e+01 6.1800000e-01 8.6270000e+00
 1.1000000e+01 0.0000000e+00 1.1519933e+04 2.9347030e+06 3.8400000e+03
 2.1600000e+03 0.0000000e+00 1.9949000e+01 6.4100000e-01 8.6170000e+00
 1.2000000e+01 0.0000000e+00 1.6829667e+04 4.2936690e+06 3.8400000e+03
 2.1600000e+03 1.0000000e+00 1.4979000e+01 6.5100000e-01 1.1386000e+01
 2.3600000e+02]
deleted_idx_col 538
query_origi 844
query_idx 322
deleted_scaled [0.91666667 0.         0.60343919 0.60252174 1.         1.
 0.         0.18070224 0.57674419 0.03459067 0.91666667 0.
 0.5329311  0.53295951 1.         1.         0.         0.90199911
 0.93658537 0.86317753 0.91666667 0.         0.62654479 0.63317562
 1.         1.         0.         0.27902117 0.71287129 0.00510142
 0.91666667 0.         0.53756534 0.53296534 1.         1.
 0.         0.24493811 0.68618267 0.        ]
deleted_not_scaled [1.1000000e+01 0.0000000e+00 1.2198885e+04 3.1091910e+06 3.8400000e+03
 2.1600000e+03 0.0000000e+00 2.2055000e+01 8.1800000e-01 3.3380000e+00
 1.1000000e+01 0.0000000e+00 1.0813907e+04 2.7602500e+06 3.8400000e+03
 2.1600000e+03 0.0000000e+00 4.4076000e+01 9.7100000e-01 8.0039000e+01
 1.1000000e+01 0.0000000e+00 1.2166446e+04 3.1100480e+06 3.8400000e+03
 2.1600000e+03 0.0000000e+00 2.3778000e+01 8.7900000e-01 4.6200000e-01
 1.1000000e+01 0.0000000e+00 1.0900092e+04 2.7590860e+06 3.8400000e+03
 2.1600000e+03 0.0000000e+00 2.1727000e+01 8.6300000e-01 0.0000000e+00
 2.7600000e+02]
deleted_idx_col 322
query_origi 76
query_idx 552
deleted_scaled [0.08333333 0.         0.00895872 0.00884226 0.01818182 0.01818182
 0.         0.04344566 0.27906977 0.1339171  0.08333333 0.
 0.0086655  0.00866318 0.01818182 0.01818182 0.         0.04865985
 0.2        0.08227466 0.         0.         0.00243251 0.00246042
 0.         0.         0.         0.05815232 0.19306931 0.06403277
 0.08333333 0.         0.00914779 0.00919647 0.01818182 0.01818182
 0.         0.55043734 0.75644028 0.09852404]
deleted_not_scaled [1.00000e+00 0.00000e+00 5.03669e+02 1.28058e+05 3.84000e+02 2.16000e+02
 0.00000e+00 1.56480e+01 6.90000e-01 1.29230e+01 1.00000e+00 0.00000e+00
 5.02417e+02 1.27928e+05 3.84000e+02 2.16000e+02 0.00000e+00 1.52630e+01
 6.69000e-01 7.62900e+00 0.00000e+00 0.00000e+00 3.67235e+02 9.36450e+04
 3.20000e+02 1.80000e+02 0.00000e+00 1.57450e+01 6.69000e-01 5.79900e+00
 1.00000e+00 0.00000e+00 5.01268e+02 1.28074e+05 3.84000e+02 2.16000e+02
 0.00000e+00 3.18210e+01 8.93000e-01 9.31200e+00 1.39000e+02]
deleted_idx_col 552
query_origi 498
query_idx 90
deleted_scaled [0.91666667 0.21971778 0.57025209 0.56765832 1.         1.
 0.         1.         1.         1.         0.91666667 0.07854106
 0.57076489 0.5690644  1.         1.         0.         1.
 0.56829268 0.39120635 0.83333333 0.         0.44177928 0.44510939
 0.63636364 0.63636364 0.         0.14118779 0.37623762 0.05761735
 0.83333333 0.         0.35907899 0.35909438 0.63636364 0.63636364
 0.         0.03973851 0.44496487 0.16303232]
deleted_not_scaled [1.10000000e+01 1.03234195e+00 1.15459950e+04 2.93412600e+06
 3.84000000e+03 2.16000000e+03 0.00000000e+00 6.02990000e+01
 1.00000000e+00 9.65000000e+01 1.10000000e+01 2.57736305e-01
 1.15580390e+04 2.94152100e+06 3.84000000e+03 2.16000000e+03
 0.00000000e+00 4.73850000e+01 8.20000000e-01 3.62750000e+01
 1.00000000e+01 0.00000000e+00 8.67334500e+03 2.21061900e+06
 2.56000000e+03 1.44000000e+03 0.00000000e+00 1.87650000e+01
 7.43000000e-01 5.21800000e+00 1.00000000e+01 0.00000000e+00
 7.38762700e+03 1.88569200e+06 2.56000000e+03 1.44000000e+03
 0.00000000e+00 1.49470000e+01 7.60000000e-01 1.54090000e+01
 3.00000000e+00]
deleted_idx_col 90
query_origi 730
query_idx 277
deleted_scaled [0.33333333 0.29914429 0.04239317 0.04240646 0.09090909 0.09090909
 0.         0.1895499  0.60697674 0.35881865 0.33333333 0.110752
 0.04222708 0.04240106 0.09090909 0.09090909 0.         0.72889086
 0.85853659 0.75216228 0.25       0.         0.03129656 0.03122229
 0.05454545 0.05454545 0.         0.40489414 0.54455446 0.42538343
 0.25       0.         0.02629698 0.02604897 0.05454545 0.05454545
 0.         0.27154142 0.20843091 0.2550812 ]
deleted_not_scaled [4.00000000e+00 1.40552662e+00 1.16142500e+03 2.96599000e+05
 6.40000000e+02 3.60000000e+02 0.00000000e+00 2.24680000e+01
 8.31000000e-01 3.46260000e+01 4.00000000e+00 3.63438035e-01
 1.16252100e+03 2.97315000e+05 6.40000000e+02 3.60000000e+02
 0.00000000e+00 3.82310000e+01 9.39000000e-01 6.97450000e+01
 3.00000000e+00 0.00000000e+00 9.12927000e+02 2.31199000e+05
 5.12000000e+02 2.88000000e+02 0.00000000e+00 2.83560000e+01
 8.11000000e-01 3.85240000e+01 3.00000000e+00 0.00000000e+00
 8.38750000e+02 2.12728000e+05 5.12000000e+02 2.88000000e+02
 0.00000000e+00 2.26060000e+01 6.59000000e-01 2.41090000e+01
 8.90000000e+01]
deleted_idx_col 277
query_origi 670
query_idx 372
deleted_scaled [0.5        0.         0.11588114 0.11534751 0.27272727 0.27272727
 0.         0.11013518 0.59069767 0.16492228 0.58333333 0.
 0.12974964 0.12944353 0.27272727 0.27272727 0.         0.17932771
 0.54390244 0.02139637 0.58333333 0.         0.14730114 0.14849267
 0.27272727 0.27272727 0.         0.72073137 0.91336634 0.71158199
 0.58333333 0.         0.13726786 0.13736378 0.27272727 0.27272727
 0.         0.34593384 0.80327869 0.07140666]
deleted_not_scaled [6.000000e+00 0.000000e+00 2.607154e+03 6.628690e+05 1.280000e+03
 7.200000e+02 0.000000e+00 1.876100e+01 8.240000e-01 1.591500e+01
 7.000000e+00 0.000000e+00 2.883954e+03 7.343270e+05 1.280000e+03
 7.200000e+02 0.000000e+00 1.967500e+01 8.100000e-01 1.984000e+00
 7.000000e+00 0.000000e+00 3.106062e+03 7.920460e+05 1.280000e+03
 7.200000e+02 0.000000e+00 3.984300e+01 9.600000e-01 6.444300e+01
 7.000000e+00 0.000000e+00 3.022566e+03 7.718880e+05 1.280000e+03
 7.200000e+02 0.000000e+00 2.506400e+01 9.130000e-01 6.749000e+00
 1.840000e+02]
deleted_idx_col 372
query_origi 873
query_idx 892
deleted_scaled [0.5        0.30478528 0.11797091 0.11815427 0.27272727 0.27272727
 0.         0.2326528  0.41627907 0.23030052 0.5        0.4351572
 0.09872188 0.09781432 0.27272727 0.27272727 0.         0.09272916
 0.13902439 0.12614585 0.41666667 0.         0.09060193 0.09070003
 0.18181818 0.17171717 0.         0.03857575 0.         0.27184391
 0.33333333 0.         0.03658674 0.03632483 0.09090909 0.09090909
 0.         0.09215823 0.37470726 0.23914723]
deleted_not_scaled [6.00000000e+00 1.43203080e+00 2.64826600e+03 6.76963000e+05
 1.28000000e+03 7.20000000e+02 0.00000000e+00 2.44800000e+01
 7.49000000e-01 2.22240000e+01 6.00000000e+00 1.42798942e+00
 2.27368600e+03 5.75527000e+05 1.28000000e+03 7.20000000e+02
 0.00000000e+00 1.67510000e+01 6.44000000e-01 1.16970000e+01
 5.00000000e+00 0.00000000e+00 2.03413000e+03 5.15652000e+05
 9.60000000e+02 5.20000000e+02 0.00000000e+00 1.50330000e+01
 5.91000000e-01 2.46190000e+01 4.00000000e+00 0.00000000e+00
 1.04124400e+03 2.64346000e+05 6.40000000e+02 3.60000000e+02
 0.00000000e+00 1.66790000e+01 7.30000000e-01 2.26030000e+01
 2.20000000e+01]
deleted_idx_col 892
query_origi 271
query_idx 204
deleted_scaled [0.00000000e+00 0.00000000e+00 1.83556115e-03 1.79211113e-03
 0.00000000e+00 0.00000000e+00 0.00000000e+00 1.49274835e-01
 5.00000000e-01 1.65803109e-04 0.00000000e+00 5.95621835e-01
 1.60216005e-03 1.67188642e-03 0.00000000e+00 0.00000000e+00
 0.00000000e+00 2.62698060e-01 5.92682927e-01 0.00000000e+00
 3.33333333e-01 0.00000000e+00 4.44986906e-02 4.50468289e-02
 9.09090909e-02 9.09090909e-02 0.00000000e+00 6.76409128e-01
 8.61386139e-01 7.70126873e-01 0.00000000e+00 0.00000000e+00
 3.05094013e-03 2.92301907e-03 0.00000000e+00 0.00000000e+00
 0.00000000e+00 4.16724675e-01 5.24590164e-01 6.66560863e-03]
deleted_not_scaled [0.00000000e+00 0.00000000e+00 3.63535000e+02 9.26560000e+04
 3.20000000e+02 1.80000000e+02 0.00000000e+00 2.05880000e+01
 7.85000000e-01 1.60000000e-02 0.00000000e+00 1.95456188e+00
 3.63492000e+02 9.28270000e+04 3.20000000e+02 1.80000000e+02
 0.00000000e+00 2.24900000e+01 8.30000000e-01 0.00000000e+00
 4.00000000e+00 0.00000000e+00 1.16252100e+03 2.97315000e+05
 6.40000000e+02 3.60000000e+02 0.00000000e+00 3.82310000e+01
 9.39000000e-01 6.97450000e+01 0.00000000e+00 0.00000000e+00
 3.81287000e+02 9.65610000e+04 3.20000000e+02 1.80000000e+02
 0.00000000e+00 2.74030000e+01 7.94000000e-01 6.30000000e-01
 8.80000000e+01]
deleted_idx_col 204
query_origi 749
query_idx 902
deleted_scaled [0.25       1.         0.02684959 0.02649293 0.05454545 0.05454545
 0.         0.20523147 0.69069767 0.16088083 0.41666667 0.01066216
 0.08492897 0.08433645 0.18181818 0.17171717 0.         0.29326225
 0.64634146 0.13069689 0.         0.04051533 0.00115997 0.0011059
 0.         0.         0.         0.36651086 0.7450495  0.
 0.         0.         0.0024936  0.002453   0.         0.
 0.         0.44254109 0.78688525 0.        ]
deleted_not_scaled [3.00000000e+00 4.69849063e+00 8.55636000e+02 2.16690000e+05
 5.12000000e+02 2.88000000e+02 0.00000000e+00 2.32000000e+01
 8.67000000e-01 1.55250000e+01 5.00000000e+00 3.49883843e-02
 2.00240100e+03 5.07859000e+05 9.60000000e+02 5.20000000e+02
 0.00000000e+00 2.35220000e+01 8.52000000e-01 1.21190000e+01
 0.00000000e+00 1.99179802e-01 3.43177000e+02 8.71670000e+04
 3.20000000e+02 1.80000000e+02 0.00000000e+00 2.69600000e+01
 8.92000000e-01 0.00000000e+00 0.00000000e+00 0.00000000e+00
 3.70319000e+02 9.42000000e+04 3.20000000e+02 1.80000000e+02
 0.00000000e+00 2.82560000e+01 9.06000000e-01 0.00000000e+00
 4.60000000e+01]
deleted_idx_col 902
query_origi 268
query_idx 879
deleted_scaled [0.5        0.         0.09958637 0.0990594  0.27272727 0.27272727
 0.         0.19709077 0.73255814 0.13915026 0.5        0.
 0.10763722 0.10732559 0.27272727 0.27272727 0.         0.19529098
 0.6        0.13418027 0.41666667 0.16194583 0.08543838 0.08608238
 0.18181818 0.17171717 0.         0.69991751 0.86138614 0.70288087
 0.41666667 0.         0.07077551 0.07084046 0.18181818 0.17171717
 0.         0.22217851 0.58548009 0.01965826]
deleted_not_scaled [6.00000000e+00 0.00000000e+00 2.28658700e+03 5.81079000e+05
 1.28000000e+03 7.20000000e+02 0.00000000e+00 2.28200000e+01
 8.85000000e-01 1.34280000e+01 6.00000000e+00 0.00000000e+00
 2.44903700e+03 6.23280000e+05 1.28000000e+03 7.20000000e+02
 0.00000000e+00 2.02140000e+01 8.33000000e-01 1.24420000e+01
 5.00000000e+00 7.96151427e-01 1.93651000e+03 4.93568000e+05
 9.60000000e+02 5.20000000e+02 0.00000000e+00 3.90860000e+01
 9.39000000e-01 6.36550000e+01 5.00000000e+00 0.00000000e+00
 1.71405100e+03 4.37726000e+05 9.60000000e+02 5.20000000e+02
 0.00000000e+00 2.09750000e+01 8.20000000e-01 1.85800000e+00
 2.14000000e+02]
deleted_idx_col 879
query_origi 887
query_idx 187
deleted_scaled [0.33333333 0.         0.04253001 0.04257235 0.09090909 0.09090909
 0.         0.06827481 0.55348837 0.23474611 0.33333333 0.
 0.04274877 0.04228136 0.09090909 0.09090909 0.         0.10273952
 0.57073171 0.17382395 0.25       0.94608443 0.02900232 0.02894818
 0.05454545 0.05454545 0.         0.27415452 0.75990099 0.22964124
 0.08333333 0.         0.0095161  0.00938798 0.01818182 0.01818182
 0.         0.12348295 0.64168618 0.        ]
deleted_not_scaled [4.00000000e+00 0.00000000e+00 1.16411700e+03 2.97432000e+05
 6.40000000e+02 3.60000000e+02 0.00000000e+00 1.68070000e+01
 8.08000000e-01 2.26530000e+01 4.00000000e+00 0.00000000e+00
 1.17278200e+03 2.96714000e+05 6.40000000e+02 3.60000000e+02
 0.00000000e+00 1.70890000e+01 8.21000000e-01 1.61180000e+01
 3.00000000e+00 4.65110132e+00 8.69553000e+02 2.20323000e+05
 5.12000000e+02 2.88000000e+02 0.00000000e+00 2.36010000e+01
 8.98000000e-01 2.07970000e+01 1.00000000e+00 0.00000000e+00
 5.08516000e+02 1.29036000e+05 3.84000000e+02 2.16000000e+02
 0.00000000e+00 1.77140000e+01 8.44000000e-01 0.00000000e+00
 2.25000000e+02]
deleted_idx_col 187
query_origi 96
query_idx 47
deleted_scaled [0.33333333 0.04024789 0.0427466  0.04241104 0.09090909 0.09090909
 0.         0.07894342 0.39302326 0.5138342  0.25       0.44519602
 0.02749134 0.02737659 0.05454545 0.05454545 0.         0.05896639
 0.23902439 0.54483101 0.25       0.         0.02908478 0.02925847
 0.05454545 0.05454545 0.         0.04396481 0.18069307 0.44917902
 0.16666667 0.         0.01845641 0.0184459  0.05454545 0.05454545
 0.         0.06431403 0.21545667 0.39063641]
deleted_not_scaled [4.00000000e+00 1.89104331e-01 1.16837800e+03 2.96622000e+05
 6.40000000e+02 3.60000000e+02 0.00000000e+00 1.73050000e+01
 7.39000000e-01 4.95850000e+01 3.00000000e+00 1.46093229e+00
 8.72692000e+02 2.21882000e+05 5.12000000e+02 2.88000000e+02
 0.00000000e+00 1.56110000e+01 6.85000000e-01 5.05200000e+01
 3.00000000e+00 0.00000000e+00 8.71112000e+02 2.21807000e+05
 5.12000000e+02 2.88000000e+02 0.00000000e+00 1.52290000e+01
 6.64000000e-01 4.06790000e+01 2.00000000e+00 0.00000000e+00
 6.84454000e+02 1.74536000e+05 5.12000000e+02 2.88000000e+02
 0.00000000e+00 1.57590000e+01 6.62000000e-01 3.69210000e+01
 1.38000000e+02]
deleted_idx_col 47
query_origi 513
query_idx 18
deleted_scaled [0.16666667 0.         0.01576577 0.01555924 0.05454545 0.05454545
 0.         0.04070353 0.40930233 0.19353368 0.         0.
 0.00168346 0.00166233 0.         0.         0.         0.16164668
 0.47804878 0.         0.08333333 0.87573434 0.01265964 0.0127111
 0.01818182 0.01818182 0.         0.05389057 0.35643564 0.03267339
 0.         0.         0.00097433 0.00097288 0.         0.
 0.         0.14037105 0.54332553 0.        ]
deleted_not_scaled [2.00000000e+00 0.00000000e+00 6.37584000e+02 1.61787000e+05
 5.12000000e+02 2.88000000e+02 0.00000000e+00 1.55200000e+01
 7.46000000e-01 1.86760000e+01 0.00000000e+00 0.00000000e+00
 3.65091000e+02 9.27790000e+04 3.20000000e+02 1.80000000e+02
 0.00000000e+00 1.90780000e+01 7.83000000e-01 0.00000000e+00
 1.00000000e+00 4.30524906e+00 5.60585000e+02 1.42669000e+05
 3.84000000e+02 2.16000000e+02 0.00000000e+00 1.55900000e+01
 7.35000000e-01 2.95900000e+00 0.00000000e+00 0.00000000e+00
 3.40421000e+02 8.67650000e+04 3.20000000e+02 1.80000000e+02
 0.00000000e+00 1.82720000e+01 8.02000000e-01 0.00000000e+00
 1.45000000e+02]
deleted_idx_col 18
query_origi 197
query_idx 706
deleted_scaled [0.25       0.         0.02787505 0.02751037 0.05454545 0.05454545
 0.         0.10797146 0.46046512 0.2227772  0.33333333 0.
 0.04267439 0.04235346 0.09090909 0.09090909 0.         0.79967422
 0.92926829 0.71914026 0.41666667 0.         0.08127459 0.08154731
 0.18181818 0.17171717 0.         0.2400055  0.73762376 0.22380001
 0.5        0.         0.10795912 0.10755448 0.27272727 0.27272727
 0.         0.22590115 0.68618267 0.16539174]
deleted_not_scaled [3.000000e+00 0.000000e+00 8.758100e+02 2.217990e+05 5.120000e+02
 2.880000e+02 0.000000e+00 1.866000e+01 7.680000e-01 2.149800e+01
 4.000000e+00 0.000000e+00 1.171319e+03 2.970760e+05 6.400000e+02
 3.600000e+02 0.000000e+00 4.062100e+01 9.680000e-01 6.668300e+01
 5.000000e+00 0.000000e+00 1.857791e+03 4.718790e+05 9.600000e+02
 5.200000e+02 0.000000e+00 2.235900e+01 8.890000e-01 2.026800e+01
 6.000000e+00 0.000000e+00 2.445794e+03 6.221490e+05 1.280000e+03
 7.200000e+02 0.000000e+00 2.109800e+01 8.630000e-01 1.563200e+01
 1.890000e+02]
deleted_idx_col 706
query_origi 308
query_idx 110
deleted_scaled [0.00000000e+00 3.21115770e-01 1.86814387e-03 1.85185480e-03
 0.00000000e+00 0.00000000e+00 0.00000000e+00 3.00713383e-01
 4.83720930e-01 0.00000000e+00 0.00000000e+00 3.32603276e-01
 3.16252727e-03 3.25255006e-03 0.00000000e+00 0.00000000e+00
 0.00000000e+00 3.16185399e-01 4.00000000e-01 0.00000000e+00
 0.00000000e+00 2.74974258e-01 1.55953874e-03 1.44296554e-03
 0.00000000e+00 0.00000000e+00 0.00000000e+00 9.46109431e-02
 2.30198020e-01 9.64080254e-02 0.00000000e+00 0.00000000e+00
 2.97070305e-03 2.86230118e-03 0.00000000e+00 0.00000000e+00
 0.00000000e+00 4.89089313e-02 1.38173302e-01 3.38570597e-04]
deleted_not_scaled [0.00000000e+00 1.50875944e+00 3.64176000e+02 9.29560000e+04
 3.20000000e+02 1.80000000e+02 0.00000000e+00 2.76570000e+01
 7.78000000e-01 0.00000000e+00 0.00000000e+00 1.09145375e+00
 3.94182000e+02 1.00763000e+05 3.20000000e+02 1.80000000e+02
 0.00000000e+00 2.42960000e+01 7.51000000e-01 0.00000000e+00
 0.00000000e+00 1.35181712e+00 3.50731000e+02 8.87790000e+04
 3.20000000e+02 1.80000000e+02 0.00000000e+00 1.70710000e+01
 6.84000000e-01 8.73100000e+00 0.00000000e+00 0.00000000e+00
 3.79708000e+02 9.62560000e+04 3.20000000e+02 1.80000000e+02
 0.00000000e+00 1.52500000e+01 6.29000000e-01 3.20000000e-02
 2.10000000e+01]
deleted_idx_col 110
query_origi 187
query_idx 28
deleted_scaled [0.33333333 0.         0.04124556 0.04083301 0.09090909 0.09090909
 0.         0.19790484 0.69302326 0.15898446 0.33333333 0.
 0.04273113 0.04246819 0.09090909 0.09090909 0.         0.58753147
 0.90243902 0.56518129 0.33333333 0.75569942 0.04477141 0.04495629
 0.09090909 0.09090909 0.         0.23706351 0.40841584 0.25511522
 0.41666667 0.         0.07786249 0.077654   0.18181818 0.17171717
 0.         0.2255985  0.34660422 0.26042427]
deleted_not_scaled [4.00000000e+00 0.00000000e+00 1.13884800e+03 2.88698000e+05
 6.40000000e+02 3.60000000e+02 0.00000000e+00 2.28580000e+01
 8.68000000e-01 1.53420000e+01 4.00000000e+00 0.00000000e+00
 1.17243500e+03 2.97652000e+05 6.40000000e+02 3.60000000e+02
 0.00000000e+00 3.34580000e+01 9.57000000e-01 5.24070000e+01
 4.00000000e+00 3.71513833e+00 1.16767700e+03 2.96882000e+05
 6.40000000e+02 3.60000000e+02 0.00000000e+00 2.22520000e+01
 7.56000000e-01 2.31040000e+01 5.00000000e+00 0.00000000e+00
 1.85351700e+03 4.71952000e+05 9.60000000e+02 5.20000000e+02
 0.00000000e+00 2.10880000e+01 7.18000000e-01 2.46140000e+01
 2.80000000e+02]
deleted_idx_col 28
query_origi 614
query_idx 730
deleted_scaled [0.5        0.         0.10781958 0.10719549 0.27272727 0.27272727
 0.         0.54420617 0.86046512 0.85033161 0.16666667 0.
 0.01802491 0.01796491 0.05454545 0.05454545 0.         0.17390789
 0.7097561  0.30905032 0.5        0.         0.11212768 0.11290907
 0.27272727 0.27272727 0.         0.20395931 0.69059406 0.25133885
 0.08333333 0.         0.00918143 0.00919269 0.01818182 0.01818182
 0.         0.18940105 0.66744731 0.        ]
deleted_not_scaled [6.000000e+00 0.000000e+00 2.448559e+03 6.219340e+05 1.280000e+03
 7.200000e+02 0.000000e+00 3.902300e+01 9.400000e-01 8.205700e+01
 2.000000e+00 0.000000e+00 6.865020e+02 1.746290e+05 5.120000e+02
 2.880000e+02 0.000000e+00 1.949200e+01 8.780000e-01 2.865700e+01
 6.000000e+00 0.000000e+00 2.441087e+03 6.218670e+05 1.280000e+03
 7.200000e+02 0.000000e+00 2.104800e+01 8.700000e-01 2.276200e+01
 1.000000e+00 0.000000e+00 5.019300e+02 1.280550e+05 3.840000e+02
 2.160000e+02 0.000000e+00 1.989200e+01 8.550000e-01 0.000000e+00
 2.210000e+02]
deleted_idx_col 730
query_origi 24
query_idx 463
deleted_scaled [1.         0.         0.83411185 0.82660971 1.         1.
 1.         0.23646608 0.55813953 0.04356477 0.91666667 0.
 0.57196982 0.56767057 1.         1.         0.         0.26779209
 0.4804878  0.01467765 1.         0.         0.86579768 0.86839803
 1.         1.         1.         0.24844652 0.42574257 0.02938286
 0.91666667 0.         0.57037356 0.5677981  1.         1.
 0.         0.71626161 0.88056206 0.68819764]
deleted_not_scaled [1.2000000e+01 0.0000000e+00 1.6736909e+04 4.2344380e+06 3.8400000e+03
 2.1600000e+03 1.0000000e+00 2.4658000e+01 8.1000000e-01 4.2040000e+00
 1.1000000e+01 0.0000000e+00 1.1581738e+04 2.9345230e+06 3.8400000e+03
 2.1600000e+03 0.0000000e+00 2.2662000e+01 7.8400000e-01 1.3610000e+00
 1.2000000e+01 0.0000000e+00 1.6689663e+04 4.2350020e+06 3.8400000e+03
 2.1600000e+03 1.0000000e+00 2.2666000e+01 7.6300000e-01 2.6610000e+00
 1.1000000e+01 0.0000000e+00 1.1545731e+04 2.9340590e+06 3.8400000e+03
 2.1600000e+03 0.0000000e+00 3.7300000e+01 9.4600000e-01 6.5045000e+01
 8.3000000e+01]
deleted_idx_col 463
