query_origi 8
query_idx 12
deleted_scaled [1.66666667e-01 0.00000000e+00 1.81388678e-02 1.81228457e-02
 5.45454545e-02 5.45454545e-02 0.00000000e+00 5.45834315e-01
 8.81395349e-01 5.06466321e-01 8.33333333e-02 4.45394773e-01
 8.67475709e-03 8.77252386e-03 1.81818182e-02 1.81818182e-02
 0.00000000e+00 3.05641937e-01 7.53658537e-01 0.00000000e+00
 8.33333333e-02 0.00000000e+00 1.12787805e-02 1.11681894e-02
 1.81818182e-02 1.81818182e-02 0.00000000e+00 2.25570525e-01
 7.10396040e-01 0.00000000e+00 0.00000000e+00 0.00000000e+00
 1.92873890e-03 1.82750903e-03 0.00000000e+00 0.00000000e+00
 0.00000000e+00 2.79561757e-01 7.21311475e-01 2.11606623e-05]
deleted_not_scaled [2.00000000e+00 0.00000000e+00 6.84270000e+02 1.74660000e+05
 5.12000000e+02 2.88000000e+02 0.00000000e+00 3.90990000e+01
 9.49000000e-01 4.88740000e+01 1.00000000e+00 1.46158451e+00
 5.02599000e+02 1.28477000e+05 3.84000000e+02 2.16000000e+02
 0.00000000e+00 2.39400000e+01 8.96000000e-01 0.00000000e+00
 1.00000000e+00 0.00000000e+00 5.34479000e+02 1.35290000e+05
 3.84000000e+02 2.16000000e+02 0.00000000e+00 2.18340000e+01
 8.78000000e-01 0.00000000e+00 0.00000000e+00 0.00000000e+00
 3.59203000e+02 9.10580000e+04 3.20000000e+02 1.80000000e+02
 0.00000000e+00 2.28710000e+01 8.78000000e-01 2.00000000e-03
 2.77000000e+02]
deleted_idx_col 12
query_origi 634
query_idx 96
deleted_scaled [1.         0.06823407 0.83214581 0.82673936 1.         1.
 1.         0.31262452 0.58372093 0.07807254 1.         0.16071157
 0.83067575 0.82653571 1.         1.         1.         0.36306827
 0.48292683 0.00786187 1.         0.13351528 0.86354877 0.86831774
 1.         1.         1.         0.15515535 0.34405941 0.07892848
 1.         0.         0.8283464  0.82669601 1.         1.
 1.         0.25550074 0.54098361 0.13796752]
deleted_not_scaled [1.20000000e+01 3.20597144e-01 1.66982310e+04 4.23508900e+06
 3.84000000e+03 2.16000000e+03 1.00000000e+00 2.82130000e+01
 8.21000000e-01 7.53400000e+00 1.20000000e+01 5.27382807e-01
 1.66700820e+04 4.23420100e+06 3.84000000e+03 2.16000000e+03
 1.00000000e+00 2.58790000e+01 7.85000000e-01 7.29000000e-01
 1.20000000e+01 6.56382343e-01 1.66471460e+04 4.23461800e+06
 3.84000000e+03 2.16000000e+03 1.00000000e+00 1.92730000e+01
 7.30000000e-01 7.14800000e+00 1.20000000e+01 0.00000000e+00
 1.66224250e+04 4.23456300e+06 3.84000000e+03 2.16000000e+03
 1.00000000e+00 2.20760000e+01 8.01000000e-01 1.30400000e+01
 7.70000000e+01]
deleted_idx_col 96
query_origi 424
query_idx 447
deleted_scaled [0.41666667 0.         0.07626492 0.07624986 0.18181818 0.17171717
 0.         0.05998415 0.26976744 0.00592746 0.41666667 0.
 0.07720106 0.07739535 0.18181818 0.17171717 0.         0.18311861
 0.26829268 0.01847378 0.5        0.         0.11298563 0.11293814
 0.27272727 0.27272727 0.         0.10478416 0.43811881 0.22693595
 0.58333333 0.         0.14092483 0.13986735 0.27272727 0.27272727
 0.         0.20120456 0.70257611 0.13476168]
deleted_not_scaled [5.000000e+00 0.000000e+00 1.827784e+03 4.665420e+05 9.600000e+02
 5.200000e+02 0.000000e+00 1.642000e+01 6.860000e-01 5.720000e-01
 5.000000e+00 0.000000e+00 1.850405e+03 4.730100e+05 9.600000e+02
 5.200000e+02 0.000000e+00 1.980300e+01 6.970000e-01 1.713000e+00
 6.000000e+00 0.000000e+00 2.457307e+03 6.220060e+05 1.280000e+03
 7.200000e+02 0.000000e+00 1.744100e+01 7.680000e-01 2.055200e+01
 7.000000e+00 0.000000e+00 3.094532e+03 7.844640e+05 1.280000e+03
 7.200000e+02 0.000000e+00 2.028200e+01 8.700000e-01 1.273700e+01
 1.490000e+02]
deleted_idx_col 447
query_origi 830
query_idx 565
deleted_scaled [0.25       0.         0.03174126 0.03160699 0.05454545 0.05454545
 0.         0.12817327 0.60930233 0.16746114 0.16666667 0.
 0.01596186 0.01598948 0.05454545 0.05454545 0.         0.18122316
 0.60487805 0.19491836 0.25       0.         0.02733086 0.02764635
 0.05454545 0.05454545 0.         0.17970855 0.63118812 0.1939313
 0.25       0.         0.02889511 0.02902912 0.05454545 0.05454545
 0.         0.30292667 0.67213115 0.24516743]
deleted_not_scaled [3.00000e+00 0.00000e+00 9.51870e+02 2.42370e+05 5.12000e+02 2.88000e+02
 0.00000e+00 1.96030e+01 8.32000e-01 1.61600e+01 2.00000e+00 0.00000e+00
 6.45925e+02 1.64711e+05 5.12000e+02 2.88000e+02 0.00000e+00 1.97390e+01
 8.35000e-01 1.80740e+01 3.00000e+00 0.00000e+00 8.37953e+02 2.14097e+05
 5.12000e+02 2.88000e+02 0.00000e+00 2.01660e+01 8.46000e-01 1.75630e+01
 3.00000e+00 0.00000e+00 8.89879e+02 2.27698e+05 5.12000e+02 2.88000e+02
 0.00000e+00 2.36430e+01 8.57000e-01 2.31720e+01 2.68000e+02]
deleted_idx_col 565
query_origi 194
query_idx 519
deleted_scaled [0.5        0.         0.0916337  0.09183101 0.27272727 0.27272727
 0.         0.18554382 0.67674419 0.27235233 0.5        0.
 0.10792759 0.10700392 0.27272727 0.27272727 0.         0.16700726
 0.58292683 0.20474301 0.5        0.         0.11314966 0.11335946
 0.27272727 0.27272727 0.         0.11811933 0.53712871 0.25097446
 0.5        0.         0.10757425 0.10698891 0.27272727 0.27272727
 0.         0.45143912 0.78220141 0.49192192]
deleted_not_scaled [6.000000e+00 0.000000e+00 2.130134e+03 5.447820e+05 1.280000e+03
 7.200000e+02 0.000000e+00 2.228100e+01 8.610000e-01 2.628200e+01
 6.000000e+00 0.000000e+00 2.454748e+03 6.216650e+05 1.280000e+03
 7.200000e+02 0.000000e+00 1.925900e+01 8.260000e-01 1.898500e+01
 6.000000e+00 0.000000e+00 2.460408e+03 6.240210e+05 1.280000e+03
 7.200000e+02 0.000000e+00 1.792600e+01 8.080000e-01 2.272900e+01
 6.000000e+00 0.000000e+00 2.438220e+03 6.193080e+05 1.280000e+03
 7.200000e+02 0.000000e+00 2.855000e+01 9.040000e-01 4.649400e+01
 6.000000e+01]
deleted_idx_col 519
query_origi 90
query_idx 753
deleted_scaled [0.16666667 0.         0.01814822 0.01809815 0.05454545 0.05454545
 0.         0.0458236  0.21395349 0.38260104 0.16666667 0.
 0.01781152 0.01790516 0.05454545 0.05454545 0.         0.58735377
 0.78292683 0.51133447 0.25       0.1072546  0.02864079 0.02903704
 0.05454545 0.05454545 0.         0.09747044 0.13861386 0.3198326
 0.16666667 0.         0.02132192 0.0210504  0.05454545 0.05454545
 0.         0.08849611 0.26932084 0.28936148]
deleted_not_scaled [2.00000000e+00 0.00000000e+00 6.84454000e+02 1.74536000e+05
 5.12000000e+02 2.88000000e+02 0.00000000e+00 1.57590000e+01
 6.62000000e-01 3.69210000e+01 2.00000000e+00 0.00000000e+00
 6.82305000e+02 1.74329000e+05 5.12000000e+02 2.88000000e+02
 0.00000000e+00 3.34520000e+01 9.08000000e-01 4.74140000e+01
 3.00000000e+00 5.27280643e-01 8.62718000e+02 2.20748000e+05
 5.12000000e+02 2.88000000e+02 0.00000000e+00 1.71750000e+01
 6.47000000e-01 2.89650000e+01 2.00000000e+00 0.00000000e+00
 7.40845000e+02 1.87619000e+05 5.12000000e+02 2.88000000e+02
 0.00000000e+00 1.65580000e+01 6.85000000e-01 2.73490000e+01
 1.41000000e+02]
deleted_idx_col 753
query_origi 507
query_idx 520
deleted_scaled [0.16666667 0.         0.01820551 0.01812125 0.05454545 0.05454545
 0.         0.14927483 0.26976744 0.27471503 0.25       0.
 0.02923576 0.02927215 0.05454545 0.05454545 0.         0.04309196
 0.23170732 0.40155943 0.25       0.         0.02695838 0.02727019
 0.05454545 0.05454545 0.         0.13112455 0.43069307 0.19242958
 0.25       0.         0.03242193 0.03201545 0.05454545 0.05454545
 0.         0.68790291 0.82669789 0.58768449]
deleted_not_scaled [2.00000e+00 0.00000e+00 6.85581e+02 1.74652e+05 5.12000e+02 2.88000e+02
 0.00000e+00 2.05880e+01 6.86000e-01 2.65100e+01 3.00000e+00 0.00000e+00
 9.07002e+02 2.31399e+05 5.12000e+02 2.88000e+02 0.00000e+00 1.50750e+01
 6.82000e-01 3.72350e+01 3.00000e+00 0.00000e+00 8.30911e+02 2.12298e+05
 5.12000e+02 2.88000e+02 0.00000e+00 1.83990e+01 7.65000e-01 1.74270e+01
 3.00000e+00 0.00000e+00 9.59284e+02 2.42699e+05 5.12000e+02 2.88000e+02
 0.00000e+00 3.63630e+01 9.23000e-01 5.55450e+01 2.38000e+02]
deleted_idx_col 520
query_origi 939
query_idx 965
deleted_scaled [0.58333333 0.         0.1406007  0.13966259 0.27272727 0.27272727
 0.         0.19259196 0.4627907  0.22415544 0.58333333 0.
 0.13998004 0.139341   0.27272727 0.27272727 0.         0.6931734
 0.86585366 0.76803701 0.58333333 0.         0.14599449 0.14685337
 0.27272727 0.27272727 0.         0.17629915 0.4950495  0.31979948
 0.58333333 0.         0.1399728  0.13976383 0.27272727 0.27272727
 0.         0.20417058 0.46604215 0.33129133]
deleted_not_scaled [7.000000e+00 0.000000e+00 3.093462e+03 7.849660e+05 1.280000e+03
 7.200000e+02 0.000000e+00 2.261000e+01 7.690000e-01 2.163100e+01
 7.000000e+00 0.000000e+00 3.085170e+03 7.840190e+05 1.280000e+03
 7.200000e+02 0.000000e+00 3.702500e+01 9.420000e-01 7.121700e+01
 7.000000e+00 0.000000e+00 3.081359e+03 7.842060e+05 1.280000e+03
 7.200000e+02 0.000000e+00 2.004200e+01 7.910000e-01 2.896200e+01
 7.000000e+00 0.000000e+00 3.075797e+03 7.839440e+05 1.280000e+03
 7.200000e+02 0.000000e+00 2.038000e+01 7.690000e-01 3.131200e+01
 8.500000e+01]
deleted_idx_col 965
query_origi 707
query_idx 787
deleted_scaled [0.41666667 0.         0.07723066 0.07739953 0.18181818 0.17171717
 0.         0.55843099 0.88139535 0.85380311 0.5        0.
 0.1079645  0.10704057 0.27272727 0.27272727 0.         0.45262846
 0.56829268 0.42710782 0.5        0.         0.11274983 0.11295863
 0.27272727 0.27272727 0.         0.22680781 0.11138614 0.36018021
 0.5        0.         0.10809861 0.10751068 0.27272727 0.27272727
 0.         0.24953845 0.15456674 0.32557795]
deleted_not_scaled [5.000000e+00 0.000000e+00 1.846783e+03 4.723150e+05 9.600000e+02
 5.200000e+02 0.000000e+00 3.968700e+01 9.490000e-01 8.239200e+01
 6.000000e+00 0.000000e+00 2.455474e+03 6.218490e+05 1.280000e+03
 7.200000e+02 0.000000e+00 2.890300e+01 8.200000e-01 3.960400e+01
 6.000000e+00 0.000000e+00 2.452849e+03 6.221040e+05 1.280000e+03
 7.200000e+02 0.000000e+00 2.187900e+01 6.360000e-01 3.261900e+01
 6.000000e+00 0.000000e+00 2.448539e+03 6.219290e+05 1.280000e+03
 7.200000e+02 0.000000e+00 2.187900e+01 6.360000e-01 3.077200e+01
 9.000000e+01]
deleted_idx_col 787
query_origi 731
query_idx 630
deleted_scaled [1.         0.         0.8275702  0.82674055 1.         1.
 1.         0.27228518 0.58372093 0.22115026 1.         0.
 0.90362401 0.90408065 1.         1.         1.         0.12287872
 0.36097561 0.11227703 1.         0.         0.85407914 0.86353009
 1.         1.         1.         0.22760517 0.58415842 0.0165741
 1.         0.         0.75991337 0.75383712 1.         1.
 1.         0.2296238  0.36065574 0.06032905]
deleted_not_scaled [1.2000000e+01 0.0000000e+00 1.6608215e+04 4.2350950e+06 3.8400000e+03
 2.1600000e+03 1.0000000e+00 2.6330000e+01 8.2100000e-01 2.1341000e+01
 1.2000000e+01 0.0000000e+00 1.8104861e+04 4.6235290e+06 3.8400000e+03
 2.1600000e+03 1.0000000e+00 1.7769000e+01 7.3500000e-01 1.0411000e+01
 1.2000000e+01 0.0000000e+00 1.6468117e+04 4.2117210e+06 3.8400000e+03
 2.1600000e+03 1.0000000e+00 2.1908000e+01 8.2700000e-01 1.5010000e+00
 1.2000000e+01 0.0000000e+00 1.5275719e+04 3.8685760e+06 3.8400000e+03
 2.1600000e+03 1.0000000e+00 2.1221000e+01 7.2400000e-01 5.7020000e+00
 2.8400000e+02]
deleted_idx_col 630
query_origi 731
query_idx 775
deleted_scaled [0.25       0.         0.02576206 0.02551772 0.05454545 0.05454545
 0.         0.24842006 0.73953488 0.12557513 0.33333333 0.
 0.04256803 0.0423933  0.09090909 0.09090909 0.         0.3805716
 0.76585366 0.25173091 0.33333333 0.         0.04485181 0.04512879
 0.09090909 0.09090909 0.         0.21710201 0.67574257 0.23368263
 0.33333333 0.         0.04284411 0.0428091  0.09090909 0.09090909
 0.         0.16385703 0.70725995 0.1507803 ]
deleted_not_scaled [3.000000e+00 0.000000e+00 8.342410e+02 2.117930e+05 5.120000e+02
 2.880000e+02 0.000000e+00 2.521600e+01 8.880000e-01 1.211800e+01
 4.000000e+00 0.000000e+00 1.169227e+03 2.972760e+05 6.400000e+02
 3.600000e+02 0.000000e+00 2.647000e+01 9.010000e-01 2.334200e+01
 4.000000e+00 0.000000e+00 1.169197e+03 2.977070e+05 6.400000e+02
 3.600000e+02 0.000000e+00 2.152600e+01 8.640000e-01 2.116300e+01
 4.000000e+00 0.000000e+00 1.164384e+03 2.969180e+05 6.400000e+02
 3.600000e+02 0.000000e+00 1.904800e+01 8.720000e-01 1.425100e+01
 1.680000e+02]
deleted_idx_col 775
query_origi 916
query_idx 635
deleted_scaled [8.33333333e-01 0.00000000e+00 3.71823254e-01 3.71052038e-01
 6.36363636e-01 6.36363636e-01 0.00000000e+00 1.26566550e-01
 5.06976744e-01 6.63212435e-04 8.33333333e-01 0.00000000e+00
 4.41746926e-01 4.41556276e-01 6.36363636e-01 6.36363636e-01
 0.00000000e+00 1.61617059e-01 3.51219512e-01 1.11834868e-02
 9.16666667e-01 0.00000000e+00 5.13786928e-01 5.18971202e-01
 1.00000000e+00 1.00000000e+00 0.00000000e+00 1.43497388e-01
 3.76237624e-01 3.85808774e-02 9.16666667e-01 0.00000000e+00
 5.66474365e-01 5.67911768e-01 1.00000000e+00 1.00000000e+00
 0.00000000e+00 2.57104809e-01 5.38641686e-01 9.15198646e-02]
deleted_not_scaled [1.0000000e+01 0.0000000e+00 7.6423040e+03 1.9468770e+06 2.5600000e+03
 1.4400000e+03 0.0000000e+00 1.9528000e+01 7.8800000e-01 6.4000000e-02
 1.0000000e+01 0.0000000e+00 9.0204560e+03 2.3013440e+06 2.5600000e+03
 1.4400000e+03 0.0000000e+00 1.9077000e+01 7.3100000e-01 1.0370000e+00
 1.1000000e+01 0.0000000e+00 1.0034692e+04 2.5638640e+06 3.8400000e+03
 2.1600000e+03 0.0000000e+00 1.8849000e+01 7.4300000e-01 3.4940000e+00
 1.1000000e+01 0.0000000e+00 1.1468998e+04 2.9346300e+06 3.8400000e+03
 2.1600000e+03 0.0000000e+00 2.2129000e+01 8.0000000e-01 8.6500000e+00
 2.5300000e+02]
deleted_idx_col 635
query_origi 245
query_idx 574
deleted_scaled [0.91666667 0.         0.57000759 0.5697133  1.         1.
 0.         0.02924227 0.2        0.11596891 0.91666667 0.
 0.56505575 0.56565212 1.         1.         0.         0.14295869
 0.38780488 0.02176304 1.         0.         1.         1.
 1.         1.         1.         0.77165246 0.88366337 1.
 0.91666667 0.         0.54587625 0.54175749 1.         1.
 0.         0.08686178 0.52693208 0.11360102]
deleted_not_scaled [1.1000000e+01 0.0000000e+00 1.1541185e+04 2.9444450e+06 3.8400000e+03
 2.1600000e+03 0.0000000e+00 1.4985000e+01 6.5600000e-01 1.1191000e+01
 1.1000000e+01 0.0000000e+00 1.1445749e+04 2.9243890e+06 3.8400000e+03
 2.1600000e+03 0.0000000e+00 1.8447000e+01 7.4600000e-01 2.0180000e+00
 1.2000000e+01 0.0000000e+00 1.9226837e+04 4.8643900e+06 3.8400000e+03
 2.1600000e+03 1.0000000e+00 4.1695000e+01 9.4800000e-01 9.0563000e+01
 1.1000000e+01 0.0000000e+00 1.1063644e+04 2.8032510e+06 3.8400000e+03
 2.1600000e+03 0.0000000e+00 1.6504000e+01 7.9500000e-01 1.0737000e+01
 2.3900000e+02]
deleted_idx_col 574
query_origi 489
query_idx 875
deleted_scaled [0.91666667 0.         0.5946721  0.59346798 1.         1.
 0.         0.22569035 0.67906977 0.05239378 0.91666667 0.
 0.55976951 0.5595139  1.         1.         0.         0.4566563
 0.74390244 0.12308306 0.91666667 0.         0.55396208 0.55954841
 1.         1.         0.         0.33736596 0.6509901  0.18025021
 1.         0.         0.83336674 0.82588099 1.         1.
 1.         0.78239157 0.93208431 0.73912077]
deleted_not_scaled [1.1000000e+01 0.0000000e+00 1.2026410e+04 3.0637280e+06 3.8400000e+03
 2.1600000e+03 0.0000000e+00 2.4155000e+01 8.6200000e-01 5.0560000e+00
 1.1000000e+01 0.0000000e+00 1.1341777e+04 2.8935710e+06 3.8400000e+03
 2.1600000e+03 0.0000000e+00 2.9039000e+01 8.9200000e-01 1.1413000e+01
 1.1000000e+01 0.0000000e+00 1.0794227e+04 2.7579250e+06 3.8400000e+03
 2.1600000e+03 0.0000000e+00 2.5900000e+01 8.5400000e-01 1.6324000e+01
 1.2000000e+01 0.0000000e+00 1.6721221e+04 4.2304690e+06 3.8400000e+03
 2.1600000e+03 1.0000000e+00 3.9485000e+01 9.6800000e-01 6.9858000e+01
 6.5000000e+01]
deleted_idx_col 875
query_origi 24
query_idx 463
deleted_scaled [1.         0.         0.83411185 0.82660971 1.         1.
 1.         0.23646608 0.55813953 0.04356477 0.91666667 0.
 0.57196982 0.56767057 1.         1.         0.         0.26779209
 0.4804878  0.01467765 1.         0.         0.86579768 0.86839803
 1.         1.         1.         0.24844652 0.42574257 0.02938286
 0.91666667 0.         0.57037356 0.5677981  1.         1.
 0.         0.71626161 0.88056206 0.68819764]
deleted_not_scaled [1.2000000e+01 0.0000000e+00 1.6736909e+04 4.2344380e+06 3.8400000e+03
 2.1600000e+03 1.0000000e+00 2.4658000e+01 8.1000000e-01 4.2040000e+00
 1.1000000e+01 0.0000000e+00 1.1581738e+04 2.9345230e+06 3.8400000e+03
 2.1600000e+03 0.0000000e+00 2.2662000e+01 7.8400000e-01 1.3610000e+00
 1.2000000e+01 0.0000000e+00 1.6689663e+04 4.2350020e+06 3.8400000e+03
 2.1600000e+03 1.0000000e+00 2.2666000e+01 7.6300000e-01 2.6610000e+00
 1.1000000e+01 0.0000000e+00 1.1545731e+04 2.9340590e+06 3.8400000e+03
 2.1600000e+03 0.0000000e+00 3.7300000e+01 9.4600000e-01 6.5045000e+01
 8.3000000e+01]
deleted_idx_col 463
query_origi 43
query_idx 863
deleted_scaled [1.         0.         0.82340708 0.82093586 1.         1.
 1.         0.1952484  0.44418605 0.11318135 1.         0.
 0.82168724 0.82046621 1.         1.         1.         0.24398045
 0.27804878 0.0834286  1.         0.         0.93754144 0.94602355
 1.         1.         1.         0.47159747 0.70792079 0.47770061
 0.91666667 0.         0.52203562 0.52283799 1.         1.
 0.         0.38137466 0.56206089 0.12170555]
deleted_not_scaled [1.2000000e+01 0.0000000e+00 1.6526314e+04 4.2059470e+06 3.8400000e+03
 2.1600000e+03 1.0000000e+00 2.2734000e+01 7.6100000e-01 1.0922000e+01
 1.2000000e+01 0.0000000e+00 1.6493292e+04 4.2037280e+06 3.8400000e+03
 2.1600000e+03 1.0000000e+00 2.1858000e+01 7.0100000e-01 7.7360000e+00
 1.2000000e+01 0.0000000e+00 1.8046021e+04 4.6062470e+06 3.8400000e+03
 2.1600000e+03 1.0000000e+00 3.0782000e+01 8.7700000e-01 4.3262000e+01
 1.1000000e+01 0.0000000e+00 1.0594480e+04 2.7082140e+06 3.8400000e+03
 2.1600000e+03 0.0000000e+00 2.6235000e+01 8.1000000e-01 1.1503000e+01
 1.1700000e+02]
deleted_idx_col 863
query_origi 399
query_idx 644
deleted_scaled [1.         0.         0.84942477 0.84475686 1.         1.
 1.         0.05490692 0.4        0.01918135 1.         0.
 0.81720118 0.81394478 1.         1.         1.         0.82508515
 0.91707317 0.87264629 0.91666667 0.         0.58312113 0.58692357
 1.         1.         0.         0.21836679 0.5        0.02188532
 1.         0.         0.80826757 0.80746456 1.         1.
 1.         0.23122787 0.49180328 0.02946622]
deleted_not_scaled [1.2000000e+01 0.0000000e+00 1.7038160e+04 4.3255630e+06 3.8400000e+03
 2.1600000e+03 1.0000000e+00 1.6183000e+01 7.4200000e-01 1.8510000e+00
 1.2000000e+01 0.0000000e+00 1.6405058e+04 4.1709860e+06 3.8400000e+03
 2.1600000e+03 1.0000000e+00 4.1479000e+01 9.6300000e-01 8.0917000e+01
 1.1000000e+01 0.0000000e+00 1.1345496e+04 2.8888470e+06 3.8400000e+03
 2.1600000e+03 0.0000000e+00 2.1572000e+01 7.9300000e-01 1.9820000e+00
 1.2000000e+01 0.0000000e+00 1.6227290e+04 4.1379590e+06 3.8400000e+03
 2.1600000e+03 1.0000000e+00 2.1274000e+01 7.8000000e-01 2.7850000e+00
 1.5300000e+02]
deleted_idx_col 644
query_origi 278
query_idx 111
deleted_scaled [1.         0.07833125 0.83252841 0.83294155 1.         1.
 1.         0.24584931 0.78837209 0.07468394 1.         0.18551408
 0.78047011 0.78204529 1.         1.         1.         0.73490301
 0.80731707 0.79312167 1.         0.1099702  0.86740816 0.86826546
 1.         1.         1.         0.14162772 0.3960396  0.03271756
 1.         0.         0.86940528 0.86376975 1.         1.
 1.         0.97085439 0.96252927 0.94812464]
deleted_not_scaled [1.20000000e+01 3.68038646e-01 1.67057580e+04 4.26623300e+06
 3.84000000e+03 2.16000000e+03 1.00000000e+00 2.50960000e+01
 9.09000000e-01 7.20700000e+00 1.20000000e+01 6.08773441e-01
 1.56826150e+04 4.01082900e+06 3.84000000e+03 2.16000000e+03
 1.00000000e+00 3.84340000e+01 9.18000000e-01 7.35430000e+01
 1.20000000e+01 5.40630960e-01 1.67201100e+04 4.23436800e+06
 3.84000000e+03 2.16000000e+03 1.00000000e+00 1.87810000e+01
 7.51000000e-01 2.96300000e+00 1.20000000e+01 0.00000000e+00
 1.74304300e+04 4.42079300e+06 3.84000000e+03 2.16000000e+03
 1.00000000e+00 4.57120000e+01 9.81000000e-01 8.96120000e+01
 1.87000000e+02]
deleted_idx_col 111
query_origi 55
query_idx 538
deleted_scaled [1.         0.         0.72983448 0.72617442 1.         1.
 1.         0.04406693 0.15348837 0.08377202 1.         0.
 0.80238597 0.79958974 1.         1.         1.         0.15400563
 0.07560976 0.09303755 0.91666667 0.         0.59234787 0.59651183
 1.         1.         0.         0.1737421  0.12376238 0.09514923
 1.         0.         0.83887743 0.83846254 1.         1.
 1.         0.040707   0.18969555 0.12046765]
deleted_not_scaled [1.2000000e+01 0.0000000e+00 1.4685460e+04 3.7301070e+06 3.8400000e+03
 2.1600000e+03 1.0000000e+00 1.5677000e+01 6.3600000e-01 8.0840000e+00
 1.2000000e+01 0.0000000e+00 1.6113666e+04 4.0989140e+06 3.8400000e+03
 2.1600000e+03 1.0000000e+00 1.8820000e+01 6.1800000e-01 8.6270000e+00
 1.1000000e+01 0.0000000e+00 1.1519933e+04 2.9347030e+06 3.8400000e+03
 2.1600000e+03 0.0000000e+00 1.9949000e+01 6.4100000e-01 8.6170000e+00
 1.2000000e+01 0.0000000e+00 1.6829667e+04 4.2936690e+06 3.8400000e+03
 2.1600000e+03 1.0000000e+00 1.4979000e+01 6.5100000e-01 1.1386000e+01
 2.3600000e+02]
deleted_idx_col 538
query_origi 292
query_idx 108
deleted_scaled [1.         0.47907371 0.85437287 0.85095805 1.         1.
 1.         0.10848561 0.57906977 0.05373057 1.         0.41945903
 0.73161943 0.72980312 1.         1.         1.         0.18071968
 0.52926829 0.02476112 1.         0.10424979 0.88406366 0.89117288
 1.         1.         1.         0.78792961 0.92821782 0.82047856
 1.         0.         0.83258098 0.83300071 1.         1.
 1.         0.34690233 0.79391101 0.07625245]
deleted_not_scaled [1.20000000e+01 2.25092335e+00 1.71355040e+04 4.35670200e+06
 3.84000000e+03 2.16000000e+03 1.00000000e+00 1.86840000e+01
 8.19000000e-01 5.18500000e+00 1.20000000e+01 1.37647510e+00
 1.47217980e+04 3.74853800e+06 3.84000000e+03 2.16000000e+03
 1.00000000e+00 1.97220000e+01 8.04000000e-01 2.29600000e+00
 1.20000000e+01 5.12508516e-01 1.70349920e+04 4.34392300e+06
 3.84000000e+03 2.16000000e+03 1.00000000e+00 4.22870000e+01
 9.66000000e-01 7.43050000e+01 1.20000000e+01 0.00000000e+00
 1.67057580e+04 4.26623300e+06 3.84000000e+03 2.16000000e+03
 1.00000000e+00 2.50960000e+01 9.09000000e-01 7.20700000e+00
 1.84000000e+02]
deleted_idx_col 108
query_origi 127
query_idx 909
deleted_scaled [0.         0.         0.00177802 0.00159934 0.         0.
 0.         0.74395338 0.99302326 0.67647668 0.41666667 0.
 0.07778687 0.07714758 0.18181818 0.17171717 0.         0.70451651
 0.99756098 0.84936264 0.58333333 0.         0.14651206 0.14688933
 0.27272727 0.27272727 0.         1.         1.         0.7411084
 0.58333333 0.         0.14046088 0.13979051 0.27272727 0.27272727
 0.         0.93323447 1.         0.86506904]
deleted_not_scaled [0.000000e+00 0.000000e+00 3.624030e+02 9.168800e+04 3.200000e+02
 1.800000e+02 0.000000e+00 4.834700e+01 9.970000e-01 6.528000e+01
 5.000000e+00 0.000000e+00 1.861927e+03 4.717660e+05 9.600000e+02
 5.200000e+02 0.000000e+00 3.740800e+01 9.960000e-01 7.875800e+01
 7.000000e+00 0.000000e+00 3.091144e+03 7.843780e+05 1.280000e+03
 7.200000e+02 0.000000e+00 5.000000e+01 9.950000e-01 6.711700e+01
 7.000000e+00 0.000000e+00 3.085402e+03 7.840780e+05 1.280000e+03
 7.200000e+02 0.000000e+00 4.446900e+01 9.970000e-01 8.176200e+01
 0.000000e+00]
deleted_idx_col 909
query_origi 93
query_idx 475
deleted_scaled [1.         0.         0.8252157  0.82026553 1.         1.
 1.         0.08642002 0.61162791 0.00251813 0.91666667 0.
 0.57492917 0.57234683 1.         1.         0.         0.04880794
 0.4902439  0.04743006 1.         0.         0.89627142 0.90167364
 1.         1.         1.         0.0719824  0.39108911 0.05291344
 1.         0.         0.75020849 0.74908839 1.         1.
 1.         0.2899428  0.35362998 0.15048405]
deleted_not_scaled [1.2000000e+01 0.0000000e+00 1.6561895e+04 4.2025810e+06 3.8400000e+03
 2.1600000e+03 1.0000000e+00 1.7654000e+01 8.3300000e-01 2.4300000e-01
 1.1000000e+01 0.0000000e+00 1.1639944e+04 2.9580010e+06 3.8400000e+03
 2.1600000e+03 0.0000000e+00 1.5268000e+01 7.8800000e-01 4.3980000e+00
 1.2000000e+01 0.0000000e+00 1.7265787e+04 4.3941430e+06 3.8400000e+03
 2.1600000e+03 1.0000000e+00 1.6248000e+01 7.4900000e-01 4.7920000e+00
 1.2000000e+01 0.0000000e+00 1.5084735e+04 3.8447220e+06 3.8400000e+03
 2.1600000e+03 1.0000000e+00 2.3214000e+01 7.2100000e-01 1.4223000e+01
 2.2800000e+02]
deleted_idx_col 475
query_origi 500
query_idx 90
deleted_scaled [0.91666667 0.21971778 0.57025209 0.56765832 1.         1.
 0.         1.         1.         1.         0.91666667 0.07854106
 0.57076489 0.5690644  1.         1.         0.         1.
 0.56829268 0.39120635 0.83333333 0.         0.44177928 0.44510939
 0.63636364 0.63636364 0.         0.14118779 0.37623762 0.05761735
 0.83333333 0.         0.35907899 0.35909438 0.63636364 0.63636364
 0.         0.03973851 0.44496487 0.16303232]
deleted_not_scaled [1.10000000e+01 1.03234195e+00 1.15459950e+04 2.93412600e+06
 3.84000000e+03 2.16000000e+03 0.00000000e+00 6.02990000e+01
 1.00000000e+00 9.65000000e+01 1.10000000e+01 2.57736305e-01
 1.15580390e+04 2.94152100e+06 3.84000000e+03 2.16000000e+03
 0.00000000e+00 4.73850000e+01 8.20000000e-01 3.62750000e+01
 1.00000000e+01 0.00000000e+00 8.67334500e+03 2.21061900e+06
 2.56000000e+03 1.44000000e+03 0.00000000e+00 1.87650000e+01
 7.43000000e-01 5.21800000e+00 1.00000000e+01 0.00000000e+00
 7.38762700e+03 1.88569200e+06 2.56000000e+03 1.44000000e+03
 0.00000000e+00 1.49470000e+01 7.60000000e-01 1.54090000e+01
 3.00000000e+00]
deleted_idx_col 90
query_origi 226
query_idx 389
deleted_scaled [1.         0.09432611 0.77393624 0.77315824 1.         1.
 1.         0.04698044 0.17906977 0.13473575 1.         0.16570031
 0.82573672 0.82657256 1.         1.         1.         0.81297201
 0.88292683 1.         1.         0.16040825 0.85837178 0.86830247
 1.         1.         1.         0.09408853 0.09158416 0.10117819
 1.         0.         0.90574023 0.89851791 1.         1.
 1.         0.08495506 0.21311475 0.09197482]
deleted_not_scaled [1.20000000e+01 4.43190329e-01 1.55530740e+04 3.96603400e+06
 3.84000000e+03 2.16000000e+03 1.00000000e+00 1.58130000e+01
 6.47000000e-01 1.30020000e+01 1.20000000e+01 5.43753595e-01
 1.65729390e+04 4.23438600e+06 3.84000000e+03 2.16000000e+03
 1.00000000e+00 4.10700000e+01 9.49000000e-01 9.27260000e+01
 1.20000000e+01 7.88592439e-01 1.65492720e+04 4.23454500e+06
 3.84000000e+03 2.16000000e+03 1.00000000e+00 1.70520000e+01
 6.28000000e-01 9.16300000e+00 1.20000000e+01 0.00000000e+00
 1.81454720e+04 4.59534100e+06 3.84000000e+03 2.16000000e+03
 1.00000000e+00 1.64410000e+01 6.61000000e-01 8.69300000e+00
 1.41000000e+02]
deleted_idx_col 389
query_origi 795
query_idx 31
deleted_scaled [0.66666667 0.17196413 0.20385119 0.20437814 0.45454545 0.45454545
 0.         0.20606697 0.64651163 0.07982383 0.66666667 0.45524161
 0.20582311 0.2041265  0.45454545 0.45454545 0.         0.27572931
 0.45365854 0.01246684 0.66666667 0.0136621  0.2141848  0.21477123
 0.45454545 0.45454545 0.         0.25347814 0.44554455 0.01905856
 0.58333333 0.         0.14051871 0.13984804 0.27272727 0.27272727
 0.         0.49087497 0.72131148 0.4765487 ]
deleted_not_scaled [8.00000000e+00 8.07971866e-01 4.33778900e+03 1.10993200e+06
 1.92000000e+03 1.08000000e+03 0.00000000e+00 2.32390000e+01
 8.48000000e-01 7.70300000e+00 8.00000000e+00 1.49389738e+00
 4.38020100e+03 1.10928600e+06 1.92000000e+03 1.08000000e+03
 0.00000000e+00 2.29300000e+01 7.73000000e-01 1.15600000e+00
 8.00000000e+00 6.71650367e-02 4.37053700e+03 1.10902400e+06
 1.92000000e+03 1.08000000e+03 0.00000000e+00 2.28490000e+01
 7.71000000e-01 1.72600000e+00 7.00000000e+00 0.00000000e+00
 3.08654000e+03 7.84367000e+05 1.28000000e+03 7.20000000e+02
 0.00000000e+00 2.98530000e+01 8.78000000e-01 4.50410000e+01
 2.71000000e+02]
deleted_idx_col 31
query_origi 185
query_idx 872
deleted_scaled [9.16666667e-01 0.00000000e+00 5.54589556e-01 5.49826624e-01
 1.00000000e+00 1.00000000e+00 0.00000000e+00 4.28458193e-05
 4.02325581e-01 1.61668394e-01 9.16666667e-01 0.00000000e+00
 6.12950224e-01 6.08655886e-01 1.00000000e+00 1.00000000e+00
 0.00000000e+00 1.84806753e-02 3.73170732e-01 2.01734141e-01
 9.16666667e-01 0.00000000e+00 5.18060796e-01 5.20115161e-01
 1.00000000e+00 1.00000000e+00 0.00000000e+00 5.66675832e-02
 1.18811881e-01 8.83142122e-02 8.33333333e-01 0.00000000e+00
 3.95111585e-01 3.93715718e-01 6.36363636e-01 6.36363636e-01
 0.00000000e+00 1.57743410e-01 1.31147541e-01 8.89594244e-02]
deleted_not_scaled [1.1000000e+01 0.0000000e+00 1.1237866e+04 2.8445850e+06 3.8400000e+03
 2.1600000e+03 0.0000000e+00 1.3622000e+01 7.4300000e-01 1.5601000e+01
 1.1000000e+01 0.0000000e+00 1.2387759e+04 3.1402970e+06 3.8400000e+03
 2.1600000e+03 0.0000000e+00 1.4244000e+01 7.4000000e-01 1.8706000e+01
 1.1000000e+01 0.0000000e+00 1.0115492e+04 2.5693350e+06 3.8400000e+03
 2.1600000e+03 0.0000000e+00 1.5691000e+01 6.3900000e-01 7.9980000e+00
 1.0000000e+01 0.0000000e+00 8.0967190e+03 2.0596030e+06 2.5600000e+03
 1.4400000e+03 0.0000000e+00 1.8846000e+01 6.2600000e-01 8.4080000e+00
 2.3400000e+02]
deleted_idx_col 872
query_origi 705
query_idx 338
deleted_scaled [0.83333333 0.         0.3896914  0.38908447 0.63636364 0.63636364
 0.         0.04560937 0.53255814 0.15702591 0.83333333 0.
 0.42206718 0.42210232 0.63636364 0.63636364 0.         0.08417
 0.49512195 0.09880724 0.83333333 0.         0.39213048 0.39629927
 0.63636364 0.63636364 0.         0.71190542 0.89851485 0.96950189
 0.83333333 0.         0.39739049 0.39396078 0.63636364 0.63636364
 0.         0.11301111 0.57845433 0.05894302]
deleted_not_scaled [1.000000e+01 0.000000e+00 7.993824e+03 2.037426e+06 2.560000e+03
 1.440000e+03 0.000000e+00 1.574900e+01 7.990000e-01 1.515300e+01
 1.000000e+01 0.000000e+00 8.633386e+03 2.203672e+06 2.560000e+03
 1.440000e+03 0.000000e+00 1.646200e+01 7.900000e-01 9.162000e+00
 1.000000e+01 0.000000e+00 7.734705e+03 1.977184e+06 2.560000e+03
 1.440000e+03 0.000000e+00 3.952200e+01 9.540000e-01 8.780100e+01
 1.000000e+01 0.000000e+00 8.141566e+03 2.060834e+06 2.560000e+03
 1.440000e+03 0.000000e+00 1.736800e+01 8.170000e-01 5.571000e+00
 2.460000e+02]
deleted_idx_col 338
query_origi 849
query_idx 322
deleted_scaled [0.91666667 0.         0.60343919 0.60252174 1.         1.
 0.         0.18070224 0.57674419 0.03459067 0.91666667 0.
 0.5329311  0.53295951 1.         1.         0.         0.90199911
 0.93658537 0.86317753 0.91666667 0.         0.62654479 0.63317562
 1.         1.         0.         0.27902117 0.71287129 0.00510142
 0.91666667 0.         0.53756534 0.53296534 1.         1.
 0.         0.24493811 0.68618267 0.        ]
deleted_not_scaled [1.1000000e+01 0.0000000e+00 1.2198885e+04 3.1091910e+06 3.8400000e+03
 2.1600000e+03 0.0000000e+00 2.2055000e+01 8.1800000e-01 3.3380000e+00
 1.1000000e+01 0.0000000e+00 1.0813907e+04 2.7602500e+06 3.8400000e+03
 2.1600000e+03 0.0000000e+00 4.4076000e+01 9.7100000e-01 8.0039000e+01
 1.1000000e+01 0.0000000e+00 1.2166446e+04 3.1100480e+06 3.8400000e+03
 2.1600000e+03 0.0000000e+00 2.3778000e+01 8.7900000e-01 4.6200000e-01
 1.1000000e+01 0.0000000e+00 1.0900092e+04 2.7590860e+06 3.8400000e+03
 2.1600000e+03 0.0000000e+00 2.1727000e+01 8.6300000e-01 0.0000000e+00
 2.7600000e+02]
deleted_idx_col 322
query_origi 190
query_idx 886
deleted_scaled [0.41666667 0.         0.07744034 0.07724101 0.18181818 0.17171717
 0.         0.13749223 0.26744186 0.29679793 0.41666667 0.30785
 0.07711026 0.07712029 0.18181818 0.17171717 0.         0.10262106
 0.10731707 0.26343205 0.41666667 0.25081578 0.08151044 0.08236822
 0.18181818 0.17171717 0.         0.11022821 0.23019802 0.28054503
 0.33333333 0.         0.03962843 0.03915826 0.09090909 0.09090909
 0.         0.28240671 0.53629977 0.21910808]
deleted_not_scaled [5.00000000e+00 0.00000000e+00 1.85090800e+03 4.71519000e+05
 9.60000000e+02 5.20000000e+02 0.00000000e+00 2.00380000e+01
 6.85000000e-01 2.86410000e+01 5.00000000e+00 1.01022468e+00
 1.84861900e+03 4.71629000e+05 9.60000000e+02 5.20000000e+02
 0.00000000e+00 1.70850000e+01 6.31000000e-01 2.44270000e+01
 5.00000000e+00 1.23305021e+00 1.86225000e+03 4.75805000e+05
 9.60000000e+02 5.20000000e+02 0.00000000e+00 1.76390000e+01
 6.84000000e-01 2.54070000e+01 4.00000000e+00 0.00000000e+00
 1.10110200e+03 2.78579000e+05 6.40000000e+02 3.60000000e+02
 0.00000000e+00 2.29650000e+01 7.99000000e-01 2.07090000e+01
 1.10000000e+02]
deleted_idx_col 886
query_origi 750
query_idx 820
deleted_scaled [0.25       0.         0.02482798 0.02446683 0.05454545 0.05454545
 0.         0.0696673  0.20930233 0.41202073 0.5        0.
 0.11879357 0.11791699 0.27272727 0.27272727 0.         0.04140382
 0.         0.27071156 0.25       0.         0.02461161 0.02463266
 0.05454545 0.05454545 0.         0.08446522 0.35643564 0.23097733
 0.5        0.         0.11834274 0.11783631 0.27272727 0.27272727
 0.         0.1294755  0.47775176 0.22252553]
deleted_not_scaled [3.000000e+00 0.000000e+00 8.158650e+02 2.065160e+05 5.120000e+02
 2.880000e+02 0.000000e+00 1.687200e+01 6.600000e-01 3.976000e+01
 6.000000e+00 0.000000e+00 2.668465e+03 6.764560e+05 1.280000e+03
 7.200000e+02 0.000000e+00 1.501800e+01 5.870000e-01 2.510200e+01
 3.000000e+00 0.000000e+00 7.865440e+02 1.996840e+05 5.120000e+02
 2.880000e+02 0.000000e+00 1.670200e+01 7.350000e-01 2.091800e+01
 6.000000e+00 0.000000e+00 2.650135e+03 6.737970e+05 1.280000e+03
 7.200000e+02 0.000000e+00 1.791200e+01 7.740000e-01 2.103200e+01
 2.300000e+01]
deleted_idx_col 820
query_origi 588
query_idx 325
deleted_scaled [0.         0.         0.00194302 0.00183572 0.         0.
 0.         0.28584588 0.59534884 0.         0.58333333 0.
 0.13993799 0.13945274 0.27272727 0.27272727 0.         0.16792537
 0.36829268 0.32867804 0.5        0.         0.11215402 0.11293563
 0.27272727 0.27272727 0.         0.2325543  0.53217822 0.14024491
 0.5        0.         0.10763162 0.1075923  0.27272727 0.27272727
 0.         0.17684089 0.55269321 0.01946781]
deleted_not_scaled [0.000000e+00 0.000000e+00 3.656490e+02 9.287500e+04 3.200000e+02
 1.800000e+02 0.000000e+00 2.696300e+01 8.260000e-01 0.000000e+00
 7.000000e+00 0.000000e+00 3.084343e+03 7.845800e+05 1.280000e+03
 7.200000e+02 0.000000e+00 1.929000e+01 7.380000e-01 3.047700e+01
 6.000000e+00 0.000000e+00 2.441585e+03 6.219940e+05 1.280000e+03
 7.200000e+02 0.000000e+00 2.208800e+01 8.060000e-01 1.270100e+01
 6.000000e+00 0.000000e+00 2.439349e+03 6.223390e+05 1.280000e+03
 7.200000e+02 0.000000e+00 1.947700e+01 8.060000e-01 1.840000e+00
 7.800000e+01]
deleted_idx_col 325
query_origi 233
query_idx 997
deleted_scaled [0.         0.         0.0018717  0.00187356 0.         0.
 0.         0.36054757 0.71860465 0.0181658  0.5        0.
 0.10671219 0.10706905 0.27272727 0.27272727 0.         0.10250259
 0.12195122 0.35351466 0.         0.         0.00359936 0.00349419
 0.         0.         0.         0.08430025 0.27475248 0.02666652
 0.         0.         0.00135463 0.00127468 0.         0.
 0.         0.05871493 0.43793911 0.        ]
deleted_not_scaled [0.000000e+00 0.000000e+00 3.642460e+02 9.306500e+04 3.200000e+02
 1.800000e+02 0.000000e+00 3.045000e+01 8.790000e-01 1.753000e+00
 6.000000e+00 0.000000e+00 2.430843e+03 6.219920e+05 1.280000e+03
 7.200000e+02 0.000000e+00 1.708100e+01 6.370000e-01 3.278000e+01
 0.000000e+00 0.000000e+00 3.892950e+02 9.858900e+04 3.200000e+02
 1.800000e+02 0.000000e+00 1.669600e+01 7.020000e-01 2.415000e+00
 0.000000e+00 0.000000e+00 3.479050e+02 8.828100e+04 3.200000e+02
 1.800000e+02 0.000000e+00 1.557400e+01 7.570000e-01 0.000000e+00
 1.420000e+02]
deleted_idx_col 997
query_origi 362
query_idx 758
deleted_scaled [0.5        0.         0.10728169 0.10696368 0.27272727 0.27272727
 0.         0.16885537 0.67209302 0.01904663 0.33333333 0.
 0.0423218  0.04232199 0.09090909 0.09090909 0.         0.16075818
 0.69512195 0.15368936 0.5        0.         0.11184814 0.11294587
 0.27272727 0.27272727 0.         0.17899368 0.68564356 0.
 0.5        0.         0.10731103 0.10757459 0.27272727 0.27272727
 0.         0.26736479 0.74238876 0.00686663]
deleted_not_scaled [6.000000e+00 0.000000e+00 2.437977e+03 6.207700e+05 1.280000e+03
 7.200000e+02 0.000000e+00 2.150200e+01 8.590000e-01 1.838000e+00
 4.000000e+00 0.000000e+00 1.164384e+03 2.969180e+05 6.400000e+02
 3.600000e+02 0.000000e+00 1.904800e+01 8.720000e-01 1.425100e+01
 6.000000e+00 0.000000e+00 2.435802e+03 6.220430e+05 1.280000e+03
 7.200000e+02 0.000000e+00 2.014000e+01 8.680000e-01 0.000000e+00
 6.000000e+00 0.000000e+00 2.433040e+03 6.222500e+05 1.280000e+03
 7.200000e+02 0.000000e+00 2.246800e+01 8.870000e-01 6.490000e-01
 1.700000e+02]
deleted_idx_col 758
query_origi 613
query_idx 166
deleted_scaled [1.         0.19008759 0.75163212 0.74861813 1.         1.
 1.         0.21804237 0.61162791 0.16578238 1.         0.23223762
 0.90111339 0.89887179 1.         1.         1.         0.55048127
 0.85121951 0.67456808 1.         0.13674385 0.83796544 0.84470441
 1.         1.         1.         0.3514435  0.74752475 0.10276824
 1.         0.         0.82729382 0.82771109 1.         1.
 1.         0.35316728 0.735363   0.01799714]
deleted_not_scaled [1.20000000e+01 8.93124763e-01 1.51142850e+04 3.84280700e+06
 3.84000000e+03 2.16000000e+03 1.00000000e+00 2.37980000e+01
 8.33000000e-01 1.59980000e+01 1.20000000e+01 7.62099006e-01
 1.80554810e+04 4.59737700e+06 3.84000000e+03 2.16000000e+03
 1.00000000e+00 3.22070000e+01 9.36000000e-01 6.25500000e+01
 1.20000000e+01 6.72254486e-01 1.61634780e+04 4.12168700e+06
 3.84000000e+03 2.16000000e+03 1.00000000e+00 2.64120000e+01
 8.93000000e-01 9.30700000e+00 1.20000000e+01 0.00000000e+00
 1.66017110e+04 4.23966200e+06 3.84000000e+03 2.16000000e+03
 1.00000000e+00 2.53030000e+01 8.84000000e-01 1.70100000e+00
 7.10000000e+01]
deleted_idx_col 166
query_origi 463
query_idx 825
deleted_scaled [0.5        0.         0.10751983 0.10720126 0.27272727 0.27272727
 0.         0.15932218 0.33488372 0.26926425 0.08333333 0.
 0.0087978  0.00883287 0.01818182 0.01818182 0.         0.38921961
 0.55853659 0.         0.5        0.         0.11516504 0.11629432
 0.27272727 0.27272727 0.         0.11498488 0.38861386 0.4302861
 0.41666667 0.         0.07323318 0.07343083 0.18181818 0.17171717
 0.         0.25292818 0.63466042 0.22458869]
deleted_not_scaled [6.000000e+00 0.000000e+00 2.442662e+03 6.219630e+05 1.280000e+03
 7.200000e+02 0.000000e+00 2.105700e+01 7.140000e-01 2.598400e+01
 1.000000e+00 0.000000e+00 5.050190e+02 1.287800e+05 3.840000e+02
 2.160000e+02 0.000000e+00 2.676200e+01 8.160000e-01 0.000000e+00
 6.000000e+00 0.000000e+00 2.498510e+03 6.380570e+05 1.280000e+03
 7.200000e+02 0.000000e+00 1.781200e+01 7.480000e-01 3.896800e+01
 5.000000e+00 0.000000e+00 1.762416e+03 4.507380e+05 9.600000e+02
 5.200000e+02 0.000000e+00 2.199100e+01 8.410000e-01 2.122700e+01
 2.830000e+02]
deleted_idx_col 825
query_origi 23
query_idx 921
deleted_scaled [0.         0.         0.00183338 0.00182617 0.         0.
 0.         0.19002121 0.60465116 0.         0.         0.
 0.00171844 0.00181549 0.         0.         0.         0.60657486
 0.78292683 0.05217523 0.16666667 0.         0.02004016 0.01995332
 0.05454545 0.05454545 0.         0.40371185 0.54207921 0.42040348
 0.08333333 0.         0.00786085 0.00773068 0.01818182 0.01818182
 0.         0.28119609 0.22716628 0.        ]
deleted_not_scaled [0.00000e+00 0.00000e+00 3.63492e+02 9.28270e+04 3.20000e+02 1.80000e+02
 0.00000e+00 2.24900e+01 8.30000e-01 0.00000e+00 0.00000e+00 0.00000e+00
 3.65779e+02 9.35480e+04 3.20000e+02 1.80000e+02 0.00000e+00 3.41010e+01
 9.08000e-01 4.83800e+00 2.00000e+00 0.00000e+00 7.00118e+02 1.77305e+05
 5.12000e+02 2.88000e+02 0.00000e+00 2.83130e+01 8.10000e-01 3.80730e+01
 1.00000e+00 0.00000e+00 4.75942e+02 1.20711e+05 3.84000e+02 2.16000e+02
 0.00000e+00 2.29250e+01 6.67000e-01 0.00000e+00 8.90000e+01]
deleted_idx_col 921
query_origi 440
query_idx 143
deleted_scaled [1.00000000e+00 2.08096526e-01 8.20943503e-01 8.20530396e-01
 1.00000000e+00 1.00000000e+00 1.00000000e+00 1.51202896e-01
 6.23255814e-01 5.07772021e-04 1.00000000e+00 4.49408683e-01
 8.31558079e-01 8.32399263e-01 1.00000000e+00 1.00000000e+00
 1.00000000e+00 1.89930401e-01 6.46341463e-01 2.04904773e-04
 1.00000000e+00 4.60546018e-01 8.62479351e-01 8.62462028e-01
 1.00000000e+00 1.00000000e+00 1.00000000e+00 1.70030245e-01
 5.81683168e-01 2.67658978e-02 1.00000000e+00 0.00000000e+00
 8.90061578e-01 8.83406318e-01 1.00000000e+00 1.00000000e+00
 1.00000000e+00 9.39287552e-01 9.50819672e-01 9.72268952e-01]
deleted_not_scaled [1.20000000e+01 9.77739579e-01 1.64778480e+04 4.20391100e+06
 3.84000000e+03 2.16000000e+03 1.00000000e+00 2.06780000e+01
 8.38000000e-01 4.90000000e-02 1.20000000e+01 1.47475634e+00
 1.66874360e+04 4.26364000e+06 3.84000000e+03 2.16000000e+03
 1.00000000e+00 2.00330000e+01 8.52000000e-01 1.90000000e-02
 1.20000000e+01 2.26411736e+00 1.66269280e+04 4.20661300e+06
 3.84000000e+03 2.16000000e+03 1.00000000e+00 1.98140000e+01
 8.26000000e-01 2.42400000e+00 1.20000000e+01 0.00000000e+00
 1.78369290e+04 4.51943200e+06 3.84000000e+03 2.16000000e+03
 1.00000000e+00 4.46690000e+01 9.76000000e-01 9.18940000e+01
 1.94000000e+02]
deleted_idx_col 143
query_origi 801
query_idx 133
deleted_scaled [1.         0.06425106 0.83882684 0.83840531 1.         1.
 1.         0.02911373 0.18837209 0.11798964 1.         0.24353603
 0.81394855 0.81477355 1.         1.         1.         0.14337332
 0.3804878  0.02266894 1.         0.02986542 1.         1.
 1.         1.         1.         0.77165246 0.88366337 1.
 1.         0.         0.8058257  0.79979121 1.         1.
 1.         0.08680125 0.52459016 0.11470137]
deleted_not_scaled [1.20000000e+01 3.01883015e-01 1.68296670e+04 4.29366900e+06
 3.84000000e+03 2.16000000e+03 1.00000000e+00 1.49790000e+01
 6.51000000e-01 1.13860000e+01 1.20000000e+01 7.99175276e-01
 1.63410840e+04 4.17514700e+06 3.84000000e+03 2.16000000e+03
 1.00000000e+00 1.84610000e+01 7.43000000e-01 2.10200000e+00
 1.20000000e+01 1.46823144e-01 1.92268370e+04 4.86439000e+06
 3.84000000e+03 2.16000000e+03 1.00000000e+00 4.16950000e+01
 9.48000000e-01 9.05630000e+01 1.20000000e+01 0.00000000e+00
 1.61792360e+04 4.09941400e+06 3.84000000e+03 2.16000000e+03
 1.00000000e+00 1.65020000e+01 7.94000000e-01 1.08410000e+01
 2.39000000e+02]
deleted_idx_col 133
query_origi 356
query_idx 958
deleted_scaled [5.83333333e-01 1.20280934e-01 1.45589568e-01 1.44225017e-01
 2.72727273e-01 2.72727273e-01 0.00000000e+00 2.14229097e-04
 4.16279070e-01 5.41347150e-01 5.83333333e-01 0.00000000e+00
 1.53773046e-01 1.52654543e-01 2.72727273e-01 2.72727273e-01
 0.00000000e+00 1.89545387e-02 4.00000000e-01 6.58132563e-01
 5.00000000e-01 0.00000000e+00 9.44611091e-02 9.47876346e-02
 2.72727273e-01 2.72727273e-01 0.00000000e+00 5.86747319e-02
 1.58415842e-01 7.94474565e-02 5.00000000e-01 0.00000000e+00
 1.07942760e-01 1.07538156e-01 2.72727273e-01 2.72727273e-01
 0.00000000e+00 1.61526588e-01 1.70960187e-01 7.44961117e-02]
deleted_not_scaled [7.00000000e+00 5.65138842e-01 3.19160800e+03 8.07876000e+05
 1.28000000e+03 7.20000000e+02 0.00000000e+00 1.36300000e+01
 7.49000000e-01 5.22400000e+01 7.00000000e+00 0.00000000e+00
 3.35645700e+03 8.50862000e+05 1.28000000e+03 7.20000000e+02
 0.00000000e+00 1.42600000e+01 7.51000000e-01 6.10260000e+01
 6.00000000e+00 0.00000000e+00 2.10709000e+03 5.35201000e+05
 1.28000000e+03 7.20000000e+02 0.00000000e+00 1.57640000e+01
 6.55000000e-01 7.19500000e+00 6.00000000e+00 0.00000000e+00
 2.44547200e+03 6.22067000e+05 1.28000000e+03 7.20000000e+02
 0.00000000e+00 1.89710000e+01 6.43000000e-01 7.04100000e+00
 2.34000000e+02]
deleted_idx_col 958
query_origi 516
query_idx 862
deleted_scaled [0.41666667 0.         0.07784816 0.07741665 0.18181818 0.17171717
 0.         0.1509244  0.5255814  0.27370984 0.41666667 0.
 0.07746712 0.07724597 0.18181818 0.17171717 0.         0.73780542
 0.82926829 0.85053814 0.41666667 0.         0.08094447 0.08155463
 0.18181818 0.17171717 0.         0.19166896 0.4529703  0.23032585
 0.41666667 0.         0.08043455 0.08045658 0.18181818 0.17171717
 0.         0.1393723  0.49648712 0.3155478 ]
deleted_not_scaled [5.000000e+00 0.000000e+00 1.858931e+03 4.724010e+05 9.600000e+02
 5.200000e+02 0.000000e+00 2.066500e+01 7.960000e-01 2.641300e+01
 5.000000e+00 0.000000e+00 1.855638e+03 4.722600e+05 9.600000e+02
 5.200000e+02 0.000000e+00 3.853200e+01 9.270000e-01 7.886700e+01
 5.000000e+00 0.000000e+00 1.851550e+03 4.719140e+05 9.600000e+02
 5.200000e+02 0.000000e+00 2.060100e+01 7.740000e-01 2.085900e+01
 5.000000e+00 0.000000e+00 1.904133e+03 4.860300e+05 9.600000e+02
 5.200000e+02 0.000000e+00 1.823900e+01 7.820000e-01 2.982400e+01
 1.010000e+02]
deleted_idx_col 862
query_origi 346
query_idx 891
deleted_scaled [0.5        0.         0.10792816 0.10718155 0.27272727 0.27272727
 0.         0.77936545 0.98837209 0.65370984 0.5        0.
 0.10747803 0.1069842  0.27272727 0.27272727 0.         0.91363838
 1.         0.80238552 0.41666667 0.         0.08173371 0.08220345
 0.18181818 0.17171717 0.         0.6571625  0.59405941 0.56876429
 0.41666667 0.         0.0796243  0.0795054  0.18181818 0.17171717
 0.         0.15692624 0.44262295 0.33453949]
deleted_not_scaled [6.000000e+00 0.000000e+00 2.450695e+03 6.218640e+05 1.280000e+03
 7.200000e+02 0.000000e+00 5.000000e+01 9.950000e-01 6.308300e+01
 6.000000e+00 0.000000e+00 2.445906e+03 6.215660e+05 1.280000e+03
 7.200000e+02 0.000000e+00 4.446900e+01 9.970000e-01 7.440200e+01
 5.000000e+00 0.000000e+00 1.866471e+03 4.750170e+05 9.600000e+02
 5.200000e+02 0.000000e+00 3.753100e+01 8.310000e-01 5.150900e+01
 5.000000e+00 0.000000e+00 1.888188e+03 4.812520e+05 9.600000e+02
 5.200000e+02 0.000000e+00 1.881900e+01 7.590000e-01 3.161900e+01
 2.000000e+00]
deleted_idx_col 891
query_origi 162
query_idx 713
deleted_scaled [0.33333333 0.         0.04205631 0.04152325 0.09090909 0.09090909
 0.         0.13145097 0.62093023 0.12650777 0.33333333 0.29525191
 0.04266895 0.04228972 0.09090909 0.09090909 0.         0.79854879
 0.92195122 0.76774583 0.25       0.         0.02920258 0.02921728
 0.05454545 0.05454545 0.         0.26829805 0.72029703 0.18927156
 0.16666667 0.         0.01856703 0.01845386 0.05454545 0.05454545
 0.         0.36424442 0.74004684 0.25986351]
deleted_not_scaled [4.00000000e+00 0.00000000e+00 1.15479800e+03 2.92164000e+05
 6.40000000e+02 3.60000000e+02 0.00000000e+00 1.97560000e+01
 8.37000000e-01 1.22080000e+01 4.00000000e+00 9.68883427e-01
 1.17121200e+03 2.96756000e+05 6.40000000e+02 3.60000000e+02
 0.00000000e+00 4.05830000e+01 9.65000000e-01 7.11900000e+01
 3.00000000e+00 0.00000000e+00 8.73339000e+02 2.21610000e+05
 5.12000000e+02 2.88000000e+02 0.00000000e+00 2.33880000e+01
 8.82000000e-01 1.71410000e+01 2.00000000e+00 0.00000000e+00
 6.86631000e+02 1.74576000e+05 5.12000000e+02 2.88000000e+02
 0.00000000e+00 2.56690000e+01 8.86000000e-01 2.45610000e+01
 1.96000000e+02]
deleted_idx_col 713
query_origi 518
query_idx 956
deleted_scaled [0.91666667 0.         0.55408038 0.55491161 1.         1.
 0.         0.56423659 0.89767442 0.92324352 1.         0.
 0.79254346 0.78581789 1.         1.         1.         0.11091367
 0.55853659 0.06331557 0.91666667 0.         0.63165619 0.63289188
 1.         1.         0.         0.12719274 0.17821782 0.07808929
 0.91666667 0.         0.5727449  0.56958201 1.         1.
 0.         0.2093157  0.55503513 0.05887954]
deleted_not_scaled [1.1000000e+01 0.0000000e+00 1.1227849e+04 2.8701190e+06 3.8400000e+03
 2.1600000e+03 0.0000000e+00 3.9958000e+01 9.5600000e-01 8.9093000e+01
 1.2000000e+01 0.0000000e+00 1.5920079e+04 4.0297700e+06 3.8400000e+03
 2.1600000e+03 1.0000000e+00 1.7365000e+01 8.1600000e-01 5.8710000e+00
 1.1000000e+01 0.0000000e+00 1.2263080e+04 3.1086910e+06 3.8400000e+03
 2.1600000e+03 0.0000000e+00 1.8256000e+01 6.6300000e-01 7.0720000e+00
 1.1000000e+01 0.0000000e+00 1.1592397e+04 2.9430200e+06 3.8400000e+03
 2.1600000e+03 0.0000000e+00 2.0550000e+01 8.0700000e-01 5.5650000e+00
 2.4800000e+02]
deleted_idx_col 956
query_origi 237
query_idx 597
deleted_scaled [0.33333333 0.         0.0445079  0.04401317 0.09090909 0.09090909
 0.         0.32209345 0.5744186  0.47564767 0.41666667 0.
 0.07597799 0.07544303 0.18181818 0.17171717 0.         0.25031838
 0.13902439 0.33250652 0.41666667 0.         0.08128437 0.08155714
 0.18181818 0.17171717 0.         0.23172945 0.12871287 0.3197001
 0.58333333 0.         0.14040392 0.13988726 0.27272727 0.27272727
 0.         0.35458975 0.48946136 0.33697297]
deleted_not_scaled [4.000000e+00 0.000000e+00 1.203028e+03 3.046670e+05 6.400000e+02
 3.600000e+02 0.000000e+00 2.865500e+01 8.170000e-01 4.590000e+01
 5.000000e+00 0.000000e+00 1.826349e+03 4.632080e+05 9.600000e+02
 5.200000e+02 0.000000e+00 2.207200e+01 6.440000e-01 3.083200e+01
 5.000000e+00 0.000000e+00 1.857976e+03 4.719260e+05 9.600000e+02
 5.200000e+02 0.000000e+00 2.205800e+01 6.430000e-01 2.895300e+01
 7.000000e+00 0.000000e+00 3.084281e+03 7.845640e+05 1.280000e+03
 7.200000e+02 0.000000e+00 2.535000e+01 7.790000e-01 3.184900e+01
 9.100000e+01]
deleted_idx_col 597
query_origi 182
query_idx 104
deleted_scaled [0.41666667 0.96208746 0.07950545 0.07911377 0.18181818 0.17171717
 0.         0.21917779 0.62790698 0.31003109 0.25       0.04787334
 0.02987424 0.02981869 0.05454545 0.05454545 0.         0.54275137
 0.84634146 0.5697539  0.08333333 0.         0.00701189 0.00707662
 0.01818182 0.01818182 0.         0.35732747 0.76485149 0.00500204
 0.         0.         0.00211767 0.00215061 0.         0.
 0.         0.36463787 0.76346604 0.        ]
deleted_not_scaled [5.00000000e+00 4.52035891e+00 1.89153500e+03 4.80923000e+05
 9.60000000e+02 5.20000000e+02 0.00000000e+00 2.38510000e+01
 8.40000000e-01 2.99180000e+01 3.00000000e+00 1.57098684e-01
 9.19560000e+02 2.34143000e+05 5.12000000e+02 2.88000000e+02
 0.00000000e+00 3.19460000e+01 9.34000000e-01 5.28310000e+01
 1.00000000e+00 0.00000000e+00 4.53811000e+02 1.15722000e+05
 3.84000000e+02 2.16000000e+02 0.00000000e+00 2.66260000e+01
 9.00000000e-01 4.53000000e-01 0.00000000e+00 0.00000000e+00
 3.62921000e+02 9.26810000e+04 3.20000000e+02 1.80000000e+02
 0.00000000e+00 2.56820000e+01 8.96000000e-01 0.00000000e+00
 7.10000000e+01]
deleted_idx_col 104
query_origi 291
query_idx 771
deleted_scaled [0.08333333 0.         0.00877278 0.00858238 0.01818182 0.01818182
 0.         0.27588423 0.64651163 0.02063212 0.25       0.
 0.02783606 0.02765424 0.05454545 0.05454545 0.         0.37334518
 0.57560976 0.28401958 0.41666667 0.         0.08112347 0.08149253
 0.18181818 0.17171717 0.         0.31495738 0.53465347 0.21501055
 0.58333333 0.         0.14022825 0.13986556 0.27272727 0.27272727
 0.         0.36460761 0.69086651 0.40824208]
deleted_not_scaled [1.000000e+00 0.000000e+00 5.000110e+02 1.267530e+05 3.840000e+02
 2.160000e+02 0.000000e+00 2.649800e+01 8.480000e-01 1.991000e+00
 3.000000e+00 0.000000e+00 8.794720e+02 2.232760e+05 5.120000e+02
 2.880000e+02 0.000000e+00 2.622600e+01 8.230000e-01 2.633600e+01
 5.000000e+00 0.000000e+00 1.854934e+03 4.716170e+05 9.600000e+02
 5.200000e+02 0.000000e+00 2.508500e+01 8.070000e-01 1.947200e+01
 7.000000e+00 0.000000e+00 3.080824e+03 7.844550e+05 1.280000e+03
 7.200000e+02 0.000000e+00 2.568100e+01 8.650000e-01 3.858500e+01
 9.000000e+00]
deleted_idx_col 771
query_origi 905
query_idx 213
deleted_scaled [1.         0.17254221 0.87674073 0.87280113 1.         1.
 1.         0.19672658 0.72093023 0.         1.         0.21357078
 0.8699544  0.86735671 1.         1.         1.         0.19834148
 0.58780488 0.02023165 1.         0.07643264 0.88407804 0.89074215
 1.         1.         1.         0.76271652 0.89356436 0.92625023
 1.         0.         0.73682465 0.73719982 1.         1.
 1.         0.22045338 0.56206089 0.03144474]
deleted_not_scaled [1.20000000e+01 8.10687978e-01 1.75755470e+04 4.46638600e+06
 3.84000000e+03 2.16000000e+03 1.00000000e+00 2.28030000e+01
 8.80000000e-01 0.00000000e+00 1.20000000e+01 7.00842850e-01
 1.74426320e+04 4.43915000e+06 3.84000000e+03 2.16000000e+03
 1.00000000e+00 2.03170000e+01 8.28000000e-01 1.87600000e+00
 1.20000000e+01 3.75755016e-01 1.70352640e+04 4.34186300e+06
 3.84000000e+03 2.16000000e+03 1.00000000e+00 4.13700000e+01
 9.52000000e-01 8.38840000e+01 1.20000000e+01 0.00000000e+00
 1.48213520e+04 3.78500300e+06 3.84000000e+03 2.16000000e+03
 1.00000000e+00 2.09180000e+01 8.10000000e-01 2.97200000e+00
 2.14000000e+02]
deleted_idx_col 213
query_origi 668
query_idx 120
deleted_scaled [1.         0.5972508  0.74957697 0.7506986  1.         1.
 1.         0.03065618 0.33488372 0.00432124 1.         0.32004784
 0.83226825 0.82520959 1.         1.         1.         0.34201096
 0.60487805 0.00143433 1.         0.10205953 0.86653995 0.86826944
 1.         1.         1.         0.45444047 0.68564356 0.28951117
 1.         0.         0.89262551 0.88773182 1.         1.
 1.         0.27266124 0.71662763 0.00135428]
deleted_not_scaled [1.20000000e+01 2.80617727e+00 1.50738540e+04 3.85325400e+06
 3.84000000e+03 2.16000000e+03 1.00000000e+00 1.50510000e+01
 7.14000000e-01 4.17000000e-01 1.20000000e+01 1.05025247e+00
 1.67014040e+04 4.22754300e+06 3.84000000e+03 2.16000000e+03
 1.00000000e+00 2.51680000e+01 8.35000000e-01 1.33000000e-01
 1.20000000e+01 5.01740855e-01 1.67036960e+04 4.23438700e+06
 3.84000000e+03 2.16000000e+03 1.00000000e+00 3.01580000e+01
 8.68000000e-01 2.62190000e+01 1.20000000e+01 0.00000000e+00
 1.78873850e+04 4.54116000e+06 3.84000000e+03 2.16000000e+03
 1.00000000e+00 2.26430000e+01 8.76000000e-01 1.28000000e-01
 2.63000000e+02]
deleted_idx_col 120
query_origi 134
query_idx 566
deleted_scaled [1.         0.         0.88993409 0.8837167  1.         1.
 1.         0.17915979 0.61162791 0.         0.91666667 0.
 0.52519764 0.52230656 1.         1.         0.         0.33555457
 0.70731707 0.01717965 1.         0.         0.873563   0.87794761
 1.         1.         1.         0.34767666 0.75       0.07602442
 1.         0.         0.8197462  0.81770339 1.         1.
 1.         0.23758361 0.66042155 0.01886473]
deleted_not_scaled [1.2000000e+01 0.0000000e+00 1.7835100e+04 4.5211980e+06 3.8400000e+03
 2.1600000e+03 1.0000000e+00 2.1983000e+01 8.3300000e-01 0.0000000e+00
 1.1000000e+01 0.0000000e+00 1.0661802e+04 2.7067650e+06 3.8400000e+03
 2.1600000e+03 0.0000000e+00 2.4950000e+01 8.7700000e-01 1.5930000e+00
 1.2000000e+01 0.0000000e+00 1.6836471e+04 4.2806730e+06 3.8400000e+03
 2.1600000e+03 1.0000000e+00 2.6275000e+01 8.9400000e-01 6.8850000e+00
 1.2000000e+01 0.0000000e+00 1.6453180e+04 4.1893910e+06 3.8400000e+03
 2.1600000e+03 1.0000000e+00 2.1484000e+01 8.5200000e-01 1.7830000e+00
 1.6700000e+02]
deleted_idx_col 566
query_origi 42
query_idx 9
deleted_scaled [1.         0.07339868 0.91099752 0.9032732  1.         1.
 1.         0.20349622 0.44883721 0.01954404 1.         0.17645214
 0.75532888 0.75004979 1.         1.         1.         0.27575892
 0.4        0.02995923 1.         0.76382005 0.86529905 0.86833384
 1.         1.         1.         0.4805609  0.69059406 0.4244559
 1.         0.         0.8909513  0.88739956 1.         1.
 1.         0.31031143 0.44496487 0.00627414]
deleted_not_scaled [1.20000000e+01 3.44862994e-01 1.82494810e+04 4.61940000e+06
 3.84000000e+03 2.16000000e+03 1.00000000e+00 2.31190000e+01
 7.63000000e-01 1.88600000e+00 1.20000000e+01 5.79036254e-01
 1.51881260e+04 3.85019000e+06 3.84000000e+03 2.16000000e+03
 1.00000000e+00 2.29310000e+01 7.51000000e-01 2.77800000e+00
 1.20000000e+01 3.75506067e+00 1.66802360e+04 4.23469500e+06
 3.84000000e+03 2.16000000e+03 1.00000000e+00 3.11080000e+01
 8.70000000e-01 3.84400000e+01 1.20000000e+01 0.00000000e+00
 1.78544380e+04 4.53949100e+06 3.84000000e+03 2.16000000e+03
 1.00000000e+00 2.38870000e+01 7.60000000e-01 5.93000000e-01
 1.21000000e+02]
deleted_idx_col 9
