query_origi 8
query_idx 12
deleted_scaled [1.66666667e-01 0.00000000e+00 1.81388678e-02 1.81228457e-02
 5.45454545e-02 5.45454545e-02 0.00000000e+00 5.45834315e-01
 8.81395349e-01 5.06466321e-01 8.33333333e-02 4.45394773e-01
 8.67475709e-03 8.77252386e-03 1.81818182e-02 1.81818182e-02
 0.00000000e+00 3.05641937e-01 7.53658537e-01 0.00000000e+00
 8.33333333e-02 0.00000000e+00 1.12787805e-02 1.11681894e-02
 1.81818182e-02 1.81818182e-02 0.00000000e+00 2.25570525e-01
 7.10396040e-01 0.00000000e+00 0.00000000e+00 0.00000000e+00
 1.92873890e-03 1.82750903e-03 0.00000000e+00 0.00000000e+00
 0.00000000e+00 2.79561757e-01 7.21311475e-01 2.11606623e-05]
deleted_not_scaled [2.00000000e+00 0.00000000e+00 6.84270000e+02 1.74660000e+05
 5.12000000e+02 2.88000000e+02 0.00000000e+00 3.90990000e+01
 9.49000000e-01 4.88740000e+01 1.00000000e+00 1.46158451e+00
 5.02599000e+02 1.28477000e+05 3.84000000e+02 2.16000000e+02
 0.00000000e+00 2.39400000e+01 8.96000000e-01 0.00000000e+00
 1.00000000e+00 0.00000000e+00 5.34479000e+02 1.35290000e+05
 3.84000000e+02 2.16000000e+02 0.00000000e+00 2.18340000e+01
 8.78000000e-01 0.00000000e+00 0.00000000e+00 0.00000000e+00
 3.59203000e+02 9.10580000e+04 3.20000000e+02 1.80000000e+02
 0.00000000e+00 2.28710000e+01 8.78000000e-01 2.00000000e-03
 2.77000000e+02]
deleted_idx_col 12
query_origi 634
query_idx 96
deleted_scaled [1.         0.06823407 0.83214581 0.82673936 1.         1.
 1.         0.31262452 0.58372093 0.07807254 1.         0.16071157
 0.83067575 0.82653571 1.         1.         1.         0.36306827
 0.48292683 0.00786187 1.         0.13351528 0.86354877 0.86831774
 1.         1.         1.         0.15515535 0.34405941 0.07892848
 1.         0.         0.8283464  0.82669601 1.         1.
 1.         0.25550074 0.54098361 0.13796752]
deleted_not_scaled [1.20000000e+01 3.20597144e-01 1.66982310e+04 4.23508900e+06
 3.84000000e+03 2.16000000e+03 1.00000000e+00 2.82130000e+01
 8.21000000e-01 7.53400000e+00 1.20000000e+01 5.27382807e-01
 1.66700820e+04 4.23420100e+06 3.84000000e+03 2.16000000e+03
 1.00000000e+00 2.58790000e+01 7.85000000e-01 7.29000000e-01
 1.20000000e+01 6.56382343e-01 1.66471460e+04 4.23461800e+06
 3.84000000e+03 2.16000000e+03 1.00000000e+00 1.92730000e+01
 7.30000000e-01 7.14800000e+00 1.20000000e+01 0.00000000e+00
 1.66224250e+04 4.23456300e+06 3.84000000e+03 2.16000000e+03
 1.00000000e+00 2.20760000e+01 8.01000000e-01 1.30400000e+01
 7.70000000e+01]
deleted_idx_col 96
query_origi 424
query_idx 447
deleted_scaled [0.41666667 0.         0.07626492 0.07624986 0.18181818 0.17171717
 0.         0.05998415 0.26976744 0.00592746 0.41666667 0.
 0.07720106 0.07739535 0.18181818 0.17171717 0.         0.18311861
 0.26829268 0.01847378 0.5        0.         0.11298563 0.11293814
 0.27272727 0.27272727 0.         0.10478416 0.43811881 0.22693595
 0.58333333 0.         0.14092483 0.13986735 0.27272727 0.27272727
 0.         0.20120456 0.70257611 0.13476168]
deleted_not_scaled [5.000000e+00 0.000000e+00 1.827784e+03 4.665420e+05 9.600000e+02
 5.200000e+02 0.000000e+00 1.642000e+01 6.860000e-01 5.720000e-01
 5.000000e+00 0.000000e+00 1.850405e+03 4.730100e+05 9.600000e+02
 5.200000e+02 0.000000e+00 1.980300e+01 6.970000e-01 1.713000e+00
 6.000000e+00 0.000000e+00 2.457307e+03 6.220060e+05 1.280000e+03
 7.200000e+02 0.000000e+00 1.744100e+01 7.680000e-01 2.055200e+01
 7.000000e+00 0.000000e+00 3.094532e+03 7.844640e+05 1.280000e+03
 7.200000e+02 0.000000e+00 2.028200e+01 8.700000e-01 1.273700e+01
 1.490000e+02]
deleted_idx_col 447
query_origi 830
query_idx 565
deleted_scaled [0.25       0.         0.03174126 0.03160699 0.05454545 0.05454545
 0.         0.12817327 0.60930233 0.16746114 0.16666667 0.
 0.01596186 0.01598948 0.05454545 0.05454545 0.         0.18122316
 0.60487805 0.19491836 0.25       0.         0.02733086 0.02764635
 0.05454545 0.05454545 0.         0.17970855 0.63118812 0.1939313
 0.25       0.         0.02889511 0.02902912 0.05454545 0.05454545
 0.         0.30292667 0.67213115 0.24516743]
deleted_not_scaled [3.00000e+00 0.00000e+00 9.51870e+02 2.42370e+05 5.12000e+02 2.88000e+02
 0.00000e+00 1.96030e+01 8.32000e-01 1.61600e+01 2.00000e+00 0.00000e+00
 6.45925e+02 1.64711e+05 5.12000e+02 2.88000e+02 0.00000e+00 1.97390e+01
 8.35000e-01 1.80740e+01 3.00000e+00 0.00000e+00 8.37953e+02 2.14097e+05
 5.12000e+02 2.88000e+02 0.00000e+00 2.01660e+01 8.46000e-01 1.75630e+01
 3.00000e+00 0.00000e+00 8.89879e+02 2.27698e+05 5.12000e+02 2.88000e+02
 0.00000e+00 2.36430e+01 8.57000e-01 2.31720e+01 2.68000e+02]
deleted_idx_col 565
query_origi 194
query_idx 519
deleted_scaled [0.5        0.         0.0916337  0.09183101 0.27272727 0.27272727
 0.         0.18554382 0.67674419 0.27235233 0.5        0.
 0.10792759 0.10700392 0.27272727 0.27272727 0.         0.16700726
 0.58292683 0.20474301 0.5        0.         0.11314966 0.11335946
 0.27272727 0.27272727 0.         0.11811933 0.53712871 0.25097446
 0.5        0.         0.10757425 0.10698891 0.27272727 0.27272727
 0.         0.45143912 0.78220141 0.49192192]
deleted_not_scaled [6.000000e+00 0.000000e+00 2.130134e+03 5.447820e+05 1.280000e+03
 7.200000e+02 0.000000e+00 2.228100e+01 8.610000e-01 2.628200e+01
 6.000000e+00 0.000000e+00 2.454748e+03 6.216650e+05 1.280000e+03
 7.200000e+02 0.000000e+00 1.925900e+01 8.260000e-01 1.898500e+01
 6.000000e+00 0.000000e+00 2.460408e+03 6.240210e+05 1.280000e+03
 7.200000e+02 0.000000e+00 1.792600e+01 8.080000e-01 2.272900e+01
 6.000000e+00 0.000000e+00 2.438220e+03 6.193080e+05 1.280000e+03
 7.200000e+02 0.000000e+00 2.855000e+01 9.040000e-01 4.649400e+01
 6.000000e+01]
deleted_idx_col 519
query_origi 90
query_idx 753
deleted_scaled [0.16666667 0.         0.01814822 0.01809815 0.05454545 0.05454545
 0.         0.0458236  0.21395349 0.38260104 0.16666667 0.
 0.01781152 0.01790516 0.05454545 0.05454545 0.         0.58735377
 0.78292683 0.51133447 0.25       0.1072546  0.02864079 0.02903704
 0.05454545 0.05454545 0.         0.09747044 0.13861386 0.3198326
 0.16666667 0.         0.02132192 0.0210504  0.05454545 0.05454545
 0.         0.08849611 0.26932084 0.28936148]
deleted_not_scaled [2.00000000e+00 0.00000000e+00 6.84454000e+02 1.74536000e+05
 5.12000000e+02 2.88000000e+02 0.00000000e+00 1.57590000e+01
 6.62000000e-01 3.69210000e+01 2.00000000e+00 0.00000000e+00
 6.82305000e+02 1.74329000e+05 5.12000000e+02 2.88000000e+02
 0.00000000e+00 3.34520000e+01 9.08000000e-01 4.74140000e+01
 3.00000000e+00 5.27280643e-01 8.62718000e+02 2.20748000e+05
 5.12000000e+02 2.88000000e+02 0.00000000e+00 1.71750000e+01
 6.47000000e-01 2.89650000e+01 2.00000000e+00 0.00000000e+00
 7.40845000e+02 1.87619000e+05 5.12000000e+02 2.88000000e+02
 0.00000000e+00 1.65580000e+01 6.85000000e-01 2.73490000e+01
 1.41000000e+02]
deleted_idx_col 753
query_origi 507
query_idx 520
deleted_scaled [0.16666667 0.         0.01820551 0.01812125 0.05454545 0.05454545
 0.         0.14927483 0.26976744 0.27471503 0.25       0.
 0.02923576 0.02927215 0.05454545 0.05454545 0.         0.04309196
 0.23170732 0.40155943 0.25       0.         0.02695838 0.02727019
 0.05454545 0.05454545 0.         0.13112455 0.43069307 0.19242958
 0.25       0.         0.03242193 0.03201545 0.05454545 0.05454545
 0.         0.68790291 0.82669789 0.58768449]
deleted_not_scaled [2.00000e+00 0.00000e+00 6.85581e+02 1.74652e+05 5.12000e+02 2.88000e+02
 0.00000e+00 2.05880e+01 6.86000e-01 2.65100e+01 3.00000e+00 0.00000e+00
 9.07002e+02 2.31399e+05 5.12000e+02 2.88000e+02 0.00000e+00 1.50750e+01
 6.82000e-01 3.72350e+01 3.00000e+00 0.00000e+00 8.30911e+02 2.12298e+05
 5.12000e+02 2.88000e+02 0.00000e+00 1.83990e+01 7.65000e-01 1.74270e+01
 3.00000e+00 0.00000e+00 9.59284e+02 2.42699e+05 5.12000e+02 2.88000e+02
 0.00000e+00 3.63630e+01 9.23000e-01 5.55450e+01 2.38000e+02]
deleted_idx_col 520
query_origi 939
query_idx 965
deleted_scaled [0.58333333 0.         0.1406007  0.13966259 0.27272727 0.27272727
 0.         0.19259196 0.4627907  0.22415544 0.58333333 0.
 0.13998004 0.139341   0.27272727 0.27272727 0.         0.6931734
 0.86585366 0.76803701 0.58333333 0.         0.14599449 0.14685337
 0.27272727 0.27272727 0.         0.17629915 0.4950495  0.31979948
 0.58333333 0.         0.1399728  0.13976383 0.27272727 0.27272727
 0.         0.20417058 0.46604215 0.33129133]
deleted_not_scaled [7.000000e+00 0.000000e+00 3.093462e+03 7.849660e+05 1.280000e+03
 7.200000e+02 0.000000e+00 2.261000e+01 7.690000e-01 2.163100e+01
 7.000000e+00 0.000000e+00 3.085170e+03 7.840190e+05 1.280000e+03
 7.200000e+02 0.000000e+00 3.702500e+01 9.420000e-01 7.121700e+01
 7.000000e+00 0.000000e+00 3.081359e+03 7.842060e+05 1.280000e+03
 7.200000e+02 0.000000e+00 2.004200e+01 7.910000e-01 2.896200e+01
 7.000000e+00 0.000000e+00 3.075797e+03 7.839440e+05 1.280000e+03
 7.200000e+02 0.000000e+00 2.038000e+01 7.690000e-01 3.131200e+01
 8.500000e+01]
deleted_idx_col 965
query_origi 707
query_idx 787
deleted_scaled [0.41666667 0.         0.07723066 0.07739953 0.18181818 0.17171717
 0.         0.55843099 0.88139535 0.85380311 0.5        0.
 0.1079645  0.10704057 0.27272727 0.27272727 0.         0.45262846
 0.56829268 0.42710782 0.5        0.         0.11274983 0.11295863
 0.27272727 0.27272727 0.         0.22680781 0.11138614 0.36018021
 0.5        0.         0.10809861 0.10751068 0.27272727 0.27272727
 0.         0.24953845 0.15456674 0.32557795]
deleted_not_scaled [5.000000e+00 0.000000e+00 1.846783e+03 4.723150e+05 9.600000e+02
 5.200000e+02 0.000000e+00 3.968700e+01 9.490000e-01 8.239200e+01
 6.000000e+00 0.000000e+00 2.455474e+03 6.218490e+05 1.280000e+03
 7.200000e+02 0.000000e+00 2.890300e+01 8.200000e-01 3.960400e+01
 6.000000e+00 0.000000e+00 2.452849e+03 6.221040e+05 1.280000e+03
 7.200000e+02 0.000000e+00 2.187900e+01 6.360000e-01 3.261900e+01
 6.000000e+00 0.000000e+00 2.448539e+03 6.219290e+05 1.280000e+03
 7.200000e+02 0.000000e+00 2.187900e+01 6.360000e-01 3.077200e+01
 9.000000e+01]
deleted_idx_col 787
query_origi 731
query_idx 630
deleted_scaled [1.         0.         0.8275702  0.82674055 1.         1.
 1.         0.27228518 0.58372093 0.22115026 1.         0.
 0.90362401 0.90408065 1.         1.         1.         0.12287872
 0.36097561 0.11227703 1.         0.         0.85407914 0.86353009
 1.         1.         1.         0.22760517 0.58415842 0.0165741
 1.         0.         0.75991337 0.75383712 1.         1.
 1.         0.2296238  0.36065574 0.06032905]
deleted_not_scaled [1.2000000e+01 0.0000000e+00 1.6608215e+04 4.2350950e+06 3.8400000e+03
 2.1600000e+03 1.0000000e+00 2.6330000e+01 8.2100000e-01 2.1341000e+01
 1.2000000e+01 0.0000000e+00 1.8104861e+04 4.6235290e+06 3.8400000e+03
 2.1600000e+03 1.0000000e+00 1.7769000e+01 7.3500000e-01 1.0411000e+01
 1.2000000e+01 0.0000000e+00 1.6468117e+04 4.2117210e+06 3.8400000e+03
 2.1600000e+03 1.0000000e+00 2.1908000e+01 8.2700000e-01 1.5010000e+00
 1.2000000e+01 0.0000000e+00 1.5275719e+04 3.8685760e+06 3.8400000e+03
 2.1600000e+03 1.0000000e+00 2.1221000e+01 7.2400000e-01 5.7020000e+00
 2.8400000e+02]
deleted_idx_col 630
query_origi 731
query_idx 775
deleted_scaled [0.25       0.         0.02576206 0.02551772 0.05454545 0.05454545
 0.         0.24842006 0.73953488 0.12557513 0.33333333 0.
 0.04256803 0.0423933  0.09090909 0.09090909 0.         0.3805716
 0.76585366 0.25173091 0.33333333 0.         0.04485181 0.04512879
 0.09090909 0.09090909 0.         0.21710201 0.67574257 0.23368263
 0.33333333 0.         0.04284411 0.0428091  0.09090909 0.09090909
 0.         0.16385703 0.70725995 0.1507803 ]
deleted_not_scaled [3.000000e+00 0.000000e+00 8.342410e+02 2.117930e+05 5.120000e+02
 2.880000e+02 0.000000e+00 2.521600e+01 8.880000e-01 1.211800e+01
 4.000000e+00 0.000000e+00 1.169227e+03 2.972760e+05 6.400000e+02
 3.600000e+02 0.000000e+00 2.647000e+01 9.010000e-01 2.334200e+01
 4.000000e+00 0.000000e+00 1.169197e+03 2.977070e+05 6.400000e+02
 3.600000e+02 0.000000e+00 2.152600e+01 8.640000e-01 2.116300e+01
 4.000000e+00 0.000000e+00 1.164384e+03 2.969180e+05 6.400000e+02
 3.600000e+02 0.000000e+00 1.904800e+01 8.720000e-01 1.425100e+01
 1.680000e+02]
deleted_idx_col 775
query_origi 588
query_idx 373
deleted_scaled [0.83333333 0.         0.39724957 0.39440206 0.63636364 0.63636364
 0.         0.31131772 0.68372093 0.40968912 0.83333333 0.
 0.39458148 0.39240194 0.63636364 0.63636364 0.         0.37396713
 0.52195122 0.38926515 0.83333333 0.         0.41139949 0.41344214
 0.63636364 0.63636364 0.         0.30646137 0.49257426 0.00171152
 0.91666667 0.         0.56930731 0.5678837  1.         1.
 0.         0.36191399 0.68618267 0.21547902]
deleted_not_scaled [1.0000000e+01 0.0000000e+00 8.1425160e+03 2.0641280e+06 2.5600000e+03
 1.4400000e+03 0.0000000e+00 2.8152000e+01 8.6400000e-01 3.9535000e+01
 1.0000000e+01 0.0000000e+00 8.0927850e+03 2.0545560e+06 2.5600000e+03
 1.4400000e+03 0.0000000e+00 2.6247000e+01 8.0100000e-01 3.6095000e+01
 1.0000000e+01 0.0000000e+00 8.0989970e+03 2.0591700e+06 2.5600000e+03
 1.4400000e+03 0.0000000e+00 2.4776000e+01 7.9000000e-01 1.5500000e-01
 1.1000000e+01 0.0000000e+00 1.1524748e+04 2.9344890e+06 3.8400000e+03
 2.1600000e+03 0.0000000e+00 2.5592000e+01 8.6300000e-01 2.0366000e+01
 9.0000000e+00]
deleted_idx_col 373
query_origi 901
query_idx 817
deleted_scaled [0.83333333 0.         0.41549813 0.41210252 0.63636364 0.63636364
 0.         0.12061098 0.58604651 0.         0.91666667 0.
 0.55685007 0.55322471 1.         1.         0.         0.12735081
 0.52926829 0.00378535 0.91666667 0.         0.60614332 0.60855697
 1.         1.         0.         0.40934836 0.76732673 0.28615439
 0.91666667 0.         0.57166793 0.56966263 1.         1.
 0.         0.33195121 0.70023419 0.07042268]
deleted_not_scaled [1.0000000e+01 0.0000000e+00 8.5015200e+03 2.1530100e+06 2.5600000e+03
 1.4400000e+03 0.0000000e+00 1.9250000e+01 8.2200000e-01 0.0000000e+00
 1.1000000e+01 0.0000000e+00 1.1284356e+04 2.8619950e+06 3.8400000e+03
 2.1600000e+03 0.0000000e+00 1.7920000e+01 8.0400000e-01 3.5100000e-01
 1.1000000e+01 0.0000000e+00 1.1780744e+04 2.9923090e+06 3.8400000e+03
 2.1600000e+03 0.0000000e+00 2.8518000e+01 9.0100000e-01 2.5915000e+01
 1.1000000e+01 0.0000000e+00 1.1571203e+04 2.9434250e+06 3.8400000e+03
 2.1600000e+03 0.0000000e+00 2.4602000e+01 8.6900000e-01 6.6560000e+00
 6.1000000e+01]
deleted_idx_col 817
query_origi 547
query_idx 75
deleted_scaled [0.5        0.04502675 0.09958637 0.0990594  0.27272727 0.27272727
 0.         0.19709077 0.73255814 0.13915026 0.41666667 0.16713891
 0.08000927 0.07978049 0.18181818 0.17171717 0.         0.19555753
 0.60243902 0.01341587 0.41666667 0.06736392 0.08543838 0.08608238
 0.18181818 0.17171717 0.         0.69991751 0.86138614 0.70288087
 0.41666667 0.         0.07077551 0.07084046 0.18181818 0.17171717
 0.         0.22217851 0.58548009 0.01965826]
deleted_not_scaled [6.00000000e+00 2.11557784e-01 2.28658700e+03 5.81079000e+05
 1.28000000e+03 7.20000000e+02 0.00000000e+00 2.28200000e+01
 8.85000000e-01 1.34280000e+01 5.00000000e+00 5.48474420e-01
 1.90563800e+03 4.84985000e+05 9.60000000e+02 5.20000000e+02
 0.00000000e+00 2.02230000e+01 8.34000000e-01 1.24400000e+00
 5.00000000e+00 3.31171723e-01 1.93651000e+03 4.93568000e+05
 9.60000000e+02 5.20000000e+02 0.00000000e+00 3.90860000e+01
 9.39000000e-01 6.36550000e+01 5.00000000e+00 0.00000000e+00
 1.71405100e+03 4.37726000e+05 9.60000000e+02 5.20000000e+02
 0.00000000e+00 2.09750000e+01 8.20000000e-01 1.85800000e+00
 2.14000000e+02]
deleted_idx_col 75
query_origi 245
query_idx 574
deleted_scaled [0.91666667 0.         0.57000759 0.5697133  1.         1.
 0.         0.02924227 0.2        0.11596891 0.91666667 0.
 0.56505575 0.56565212 1.         1.         0.         0.14295869
 0.38780488 0.02176304 1.         0.         1.         1.
 1.         1.         1.         0.77165246 0.88366337 1.
 0.91666667 0.         0.54587625 0.54175749 1.         1.
 0.         0.08686178 0.52693208 0.11360102]
deleted_not_scaled [1.1000000e+01 0.0000000e+00 1.1541185e+04 2.9444450e+06 3.8400000e+03
 2.1600000e+03 0.0000000e+00 1.4985000e+01 6.5600000e-01 1.1191000e+01
 1.1000000e+01 0.0000000e+00 1.1445749e+04 2.9243890e+06 3.8400000e+03
 2.1600000e+03 0.0000000e+00 1.8447000e+01 7.4600000e-01 2.0180000e+00
 1.2000000e+01 0.0000000e+00 1.9226837e+04 4.8643900e+06 3.8400000e+03
 2.1600000e+03 1.0000000e+00 4.1695000e+01 9.4800000e-01 9.0563000e+01
 1.1000000e+01 0.0000000e+00 1.1063644e+04 2.8032510e+06 3.8400000e+03
 2.1600000e+03 0.0000000e+00 1.6504000e+01 7.9500000e-01 1.0737000e+01
 2.3900000e+02]
deleted_idx_col 574
query_origi 44
query_idx 863
deleted_scaled [1.         0.         0.82340708 0.82093586 1.         1.
 1.         0.1952484  0.44418605 0.11318135 1.         0.
 0.82168724 0.82046621 1.         1.         1.         0.24398045
 0.27804878 0.0834286  1.         0.         0.93754144 0.94602355
 1.         1.         1.         0.47159747 0.70792079 0.47770061
 0.91666667 0.         0.52203562 0.52283799 1.         1.
 0.         0.38137466 0.56206089 0.12170555]
deleted_not_scaled [1.2000000e+01 0.0000000e+00 1.6526314e+04 4.2059470e+06 3.8400000e+03
 2.1600000e+03 1.0000000e+00 2.2734000e+01 7.6100000e-01 1.0922000e+01
 1.2000000e+01 0.0000000e+00 1.6493292e+04 4.2037280e+06 3.8400000e+03
 2.1600000e+03 1.0000000e+00 2.1858000e+01 7.0100000e-01 7.7360000e+00
 1.2000000e+01 0.0000000e+00 1.8046021e+04 4.6062470e+06 3.8400000e+03
 2.1600000e+03 1.0000000e+00 3.0782000e+01 8.7700000e-01 4.3262000e+01
 1.1000000e+01 0.0000000e+00 1.0594480e+04 2.7082140e+06 3.8400000e+03
 2.1600000e+03 0.0000000e+00 2.6235000e+01 8.1000000e-01 1.1503000e+01
 1.1700000e+02]
deleted_idx_col 863
query_origi 310
query_idx 263
deleted_scaled [1.         0.0963579  0.69254668 0.68698476 1.         1.
 1.         0.08875511 0.59302326 0.00439378 1.         0.12458517
 0.81636486 0.81107166 1.         1.         1.         0.0748112
 0.4097561  0.02000518 1.         0.12317322 0.86481988 0.86828867
 1.         1.         1.         0.73610118 0.88118812 0.9886267
 1.         0.         0.88197491 0.87889846 1.         1.
 1.         0.17635665 0.70725995 0.10636407]
deleted_not_scaled [1.20000000e+01 4.52736692e-01 1.39518970e+04 3.53331800e+06
 3.84000000e+03 2.16000000e+03 1.00000000e+00 1.77630000e+01
 8.25000000e-01 4.24000000e-01 1.20000000e+01 4.08832258e-01
 1.63886090e+04 4.15656100e+06 3.84000000e+03 2.16000000e+03
 1.00000000e+00 1.61460000e+01 7.55000000e-01 1.85500000e+00
 1.20000000e+01 6.05539096e-01 1.66711770e+04 4.23447900e+06
 3.84000000e+03 2.16000000e+03 1.00000000e+00 4.04020000e+01
 9.47000000e-01 8.95330000e+01 1.20000000e+01 0.00000000e+00
 1.76777900e+04 4.49678800e+06 3.84000000e+03 2.16000000e+03
 1.00000000e+00 1.94610000e+01 8.72000000e-01 1.00530000e+01
 2.19000000e+02]
deleted_idx_col 263
query_origi 852
query_idx 206
deleted_scaled [1.         0.1290645  0.84926373 0.84841317 1.         1.
 1.         0.61413055 0.92093023 0.77       1.         0.13462823
 0.83248962 0.83291573 1.         1.         1.         0.33987857
 0.78536585 0.07772362 1.         0.12302871 0.81253047 0.82152455
 1.         1.         1.         0.68199065 0.80940594 0.81206453
 1.         0.         0.83331028 0.82665719 1.         1.
 1.         0.15577616 0.42388759 0.03134952]
deleted_not_scaled [1.20000000e+01 6.06408352e-01 1.70349920e+04 4.34392300e+06
 3.84000000e+03 2.16000000e+03 1.00000000e+00 4.22870000e+01
 9.66000000e-01 7.43050000e+01 1.20000000e+01 4.41789066e-01
 1.67057580e+04 4.26623300e+06 3.84000000e+03 2.16000000e+03
 1.00000000e+00 2.50960000e+01 9.09000000e-01 7.20700000e+00
 1.20000000e+01 6.04828658e-01 1.56826150e+04 4.01082900e+06
 3.84000000e+03 2.16000000e+03 1.00000000e+00 3.84340000e+01
 9.18000000e-01 7.35430000e+01 1.20000000e+01 0.00000000e+00
 1.67201100e+04 4.23436800e+06 3.84000000e+03 2.16000000e+03
 1.00000000e+00 1.87810000e+01 7.51000000e-01 2.96300000e+00
 1.86000000e+02]
deleted_idx_col 206
query_origi 44
query_idx 9
deleted_scaled [1.         0.07339868 0.91099752 0.9032732  1.         1.
 1.         0.20349622 0.44883721 0.01954404 1.         0.17645214
 0.75532888 0.75004979 1.         1.         1.         0.27575892
 0.4        0.02995923 1.         0.76382005 0.86529905 0.86833384
 1.         1.         1.         0.4805609  0.69059406 0.4244559
 1.         0.         0.8909513  0.88739956 1.         1.
 1.         0.31031143 0.44496487 0.00627414]
deleted_not_scaled [1.20000000e+01 3.44862994e-01 1.82494810e+04 4.61940000e+06
 3.84000000e+03 2.16000000e+03 1.00000000e+00 2.31190000e+01
 7.63000000e-01 1.88600000e+00 1.20000000e+01 5.79036254e-01
 1.51881260e+04 3.85019000e+06 3.84000000e+03 2.16000000e+03
 1.00000000e+00 2.29310000e+01 7.51000000e-01 2.77800000e+00
 1.20000000e+01 3.75506067e+00 1.66802360e+04 4.23469500e+06
 3.84000000e+03 2.16000000e+03 1.00000000e+00 3.11080000e+01
 8.70000000e-01 3.84400000e+01 1.20000000e+01 0.00000000e+00
 1.78544380e+04 4.53949100e+06 3.84000000e+03 2.16000000e+03
 1.00000000e+00 2.38870000e+01 7.60000000e-01 5.93000000e-01
 1.21000000e+02]
deleted_idx_col 9
query_origi 451
query_idx 143
deleted_scaled [1.00000000e+00 2.08096526e-01 8.20943503e-01 8.20530396e-01
 1.00000000e+00 1.00000000e+00 1.00000000e+00 1.51202896e-01
 6.23255814e-01 5.07772021e-04 1.00000000e+00 4.49408683e-01
 8.31558079e-01 8.32399263e-01 1.00000000e+00 1.00000000e+00
 1.00000000e+00 1.89930401e-01 6.46341463e-01 2.04904773e-04
 1.00000000e+00 4.60546018e-01 8.62479351e-01 8.62462028e-01
 1.00000000e+00 1.00000000e+00 1.00000000e+00 1.70030245e-01
 5.81683168e-01 2.67658978e-02 1.00000000e+00 0.00000000e+00
 8.90061578e-01 8.83406318e-01 1.00000000e+00 1.00000000e+00
 1.00000000e+00 9.39287552e-01 9.50819672e-01 9.72268952e-01]
deleted_not_scaled [1.20000000e+01 9.77739579e-01 1.64778480e+04 4.20391100e+06
 3.84000000e+03 2.16000000e+03 1.00000000e+00 2.06780000e+01
 8.38000000e-01 4.90000000e-02 1.20000000e+01 1.47475634e+00
 1.66874360e+04 4.26364000e+06 3.84000000e+03 2.16000000e+03
 1.00000000e+00 2.00330000e+01 8.52000000e-01 1.90000000e-02
 1.20000000e+01 2.26411736e+00 1.66269280e+04 4.20661300e+06
 3.84000000e+03 2.16000000e+03 1.00000000e+00 1.98140000e+01
 8.26000000e-01 2.42400000e+00 1.20000000e+01 0.00000000e+00
 1.78369290e+04 4.51943200e+06 3.84000000e+03 2.16000000e+03
 1.00000000e+00 4.46690000e+01 9.76000000e-01 9.18940000e+01
 1.94000000e+02]
deleted_idx_col 143
query_origi 69
query_idx 153
deleted_scaled [1.         0.17798595 0.81640739 0.81110085 1.         1.
 1.         0.05411427 0.43023256 0.0192228  1.         0.46596187
 0.83073142 0.82659108 1.         1.         1.         0.79318821
 0.87804878 0.96556521 1.         0.25633486 0.91806408 0.92313621
 1.         1.         1.         0.16032444 0.69554455 0.1110056
 1.         0.         0.81001027 0.80839623 1.         1.
 1.         0.22417602 0.69789227 0.00896154]
deleted_not_scaled [1.20000000e+01 8.36265331e-01 1.63886090e+04 4.15656100e+06
 3.84000000e+03 2.16000000e+03 1.00000000e+00 1.61460000e+01
 7.55000000e-01 1.85500000e+00 1.20000000e+01 1.52907642e+00
 1.66711770e+04 4.23447900e+06 3.84000000e+03 2.16000000e+03
 1.00000000e+00 4.04020000e+01 9.47000000e-01 8.95330000e+01
 1.20000000e+01 1.26018286e+00 1.76777900e+04 4.49678800e+06
 3.84000000e+03 2.16000000e+03 1.00000000e+00 1.94610000e+01
 8.72000000e-01 1.00530000e+01 1.20000000e+01 0.00000000e+00
 1.62615850e+04 4.14263900e+06 3.84000000e+03 2.16000000e+03
 1.00000000e+00 2.10410000e+01 8.68000000e-01 8.47000000e-01
 2.20000000e+02]
deleted_idx_col 153
query_origi 590
query_idx 512
deleted_scaled [1.         0.         0.82901309 0.82652548 1.         1.
 1.         0.19274192 0.41395349 0.1333057  0.91666667 0.
 0.568473   0.5676393  1.         1.         0.         0.75205094
 0.86097561 0.90601342 0.91666667 0.         0.59103572 0.59639223
 1.         1.         0.         0.12930987 0.20792079 0.11357839
 1.         0.         0.8818089  0.8831312  1.         1.
 1.         0.05456857 0.16627635 0.16620642]
deleted_not_scaled [1.2000000e+01 0.0000000e+00 1.6636601e+04 4.2340150e+06 3.8400000e+03
 2.1600000e+03 1.0000000e+00 2.2617000e+01 7.4800000e-01 1.2864000e+01
 1.1000000e+01 0.0000000e+00 1.1512961e+04 2.9343660e+06 3.8400000e+03
 2.1600000e+03 0.0000000e+00 3.9013000e+01 9.4000000e-01 8.4011000e+01
 1.1000000e+01 0.0000000e+00 1.1495126e+04 2.9341310e+06 3.8400000e+03
 2.1600000e+03 0.0000000e+00 1.8333000e+01 6.7500000e-01 1.0286000e+01
 1.2000000e+01 0.0000000e+00 1.7674523e+04 4.5180500e+06 3.8400000e+03
 2.1600000e+03 1.0000000e+00 1.5437000e+01 6.4100000e-01 1.5709000e+01
 1.3200000e+02]
deleted_idx_col 512
query_origi 599
query_idx 123
deleted_scaled [1.         0.11382056 0.82511236 0.82387286 1.         1.
 1.         0.12791619 0.28139535 0.0033057  1.         0.18074138
 0.82722093 0.82723143 1.         1.         1.         0.49465423
 0.64634146 0.65516684 1.         0.14067344 0.89616674 0.9056293
 1.         1.         1.         0.2902942  0.3539604  0.33264137
 1.         0.         0.8467863  0.83960463 1.         1.
 1.         0.09240035 0.14051522 0.12820187]
deleted_not_scaled [1.20000000e+01 5.34784847e-01 1.65598620e+04 4.22069500e+06
 3.84000000e+03 2.16000000e+03 1.00000000e+00 1.95910000e+01
 6.91000000e-01 3.19000000e-01 1.20000000e+01 5.93111573e-01
 1.66021310e+04 4.23769400e+06 3.84000000e+03 2.16000000e+03
 1.00000000e+00 3.03220000e+01 8.52000000e-01 6.07510000e+01
 1.20000000e+01 6.91572982e-01 1.72638080e+04 4.41306100e+06
 3.84000000e+03 2.16000000e+03 1.00000000e+00 2.41880000e+01
 7.34000000e-01 3.01250000e+01 1.20000000e+01 0.00000000e+00
 1.69853070e+04 4.29940600e+06 3.84000000e+03 2.16000000e+03
 1.00000000e+00 1.66870000e+01 6.30000000e-01 1.21170000e+01
 2.00000000e+01]
deleted_idx_col 123
query_origi 504
query_idx 90
deleted_scaled [0.91666667 0.21971778 0.57025209 0.56765832 1.         1.
 0.         1.         1.         1.         0.91666667 0.07854106
 0.57076489 0.5690644  1.         1.         0.         1.
 0.56829268 0.39120635 0.83333333 0.         0.44177928 0.44510939
 0.63636364 0.63636364 0.         0.14118779 0.37623762 0.05761735
 0.83333333 0.         0.35907899 0.35909438 0.63636364 0.63636364
 0.         0.03973851 0.44496487 0.16303232]
deleted_not_scaled [1.10000000e+01 1.03234195e+00 1.15459950e+04 2.93412600e+06
 3.84000000e+03 2.16000000e+03 0.00000000e+00 6.02990000e+01
 1.00000000e+00 9.65000000e+01 1.10000000e+01 2.57736305e-01
 1.15580390e+04 2.94152100e+06 3.84000000e+03 2.16000000e+03
 0.00000000e+00 4.73850000e+01 8.20000000e-01 3.62750000e+01
 1.00000000e+01 0.00000000e+00 8.67334500e+03 2.21061900e+06
 2.56000000e+03 1.44000000e+03 0.00000000e+00 1.87650000e+01
 7.43000000e-01 5.21800000e+00 1.00000000e+01 0.00000000e+00
 7.38762700e+03 1.88569200e+06 2.56000000e+03 1.44000000e+03
 0.00000000e+00 1.49470000e+01 7.60000000e-01 1.54090000e+01
 3.00000000e+00]
deleted_idx_col 90
query_origi 566
query_idx 904
deleted_scaled [0.91666667 0.         0.56771912 0.56828443 1.         1.
 0.         0.13494291 0.52790698 0.02059067 0.91666667 0.
 0.57237336 0.56720549 1.         1.         0.         0.32714349
 0.54634146 0.04479865 1.         0.         0.86700315 0.86829683
 1.         1.         1.         0.24817157 0.47524752 0.01531531
 0.91666667 0.         0.57142986 0.56798622 1.         1.
 0.         0.2728731  0.45433255 0.02747712]
deleted_not_scaled [1.1000000e+01 0.0000000e+00 1.1496164e+04 2.9372700e+06 3.8400000e+03
 2.1600000e+03 0.0000000e+00 1.9919000e+01 7.9700000e-01 1.9870000e+00
 1.1000000e+01 0.0000000e+00 1.1589675e+04 2.9321880e+06 3.8400000e+03
 2.1600000e+03 0.0000000e+00 2.4666000e+01 8.1100000e-01 4.1540000e+00
 1.2000000e+01 0.0000000e+00 1.6712453e+04 4.2345180e+06 3.8400000e+03
 2.1600000e+03 1.0000000e+00 2.2656000e+01 7.8300000e-01 1.3870000e+00
 1.1000000e+01 0.0000000e+00 1.1566518e+04 2.9350040e+06 3.8400000e+03
 2.1600000e+03 0.0000000e+00 2.2650000e+01 7.6400000e-01 2.5970000e+00
 8.2000000e+01]
deleted_idx_col 904
query_origi 453
query_idx 400
deleted_scaled [0.91666667 0.         0.57502762 0.57241292 1.         1.
 0.         0.03530496 0.50697674 0.04557513 0.91666667 0.
 0.60309912 0.6013017  1.         1.         0.         0.07792092
 0.39756098 0.05187326 0.91666667 0.         0.53765601 0.54170883
 1.         1.         0.         0.26307396 0.32673267 0.1546106
 1.         0.         0.91107602 0.91107815 1.         1.
 1.         0.31815018 0.73302108 0.38911284]
deleted_not_scaled [1.1000000e+01 0.0000000e+00 1.1639944e+04 2.9580010e+06 3.8400000e+03
 2.1600000e+03 0.0000000e+00 1.5268000e+01 7.8800000e-01 4.3980000e+00
 1.1000000e+01 0.0000000e+00 1.2194003e+04 3.1033740e+06 3.8400000e+03
 2.1600000e+03 0.0000000e+00 1.6251000e+01 7.5000000e-01 4.8100000e+00
 1.1000000e+01 0.0000000e+00 1.0485951e+04 2.6726070e+06 3.8400000e+03
 2.1600000e+03 0.0000000e+00 2.3198000e+01 7.2300000e-01 1.4002000e+01
 1.2000000e+01 0.0000000e+00 1.8250476e+04 4.6584340e+06 3.8400000e+03
 2.1600000e+03 1.0000000e+00 2.4146000e+01 8.8300000e-01 3.6777000e+01
 2.2900000e+02]
deleted_idx_col 400
query_origi 232
query_idx 970
deleted_scaled [0.91666667 0.         0.56772151 0.56771448 1.         1.
 0.         0.35846955 0.65581395 0.62279793 0.91666667 0.
 0.5879631  0.58887668 1.         1.         0.         0.31357915
 0.36341463 0.32400837 0.91666667 0.         0.61312966 0.61339229
 1.         1.         0.         0.08427275 0.10148515 0.13308967
 0.91666667 0.         0.5718004  0.56777859 1.         1.
 0.         0.04088859 0.00468384 0.03432259]
deleted_not_scaled [1.1000000e+01 0.0000000e+00 1.1496211e+04 2.9344080e+06 3.8400000e+03
 2.1600000e+03 0.0000000e+00 3.0353000e+01 8.5200000e-01 6.0100000e+01
 1.1000000e+01 0.0000000e+00 1.1896301e+04 3.0409920e+06 3.8400000e+03
 2.1600000e+03 0.0000000e+00 2.4208000e+01 7.3600000e-01 3.0044000e+01
 1.1000000e+01 0.0000000e+00 1.1912825e+04 3.0154340e+06 3.8400000e+03
 2.1600000e+03 0.0000000e+00 1.6695000e+01 6.3200000e-01 1.2053000e+01
 1.1000000e+01 0.0000000e+00 1.1573810e+04 2.9339610e+06 3.8400000e+03
 2.1600000e+03 0.0000000e+00 1.4985000e+01 5.7200000e-01 3.2440000e+00
 2.1000000e+01]
deleted_idx_col 970
query_origi 681
query_idx 449
deleted_scaled [0.91666667 0.         0.57024644 0.56765274 1.         1.
 0.         0.11133486 0.42093023 0.0480829  1.         0.
 0.83767651 0.83517558 1.         1.         1.         0.05585666
 0.3        0.05618705 0.91666667 0.         0.65641675 0.66136478
 1.         1.         0.         0.12301347 0.47029703 0.
 0.91666667 0.         0.50594339 0.50595523 1.         1.
 0.         0.08326019 0.2529274  0.01077078]
deleted_not_scaled [1.1000000e+01 0.0000000e+00 1.1545884e+04 2.9340980e+06 3.8400000e+03
 2.1600000e+03 0.0000000e+00 1.8817000e+01 7.5100000e-01 4.6400000e+00
 1.2000000e+01 0.0000000e+00 1.6807776e+04 4.2775790e+06 3.8400000e+03
 2.1600000e+03 1.0000000e+00 1.5506000e+01 7.1000000e-01 5.2100000e+00
 1.1000000e+01 0.0000000e+00 1.2731193e+04 3.2448630e+06 3.8400000e+03
 2.1600000e+03 0.0000000e+00 1.8104000e+01 7.8100000e-01 0.0000000e+00
 1.1000000e+01 0.0000000e+00 1.0277798e+04 2.6234080e+06 3.8400000e+03
 2.1600000e+03 0.0000000e+00 1.6385000e+01 6.7800000e-01 1.0180000e+00
 1.4600000e+02]
deleted_idx_col 449
query_origi 55
query_idx 538
deleted_scaled [1.         0.         0.72983448 0.72617442 1.         1.
 1.         0.04406693 0.15348837 0.08377202 1.         0.
 0.80238597 0.79958974 1.         1.         1.         0.15400563
 0.07560976 0.09303755 0.91666667 0.         0.59234787 0.59651183
 1.         1.         0.         0.1737421  0.12376238 0.09514923
 1.         0.         0.83887743 0.83846254 1.         1.
 1.         0.040707   0.18969555 0.12046765]
deleted_not_scaled [1.2000000e+01 0.0000000e+00 1.4685460e+04 3.7301070e+06 3.8400000e+03
 2.1600000e+03 1.0000000e+00 1.5677000e+01 6.3600000e-01 8.0840000e+00
 1.2000000e+01 0.0000000e+00 1.6113666e+04 4.0989140e+06 3.8400000e+03
 2.1600000e+03 1.0000000e+00 1.8820000e+01 6.1800000e-01 8.6270000e+00
 1.1000000e+01 0.0000000e+00 1.1519933e+04 2.9347030e+06 3.8400000e+03
 2.1600000e+03 0.0000000e+00 1.9949000e+01 6.4100000e-01 8.6170000e+00
 1.2000000e+01 0.0000000e+00 1.6829667e+04 4.2936690e+06 3.8400000e+03
 2.1600000e+03 1.0000000e+00 1.4979000e+01 6.5100000e-01 1.1386000e+01
 2.3600000e+02]
deleted_idx_col 538
query_origi 127
query_idx 966
deleted_scaled [0.5        0.         0.10774212 0.10717936 0.27272727 0.27272727
 0.         0.34777952 0.71627907 0.46404145 0.5        0.
 0.10732957 0.10701886 0.27272727 0.27272727 0.         0.33697616
 0.5195122  0.28399802 0.5        0.         0.11212826 0.11297348
 0.27272727 0.27272727 0.         0.23040968 0.57920792 0.26207171
 0.5        0.         0.10753629 0.10755767 0.27272727 0.27272727
 0.         0.87004025 0.92740047 0.82007089]
deleted_not_scaled [6.000000e+00 0.000000e+00 2.447035e+03 6.218530e+05 1.280000e+03
 7.200000e+02 0.000000e+00 2.985400e+01 8.780000e-01 4.478000e+01
 6.000000e+00 0.000000e+00 2.442986e+03 6.217400e+05 1.280000e+03
 7.200000e+02 0.000000e+00 2.499800e+01 8.000000e-01 2.633400e+01
 6.000000e+00 0.000000e+00 2.441098e+03 6.221750e+05 1.280000e+03
 7.200000e+02 0.000000e+00 2.201000e+01 8.250000e-01 2.373400e+01
 6.000000e+00 0.000000e+00 2.437473e+03 6.221650e+05 1.280000e+03
 7.200000e+02 0.000000e+00 4.238100e+01 9.660000e-01 7.750900e+01
 2.740000e+02]
deleted_idx_col 966
query_origi 90
query_idx 197
deleted_scaled [0.58333333 0.25144935 0.14060502 0.1395899  0.27272727 0.27272727
 0.         0.63015489 0.94186047 0.8013057  0.58333333 0.05792249
 0.14013389 0.13941728 0.27272727 0.27272727 0.         0.25849252
 0.73414634 0.00656774 0.5        0.12136087 0.11237666 0.11296804
 0.27272727 0.27272727 0.         0.20533407 0.67326733 0.17260912
 0.5        0.         0.10787929 0.1076574  0.27272727 0.27272727
 0.         0.26775824 0.68384075 0.21813469]
deleted_not_scaled [7.00000000e+00 1.18143242e+00 3.09354700e+03 7.84601000e+05
 1.28000000e+03 7.20000000e+02 0.00000000e+00 4.30350000e+01
 9.75000000e-01 7.73260000e+01 7.00000000e+00 1.90075460e-01
 3.08819600e+03 7.84402000e+05 1.28000000e+03 7.20000000e+02
 0.00000000e+00 2.23480000e+01 8.88000000e-01 6.09000000e-01
 6.00000000e+00 5.96629286e-01 2.44579400e+03 6.22149000e+05
 1.28000000e+03 7.20000000e+02 0.00000000e+00 2.10980000e+01
 8.63000000e-01 1.56320000e+01 6.00000000e+00 0.00000000e+00
 2.44422300e+03 6.22666000e+05 1.28000000e+03 7.20000000e+02
 0.00000000e+00 2.24810000e+01 8.62000000e-01 2.06170000e+01
 1.90000000e+02]
deleted_idx_col 197
query_origi 495
query_idx 918
deleted_scaled [0.91666667 0.         0.56860221 0.56343623 1.         1.
 0.         0.13254354 0.6        0.02491192 0.91666667 0.
 0.60949469 0.60491754 1.         1.         0.         0.90087369
 0.94390244 0.97746047 0.91666667 0.         0.58773088 0.58947181
 1.         1.         0.         0.26612593 0.6980198  0.01966587
 0.91666667 0.         0.53940098 0.5372349  1.         1.
 0.         0.35631488 0.71662763 0.1635825 ]
deleted_not_scaled [1.1000000e+01 0.0000000e+00 1.1513537e+04 2.9129250e+06 3.8400000e+03
 2.1600000e+03 0.0000000e+00 1.9807000e+01 8.2800000e-01 2.4040000e+00
 1.1000000e+01 0.0000000e+00 1.2319794e+04 3.1215280e+06 3.8400000e+03
 2.1600000e+03 0.0000000e+00 4.4038000e+01 9.7400000e-01 9.0636000e+01
 1.1000000e+01 0.0000000e+00 1.1432646e+04 2.9010340e+06 3.8400000e+03
 2.1600000e+03 0.0000000e+00 2.3309000e+01 8.7300000e-01 1.7810000e+00
 1.1000000e+01 0.0000000e+00 1.0936216e+04 2.7805330e+06 3.8400000e+03
 2.1600000e+03 0.0000000e+00 2.5407000e+01 8.7600000e-01 1.5461000e+01
 1.9600000e+02]
deleted_idx_col 918
query_origi 246
query_idx 491
deleted_scaled [1.         0.         0.82620533 0.82661529 1.         1.
 1.         0.16409949 0.53255814 0.02103627 0.91666667 0.
 0.56659217 0.56776139 1.         1.         0.         0.44664594
 0.71707317 0.15859629 0.91666667 0.         0.59595717 0.59651204
 1.         1.         0.         0.26035194 0.65841584 0.01328357
 0.91666667 0.         0.58097492 0.57718249 1.         1.
 0.         0.29660119 0.6440281  0.03345501]
deleted_not_scaled [1.2000000e+01 0.0000000e+00 1.6581364e+04 4.2344660e+06 3.8400000e+03
 2.1600000e+03 1.0000000e+00 2.1280000e+01 7.9900000e-01 2.0300000e+00
 1.1000000e+01 0.0000000e+00 1.1475968e+04 2.9349790e+06 3.8400000e+03
 2.1600000e+03 0.0000000e+00 2.8701000e+01 8.8100000e-01 1.4706000e+01
 1.1000000e+01 0.0000000e+00 1.1588169e+04 2.9347040e+06 3.8400000e+03
 2.1600000e+03 0.0000000e+00 2.3099000e+01 8.5700000e-01 1.2030000e+00
 1.1000000e+01 0.0000000e+00 1.1754357e+04 2.9811990e+06 3.8400000e+03
 2.1600000e+03 0.0000000e+00 2.3434000e+01 8.4500000e-01 3.1620000e+00
 4.4000000e+01]
deleted_idx_col 491
query_origi 441
query_idx 737
deleted_scaled [1.         0.         0.80946818 0.80380117 1.         1.
 1.         0.19940444 0.66976744 0.03418653 0.91666667 0.
 0.57094706 0.56780681 1.         1.         0.         0.58963424
 0.9097561  0.51528158 1.         0.         0.86394278 0.86827864
 1.         1.         1.         0.22708276 0.35643564 0.06525844
 0.91666667 0.         0.56931249 0.56788887 1.         1.
 0.         0.22441815 0.31147541 0.04756917]
deleted_not_scaled [1.2000000e+01 0.0000000e+00 1.6252094e+04 4.1199060e+06 3.8400000e+03
 2.1600000e+03 1.0000000e+00 2.2928000e+01 8.5800000e-01 3.2990000e+00
 1.1000000e+01 0.0000000e+00 1.1561622e+04 2.9352070e+06 3.8400000e+03
 2.1600000e+03 0.0000000e+00 3.3529000e+01 9.6000000e-01 4.7780000e+01
 1.2000000e+01 0.0000000e+00 1.6654595e+04 4.2344310e+06 3.8400000e+03
 2.1600000e+03 1.0000000e+00 2.1889000e+01 7.3500000e-01 5.9100000e+00
 1.1000000e+01 0.0000000e+00 1.1524850e+04 2.9345150e+06 3.8400000e+03
 2.1600000e+03 0.0000000e+00 2.1049000e+01 7.0300000e-01 4.4960000e+00
 2.8000000e+02]
deleted_idx_col 737
query_origi 491
query_idx 17
deleted_scaled [0.58333333 0.06715163 0.14049421 0.13947978 0.27272727 0.27272727
 0.         0.22725423 0.43255814 0.11997927 0.58333333 0.16905333
 0.140008   0.139292   0.27272727 0.27272727 0.         0.23699097
 0.25121951 0.0318573  0.5        0.54855559 0.1122359  0.11282648
 0.27272727 0.27272727 0.         0.25037119 0.25247525 0.28555812
 0.41666667 0.         0.07826774 0.0781509  0.18181818 0.17171717
 0.         0.371266   0.41217799 0.3698778 ]
deleted_not_scaled [7.00000000e+00 3.15511321e-01 3.09136700e+03 7.84048000e+05
 1.28000000e+03 7.20000000e+02 0.00000000e+00 2.42280000e+01
 7.56000000e-01 1.15780000e+01 7.00000000e+00 5.54756686e-01
 3.08572000e+03 7.83773000e+05 1.28000000e+03 7.20000000e+02
 0.00000000e+00 2.16220000e+01 6.90000000e-01 2.95400000e+00
 6.00000000e+00 2.69678641e+00 2.44313300e+03 6.21472000e+05
 1.28000000e+03 7.20000000e+02 0.00000000e+00 2.27360000e+01
 6.93000000e-01 2.58610000e+01 5.00000000e+00 0.00000000e+00
 1.86149200e+03 4.74448000e+05 9.60000000e+02 5.20000000e+02
 0.00000000e+00 2.59010000e+01 7.46000000e-01 3.49590000e+01
 2.88000000e+02]
deleted_idx_col 17
query_origi 659
query_idx 27
deleted_scaled [0.41666667 0.         0.07813993 0.0773358  0.18181818 0.17171717
 0.         0.08224255 0.46511628 0.01030052 0.41666667 0.32472303
 0.07777493 0.07718204 0.18181818 0.17171717 0.         0.19757145
 0.69512195 0.         0.58333333 0.         0.14961178 0.15008096
 0.27272727 0.27272727 0.         0.06703327 0.38366337 0.17962082
 0.33333333 0.         0.04017439 0.03997606 0.09090909 0.09090909
 0.         0.66574862 0.83138173 0.4333492 ]
deleted_not_scaled [5.00000000e+00 0.00000000e+00 1.86467100e+03 4.71995000e+05
 9.60000000e+02 5.20000000e+02 0.00000000e+00 1.74590000e+01
 7.70000000e-01 9.94000000e-01 5.00000000e+00 1.06559434e+00
 1.86169200e+03 4.71939000e+05 9.60000000e+02 5.20000000e+02
 0.00000000e+00 2.02910000e+01 8.72000000e-01 0.00000000e+00
 7.00000000e+00 0.00000000e+00 3.14974600e+03 7.99642000e+05
 1.28000000e+03 7.20000000e+02 0.00000000e+00 1.60680000e+01
 7.46000000e-01 1.62670000e+01 4.00000000e+00 0.00000000e+00
 1.11184600e+03 2.82687000e+05 6.40000000e+02 3.60000000e+02
 0.00000000e+00 3.56310000e+01 9.25000000e-01 4.09580000e+01
 1.51000000e+02]
deleted_idx_col 27
query_origi 359
query_idx 958
deleted_scaled [5.83333333e-01 1.20280934e-01 1.45589568e-01 1.44225017e-01
 2.72727273e-01 2.72727273e-01 0.00000000e+00 2.14229097e-04
 4.16279070e-01 5.41347150e-01 5.83333333e-01 0.00000000e+00
 1.53773046e-01 1.52654543e-01 2.72727273e-01 2.72727273e-01
 0.00000000e+00 1.89545387e-02 4.00000000e-01 6.58132563e-01
 5.00000000e-01 0.00000000e+00 9.44611091e-02 9.47876346e-02
 2.72727273e-01 2.72727273e-01 0.00000000e+00 5.86747319e-02
 1.58415842e-01 7.94474565e-02 5.00000000e-01 0.00000000e+00
 1.07942760e-01 1.07538156e-01 2.72727273e-01 2.72727273e-01
 0.00000000e+00 1.61526588e-01 1.70960187e-01 7.44961117e-02]
deleted_not_scaled [7.00000000e+00 5.65138842e-01 3.19160800e+03 8.07876000e+05
 1.28000000e+03 7.20000000e+02 0.00000000e+00 1.36300000e+01
 7.49000000e-01 5.22400000e+01 7.00000000e+00 0.00000000e+00
 3.35645700e+03 8.50862000e+05 1.28000000e+03 7.20000000e+02
 0.00000000e+00 1.42600000e+01 7.51000000e-01 6.10260000e+01
 6.00000000e+00 0.00000000e+00 2.10709000e+03 5.35201000e+05
 1.28000000e+03 7.20000000e+02 0.00000000e+00 1.57640000e+01
 6.55000000e-01 7.19500000e+00 6.00000000e+00 0.00000000e+00
 2.44547200e+03 6.22067000e+05 1.28000000e+03 7.20000000e+02
 0.00000000e+00 1.89710000e+01 6.43000000e-01 7.04100000e+00
 2.34000000e+02]
deleted_idx_col 958
query_origi 70
query_idx 202
deleted_scaled [1.         0.13298641 0.88110854 0.87627045 1.         1.
 1.         0.13738512 0.60697674 0.056      1.         0.0773543
 0.85433914 0.85093501 1.         1.         1.         0.14997779
 0.56585366 0.05591743 1.         0.09417204 0.76170863 0.76668077
 1.         1.         1.         0.16750069 0.52722772 0.02535252
 1.         0.         0.84931105 0.84846685 1.         1.
 1.         0.8671953  0.92740047 0.78617151]
deleted_not_scaled [1.20000000e+01 6.24835419e-01 1.76614750e+04 4.48380700e+06
 3.84000000e+03 2.16000000e+03 1.00000000e+00 2.00330000e+01
 8.31000000e-01 5.40400000e+00 1.20000000e+01 2.53841894e-01
 1.71355040e+04 4.35670200e+06 3.84000000e+03 2.16000000e+03
 1.00000000e+00 1.86840000e+01 8.19000000e-01 5.18500000e+00
 1.20000000e+01 4.62964701e-01 1.47217980e+04 3.74853800e+06
 3.84000000e+03 2.16000000e+03 1.00000000e+00 1.97220000e+01
 8.04000000e-01 2.29600000e+00 1.20000000e+01 0.00000000e+00
 1.70349920e+04 4.34392300e+06 3.84000000e+03 2.16000000e+03
 1.00000000e+00 4.22870000e+01 9.66000000e-01 7.43050000e+01
 1.83000000e+02]
deleted_idx_col 202
query_origi 710
query_idx 994
deleted_scaled [5.00000000e-01 0.00000000e+00 1.14608176e-01 1.13758132e-01
 2.72727273e-01 2.72727273e-01 0.00000000e+00 2.11358427e-01
 6.51162791e-01 1.34901554e-01 5.83333333e-01 0.00000000e+00
 1.30245972e-01 1.29578368e-01 2.72727273e-01 2.72727273e-01
 0.00000000e+00 3.72812084e-01 6.85365854e-01 5.71576473e-04
 5.83333333e-01 0.00000000e+00 1.46242831e-01 1.47022527e-01
 2.72727273e-01 2.72727273e-01 0.00000000e+00 4.04316745e-01
 8.14356436e-01 3.43341100e-01 5.83333333e-01 0.00000000e+00
 1.40249797e-01 1.39963701e-01 2.72727273e-01 2.72727273e-01
 0.00000000e+00 4.27196513e-01 8.00936768e-01 4.46172565e-01]
deleted_not_scaled [6.000000e+00 0.000000e+00 2.582111e+03 6.548880e+05 1.280000e+03
 7.200000e+02 0.000000e+00 2.348600e+01 8.500000e-01 1.301800e+01
 7.000000e+00 0.000000e+00 2.893716e+03 7.350040e+05 1.280000e+03
 7.200000e+02 0.000000e+00 2.620800e+01 8.680000e-01 5.300000e-02
 7.000000e+00 0.000000e+00 3.086054e+03 7.850150e+05 1.280000e+03
 7.200000e+02 0.000000e+00 2.833500e+01 9.200000e-01 3.109400e+01
 7.000000e+00 0.000000e+00 3.081248e+03 7.849480e+05 1.280000e+03
 7.200000e+02 0.000000e+00 2.774900e+01 9.120000e-01 4.217000e+01
 4.700000e+01]
deleted_idx_col 994
query_origi 133
query_idx 566
deleted_scaled [1.         0.         0.88993409 0.8837167  1.         1.
 1.         0.17915979 0.61162791 0.         0.91666667 0.
 0.52519764 0.52230656 1.         1.         0.         0.33555457
 0.70731707 0.01717965 1.         0.         0.873563   0.87794761
 1.         1.         1.         0.34767666 0.75       0.07602442
 1.         0.         0.8197462  0.81770339 1.         1.
 1.         0.23758361 0.66042155 0.01886473]
deleted_not_scaled [1.2000000e+01 0.0000000e+00 1.7835100e+04 4.5211980e+06 3.8400000e+03
 2.1600000e+03 1.0000000e+00 2.1983000e+01 8.3300000e-01 0.0000000e+00
 1.1000000e+01 0.0000000e+00 1.0661802e+04 2.7067650e+06 3.8400000e+03
 2.1600000e+03 0.0000000e+00 2.4950000e+01 8.7700000e-01 1.5930000e+00
 1.2000000e+01 0.0000000e+00 1.6836471e+04 4.2806730e+06 3.8400000e+03
 2.1600000e+03 1.0000000e+00 2.6275000e+01 8.9400000e-01 6.8850000e+00
 1.2000000e+01 0.0000000e+00 1.6453180e+04 4.1893910e+06 3.8400000e+03
 2.1600000e+03 1.0000000e+00 2.1484000e+01 8.5200000e-01 1.7830000e+00
 1.6700000e+02]
deleted_idx_col 566
query_origi 750
query_idx 919
deleted_scaled [3.33333333e-01 0.00000000e+00 4.26473274e-02 4.25155911e-02
 9.09090909e-02 9.09090909e-02 0.00000000e+00 1.45354442e-01
 2.48837209e-01 3.03461140e-01 0.00000000e+00 0.00000000e+00
 2.78212103e-03 2.83308463e-03 0.00000000e+00 0.00000000e+00
 0.00000000e+00 4.59943729e-02 2.65853659e-01 6.69175851e-02
 0.00000000e+00 0.00000000e+00 1.12834352e-03 1.18159662e-03
 0.00000000e+00 0.00000000e+00 0.00000000e+00 1.33049216e-01
 4.55445545e-01 7.17732407e-04 3.33333333e-01 0.00000000e+00
 4.89245995e-02 4.83722528e-02 9.09090909e-02 9.09090909e-02
 0.00000000e+00 7.10571714e-01 8.36065574e-01 6.72401206e-01]
deleted_not_scaled [4.000000e+00 0.000000e+00 1.166425e+03 2.971470e+05 6.400000e+02
 3.600000e+02 0.000000e+00 2.040500e+01 6.770000e-01 2.928400e+01
 0.000000e+00 0.000000e+00 3.867000e+02 9.865700e+04 3.200000e+02
 1.800000e+02 0.000000e+00 1.517300e+01 6.960000e-01 6.205000e+00
 0.000000e+00 0.000000e+00 3.425790e+02 8.752900e+04 3.200000e+02
 1.800000e+02 0.000000e+00 1.846900e+01 7.750000e-01 6.500000e-02
 4.000000e+00 0.000000e+00 1.284043e+03 3.248630e+05 6.400000e+02
 3.600000e+02 0.000000e+00 3.711200e+01 9.270000e-01 6.355200e+01
 2.380000e+02]
deleted_idx_col 919
query_origi 99
query_idx 584
deleted_scaled [0.91666667 0.         0.58623145 0.58711046 1.         1.
 0.         0.06298335 0.56976744 0.4905285  0.91666667 0.
 0.55423171 0.54950449 1.         1.         0.         0.41945802
 0.83658537 0.25442702 0.91666667 0.         0.59393761 0.59509396
 1.         1.         0.         0.40087985 0.67574257 0.4539271
 0.91666667 0.         0.57103197 0.56787832 1.         1.
 0.         0.38213129 0.53864169 0.40409459]
deleted_not_scaled [1.1000000e+01 0.0000000e+00 1.1860357e+04 3.0318040e+06 3.8400000e+03
 2.1600000e+03 0.0000000e+00 1.6560000e+01 8.1500000e-01 4.7336000e+01
 1.1000000e+01 0.0000000e+00 1.1232857e+04 2.8433170e+06 3.8400000e+03
 2.1600000e+03 0.0000000e+00 2.7783000e+01 9.3000000e-01 2.3592000e+01
 1.1000000e+01 0.0000000e+00 1.1549988e+04 2.9279220e+06 3.8400000e+03
 2.1600000e+03 0.0000000e+00 2.8210000e+01 8.6400000e-01 4.1109000e+01
 1.1000000e+01 0.0000000e+00 1.1558688e+04 2.9344620e+06 3.8400000e+03
 2.1600000e+03 0.0000000e+00 2.6260000e+01 8.0000000e-01 3.8193000e+01
 7.0000000e+00]
deleted_idx_col 584
query_origi 16
query_idx 528
deleted_scaled [0.33333333 0.         0.04267833 0.04240128 0.09090909 0.09090909
 0.         0.48062298 0.97906977 0.50648705 0.66666667 0.
 0.20648412 0.20587606 0.45454545 0.45454545 0.         0.94266252
 0.5804878  0.57192158 0.75       0.         0.28908085 0.29125991
 0.45454545 0.45454545 0.         0.14146274 0.38366337 0.36045626
 0.83333333 0.         0.35907899 0.35909438 0.63636364 0.63636364
 0.         0.03973851 0.44496487 0.16303232]
deleted_not_scaled [4.000000e+00 0.000000e+00 1.167035e+03 2.965730e+05 6.400000e+02
 3.600000e+02 0.000000e+00 3.605500e+01 9.910000e-01 4.887600e+01
 8.000000e+00 0.000000e+00 4.393202e+03 1.118070e+06 1.920000e+03
 1.080000e+03 0.000000e+00 4.544900e+01 8.250000e-01 5.303200e+01
 9.000000e+00 0.000000e+00 5.786491e+03 1.474832e+06 1.920000e+03
 1.080000e+03 0.000000e+00 1.877500e+01 7.460000e-01 3.264400e+01
 1.000000e+01 0.000000e+00 7.387627e+03 1.885692e+06 2.560000e+03
 1.440000e+03 0.000000e+00 1.494700e+01 7.600000e-01 1.540900e+01
 3.000000e+00]
deleted_idx_col 528
query_origi 77
query_idx 377
deleted_scaled [0.91666667 0.         0.55408038 0.55491161 1.         1.
 0.         0.56423659 0.89767442 0.92324352 0.91666667 0.
 0.54045365 0.53584199 1.         1.         0.         0.11103213
 0.55853659 0.06168712 0.91666667 0.         0.63165619 0.63289188
 1.         1.         0.         0.12719274 0.17821782 0.07808929
 0.91666667 0.         0.5727449  0.56958201 1.         1.
 0.         0.2093157  0.55503513 0.05887954]
deleted_not_scaled [1.1000000e+01 0.0000000e+00 1.1227849e+04 2.8701190e+06 3.8400000e+03
 2.1600000e+03 0.0000000e+00 3.9958000e+01 9.5600000e-01 8.9093000e+01
 1.1000000e+01 0.0000000e+00 1.0961864e+04 2.7747220e+06 3.8400000e+03
 2.1600000e+03 0.0000000e+00 1.7369000e+01 8.1600000e-01 5.7200000e+00
 1.1000000e+01 0.0000000e+00 1.2263080e+04 3.1086910e+06 3.8400000e+03
 2.1600000e+03 0.0000000e+00 1.8256000e+01 6.6300000e-01 7.0720000e+00
 1.1000000e+01 0.0000000e+00 1.1592397e+04 2.9430200e+06 3.8400000e+03
 2.1600000e+03 0.0000000e+00 2.0550000e+01 8.0700000e-01 5.5650000e+00
 2.4800000e+02]
deleted_idx_col 377
query_origi 33
query_idx 878
deleted_scaled [0.91666667 0.         0.56892733 0.56777323 1.         1.
 0.         0.1355856  0.16511628 0.08929534 0.91666667 0.
 0.56990799 0.5696468  1.         1.         0.         0.04042648
 0.16829268 0.12068891 0.91666667 0.         0.58842395 0.59435523
 1.         1.         0.         0.13244432 0.38366337 0.02228283
 0.91666667 0.         0.65514666 0.64923612 1.         1.
 0.         0.82833449 0.87587822 0.927165  ]
deleted_not_scaled [1.1000000e+01 0.0000000e+00 1.1519933e+04 2.9347030e+06 3.8400000e+03
 2.1600000e+03 0.0000000e+00 1.9949000e+01 6.4100000e-01 8.6170000e+00
 1.1000000e+01 0.0000000e+00 1.1541185e+04 2.9444450e+06 3.8400000e+03
 2.1600000e+03 0.0000000e+00 1.4985000e+01 6.5600000e-01 1.1191000e+01
 1.1000000e+01 0.0000000e+00 1.1445749e+04 2.9243890e+06 3.8400000e+03
 2.1600000e+03 0.0000000e+00 1.8447000e+01 7.4600000e-01 2.0180000e+00
 1.1000000e+01 0.0000000e+00 1.3213996e+04 3.3431410e+06 3.8400000e+03
 2.1600000e+03 0.0000000e+00 4.1003000e+01 9.4400000e-01 8.7631000e+01
 2.3800000e+02]
deleted_idx_col 878
query_origi 178
query_idx 872
deleted_scaled [9.16666667e-01 0.00000000e+00 5.54589556e-01 5.49826624e-01
 1.00000000e+00 1.00000000e+00 0.00000000e+00 4.28458193e-05
 4.02325581e-01 1.61668394e-01 9.16666667e-01 0.00000000e+00
 6.12950224e-01 6.08655886e-01 1.00000000e+00 1.00000000e+00
 0.00000000e+00 1.84806753e-02 3.73170732e-01 2.01734141e-01
 9.16666667e-01 0.00000000e+00 5.18060796e-01 5.20115161e-01
 1.00000000e+00 1.00000000e+00 0.00000000e+00 5.66675832e-02
 1.18811881e-01 8.83142122e-02 8.33333333e-01 0.00000000e+00
 3.95111585e-01 3.93715718e-01 6.36363636e-01 6.36363636e-01
 0.00000000e+00 1.57743410e-01 1.31147541e-01 8.89594244e-02]
deleted_not_scaled [1.1000000e+01 0.0000000e+00 1.1237866e+04 2.8445850e+06 3.8400000e+03
 2.1600000e+03 0.0000000e+00 1.3622000e+01 7.4300000e-01 1.5601000e+01
 1.1000000e+01 0.0000000e+00 1.2387759e+04 3.1402970e+06 3.8400000e+03
 2.1600000e+03 0.0000000e+00 1.4244000e+01 7.4000000e-01 1.8706000e+01
 1.1000000e+01 0.0000000e+00 1.0115492e+04 2.5693350e+06 3.8400000e+03
 2.1600000e+03 0.0000000e+00 1.5691000e+01 6.3900000e-01 7.9980000e+00
 1.0000000e+01 0.0000000e+00 8.0967190e+03 2.0596030e+06 2.5600000e+03
 1.4400000e+03 0.0000000e+00 1.8846000e+01 6.2600000e-01 8.4080000e+00
 2.3400000e+02]
deleted_idx_col 872
query_origi 634
query_idx 188
deleted_scaled [1.         0.07694354 0.82910474 0.82661688 1.         1.
 1.         0.56871398 0.85116279 0.89611399 1.         0.23242167
 0.82782809 0.82659765 1.         1.         1.         0.15080705
 0.28292683 0.10299161 1.         0.07990841 0.9410102  0.9495236
 1.         1.         1.         0.08982678 0.29207921 0.05558561
 1.         0.         0.74965558 0.75078689 1.         1.
 1.         0.04288611 0.33723653 0.004412  ]
deleted_not_scaled [1.20000000e+01 3.61518484e-01 1.66384040e+04 4.23447400e+06
 3.84000000e+03 2.16000000e+03 1.00000000e+00 4.01670000e+01
 9.36000000e-01 8.64750000e+01 1.20000000e+01 7.62702965e-01
 1.66140730e+04 4.23451200e+06 3.84000000e+03 2.16000000e+03
 1.00000000e+00 1.87120000e+01 7.03000000e-01 9.55000000e+00
 1.20000000e+01 3.92842439e-01 1.81116000e+04 4.62298600e+06
 3.84000000e+03 2.16000000e+03 1.00000000e+00 1.68970000e+01
 7.09000000e-01 5.03400000e+00 1.20000000e+01 0.00000000e+00
 1.50738540e+04 3.85325400e+06 3.84000000e+03 2.16000000e+03
 1.00000000e+00 1.50510000e+01 7.14000000e-01 4.17000000e-01
 2.60000000e+02]
deleted_idx_col 188
query_origi 374
query_idx 317
deleted_scaled [0.58333333 0.08412572 0.15192495 0.15092049 0.27272727 0.27272727
 0.         0.17751023 0.6372093  0.09606218 0.58333333 0.40666773
 0.12858626 0.1279981  0.27272727 0.27272727 0.         0.27235303
 0.72439024 0.1455471  0.58333333 0.23139873 0.14929246 0.15017129
 0.27272727 0.27272727 0.         0.18133077 0.59653465 0.13858861
 0.5        0.         0.1157937  0.1156208  0.27272727 0.27272727
 0.         0.77897158 0.86651054 0.82596413]
deleted_not_scaled [7.00000000e+00 3.95263916e-01 3.31624400e+03 8.41497000e+05
 1.28000000e+03 7.20000000e+02 0.00000000e+00 2.19060000e+01
 8.44000000e-01 9.27000000e+00 7.00000000e+00 1.33449984e+00
 2.86107200e+03 7.27070000e+05 1.28000000e+03 7.20000000e+02
 0.00000000e+00 2.28160000e+01 8.84000000e-01 1.34960000e+01
 7.00000000e+00 1.13759288e+00 3.14370900e+03 8.00074000e+05
 1.28000000e+03 7.20000000e+02 0.00000000e+00 2.02250000e+01
 8.32000000e-01 1.25510000e+01 6.00000000e+00 0.00000000e+00
 2.59997200e+03 6.62668000e+05 1.28000000e+03 7.20000000e+02
 0.00000000e+00 3.93720000e+01 9.40000000e-01 7.80660000e+01
 2.13000000e+02]
deleted_idx_col 317
query_origi 685
query_idx 338
deleted_scaled [0.83333333 0.         0.3896914  0.38908447 0.63636364 0.63636364
 0.         0.04560937 0.53255814 0.15702591 0.83333333 0.
 0.42206718 0.42210232 0.63636364 0.63636364 0.         0.08417
 0.49512195 0.09880724 0.83333333 0.         0.39213048 0.39629927
 0.63636364 0.63636364 0.         0.71190542 0.89851485 0.96950189
 0.83333333 0.         0.39739049 0.39396078 0.63636364 0.63636364
 0.         0.11301111 0.57845433 0.05894302]
deleted_not_scaled [1.000000e+01 0.000000e+00 7.993824e+03 2.037426e+06 2.560000e+03
 1.440000e+03 0.000000e+00 1.574900e+01 7.990000e-01 1.515300e+01
 1.000000e+01 0.000000e+00 8.633386e+03 2.203672e+06 2.560000e+03
 1.440000e+03 0.000000e+00 1.646200e+01 7.900000e-01 9.162000e+00
 1.000000e+01 0.000000e+00 7.734705e+03 1.977184e+06 2.560000e+03
 1.440000e+03 0.000000e+00 3.952200e+01 9.540000e-01 8.780100e+01
 1.000000e+01 0.000000e+00 8.141566e+03 2.060834e+06 2.560000e+03
 1.440000e+03 0.000000e+00 1.736800e+01 8.170000e-01 5.571000e+00
 2.460000e+02]
deleted_idx_col 338
query_origi 620
query_idx 525
deleted_scaled [0.66666667 0.         0.20948561 0.20770088 0.45454545 0.45454545
 0.         0.06064826 0.22790698 0.08643523 0.66666667 0.
 0.20208505 0.20084686 0.45454545 0.45454545 0.         0.05520509
 0.35121951 0.00136963 0.66666667 0.         0.21385119 0.21477876
 0.45454545 0.45454545 0.         0.14281001 0.40594059 0.05047315
 0.66666667 0.         0.20809333 0.20745293 0.45454545 0.45454545
 0.         0.05695954 0.33957845 0.05611808]
deleted_not_scaled [8.000000e+00 0.000000e+00 4.448635e+03 1.126617e+06 1.920000e+03
 1.080000e+03 0.000000e+00 1.645100e+01 6.680000e-01 8.341000e+00
 8.000000e+00 0.000000e+00 4.306679e+03 1.092820e+06 1.920000e+03
 1.080000e+03 0.000000e+00 1.548400e+01 7.310000e-01 1.270000e-01
 8.000000e+00 0.000000e+00 4.364230e+03 1.109060e+06 1.920000e+03
 1.080000e+03 0.000000e+00 1.882400e+01 7.550000e-01 4.571000e+00
 8.000000e+00 0.000000e+00 4.416353e+03 1.123962e+06 1.920000e+03
 1.080000e+03 0.000000e+00 1.551600e+01 7.150000e-01 5.304000e+00
 1.440000e+02]
deleted_idx_col 525
