query_origi 8
query_idx 12
deleted_scaled [1.66666667e-01 0.00000000e+00 1.81388678e-02 1.81228457e-02
 5.45454545e-02 5.45454545e-02 0.00000000e+00 5.45834315e-01
 8.81395349e-01 5.06466321e-01 8.33333333e-02 4.45394773e-01
 8.67475709e-03 8.77252386e-03 1.81818182e-02 1.81818182e-02
 0.00000000e+00 3.05641937e-01 7.53658537e-01 0.00000000e+00
 8.33333333e-02 0.00000000e+00 1.12787805e-02 1.11681894e-02
 1.81818182e-02 1.81818182e-02 0.00000000e+00 2.25570525e-01
 7.10396040e-01 0.00000000e+00 0.00000000e+00 0.00000000e+00
 1.92873890e-03 1.82750903e-03 0.00000000e+00 0.00000000e+00
 0.00000000e+00 2.79561757e-01 7.21311475e-01 2.11606623e-05]
deleted_not_scaled [2.00000000e+00 0.00000000e+00 6.84270000e+02 1.74660000e+05
 5.12000000e+02 2.88000000e+02 0.00000000e+00 3.90990000e+01
 9.49000000e-01 4.88740000e+01 1.00000000e+00 1.46158451e+00
 5.02599000e+02 1.28477000e+05 3.84000000e+02 2.16000000e+02
 0.00000000e+00 2.39400000e+01 8.96000000e-01 0.00000000e+00
 1.00000000e+00 0.00000000e+00 5.34479000e+02 1.35290000e+05
 3.84000000e+02 2.16000000e+02 0.00000000e+00 2.18340000e+01
 8.78000000e-01 0.00000000e+00 0.00000000e+00 0.00000000e+00
 3.59203000e+02 9.10580000e+04 3.20000000e+02 1.80000000e+02
 0.00000000e+00 2.28710000e+01 8.78000000e-01 2.00000000e-03
 2.77000000e+02]
deleted_idx_col 12
query_origi 634
query_idx 96
deleted_scaled [1.         0.06823407 0.83214581 0.82673936 1.         1.
 1.         0.31262452 0.58372093 0.07807254 1.         0.16071157
 0.83067575 0.82653571 1.         1.         1.         0.36306827
 0.48292683 0.00786187 1.         0.13351528 0.86354877 0.86831774
 1.         1.         1.         0.15515535 0.34405941 0.07892848
 1.         0.         0.8283464  0.82669601 1.         1.
 1.         0.25550074 0.54098361 0.13796752]
deleted_not_scaled [1.20000000e+01 3.20597144e-01 1.66982310e+04 4.23508900e+06
 3.84000000e+03 2.16000000e+03 1.00000000e+00 2.82130000e+01
 8.21000000e-01 7.53400000e+00 1.20000000e+01 5.27382807e-01
 1.66700820e+04 4.23420100e+06 3.84000000e+03 2.16000000e+03
 1.00000000e+00 2.58790000e+01 7.85000000e-01 7.29000000e-01
 1.20000000e+01 6.56382343e-01 1.66471460e+04 4.23461800e+06
 3.84000000e+03 2.16000000e+03 1.00000000e+00 1.92730000e+01
 7.30000000e-01 7.14800000e+00 1.20000000e+01 0.00000000e+00
 1.66224250e+04 4.23456300e+06 3.84000000e+03 2.16000000e+03
 1.00000000e+00 2.20760000e+01 8.01000000e-01 1.30400000e+01
 7.70000000e+01]
deleted_idx_col 96
query_origi 424
query_idx 447
deleted_scaled [0.41666667 0.         0.07626492 0.07624986 0.18181818 0.17171717
 0.         0.05998415 0.26976744 0.00592746 0.41666667 0.
 0.07720106 0.07739535 0.18181818 0.17171717 0.         0.18311861
 0.26829268 0.01847378 0.5        0.         0.11298563 0.11293814
 0.27272727 0.27272727 0.         0.10478416 0.43811881 0.22693595
 0.58333333 0.         0.14092483 0.13986735 0.27272727 0.27272727
 0.         0.20120456 0.70257611 0.13476168]
deleted_not_scaled [5.000000e+00 0.000000e+00 1.827784e+03 4.665420e+05 9.600000e+02
 5.200000e+02 0.000000e+00 1.642000e+01 6.860000e-01 5.720000e-01
 5.000000e+00 0.000000e+00 1.850405e+03 4.730100e+05 9.600000e+02
 5.200000e+02 0.000000e+00 1.980300e+01 6.970000e-01 1.713000e+00
 6.000000e+00 0.000000e+00 2.457307e+03 6.220060e+05 1.280000e+03
 7.200000e+02 0.000000e+00 1.744100e+01 7.680000e-01 2.055200e+01
 7.000000e+00 0.000000e+00 3.094532e+03 7.844640e+05 1.280000e+03
 7.200000e+02 0.000000e+00 2.028200e+01 8.700000e-01 1.273700e+01
 1.490000e+02]
deleted_idx_col 447
query_origi 830
query_idx 565
deleted_scaled [0.25       0.         0.03174126 0.03160699 0.05454545 0.05454545
 0.         0.12817327 0.60930233 0.16746114 0.16666667 0.
 0.01596186 0.01598948 0.05454545 0.05454545 0.         0.18122316
 0.60487805 0.19491836 0.25       0.         0.02733086 0.02764635
 0.05454545 0.05454545 0.         0.17970855 0.63118812 0.1939313
 0.25       0.         0.02889511 0.02902912 0.05454545 0.05454545
 0.         0.30292667 0.67213115 0.24516743]
deleted_not_scaled [3.00000e+00 0.00000e+00 9.51870e+02 2.42370e+05 5.12000e+02 2.88000e+02
 0.00000e+00 1.96030e+01 8.32000e-01 1.61600e+01 2.00000e+00 0.00000e+00
 6.45925e+02 1.64711e+05 5.12000e+02 2.88000e+02 0.00000e+00 1.97390e+01
 8.35000e-01 1.80740e+01 3.00000e+00 0.00000e+00 8.37953e+02 2.14097e+05
 5.12000e+02 2.88000e+02 0.00000e+00 2.01660e+01 8.46000e-01 1.75630e+01
 3.00000e+00 0.00000e+00 8.89879e+02 2.27698e+05 5.12000e+02 2.88000e+02
 0.00000e+00 2.36430e+01 8.57000e-01 2.31720e+01 2.68000e+02]
deleted_idx_col 565
query_origi 194
query_idx 519
deleted_scaled [0.5        0.         0.0916337  0.09183101 0.27272727 0.27272727
 0.         0.18554382 0.67674419 0.27235233 0.5        0.
 0.10792759 0.10700392 0.27272727 0.27272727 0.         0.16700726
 0.58292683 0.20474301 0.5        0.         0.11314966 0.11335946
 0.27272727 0.27272727 0.         0.11811933 0.53712871 0.25097446
 0.5        0.         0.10757425 0.10698891 0.27272727 0.27272727
 0.         0.45143912 0.78220141 0.49192192]
deleted_not_scaled [6.000000e+00 0.000000e+00 2.130134e+03 5.447820e+05 1.280000e+03
 7.200000e+02 0.000000e+00 2.228100e+01 8.610000e-01 2.628200e+01
 6.000000e+00 0.000000e+00 2.454748e+03 6.216650e+05 1.280000e+03
 7.200000e+02 0.000000e+00 1.925900e+01 8.260000e-01 1.898500e+01
 6.000000e+00 0.000000e+00 2.460408e+03 6.240210e+05 1.280000e+03
 7.200000e+02 0.000000e+00 1.792600e+01 8.080000e-01 2.272900e+01
 6.000000e+00 0.000000e+00 2.438220e+03 6.193080e+05 1.280000e+03
 7.200000e+02 0.000000e+00 2.855000e+01 9.040000e-01 4.649400e+01
 6.000000e+01]
deleted_idx_col 519
query_origi 90
query_idx 753
deleted_scaled [0.16666667 0.         0.01814822 0.01809815 0.05454545 0.05454545
 0.         0.0458236  0.21395349 0.38260104 0.16666667 0.
 0.01781152 0.01790516 0.05454545 0.05454545 0.         0.58735377
 0.78292683 0.51133447 0.25       0.1072546  0.02864079 0.02903704
 0.05454545 0.05454545 0.         0.09747044 0.13861386 0.3198326
 0.16666667 0.         0.02132192 0.0210504  0.05454545 0.05454545
 0.         0.08849611 0.26932084 0.28936148]
deleted_not_scaled [2.00000000e+00 0.00000000e+00 6.84454000e+02 1.74536000e+05
 5.12000000e+02 2.88000000e+02 0.00000000e+00 1.57590000e+01
 6.62000000e-01 3.69210000e+01 2.00000000e+00 0.00000000e+00
 6.82305000e+02 1.74329000e+05 5.12000000e+02 2.88000000e+02
 0.00000000e+00 3.34520000e+01 9.08000000e-01 4.74140000e+01
 3.00000000e+00 5.27280643e-01 8.62718000e+02 2.20748000e+05
 5.12000000e+02 2.88000000e+02 0.00000000e+00 1.71750000e+01
 6.47000000e-01 2.89650000e+01 2.00000000e+00 0.00000000e+00
 7.40845000e+02 1.87619000e+05 5.12000000e+02 2.88000000e+02
 0.00000000e+00 1.65580000e+01 6.85000000e-01 2.73490000e+01
 1.41000000e+02]
deleted_idx_col 753
query_origi 507
query_idx 520
deleted_scaled [0.16666667 0.         0.01820551 0.01812125 0.05454545 0.05454545
 0.         0.14927483 0.26976744 0.27471503 0.25       0.
 0.02923576 0.02927215 0.05454545 0.05454545 0.         0.04309196
 0.23170732 0.40155943 0.25       0.         0.02695838 0.02727019
 0.05454545 0.05454545 0.         0.13112455 0.43069307 0.19242958
 0.25       0.         0.03242193 0.03201545 0.05454545 0.05454545
 0.         0.68790291 0.82669789 0.58768449]
deleted_not_scaled [2.00000e+00 0.00000e+00 6.85581e+02 1.74652e+05 5.12000e+02 2.88000e+02
 0.00000e+00 2.05880e+01 6.86000e-01 2.65100e+01 3.00000e+00 0.00000e+00
 9.07002e+02 2.31399e+05 5.12000e+02 2.88000e+02 0.00000e+00 1.50750e+01
 6.82000e-01 3.72350e+01 3.00000e+00 0.00000e+00 8.30911e+02 2.12298e+05
 5.12000e+02 2.88000e+02 0.00000e+00 1.83990e+01 7.65000e-01 1.74270e+01
 3.00000e+00 0.00000e+00 9.59284e+02 2.42699e+05 5.12000e+02 2.88000e+02
 0.00000e+00 3.63630e+01 9.23000e-01 5.55450e+01 2.38000e+02]
deleted_idx_col 520
query_origi 939
query_idx 965
deleted_scaled [0.58333333 0.         0.1406007  0.13966259 0.27272727 0.27272727
 0.         0.19259196 0.4627907  0.22415544 0.58333333 0.
 0.13998004 0.139341   0.27272727 0.27272727 0.         0.6931734
 0.86585366 0.76803701 0.58333333 0.         0.14599449 0.14685337
 0.27272727 0.27272727 0.         0.17629915 0.4950495  0.31979948
 0.58333333 0.         0.1399728  0.13976383 0.27272727 0.27272727
 0.         0.20417058 0.46604215 0.33129133]
deleted_not_scaled [7.000000e+00 0.000000e+00 3.093462e+03 7.849660e+05 1.280000e+03
 7.200000e+02 0.000000e+00 2.261000e+01 7.690000e-01 2.163100e+01
 7.000000e+00 0.000000e+00 3.085170e+03 7.840190e+05 1.280000e+03
 7.200000e+02 0.000000e+00 3.702500e+01 9.420000e-01 7.121700e+01
 7.000000e+00 0.000000e+00 3.081359e+03 7.842060e+05 1.280000e+03
 7.200000e+02 0.000000e+00 2.004200e+01 7.910000e-01 2.896200e+01
 7.000000e+00 0.000000e+00 3.075797e+03 7.839440e+05 1.280000e+03
 7.200000e+02 0.000000e+00 2.038000e+01 7.690000e-01 3.131200e+01
 8.500000e+01]
deleted_idx_col 965
query_origi 707
query_idx 787
deleted_scaled [0.41666667 0.         0.07723066 0.07739953 0.18181818 0.17171717
 0.         0.55843099 0.88139535 0.85380311 0.5        0.
 0.1079645  0.10704057 0.27272727 0.27272727 0.         0.45262846
 0.56829268 0.42710782 0.5        0.         0.11274983 0.11295863
 0.27272727 0.27272727 0.         0.22680781 0.11138614 0.36018021
 0.5        0.         0.10809861 0.10751068 0.27272727 0.27272727
 0.         0.24953845 0.15456674 0.32557795]
deleted_not_scaled [5.000000e+00 0.000000e+00 1.846783e+03 4.723150e+05 9.600000e+02
 5.200000e+02 0.000000e+00 3.968700e+01 9.490000e-01 8.239200e+01
 6.000000e+00 0.000000e+00 2.455474e+03 6.218490e+05 1.280000e+03
 7.200000e+02 0.000000e+00 2.890300e+01 8.200000e-01 3.960400e+01
 6.000000e+00 0.000000e+00 2.452849e+03 6.221040e+05 1.280000e+03
 7.200000e+02 0.000000e+00 2.187900e+01 6.360000e-01 3.261900e+01
 6.000000e+00 0.000000e+00 2.448539e+03 6.219290e+05 1.280000e+03
 7.200000e+02 0.000000e+00 2.187900e+01 6.360000e-01 3.077200e+01
 9.000000e+01]
deleted_idx_col 787
query_origi 731
query_idx 630
deleted_scaled [1.         0.         0.8275702  0.82674055 1.         1.
 1.         0.27228518 0.58372093 0.22115026 1.         0.
 0.90362401 0.90408065 1.         1.         1.         0.12287872
 0.36097561 0.11227703 1.         0.         0.85407914 0.86353009
 1.         1.         1.         0.22760517 0.58415842 0.0165741
 1.         0.         0.75991337 0.75383712 1.         1.
 1.         0.2296238  0.36065574 0.06032905]
deleted_not_scaled [1.2000000e+01 0.0000000e+00 1.6608215e+04 4.2350950e+06 3.8400000e+03
 2.1600000e+03 1.0000000e+00 2.6330000e+01 8.2100000e-01 2.1341000e+01
 1.2000000e+01 0.0000000e+00 1.8104861e+04 4.6235290e+06 3.8400000e+03
 2.1600000e+03 1.0000000e+00 1.7769000e+01 7.3500000e-01 1.0411000e+01
 1.2000000e+01 0.0000000e+00 1.6468117e+04 4.2117210e+06 3.8400000e+03
 2.1600000e+03 1.0000000e+00 2.1908000e+01 8.2700000e-01 1.5010000e+00
 1.2000000e+01 0.0000000e+00 1.5275719e+04 3.8685760e+06 3.8400000e+03
 2.1600000e+03 1.0000000e+00 2.1221000e+01 7.2400000e-01 5.7020000e+00
 2.8400000e+02]
deleted_idx_col 630
query_origi 731
query_idx 775
deleted_scaled [0.25       0.         0.02576206 0.02551772 0.05454545 0.05454545
 0.         0.24842006 0.73953488 0.12557513 0.33333333 0.
 0.04256803 0.0423933  0.09090909 0.09090909 0.         0.3805716
 0.76585366 0.25173091 0.33333333 0.         0.04485181 0.04512879
 0.09090909 0.09090909 0.         0.21710201 0.67574257 0.23368263
 0.33333333 0.         0.04284411 0.0428091  0.09090909 0.09090909
 0.         0.16385703 0.70725995 0.1507803 ]
deleted_not_scaled [3.000000e+00 0.000000e+00 8.342410e+02 2.117930e+05 5.120000e+02
 2.880000e+02 0.000000e+00 2.521600e+01 8.880000e-01 1.211800e+01
 4.000000e+00 0.000000e+00 1.169227e+03 2.972760e+05 6.400000e+02
 3.600000e+02 0.000000e+00 2.647000e+01 9.010000e-01 2.334200e+01
 4.000000e+00 0.000000e+00 1.169197e+03 2.977070e+05 6.400000e+02
 3.600000e+02 0.000000e+00 2.152600e+01 8.640000e-01 2.116300e+01
 4.000000e+00 0.000000e+00 1.164384e+03 2.969180e+05 6.400000e+02
 3.600000e+02 0.000000e+00 1.904800e+01 8.720000e-01 1.425100e+01
 1.680000e+02]
deleted_idx_col 775
query_origi 889
query_idx 124
deleted_scaled [1.         0.12677032 0.82910474 0.82661688 1.         1.
 1.         0.56871398 0.85116279 0.89611399 1.         0.24914555
 0.82782809 0.82659765 1.         1.         1.         0.15080705
 0.28292683 0.10299161 1.         0.06847295 0.9410102  0.9495236
 1.         1.         1.         0.08982678 0.29207921 0.05558561
 1.         0.         0.74965558 0.75078689 1.         1.
 1.         0.04288611 0.33723653 0.004412  ]
deleted_not_scaled [1.20000000e+01 5.95629156e-01 1.66384040e+04 4.23447400e+06
 3.84000000e+03 2.16000000e+03 1.00000000e+00 4.01670000e+01
 9.36000000e-01 8.64750000e+01 1.20000000e+01 8.17583181e-01
 1.66140730e+04 4.23451200e+06 3.84000000e+03 2.16000000e+03
 1.00000000e+00 1.87120000e+01 7.03000000e-01 9.55000000e+00
 1.20000000e+01 3.36623877e-01 1.81116000e+04 4.62298600e+06
 3.84000000e+03 2.16000000e+03 1.00000000e+00 1.68970000e+01
 7.09000000e-01 5.03400000e+00 1.20000000e+01 0.00000000e+00
 1.50738540e+04 3.85325400e+06 3.84000000e+03 2.16000000e+03
 1.00000000e+00 1.50510000e+01 7.14000000e-01 4.17000000e-01
 2.60000000e+02]
deleted_idx_col 124
query_origi 4
query_idx 191
deleted_scaled [0.00000000e+00 9.67075496e-01 1.01148767e-03 9.69241566e-04
 0.00000000e+00 0.00000000e+00 0.00000000e+00 1.16304977e-01
 4.34883721e-01 2.29637306e-02 0.00000000e+00 0.00000000e+00
 1.60587158e-03 1.66650865e-03 0.00000000e+00 0.00000000e+00
 0.00000000e+00 1.02087961e-01 4.09756098e-01 1.74276902e-02
 0.00000000e+00 0.00000000e+00 2.57040378e-03 2.64777171e-03
 0.00000000e+00 0.00000000e+00 0.00000000e+00 4.20126478e-02
 3.91089109e-01 1.76672593e-04 0.00000000e+00 0.00000000e+00
 2.22458456e-03 2.09407053e-03 0.00000000e+00 0.00000000e+00
 0.00000000e+00 3.62912745e-01 6.90866511e-01 0.00000000e+00]
deleted_not_scaled [0.00000000e+00 4.54379515e+00 3.47323000e+02 8.85240000e+04
 3.20000000e+02 1.80000000e+02 0.00000000e+00 1.90490000e+01
 7.57000000e-01 2.21600000e+00 0.00000000e+00 0.00000000e+00
 3.63565000e+02 9.28000000e+04 3.20000000e+02 1.80000000e+02
 0.00000000e+00 1.70670000e+01 7.55000000e-01 1.61600000e+00
 0.00000000e+00 0.00000000e+00 3.69842000e+02 9.45410000e+04
 3.20000000e+02 1.80000000e+02 0.00000000e+00 1.51580000e+01
 7.49000000e-01 1.60000000e-02 0.00000000e+00 0.00000000e+00
 3.65025000e+02 9.23970000e+04 3.20000000e+02 1.80000000e+02
 0.00000000e+00 2.56250000e+01 8.65000000e-01 0.00000000e+00
 2.61000000e+02]
deleted_idx_col 191
query_origi 529
query_idx 18
deleted_scaled [0.16666667 0.         0.01576577 0.01555924 0.05454545 0.05454545
 0.         0.04070353 0.40930233 0.19353368 0.         0.
 0.00168346 0.00166233 0.         0.         0.         0.16164668
 0.47804878 0.         0.08333333 0.87573434 0.01265964 0.0127111
 0.01818182 0.01818182 0.         0.05389057 0.35643564 0.03267339
 0.         0.         0.00097433 0.00097288 0.         0.
 0.         0.14037105 0.54332553 0.        ]
deleted_not_scaled [2.00000000e+00 0.00000000e+00 6.37584000e+02 1.61787000e+05
 5.12000000e+02 2.88000000e+02 0.00000000e+00 1.55200000e+01
 7.46000000e-01 1.86760000e+01 0.00000000e+00 0.00000000e+00
 3.65091000e+02 9.27790000e+04 3.20000000e+02 1.80000000e+02
 0.00000000e+00 1.90780000e+01 7.83000000e-01 0.00000000e+00
 1.00000000e+00 4.30524906e+00 5.60585000e+02 1.42669000e+05
 3.84000000e+02 2.16000000e+02 0.00000000e+00 1.55900000e+01
 7.35000000e-01 2.95900000e+00 0.00000000e+00 0.00000000e+00
 3.40421000e+02 8.67650000e+04 3.20000000e+02 1.80000000e+02
 0.00000000e+00 1.82720000e+01 8.02000000e-01 0.00000000e+00
 1.45000000e+02]
deleted_idx_col 18
query_origi 23
query_idx 463
deleted_scaled [1.         0.         0.83411185 0.82660971 1.         1.
 1.         0.23646608 0.55813953 0.04356477 0.91666667 0.
 0.57196982 0.56767057 1.         1.         0.         0.26779209
 0.4804878  0.01467765 1.         0.         0.86579768 0.86839803
 1.         1.         1.         0.24844652 0.42574257 0.02938286
 0.91666667 0.         0.57037356 0.5677981  1.         1.
 0.         0.71626161 0.88056206 0.68819764]
deleted_not_scaled [1.2000000e+01 0.0000000e+00 1.6736909e+04 4.2344380e+06 3.8400000e+03
 2.1600000e+03 1.0000000e+00 2.4658000e+01 8.1000000e-01 4.2040000e+00
 1.1000000e+01 0.0000000e+00 1.1581738e+04 2.9345230e+06 3.8400000e+03
 2.1600000e+03 0.0000000e+00 2.2662000e+01 7.8400000e-01 1.3610000e+00
 1.2000000e+01 0.0000000e+00 1.6689663e+04 4.2350020e+06 3.8400000e+03
 2.1600000e+03 1.0000000e+00 2.2666000e+01 7.6300000e-01 2.6610000e+00
 1.1000000e+01 0.0000000e+00 1.1545731e+04 2.9340590e+06 3.8400000e+03
 2.1600000e+03 0.0000000e+00 3.7300000e+01 9.4600000e-01 6.5045000e+01
 8.3000000e+01]
deleted_idx_col 463
query_origi 9
query_idx 25
deleted_scaled [0.         0.31220851 0.00177802 0.00159934 0.         0.
 0.         0.74395338 0.99302326 0.67647668 0.         0.44810769
 0.00178519 0.00170873 0.         0.         0.         0.53955279
 0.98780488 0.15846688 0.         0.29684603 0.00241627 0.00234814
 0.         0.         0.         0.63717349 0.98762376 0.40337665
 0.         0.         0.00223399 0.00217609 0.         0.
 0.         0.58739142 0.97189696 0.1361477 ]
deleted_not_scaled [0.00000000e+00 1.46690878e+00 3.62403000e+02 9.16880000e+04
 3.20000000e+02 1.80000000e+02 0.00000000e+00 4.83470000e+01
 9.97000000e-01 6.52800000e+01 0.00000000e+00 1.47048706e+00
 3.67092000e+02 9.30120000e+04 3.20000000e+02 1.80000000e+02
 0.00000000e+00 3.18380000e+01 9.92000000e-01 1.46940000e+01
 0.00000000e+00 1.45934220e+00 3.66928000e+02 9.31080000e+04
 3.20000000e+02 1.80000000e+02 0.00000000e+00 3.68040000e+01
 9.90000000e-01 3.65310000e+01 0.00000000e+00 0.00000000e+00
 3.65210000e+02 9.28090000e+04 3.20000000e+02 1.80000000e+02
 0.00000000e+00 3.30420000e+01 9.85000000e-01 1.28680000e+01
 0.00000000e+00]
deleted_idx_col 25
query_origi 570
query_idx 904
deleted_scaled [0.91666667 0.         0.56771912 0.56828443 1.         1.
 0.         0.13494291 0.52790698 0.02059067 0.91666667 0.
 0.57237336 0.56720549 1.         1.         0.         0.32714349
 0.54634146 0.04479865 1.         0.         0.86700315 0.86829683
 1.         1.         1.         0.24817157 0.47524752 0.01531531
 0.91666667 0.         0.57142986 0.56798622 1.         1.
 0.         0.2728731  0.45433255 0.02747712]
deleted_not_scaled [1.1000000e+01 0.0000000e+00 1.1496164e+04 2.9372700e+06 3.8400000e+03
 2.1600000e+03 0.0000000e+00 1.9919000e+01 7.9700000e-01 1.9870000e+00
 1.1000000e+01 0.0000000e+00 1.1589675e+04 2.9321880e+06 3.8400000e+03
 2.1600000e+03 0.0000000e+00 2.4666000e+01 8.1100000e-01 4.1540000e+00
 1.2000000e+01 0.0000000e+00 1.6712453e+04 4.2345180e+06 3.8400000e+03
 2.1600000e+03 1.0000000e+00 2.2656000e+01 7.8300000e-01 1.3870000e+00
 1.1000000e+01 0.0000000e+00 1.1566518e+04 2.9350040e+06 3.8400000e+03
 2.1600000e+03 0.0000000e+00 2.2650000e+01 7.6400000e-01 2.5970000e+00
 8.2000000e+01]
deleted_idx_col 904
query_origi 448
query_idx 737
deleted_scaled [1.         0.         0.80946818 0.80380117 1.         1.
 1.         0.19940444 0.66976744 0.03418653 0.91666667 0.
 0.57094706 0.56780681 1.         1.         0.         0.58963424
 0.9097561  0.51528158 1.         0.         0.86394278 0.86827864
 1.         1.         1.         0.22708276 0.35643564 0.06525844
 0.91666667 0.         0.56931249 0.56788887 1.         1.
 0.         0.22441815 0.31147541 0.04756917]
deleted_not_scaled [1.2000000e+01 0.0000000e+00 1.6252094e+04 4.1199060e+06 3.8400000e+03
 2.1600000e+03 1.0000000e+00 2.2928000e+01 8.5800000e-01 3.2990000e+00
 1.1000000e+01 0.0000000e+00 1.1561622e+04 2.9352070e+06 3.8400000e+03
 2.1600000e+03 0.0000000e+00 3.3529000e+01 9.6000000e-01 4.7780000e+01
 1.2000000e+01 0.0000000e+00 1.6654595e+04 4.2344310e+06 3.8400000e+03
 2.1600000e+03 1.0000000e+00 2.1889000e+01 7.3500000e-01 5.9100000e+00
 1.1000000e+01 0.0000000e+00 1.1524850e+04 2.9345150e+06 3.8400000e+03
 2.1600000e+03 0.0000000e+00 2.1049000e+01 7.0300000e-01 4.4960000e+00
 2.8000000e+02]
deleted_idx_col 737
query_origi 251
query_idx 491
deleted_scaled [1.         0.         0.82620533 0.82661529 1.         1.
 1.         0.16409949 0.53255814 0.02103627 0.91666667 0.
 0.56659217 0.56776139 1.         1.         0.         0.44664594
 0.71707317 0.15859629 0.91666667 0.         0.59595717 0.59651204
 1.         1.         0.         0.26035194 0.65841584 0.01328357
 0.91666667 0.         0.58097492 0.57718249 1.         1.
 0.         0.29660119 0.6440281  0.03345501]
deleted_not_scaled [1.2000000e+01 0.0000000e+00 1.6581364e+04 4.2344660e+06 3.8400000e+03
 2.1600000e+03 1.0000000e+00 2.1280000e+01 7.9900000e-01 2.0300000e+00
 1.1000000e+01 0.0000000e+00 1.1475968e+04 2.9349790e+06 3.8400000e+03
 2.1600000e+03 0.0000000e+00 2.8701000e+01 8.8100000e-01 1.4706000e+01
 1.1000000e+01 0.0000000e+00 1.1588169e+04 2.9347040e+06 3.8400000e+03
 2.1600000e+03 0.0000000e+00 2.3099000e+01 8.5700000e-01 1.2030000e+00
 1.1000000e+01 0.0000000e+00 1.1754357e+04 2.9811990e+06 3.8400000e+03
 2.1600000e+03 0.0000000e+00 2.3434000e+01 8.4500000e-01 3.1620000e+00
 4.4000000e+01]
deleted_idx_col 491
query_origi 484
query_idx 324
deleted_scaled [0.91666667 0.         0.57204205 0.56771069 1.         1.
 0.         0.18815742 0.50930233 0.05410363 0.91666667 0.
 0.60309063 0.59947166 1.         1.         0.         0.15317637
 0.3        0.04737614 0.91666667 0.         0.56039642 0.56290878
 1.         1.         0.         0.25988452 0.54207921 0.03605225
 0.91666667 0.         0.56959314 0.56788191 1.         1.
 0.         0.77827548 0.84543326 0.88428292]
deleted_not_scaled [1.1000000e+01 0.0000000e+00 1.1581209e+04 2.9343890e+06 3.8400000e+03
 2.1600000e+03 0.0000000e+00 2.2403000e+01 7.8900000e-01 5.2210000e+00
 1.1000000e+01 0.0000000e+00 1.2193836e+04 3.0941860e+06 3.8400000e+03
 2.1600000e+03 0.0000000e+00 1.8792000e+01 7.1000000e-01 4.3930000e+00
 1.1000000e+01 0.0000000e+00 1.0915872e+04 2.7739960e+06 3.8400000e+03
 2.1600000e+03 0.0000000e+00 2.3082000e+01 8.1000000e-01 3.2650000e+00
 1.1000000e+01 0.0000000e+00 1.1530373e+04 2.9344800e+06 3.8400000e+03
 2.1600000e+03 0.0000000e+00 3.9349000e+01 9.3100000e-01 8.3578000e+01
 2.5700000e+02]
deleted_idx_col 324
query_origi 93
query_idx 475
deleted_scaled [1.         0.         0.8252157  0.82026553 1.         1.
 1.         0.08642002 0.61162791 0.00251813 0.91666667 0.
 0.57492917 0.57234683 1.         1.         0.         0.04880794
 0.4902439  0.04743006 1.         0.         0.89627142 0.90167364
 1.         1.         1.         0.0719824  0.39108911 0.05291344
 1.         0.         0.75020849 0.74908839 1.         1.
 1.         0.2899428  0.35362998 0.15048405]
deleted_not_scaled [1.2000000e+01 0.0000000e+00 1.6561895e+04 4.2025810e+06 3.8400000e+03
 2.1600000e+03 1.0000000e+00 1.7654000e+01 8.3300000e-01 2.4300000e-01
 1.1000000e+01 0.0000000e+00 1.1639944e+04 2.9580010e+06 3.8400000e+03
 2.1600000e+03 0.0000000e+00 1.5268000e+01 7.8800000e-01 4.3980000e+00
 1.2000000e+01 0.0000000e+00 1.7265787e+04 4.3941430e+06 3.8400000e+03
 2.1600000e+03 1.0000000e+00 1.6248000e+01 7.4900000e-01 4.7920000e+00
 1.2000000e+01 0.0000000e+00 1.5084735e+04 3.8447220e+06 3.8400000e+03
 2.1600000e+03 1.0000000e+00 2.3214000e+01 7.2100000e-01 1.4223000e+01
 2.2800000e+02]
deleted_idx_col 475
query_origi 589
query_idx 512
deleted_scaled [1.         0.         0.82901309 0.82652548 1.         1.
 1.         0.19274192 0.41395349 0.1333057  0.91666667 0.
 0.568473   0.5676393  1.         1.         0.         0.75205094
 0.86097561 0.90601342 0.91666667 0.         0.59103572 0.59639223
 1.         1.         0.         0.12930987 0.20792079 0.11357839
 1.         0.         0.8818089  0.8831312  1.         1.
 1.         0.05456857 0.16627635 0.16620642]
deleted_not_scaled [1.2000000e+01 0.0000000e+00 1.6636601e+04 4.2340150e+06 3.8400000e+03
 2.1600000e+03 1.0000000e+00 2.2617000e+01 7.4800000e-01 1.2864000e+01
 1.1000000e+01 0.0000000e+00 1.1512961e+04 2.9343660e+06 3.8400000e+03
 2.1600000e+03 0.0000000e+00 3.9013000e+01 9.4000000e-01 8.4011000e+01
 1.1000000e+01 0.0000000e+00 1.1495126e+04 2.9341310e+06 3.8400000e+03
 2.1600000e+03 0.0000000e+00 1.8333000e+01 6.7500000e-01 1.0286000e+01
 1.2000000e+01 0.0000000e+00 1.7674523e+04 4.5180500e+06 3.8400000e+03
 2.1600000e+03 1.0000000e+00 1.5437000e+01 6.4100000e-01 1.5709000e+01
 1.3200000e+02]
deleted_idx_col 512
query_origi 69
query_idx 114
deleted_scaled [0.33333333 0.61916709 0.04142316 0.04152126 0.09090909 0.09090909
 0.         0.42085306 0.78139535 0.61329534 0.33333333 0.43206846
 0.04270902 0.04230028 0.09090909 0.09090909 0.         0.14941507
 0.43414634 0.24284451 0.25       0.         0.02932112 0.02931326
 0.05454545 0.05454545 0.         0.71176794 0.92574257 0.63295165
 0.16666667 0.         0.01856338 0.01841604 0.05454545 0.05454545
 0.         0.26521594 0.75644028 0.19231868]
deleted_not_scaled [4.00000000e+00 2.90915077e+00 1.14234200e+03 2.92154000e+05
 6.40000000e+02 3.60000000e+02 0.00000000e+00 3.32650000e+01
 9.06000000e-01 5.91830000e+01 4.00000000e+00 1.41785357e+00
 1.17200000e+03 2.96809000e+05 6.40000000e+02 3.60000000e+02
 0.00000000e+00 1.86650000e+01 7.65000000e-01 2.25180000e+01
 3.00000000e+00 0.00000000e+00 8.75580000e+02 2.22069000e+05
 5.12000000e+02 2.88000000e+02 0.00000000e+00 3.95170000e+01
 9.65000000e-01 5.73220000e+01 2.00000000e+00 0.00000000e+00
 6.86559000e+02 1.74386000e+05 5.12000000e+02 2.88000000e+02
 0.00000000e+00 2.23970000e+01 8.93000000e-01 1.81770000e+01
 1.88000000e+02]
deleted_idx_col 114
query_origi 590
query_idx 312
deleted_scaled [0.33333333 0.         0.04247389 0.04237141 0.09090909 0.09090909
 0.         0.14618994 0.47674419 0.29516062 0.33333333 0.83156016
 0.04217135 0.04225845 0.09090909 0.09090909 0.         0.2620465
 0.59512195 0.37342277 0.33333333 0.11874465 0.04449869 0.04504683
 0.09090909 0.09090909 0.         0.67640913 0.86138614 0.77012687
 0.25       0.         0.03006629 0.02972609 0.05454545 0.05454545
 0.         0.44556763 0.56440281 0.40759668]
deleted_not_scaled [4.00000000e+00 0.00000000e+00 1.16301300e+03 2.96423000e+05
 6.40000000e+02 3.60000000e+02 0.00000000e+00 2.04440000e+01
 7.75000000e-01 2.84830000e+01 4.00000000e+00 2.72880492e+00
 1.16142500e+03 2.96599000e+05 6.40000000e+02 3.60000000e+02
 0.00000000e+00 2.24680000e+01 8.31000000e-01 3.46260000e+01
 4.00000000e+00 5.83767579e-01 1.16252100e+03 2.97315000e+05
 6.40000000e+02 3.60000000e+02 0.00000000e+00 3.82310000e+01
 9.39000000e-01 6.97450000e+01 3.00000000e+00 0.00000000e+00
 9.12927000e+02 2.31199000e+05 5.12000000e+02 2.88000000e+02
 0.00000000e+00 2.83560000e+01 8.11000000e-01 3.85240000e+01
 8.80000000e+01]
deleted_idx_col 312
query_origi 550
query_idx 106
deleted_scaled [1.         0.23232535 0.83033836 0.82660254 1.         1.
 1.         0.33996015 0.69767442 0.26689119 1.         0.36934205
 0.82902778 0.82655284 1.         1.         1.         0.33271139
 0.4902439  0.02833078 1.         0.07581307 0.91456992 0.92146387
 1.         1.         1.         0.23194941 0.55693069 0.03692457
 1.         0.         0.77614265 0.77614806 1.         1.
 1.         0.93217518 0.94145199 0.86082632]
deleted_not_scaled [1.20000000e+01 1.09157850e+00 1.66626730e+04 4.23440200e+06
 3.84000000e+03 2.16000000e+03 1.00000000e+00 2.94890000e+01
 8.70000000e-01 2.57550000e+01 1.20000000e+01 1.21201380e+00
 1.66376690e+04 4.23428700e+06 3.84000000e+03 2.16000000e+03
 1.00000000e+00 2.48540000e+01 7.88000000e-01 2.62700000e+00
 1.20000000e+01 3.72709115e-01 1.76117310e+04 4.48879000e+06
 3.84000000e+03 2.16000000e+03 1.00000000e+00 2.20660000e+01
 8.16000000e-01 3.34400000e+00 1.20000000e+01 0.00000000e+00
 1.55950980e+04 3.98064900e+06 3.84000000e+03 2.16000000e+03
 1.00000000e+00 4.44340000e+01 9.72000000e-01 8.13610000e+01
 2.74000000e+02]
deleted_idx_col 106
query_origi 240
query_idx 574
deleted_scaled [0.91666667 0.         0.57000759 0.5697133  1.         1.
 0.         0.02924227 0.2        0.11596891 0.91666667 0.
 0.56505575 0.56565212 1.         1.         0.         0.14295869
 0.38780488 0.02176304 1.         0.         1.         1.
 1.         1.         1.         0.77165246 0.88366337 1.
 0.91666667 0.         0.54587625 0.54175749 1.         1.
 0.         0.08686178 0.52693208 0.11360102]
deleted_not_scaled [1.1000000e+01 0.0000000e+00 1.1541185e+04 2.9444450e+06 3.8400000e+03
 2.1600000e+03 0.0000000e+00 1.4985000e+01 6.5600000e-01 1.1191000e+01
 1.1000000e+01 0.0000000e+00 1.1445749e+04 2.9243890e+06 3.8400000e+03
 2.1600000e+03 0.0000000e+00 1.8447000e+01 7.4600000e-01 2.0180000e+00
 1.2000000e+01 0.0000000e+00 1.9226837e+04 4.8643900e+06 3.8400000e+03
 2.1600000e+03 1.0000000e+00 4.1695000e+01 9.4800000e-01 9.0563000e+01
 1.1000000e+01 0.0000000e+00 1.1063644e+04 2.8032510e+06 3.8400000e+03
 2.1600000e+03 0.0000000e+00 1.6504000e+01 7.9500000e-01 1.0737000e+01
 2.3900000e+02]
deleted_idx_col 574
query_origi 811
query_idx 133
deleted_scaled [1.         0.06425106 0.83882684 0.83840531 1.         1.
 1.         0.02911373 0.18837209 0.11798964 1.         0.24353603
 0.81394855 0.81477355 1.         1.         1.         0.14337332
 0.3804878  0.02266894 1.         0.02986542 1.         1.
 1.         1.         1.         0.77165246 0.88366337 1.
 1.         0.         0.8058257  0.79979121 1.         1.
 1.         0.08680125 0.52459016 0.11470137]
deleted_not_scaled [1.20000000e+01 3.01883015e-01 1.68296670e+04 4.29366900e+06
 3.84000000e+03 2.16000000e+03 1.00000000e+00 1.49790000e+01
 6.51000000e-01 1.13860000e+01 1.20000000e+01 7.99175276e-01
 1.63410840e+04 4.17514700e+06 3.84000000e+03 2.16000000e+03
 1.00000000e+00 1.84610000e+01 7.43000000e-01 2.10200000e+00
 1.20000000e+01 1.46823144e-01 1.92268370e+04 4.86439000e+06
 3.84000000e+03 2.16000000e+03 1.00000000e+00 4.16950000e+01
 9.48000000e-01 9.05630000e+01 1.20000000e+01 0.00000000e+00
 1.61792360e+04 4.09941400e+06 3.84000000e+03 2.16000000e+03
 1.00000000e+00 1.65020000e+01 7.94000000e-01 1.08410000e+01
 2.39000000e+02]
deleted_idx_col 133
query_origi 297
query_idx 331
deleted_scaled [0.83333333 0.         0.42081267 0.42101747 0.63636364 0.63636364
 0.         0.13948456 0.68604651 0.         0.83333333 0.
 0.37948253 0.3802966  0.63636364 0.63636364 0.         0.2616911
 0.72439024 0.00710696 0.83333333 0.         0.39537555 0.3957069
 0.63636364 0.63636364 0.         0.15606269 0.28465347 0.03642768
 0.83333333 0.         0.39632886 0.39371632 0.63636364 0.63636364
 0.         0.24696589 0.70491803 0.43784584]
deleted_not_scaled [1.000000e+01 0.000000e+00 8.606073e+03 2.197776e+06 2.560000e+03
 1.440000e+03 0.000000e+00 2.013100e+01 8.650000e-01 0.000000e+00
 1.000000e+01 0.000000e+00 7.795812e+03 1.993779e+06 2.560000e+03
 1.440000e+03 0.000000e+00 2.245600e+01 8.840000e-01 6.590000e-01
 1.000000e+01 0.000000e+00 7.796055e+03 1.974351e+06 2.560000e+03
 1.440000e+03 0.000000e+00 1.930600e+01 7.060000e-01 3.299000e+00
 1.000000e+01 0.000000e+00 8.120674e+03 2.059606e+06 2.560000e+03
 1.440000e+03 0.000000e+00 2.179400e+01 8.710000e-01 4.138300e+01
 1.720000e+02]
deleted_idx_col 331
query_origi 331
query_idx 250
deleted_scaled [0.16666667 0.52724614 0.01806623 0.01813519 0.05454545 0.05454545
 0.         0.2413505  0.71162791 0.24539896 0.08333333 0.37759572
 0.00893426 0.00879224 0.01818182 0.01818182 0.         0.23859026
 0.61463415 0.         0.         0.25257733 0.0023977  0.00232953
 0.         0.         0.         0.28691229 0.62623762 0.
 0.         0.         0.00229095 0.00223283 0.         0.
 0.         0.45304319 0.75409836 0.        ]
deleted_not_scaled [2.00000000e+00 2.47726103e+00 6.82841000e+02 1.74722000e+05
 5.12000000e+02 2.88000000e+02 0.00000000e+00 2.48860000e+01
 8.76000000e-01 2.36810000e+01 1.00000000e+00 1.23909862e+00
 5.07703000e+02 1.28576000e+05 3.84000000e+02 2.16000000e+02
 0.00000000e+00 2.16760000e+01 8.39000000e-01 0.00000000e+00
 0.00000000e+00 1.24171026e+00 3.66577000e+02 9.30190000e+04
 3.20000000e+02 1.80000000e+02 0.00000000e+00 2.40650000e+01
 8.44000000e-01 0.00000000e+00 0.00000000e+00 0.00000000e+00
 3.66331000e+02 9.30940000e+04 3.20000000e+02 1.80000000e+02
 0.00000000e+00 2.86030000e+01 8.92000000e-01 0.00000000e+00
 1.50000000e+01]
deleted_idx_col 250
query_origi 123
query_idx 599
deleted_scaled [1.         0.         0.8196896  0.8176388  1.         1.
 1.         0.16846976 0.65581395 0.01847668 1.         0.
 0.90201743 0.90112347 1.         1.         1.         0.16034355
 0.67560976 0.00796972 0.91666667 0.         0.60862226 0.61444655
 1.         1.         0.         0.17871872 0.67574257 0.
 1.         0.         0.76672981 0.76826927 1.         1.
 1.         0.26691081 0.73302108 0.00756494]
deleted_not_scaled [1.2000000e+01 0.0000000e+00 1.6453180e+04 4.1893910e+06 3.8400000e+03
 2.1600000e+03 1.0000000e+00 2.1484000e+01 8.5200000e-01 1.7830000e+00
 1.2000000e+01 0.0000000e+00 1.8073262e+04 4.6086820e+06 3.8400000e+03
 2.1600000e+03 1.0000000e+00 1.9034000e+01 8.6400000e-01 7.3900000e-01
 1.1000000e+01 0.0000000e+00 1.1827610e+04 3.0204760e+06 3.8400000e+03
 2.1600000e+03 0.0000000e+00 2.0130000e+01 8.6400000e-01 0.0000000e+00
 1.2000000e+01 0.0000000e+00 1.5409861e+04 3.9410720e+06 3.8400000e+03
 2.1600000e+03 1.0000000e+00 2.2453000e+01 8.8300000e-01 7.1500000e-01
 1.7000000e+02]
deleted_idx_col 599
query_origi 22
query_idx 79
deleted_scaled [1.         0.15095798 0.82560136 0.82683594 1.         1.
 1.         0.12802331 0.26511628 0.03916062 1.         0.18039403
 0.87415793 0.86674802 1.         1.         1.         0.11218718
 0.42195122 0.01901301 1.         0.17118663 0.86287595 0.86459773
 1.         1.         1.         0.18267803 0.68564356 0.
 1.         0.         0.84947203 0.84481184 1.         1.
 1.         0.07714658 0.4028103  0.01958419]
deleted_not_scaled [1.20000000e+01 7.09274651e-01 1.65694820e+04 4.23557400e+06
 3.84000000e+03 2.16000000e+03 1.00000000e+00 1.95960000e+01
 6.84000000e-01 3.77900000e+00 1.20000000e+01 5.91971750e-01
 1.75253090e+04 4.43609400e+06 3.84000000e+03 2.16000000e+03
 1.00000000e+00 1.74080000e+01 7.60000000e-01 1.76300000e+00
 1.20000000e+01 8.41580673e-01 1.66344260e+04 4.21682700e+06
 3.84000000e+03 2.16000000e+03 1.00000000e+00 2.02740000e+01
 8.68000000e-01 0.00000000e+00 1.20000000e+01 0.00000000e+00
 1.70381600e+04 4.32556300e+06 3.84000000e+03 2.16000000e+03
 1.00000000e+00 1.61830000e+01 7.42000000e-01 1.85100000e+00
 1.50000000e+02]
deleted_idx_col 79
query_origi 333
query_idx 957
deleted_scaled [1.         0.18976334 0.80946818 0.80380117 1.         1.
 1.         0.19940444 0.66976744 0.03418653 1.         0.3064278
 0.82021595 0.81571784 1.         1.         1.         0.58951577
 0.90731707 0.5181826  1.         0.19234975 0.86394278 0.86827864
 1.         1.         1.         0.22708276 0.35643564 0.06525844
 1.         0.         0.82875013 0.82668506 1.         1.
 1.         0.22453921 0.30679157 0.04882823]
deleted_not_scaled [1.20000000e+01 8.91601261e-01 1.62520940e+04 4.11990600e+06
 3.84000000e+03 2.16000000e+03 1.00000000e+00 2.29280000e+01
 8.58000000e-01 3.29900000e+00 1.20000000e+01 1.00555766e+00
 1.64643540e+04 4.17988800e+06 3.84000000e+03 2.16000000e+03
 1.00000000e+00 3.35250000e+01 9.59000000e-01 4.80490000e+01
 1.20000000e+01 9.45621899e-01 1.66545950e+04 4.23443100e+06
 3.84000000e+03 2.16000000e+03 1.00000000e+00 2.18890000e+01
 7.35000000e-01 5.91000000e+00 1.20000000e+01 0.00000000e+00
 1.66303700e+04 4.23450800e+06 3.84000000e+03 2.16000000e+03
 1.00000000e+00 2.10530000e+01 7.01000000e-01 4.61500000e+00
 2.80000000e+02]
deleted_idx_col 957
query_origi 625
query_idx 14
deleted_scaled [1.         0.26914936 0.82465727 0.82671446 1.         1.
 1.         0.20503867 0.6372093  0.08479793 1.         0.2386814
 0.83320727 0.82655702 1.         1.         1.         0.2744558
 0.43658537 0.01432177 1.         0.09187373 0.86559965 0.86819939
 1.         1.         1.         0.25210338 0.42821782 0.02079216
 1.         0.         0.83039161 0.82666395 1.         1.
 1.         0.47985836 0.70257611 0.27249643]
deleted_not_scaled [1.20000000e+01 1.26459574e+00 1.65509090e+04 4.23496400e+06
 3.84000000e+03 2.16000000e+03 1.00000000e+00 2.31910000e+01
 8.44000000e-01 8.18300000e+00 1.20000000e+01 7.83244573e-01
 1.67198730e+04 4.23430800e+06 3.84000000e+03 2.16000000e+03
 1.00000000e+00 2.28870000e+01 7.66000000e-01 1.32800000e+00
 1.20000000e+01 4.51665834e-01 1.66859190e+04 4.23405200e+06
 3.84000000e+03 2.16000000e+03 1.00000000e+00 2.27990000e+01
 7.64000000e-01 1.88300000e+00 1.20000000e+01 0.00000000e+00
 1.66626730e+04 4.23440200e+06 3.84000000e+03 2.16000000e+03
 1.00000000e+00 2.94890000e+01 8.70000000e-01 2.57550000e+01
 2.71000000e+02]
deleted_idx_col 14
query_origi 496
query_idx 90
deleted_scaled [0.91666667 0.21971778 0.57025209 0.56765832 1.         1.
 0.         1.         1.         1.         0.91666667 0.07854106
 0.57076489 0.5690644  1.         1.         0.         1.
 0.56829268 0.39120635 0.83333333 0.         0.44177928 0.44510939
 0.63636364 0.63636364 0.         0.14118779 0.37623762 0.05761735
 0.83333333 0.         0.35907899 0.35909438 0.63636364 0.63636364
 0.         0.03973851 0.44496487 0.16303232]
deleted_not_scaled [1.10000000e+01 1.03234195e+00 1.15459950e+04 2.93412600e+06
 3.84000000e+03 2.16000000e+03 0.00000000e+00 6.02990000e+01
 1.00000000e+00 9.65000000e+01 1.10000000e+01 2.57736305e-01
 1.15580390e+04 2.94152100e+06 3.84000000e+03 2.16000000e+03
 0.00000000e+00 4.73850000e+01 8.20000000e-01 3.62750000e+01
 1.00000000e+01 0.00000000e+00 8.67334500e+03 2.21061900e+06
 2.56000000e+03 1.44000000e+03 0.00000000e+00 1.87650000e+01
 7.43000000e-01 5.21800000e+00 1.00000000e+01 0.00000000e+00
 7.38762700e+03 1.88569200e+06 2.56000000e+03 1.44000000e+03
 0.00000000e+00 1.49470000e+01 7.60000000e-01 1.54090000e+01
 3.00000000e+00]
deleted_idx_col 90
query_origi 739
query_idx 806
deleted_scaled [8.33333333e-01 0.00000000e+00 4.01226442e-01 3.98351712e-01
 6.36363636e-01 6.36363636e-01 0.00000000e+00 9.93166092e-02
 2.20930233e-01 7.39067358e-02 8.33333333e-01 0.00000000e+00
 4.21274542e-01 4.18949560e-01 6.36363636e-01 6.36363636e-01
 0.00000000e+00 2.05242115e-01 5.41463415e-01 5.95517978e-02
 8.33333333e-01 0.00000000e+00 3.90025331e-01 3.91959707e-01
 6.36363636e-01 6.36363636e-01 0.00000000e+00 2.89166896e-01
 6.83168317e-01 1.41989554e-01 8.33333333e-01 0.00000000e+00
 3.72020430e-01 3.71274783e-01 6.36363636e-01 6.36363636e-01
 0.00000000e+00 1.78384431e-01 5.10538642e-01 6.77141195e-04]
deleted_not_scaled [1.000000e+01 0.000000e+00 8.220753e+03 2.083961e+06 2.560000e+03
 1.440000e+03 0.000000e+00 1.825600e+01 6.650000e-01 7.132000e+00
 1.000000e+01 0.000000e+00 8.617796e+03 2.187843e+06 2.560000e+03
 1.440000e+03 0.000000e+00 2.055000e+01 8.090000e-01 5.522000e+00
 1.000000e+01 0.000000e+00 7.694906e+03 1.956430e+06 2.560000e+03
 1.440000e+03 0.000000e+00 2.414700e+01 8.670000e-01 1.285900e+01
 1.000000e+01 0.000000e+00 7.642304e+03 1.946877e+06 2.560000e+03
 1.440000e+03 0.000000e+00 1.952800e+01 7.880000e-01 6.400000e-02
 2.500000e+02]
deleted_idx_col 806
query_origi 660
query_idx 971
deleted_scaled [0.91666667 0.         0.57153344 0.56951017 1.         1.
 0.         0.23526639 0.69534884 0.06897409 1.         0.
 0.89347191 0.89169526 1.         1.         1.         0.31186139
 0.66829268 0.05452624 1.         0.         0.80576449 0.81265138
 1.         1.         1.         0.42320594 0.74009901 0.12777845
 1.         0.         0.76634784 0.76712001 1.         1.
 1.         0.3713568  0.66276347 0.17403587]
deleted_not_scaled [1.1000000e+01 0.0000000e+00 1.1571203e+04 2.9434250e+06 3.8400000e+03
 2.1600000e+03 0.0000000e+00 2.4602000e+01 8.6900000e-01 6.6560000e+00
 1.2000000e+01 0.0000000e+00 1.7905185e+04 4.5613460e+06 3.8400000e+03
 2.1600000e+03 1.0000000e+00 2.4150000e+01 8.6100000e-01 5.0560000e+00
 1.2000000e+01 0.0000000e+00 1.5554700e+04 3.9683930e+06 3.8400000e+03
 2.1600000e+03 1.0000000e+00 2.9022000e+01 8.9000000e-01 1.1572000e+01
 1.2000000e+01 0.0000000e+00 1.5402344e+04 3.9352990e+06 3.8400000e+03
 2.1600000e+03 1.0000000e+00 2.5904000e+01 8.5300000e-01 1.6449000e+01
 6.4000000e+01]
deleted_idx_col 971
query_origi 863
query_idx 138
deleted_scaled [0.00000000e+00 1.80202701e-01 1.74782670e-03 1.74053242e-03
 0.00000000e+00 0.00000000e+00 0.00000000e+00 1.91713619e-01
 5.30232558e-01 2.07253886e-03 0.00000000e+00 4.46939595e-01
 1.73114837e-03 1.82823986e-03 0.00000000e+00 0.00000000e+00
 0.00000000e+00 6.36576336e-01 7.63414634e-01 1.47391239e-01
 0.00000000e+00 1.59739124e-01 4.24075631e-03 4.13631999e-03
 0.00000000e+00 0.00000000e+00 0.00000000e+00 4.05251581e-01
 7.17821782e-01 2.53966852e-02 0.00000000e+00 0.00000000e+00
 5.92351917e-04 5.08636772e-04 0.00000000e+00 0.00000000e+00
 0.00000000e+00 4.62001755e-01 7.18969555e-01 3.23758134e-03]
deleted_not_scaled [0.00000000e+00 8.46680702e-01 3.61809000e+02 9.23970000e+04
 3.20000000e+02 1.80000000e+02 0.00000000e+00 2.25690000e+01
 7.98000000e-01 2.00000000e-01 0.00000000e+00 1.46665391e+00
 3.66029000e+02 9.36120000e+04 3.20000000e+02 1.80000000e+02
 0.00000000e+00 3.51140000e+01 9.00000000e-01 1.36670000e+01
 0.00000000e+00 7.85302899e-01 4.01421000e+02 1.01660000e+05
 3.20000000e+02 1.80000000e+02 0.00000000e+00 2.83690000e+01
 8.81000000e-01 2.30000000e+00 0.00000000e+00 0.00000000e+00
 3.32904000e+02 8.44330000e+04 3.20000000e+02 1.80000000e+02
 0.00000000e+00 2.88990000e+01 8.77000000e-01 3.06000000e-01
 1.57000000e+02]
deleted_idx_col 138
query_origi 469
query_idx 931
deleted_scaled [0.00000000e+00 0.00000000e+00 6.97809074e-04 6.39058185e-04
 0.00000000e+00 0.00000000e+00 0.00000000e+00 2.98999550e-01
 6.90697674e-01 0.00000000e+00 0.00000000e+00 0.00000000e+00
 1.59407603e-03 1.63663220e-03 0.00000000e+00 0.00000000e+00
 0.00000000e+00 1.59129276e-01 5.58536585e-01 0.00000000e+00
 0.00000000e+00 0.00000000e+00 2.25568205e-03 2.31071035e-03
 0.00000000e+00 0.00000000e+00 0.00000000e+00 7.03051966e-02
 4.92574257e-01 0.00000000e+00 0.00000000e+00 0.00000000e+00
 2.24242067e-03 2.30270119e-03 0.00000000e+00 0.00000000e+00
 0.00000000e+00 6.34121243e-01 9.13348946e-01 1.04882823e-01]
deleted_not_scaled [0.00000e+00 0.00000e+00 3.41152e+02 8.68660e+04 3.20000e+02 1.80000e+02
 0.00000e+00 2.75770e+01 8.67000e-01 0.00000e+00 0.00000e+00 0.00000e+00
 3.63333e+02 9.26500e+04 3.20000e+02 1.80000e+02 0.00000e+00 1.89930e+01
 8.16000e-01 0.00000e+00 0.00000e+00 0.00000e+00 3.63892e+02 9.29290e+04
 3.20000e+02 1.80000e+02 0.00000e+00 1.61870e+01 7.90000e-01 0.00000e+00
 0.00000e+00 0.00000e+00 3.65376e+02 9.34450e+04 3.20000e+02 1.80000e+02
 0.00000e+00 3.45860e+01 9.60000e-01 9.91300e+00 2.70000e+01]
deleted_idx_col 931
query_origi 9
query_idx 412
deleted_scaled [5.83333333e-01 0.00000000e+00 1.40960737e-01 1.39557443e-01
 2.72727273e-01 2.72727273e-01 0.00000000e+00 2.03260567e-01
 6.97674419e-01 2.28062176e-01 6.66666667e-01 0.00000000e+00
 2.05761187e-01 2.04174099e-01 4.54545455e-01 4.54545455e-01
 0.00000000e+00 1.33274100e-01 5.04878049e-01 9.70601557e-05
 6.66666667e-01 0.00000000e+00 2.24654242e-01 2.25273036e-01
 4.54545455e-01 4.54545455e-01 0.00000000e+00 2.26890294e-01
 6.23762376e-01 5.96270000e-04 6.66666667e-01 0.00000000e+00
 1.95504792e-01 1.94590494e-01 4.54545455e-01 4.54545455e-01
 0.00000000e+00 2.77745831e-01 7.33021077e-01 0.00000000e+00]
deleted_not_scaled [7.000000e+00 0.000000e+00 3.100545e+03 7.844380e+05 1.280000e+03
 7.200000e+02 0.000000e+00 2.310800e+01 8.700000e-01 2.200800e+01
 8.000000e+00 0.000000e+00 4.378983e+03 1.109525e+06 1.920000e+03
 1.080000e+03 0.000000e+00 1.812000e+01 7.940000e-01 9.000000e-03
 8.000000e+00 0.000000e+00 4.568468e+03 1.159249e+06 1.920000e+03
 1.080000e+03 0.000000e+00 2.188200e+01 8.430000e-01 5.400000e-02
 8.000000e+00 0.000000e+00 4.168621e+03 1.059351e+06 1.920000e+03
 1.080000e+03 0.000000e+00 2.281100e+01 8.830000e-01 0.000000e+00
 2.110000e+02]
deleted_idx_col 412
query_origi 627
query_idx 525
deleted_scaled [0.66666667 0.         0.20948561 0.20770088 0.45454545 0.45454545
 0.         0.06064826 0.22790698 0.08643523 0.66666667 0.
 0.20208505 0.20084686 0.45454545 0.45454545 0.         0.05520509
 0.35121951 0.00136963 0.66666667 0.         0.21385119 0.21477876
 0.45454545 0.45454545 0.         0.14281001 0.40594059 0.05047315
 0.66666667 0.         0.20809333 0.20745293 0.45454545 0.45454545
 0.         0.05695954 0.33957845 0.05611808]
deleted_not_scaled [8.000000e+00 0.000000e+00 4.448635e+03 1.126617e+06 1.920000e+03
 1.080000e+03 0.000000e+00 1.645100e+01 6.680000e-01 8.341000e+00
 8.000000e+00 0.000000e+00 4.306679e+03 1.092820e+06 1.920000e+03
 1.080000e+03 0.000000e+00 1.548400e+01 7.310000e-01 1.270000e-01
 8.000000e+00 0.000000e+00 4.364230e+03 1.109060e+06 1.920000e+03
 1.080000e+03 0.000000e+00 1.882400e+01 7.550000e-01 4.571000e+00
 8.000000e+00 0.000000e+00 4.416353e+03 1.123962e+06 1.920000e+03
 1.080000e+03 0.000000e+00 1.551600e+01 7.150000e-01 5.304000e+00
 1.440000e+02]
deleted_idx_col 525
query_origi 781
query_idx 31
deleted_scaled [0.66666667 0.17196413 0.20385119 0.20437814 0.45454545 0.45454545
 0.         0.20606697 0.64651163 0.07982383 0.66666667 0.45524161
 0.20582311 0.2041265  0.45454545 0.45454545 0.         0.27572931
 0.45365854 0.01246684 0.66666667 0.0136621  0.2141848  0.21477123
 0.45454545 0.45454545 0.         0.25347814 0.44554455 0.01905856
 0.58333333 0.         0.14051871 0.13984804 0.27272727 0.27272727
 0.         0.49087497 0.72131148 0.4765487 ]
deleted_not_scaled [8.00000000e+00 8.07971866e-01 4.33778900e+03 1.10993200e+06
 1.92000000e+03 1.08000000e+03 0.00000000e+00 2.32390000e+01
 8.48000000e-01 7.70300000e+00 8.00000000e+00 1.49389738e+00
 4.38020100e+03 1.10928600e+06 1.92000000e+03 1.08000000e+03
 0.00000000e+00 2.29300000e+01 7.73000000e-01 1.15600000e+00
 8.00000000e+00 6.71650367e-02 4.37053700e+03 1.10902400e+06
 1.92000000e+03 1.08000000e+03 0.00000000e+00 2.28490000e+01
 7.71000000e-01 1.72600000e+00 7.00000000e+00 0.00000000e+00
 3.08654000e+03 7.84367000e+05 1.28000000e+03 7.20000000e+02
 0.00000000e+00 2.98530000e+01 8.78000000e-01 4.50410000e+01
 2.71000000e+02]
deleted_idx_col 31
query_origi 760
query_idx 19
deleted_scaled [1.         0.31695068 0.83632016 0.83381122 1.         1.
 1.         0.72317316 0.57906977 0.37598964 1.         0.19686446
 0.94830237 0.94688763 1.         1.         1.         0.15213979
 0.36829268 0.05822531 1.         0.23782077 0.73190416 0.73853134
 1.         1.         1.         0.03621116 0.40841584 0.17934477
 1.         0.         0.8317718  0.83302181 1.         1.
 1.         0.08849611 0.56674473 0.50249167]
deleted_not_scaled [1.20000000e+01 1.48918978e+00 1.67803530e+04 4.27060000e+06
 3.84000000e+03 2.16000000e+03 1.00000000e+00 4.73770000e+01
 8.19000000e-01 3.62830000e+01 1.20000000e+01 6.46020246e-01
 1.89836150e+04 4.83844900e+06 3.84000000e+03 2.16000000e+03
 1.00000000e+00 1.87570000e+01 7.38000000e-01 5.39900000e+00
 1.20000000e+01 1.16916468e+00 1.41583270e+04 3.61391300e+06
 3.84000000e+03 2.16000000e+03 1.00000000e+00 1.49470000e+01
 7.56000000e-01 1.62420000e+01 1.20000000e+01 0.00000000e+00
 1.66898340e+04 4.26633900e+06 3.84000000e+03 2.16000000e+03
 1.00000000e+00 1.65580000e+01 8.12000000e-01 4.74930000e+01
 4.00000000e+00]
deleted_idx_col 19
query_origi 462
query_idx 30
deleted_scaled [1.         0.16851943 0.80243174 0.79962071 1.         1.
 1.         0.11139913 0.11162791 0.08939896 1.         0.26336434
 0.8282807  0.8266357  1.         1.         1.         0.18676144
 0.12195122 0.09449345 1.         0.41632058 0.87320311 0.88066501
 1.         1.         1.         0.03709101 0.14851485 0.12572463
 1.         0.         0.81405003 0.81486776 1.         1.
 1.         0.14609122 0.40515222 0.02223986]
deleted_not_scaled [1.20000000e+01 7.91786966e-01 1.61136660e+04 4.09891400e+06
 3.84000000e+03 2.16000000e+03 1.00000000e+00 1.88200000e+01
 6.18000000e-01 8.62700000e+00 1.20000000e+01 8.64242835e-01
 1.66229750e+04 4.23470300e+06 3.84000000e+03 2.16000000e+03
 1.00000000e+00 1.99260000e+01 6.37000000e-01 8.76200000e+00
 1.20000000e+01 2.04669810e+00 1.68296670e+04 4.29366900e+06
 3.84000000e+03 2.16000000e+03 1.00000000e+00 1.49790000e+01
 6.51000000e-01 1.13860000e+01 1.20000000e+01 0.00000000e+00
 1.63410840e+04 4.17514700e+06 3.84000000e+03 2.16000000e+03
 1.00000000e+00 1.84610000e+01 7.43000000e-01 2.10200000e+00
 2.37000000e+02]
deleted_idx_col 30
query_origi 925
query_idx 137
deleted_scaled [1.00000000e+00 8.70172709e-02 8.06616356e-01 8.00565653e-01
 1.00000000e+00 1.00000000e+00 1.00000000e+00 9.60817498e-02
 5.09302326e-01 4.35233161e-04 1.00000000e+00 1.00000000e+00
 8.51369048e-01 8.46276079e-01 1.00000000e+00 1.00000000e+00
 1.00000000e+00 2.44069303e-01 6.07317073e-01 6.25498781e-04
 1.00000000e+00 6.34026088e-02 9.12655992e-01 9.16779299e-01
 1.00000000e+00 1.00000000e+00 1.00000000e+00 2.52213363e-01
 7.15346535e-01 0.00000000e+00 1.00000000e+00 0.00000000e+00
 8.70025326e-01 8.67424174e-01 1.00000000e+00 1.00000000e+00
 1.00000000e+00 2.02263854e-01 6.04215457e-01 1.98487013e-02]
deleted_not_scaled [1.20000000e+01 4.08849832e-01 1.61959900e+04 4.10365900e+06
 3.84000000e+03 2.16000000e+03 1.00000000e+00 1.81050000e+01
 7.89000000e-01 4.20000000e-02 1.20000000e+01 3.28154840e+00
 1.70770870e+04 4.33331100e+06 3.84000000e+03 2.16000000e+03
 1.00000000e+00 2.18610000e+01 8.36000000e-01 5.80000000e-02
 1.20000000e+01 3.11697293e-01 1.75755470e+04 4.46638600e+06
 3.84000000e+03 2.16000000e+03 1.00000000e+00 2.28030000e+01
 8.80000000e-01 0.00000000e+00 1.20000000e+01 0.00000000e+00
 1.74426320e+04 4.43915000e+06 3.84000000e+03 2.16000000e+03
 1.00000000e+00 2.03170000e+01 8.28000000e-01 1.87600000e+00
 2.12000000e+02]
deleted_idx_col 137
query_origi 596
query_idx 8
deleted_scaled [0.25       0.         0.02766461 0.02758366 0.05454545 0.05454545
 0.         0.18068082 0.62790698 0.19866321 0.         0.
 0.00172296 0.00178362 0.         0.         0.         0.70768547
 0.86585366 0.0807217  0.         0.55669382 0.00234714 0.00242216
 0.         0.         0.         0.28504262 0.75990099 0.
 0.         0.         0.00285032 0.00271459 0.         0.
 0.         0.24950819 0.72833724 0.        ]
deleted_not_scaled [3.00000000e+00 0.00000000e+00 8.71670000e+02 2.22167000e+05
 5.12000000e+02 2.88000000e+02 0.00000000e+00 2.20540000e+01
 8.40000000e-01 1.91710000e+01 0.00000000e+00 0.00000000e+00
 3.65868000e+02 9.33880000e+04 3.20000000e+02 1.80000000e+02
 0.00000000e+00 3.75150000e+01 9.42000000e-01 7.48500000e+00
 0.00000000e+00 2.73679522e+00 3.65621000e+02 9.34620000e+04
 3.20000000e+02 1.80000000e+02 0.00000000e+00 2.39970000e+01
 8.98000000e-01 0.00000000e+00 0.00000000e+00 0.00000000e+00
 3.77339000e+02 9.55140000e+04 3.20000000e+02 1.80000000e+02
 0.00000000e+00 2.18780000e+01 8.81000000e-01 0.00000000e+00
 2.76000000e+02]
deleted_idx_col 8
query_origi 838
query_idx 638
deleted_scaled [0.         0.         0.00177802 0.00159934 0.         0.
 0.         0.74395338 0.99302326 0.67647668 0.08333333 0.
 0.00881    0.0086815  0.01818182 0.01818182 0.         0.58394788
 0.99268293 0.16319048 0.25       0.         0.02925595 0.02927081
 0.05454545 0.05454545 0.         0.69477591 0.99009901 0.52422071
 0.33333333 0.         0.04297882 0.04274042 0.09090909 0.09090909
 0.         0.67858116 0.98594848 0.51712427]
deleted_not_scaled [0.000000e+00 0.000000e+00 3.624030e+02 9.168800e+04 3.200000e+02
 1.800000e+02 0.000000e+00 4.834700e+01 9.970000e-01 6.528000e+01
 1.000000e+00 0.000000e+00 5.052590e+02 1.280200e+05 3.840000e+02
 2.160000e+02 0.000000e+00 3.333700e+01 9.940000e-01 1.513200e+01
 3.000000e+00 0.000000e+00 8.743480e+02 2.218660e+05 5.120000e+02
 2.880000e+02 0.000000e+00 3.889900e+01 9.910000e-01 4.747500e+01
 4.000000e+00 0.000000e+00 1.167035e+03 2.965730e+05 6.400000e+02
 3.600000e+02 0.000000e+00 3.605500e+01 9.910000e-01 4.887600e+01
 0.000000e+00]
deleted_idx_col 638
query_origi 778
query_idx 589
deleted_scaled [0.00000000e+00 4.83354249e-01 3.45331112e-03 3.38786471e-03
 0.00000000e+00 0.00000000e+00 0.00000000e+00 3.77278862e-01
 8.27906977e-01 8.27150259e-02 0.00000000e+00 8.07903036e-01
 0.00000000e+00 4.42171532e-05 0.00000000e+00 0.00000000e+00
 0.00000000e+00 3.85695247e-01 7.63414634e-01 0.00000000e+00
 0.00000000e+00 0.00000000e+00 2.20432158e-03 2.25885476e-03
 0.00000000e+00 0.00000000e+00 0.00000000e+00 3.31372010e-01
 7.54950495e-01 0.00000000e+00 0.00000000e+00 0.00000000e+00
 2.28292032e-03 2.34331250e-03 0.00000000e+00 0.00000000e+00
 0.00000000e+00 3.42392785e-01 7.42388759e-01 0.00000000e+00]
deleted_not_scaled [0.00000000e+00 2.27103541e+00 3.95361000e+02 1.00669000e+05
 3.20000000e+02 1.80000000e+02 0.00000000e+00 3.12310000e+01
 9.26000000e-01 7.98200000e+00 0.00000000e+00 2.65117292e+00
 3.31980000e+02 8.46550000e+04 3.20000000e+02 1.80000000e+02
 0.00000000e+00 2.66430000e+01 9.00000000e-01 0.00000000e+00
 0.00000000e+00 0.00000000e+00 3.62921000e+02 9.26810000e+04
 3.20000000e+02 1.80000000e+02 0.00000000e+00 2.56820000e+01
 8.96000000e-01 0.00000000e+00 0.00000000e+00 0.00000000e+00
 3.66173000e+02 9.36490000e+04 3.20000000e+02 1.80000000e+02
 0.00000000e+00 2.49470000e+01 8.87000000e-01 0.00000000e+00
 7.20000000e+01]
deleted_idx_col 589
query_origi 116
query_idx 130
deleted_scaled [0.         0.13012505 0.00190637 0.00184469 0.         0.
 0.         0.03603333 0.2372093  0.06710881 0.         0.18138309
 0.00179246 0.00183481 0.         0.         0.         0.06293499
 0.2        0.06253909 0.         0.12193019 0.00227441 0.00233915
 0.         0.         0.         0.46246907 0.71287129 0.01935669
 0.         0.         0.00218785 0.00225711 0.         0.
 0.         0.11289005 0.21311475 0.02364704]
deleted_not_scaled [0.00000000e+00 6.11391326e-01 3.64928000e+02 9.29200000e+04
 3.20000000e+02 1.80000000e+02 0.00000000e+00 1.53020000e+01
 6.72000000e-01 6.47600000e+00 0.00000000e+00 5.95217403e-01
 3.67235000e+02 9.36450000e+04 3.20000000e+02 1.80000000e+02
 0.00000000e+00 1.57450000e+01 6.69000000e-01 5.79900000e+00
 0.00000000e+00 5.99428200e-01 3.64246000e+02 9.30650000e+04
 3.20000000e+02 1.80000000e+02 0.00000000e+00 3.04500000e+01
 8.79000000e-01 1.75300000e+00 0.00000000e+00 0.00000000e+00
 3.64302000e+02 9.32160000e+04 3.20000000e+02 1.80000000e+02
 0.00000000e+00 1.73640000e+01 6.61000000e-01 2.23500000e+00
 1.40000000e+02]
deleted_idx_col 130
query_origi 571
query_idx 310
deleted_scaled [0.33333333 0.29852023 0.04245798 0.04241343 0.09090909 0.09090909
 0.         0.0755586  0.16511628 0.23512953 0.33333333 0.13692842
 0.04587241 0.04599181 0.09090909 0.09090909 0.         0.12021324
 0.25609756 0.25649764 0.25       0.         0.02645207 0.02632947
 0.05454545 0.05454545 0.         0.25801485 0.52227723 0.21244879
 0.16666667 0.         0.01863619 0.0184029  0.05454545 0.05454545
 0.         0.19869253 0.45199063 0.19005449]
deleted_not_scaled [4.00000000e+00 1.40259451e+00 1.16270000e+03 2.96634000e+05
 6.40000000e+02 3.60000000e+02 0.00000000e+00 1.71470000e+01
 6.41000000e-01 2.26900000e+01 4.00000000e+00 4.49337250e-01
 1.23421900e+03 3.15343000e+05 6.40000000e+02 3.60000000e+02
 0.00000000e+00 1.76790000e+01 6.92000000e-01 2.37840000e+01
 3.00000000e+00 0.00000000e+00 8.21339000e+02 2.07799000e+05
 5.12000000e+02 2.88000000e+02 0.00000000e+00 2.30140000e+01
 8.02000000e-01 1.92400000e+01 2.00000000e+00 0.00000000e+00
 6.87992000e+02 1.74320000e+05 5.12000000e+02 2.88000000e+02
 0.00000000e+00 2.01990000e+01 7.63000000e-01 1.79630000e+01
 1.11000000e+02]
deleted_idx_col 310
query_origi 276
query_idx 178
deleted_scaled [0.58333333 0.11807126 0.14020717 0.13942501 0.27272727 0.27272727
 0.         0.17142612 0.27906977 0.0306114  0.5        0.82180303
 0.10733705 0.10696548 0.27272727 0.27272727 0.         0.26998371
 0.25853659 0.27889697 0.41666667 0.         0.08147035 0.08208448
 0.18181818 0.17171717 0.         0.33739346 0.38366337 0.38601857
 0.33333333 0.         0.04268562 0.04270857 0.09090909 0.09090909
 0.         0.31609213 0.40749415 0.22875734]
deleted_not_scaled [7.00000000e+00 5.54756686e-01 3.08572000e+03 7.83773000e+05
 1.28000000e+03 7.20000000e+02 0.00000000e+00 2.16220000e+01
 6.90000000e-01 2.95400000e+00 6.00000000e+00 2.69678641e+00
 2.44313300e+03 6.21472000e+05 1.28000000e+03 7.20000000e+02
 0.00000000e+00 2.27360000e+01 6.93000000e-01 2.58610000e+01
 5.00000000e+00 0.00000000e+00 1.86149200e+03 4.74448000e+05
 9.60000000e+02 5.20000000e+02 0.00000000e+00 2.59010000e+01
 7.46000000e-01 3.49590000e+01 4.00000000e+00 0.00000000e+00
 1.16126500e+03 2.96413000e+05 6.40000000e+02 3.60000000e+02
 0.00000000e+00 2.40780000e+01 7.44000000e-01 2.16210000e+01
 2.89000000e+02]
deleted_idx_col 178
