query_origi 8
query_idx 12
deleted_scaled [1.66666667e-01 0.00000000e+00 1.81388678e-02 1.81228457e-02
 5.45454545e-02 5.45454545e-02 0.00000000e+00 5.45834315e-01
 8.81395349e-01 5.06466321e-01 8.33333333e-02 4.45394773e-01
 8.67475709e-03 8.77252386e-03 1.81818182e-02 1.81818182e-02
 0.00000000e+00 3.05641937e-01 7.53658537e-01 0.00000000e+00
 8.33333333e-02 0.00000000e+00 1.12787805e-02 1.11681894e-02
 1.81818182e-02 1.81818182e-02 0.00000000e+00 2.25570525e-01
 7.10396040e-01 0.00000000e+00 0.00000000e+00 0.00000000e+00
 1.92873890e-03 1.82750903e-03 0.00000000e+00 0.00000000e+00
 0.00000000e+00 2.79561757e-01 7.21311475e-01 2.11606623e-05]
deleted_not_scaled [2.00000000e+00 0.00000000e+00 6.84270000e+02 1.74660000e+05
 5.12000000e+02 2.88000000e+02 0.00000000e+00 3.90990000e+01
 9.49000000e-01 4.88740000e+01 1.00000000e+00 1.46158451e+00
 5.02599000e+02 1.28477000e+05 3.84000000e+02 2.16000000e+02
 0.00000000e+00 2.39400000e+01 8.96000000e-01 0.00000000e+00
 1.00000000e+00 0.00000000e+00 5.34479000e+02 1.35290000e+05
 3.84000000e+02 2.16000000e+02 0.00000000e+00 2.18340000e+01
 8.78000000e-01 0.00000000e+00 0.00000000e+00 0.00000000e+00
 3.59203000e+02 9.10580000e+04 3.20000000e+02 1.80000000e+02
 0.00000000e+00 2.28710000e+01 8.78000000e-01 2.00000000e-03
 2.77000000e+02]
deleted_idx_col 12
query_origi 634
query_idx 96
deleted_scaled [1.         0.06823407 0.83214581 0.82673936 1.         1.
 1.         0.31262452 0.58372093 0.07807254 1.         0.16071157
 0.83067575 0.82653571 1.         1.         1.         0.36306827
 0.48292683 0.00786187 1.         0.13351528 0.86354877 0.86831774
 1.         1.         1.         0.15515535 0.34405941 0.07892848
 1.         0.         0.8283464  0.82669601 1.         1.
 1.         0.25550074 0.54098361 0.13796752]
deleted_not_scaled [1.20000000e+01 3.20597144e-01 1.66982310e+04 4.23508900e+06
 3.84000000e+03 2.16000000e+03 1.00000000e+00 2.82130000e+01
 8.21000000e-01 7.53400000e+00 1.20000000e+01 5.27382807e-01
 1.66700820e+04 4.23420100e+06 3.84000000e+03 2.16000000e+03
 1.00000000e+00 2.58790000e+01 7.85000000e-01 7.29000000e-01
 1.20000000e+01 6.56382343e-01 1.66471460e+04 4.23461800e+06
 3.84000000e+03 2.16000000e+03 1.00000000e+00 1.92730000e+01
 7.30000000e-01 7.14800000e+00 1.20000000e+01 0.00000000e+00
 1.66224250e+04 4.23456300e+06 3.84000000e+03 2.16000000e+03
 1.00000000e+00 2.20760000e+01 8.01000000e-01 1.30400000e+01
 7.70000000e+01]
deleted_idx_col 96
query_origi 424
query_idx 447
deleted_scaled [0.41666667 0.         0.07626492 0.07624986 0.18181818 0.17171717
 0.         0.05998415 0.26976744 0.00592746 0.41666667 0.
 0.07720106 0.07739535 0.18181818 0.17171717 0.         0.18311861
 0.26829268 0.01847378 0.5        0.         0.11298563 0.11293814
 0.27272727 0.27272727 0.         0.10478416 0.43811881 0.22693595
 0.58333333 0.         0.14092483 0.13986735 0.27272727 0.27272727
 0.         0.20120456 0.70257611 0.13476168]
deleted_not_scaled [5.000000e+00 0.000000e+00 1.827784e+03 4.665420e+05 9.600000e+02
 5.200000e+02 0.000000e+00 1.642000e+01 6.860000e-01 5.720000e-01
 5.000000e+00 0.000000e+00 1.850405e+03 4.730100e+05 9.600000e+02
 5.200000e+02 0.000000e+00 1.980300e+01 6.970000e-01 1.713000e+00
 6.000000e+00 0.000000e+00 2.457307e+03 6.220060e+05 1.280000e+03
 7.200000e+02 0.000000e+00 1.744100e+01 7.680000e-01 2.055200e+01
 7.000000e+00 0.000000e+00 3.094532e+03 7.844640e+05 1.280000e+03
 7.200000e+02 0.000000e+00 2.028200e+01 8.700000e-01 1.273700e+01
 1.490000e+02]
deleted_idx_col 447
query_origi 830
query_idx 565
deleted_scaled [0.25       0.         0.03174126 0.03160699 0.05454545 0.05454545
 0.         0.12817327 0.60930233 0.16746114 0.16666667 0.
 0.01596186 0.01598948 0.05454545 0.05454545 0.         0.18122316
 0.60487805 0.19491836 0.25       0.         0.02733086 0.02764635
 0.05454545 0.05454545 0.         0.17970855 0.63118812 0.1939313
 0.25       0.         0.02889511 0.02902912 0.05454545 0.05454545
 0.         0.30292667 0.67213115 0.24516743]
deleted_not_scaled [3.00000e+00 0.00000e+00 9.51870e+02 2.42370e+05 5.12000e+02 2.88000e+02
 0.00000e+00 1.96030e+01 8.32000e-01 1.61600e+01 2.00000e+00 0.00000e+00
 6.45925e+02 1.64711e+05 5.12000e+02 2.88000e+02 0.00000e+00 1.97390e+01
 8.35000e-01 1.80740e+01 3.00000e+00 0.00000e+00 8.37953e+02 2.14097e+05
 5.12000e+02 2.88000e+02 0.00000e+00 2.01660e+01 8.46000e-01 1.75630e+01
 3.00000e+00 0.00000e+00 8.89879e+02 2.27698e+05 5.12000e+02 2.88000e+02
 0.00000e+00 2.36430e+01 8.57000e-01 2.31720e+01 2.68000e+02]
deleted_idx_col 565
query_origi 194
query_idx 519
deleted_scaled [0.5        0.         0.0916337  0.09183101 0.27272727 0.27272727
 0.         0.18554382 0.67674419 0.27235233 0.5        0.
 0.10792759 0.10700392 0.27272727 0.27272727 0.         0.16700726
 0.58292683 0.20474301 0.5        0.         0.11314966 0.11335946
 0.27272727 0.27272727 0.         0.11811933 0.53712871 0.25097446
 0.5        0.         0.10757425 0.10698891 0.27272727 0.27272727
 0.         0.45143912 0.78220141 0.49192192]
deleted_not_scaled [6.000000e+00 0.000000e+00 2.130134e+03 5.447820e+05 1.280000e+03
 7.200000e+02 0.000000e+00 2.228100e+01 8.610000e-01 2.628200e+01
 6.000000e+00 0.000000e+00 2.454748e+03 6.216650e+05 1.280000e+03
 7.200000e+02 0.000000e+00 1.925900e+01 8.260000e-01 1.898500e+01
 6.000000e+00 0.000000e+00 2.460408e+03 6.240210e+05 1.280000e+03
 7.200000e+02 0.000000e+00 1.792600e+01 8.080000e-01 2.272900e+01
 6.000000e+00 0.000000e+00 2.438220e+03 6.193080e+05 1.280000e+03
 7.200000e+02 0.000000e+00 2.855000e+01 9.040000e-01 4.649400e+01
 6.000000e+01]
deleted_idx_col 519
query_origi 90
query_idx 753
deleted_scaled [0.16666667 0.         0.01814822 0.01809815 0.05454545 0.05454545
 0.         0.0458236  0.21395349 0.38260104 0.16666667 0.
 0.01781152 0.01790516 0.05454545 0.05454545 0.         0.58735377
 0.78292683 0.51133447 0.25       0.1072546  0.02864079 0.02903704
 0.05454545 0.05454545 0.         0.09747044 0.13861386 0.3198326
 0.16666667 0.         0.02132192 0.0210504  0.05454545 0.05454545
 0.         0.08849611 0.26932084 0.28936148]
deleted_not_scaled [2.00000000e+00 0.00000000e+00 6.84454000e+02 1.74536000e+05
 5.12000000e+02 2.88000000e+02 0.00000000e+00 1.57590000e+01
 6.62000000e-01 3.69210000e+01 2.00000000e+00 0.00000000e+00
 6.82305000e+02 1.74329000e+05 5.12000000e+02 2.88000000e+02
 0.00000000e+00 3.34520000e+01 9.08000000e-01 4.74140000e+01
 3.00000000e+00 5.27280643e-01 8.62718000e+02 2.20748000e+05
 5.12000000e+02 2.88000000e+02 0.00000000e+00 1.71750000e+01
 6.47000000e-01 2.89650000e+01 2.00000000e+00 0.00000000e+00
 7.40845000e+02 1.87619000e+05 5.12000000e+02 2.88000000e+02
 0.00000000e+00 1.65580000e+01 6.85000000e-01 2.73490000e+01
 1.41000000e+02]
deleted_idx_col 753
query_origi 507
query_idx 520
deleted_scaled [0.16666667 0.         0.01820551 0.01812125 0.05454545 0.05454545
 0.         0.14927483 0.26976744 0.27471503 0.25       0.
 0.02923576 0.02927215 0.05454545 0.05454545 0.         0.04309196
 0.23170732 0.40155943 0.25       0.         0.02695838 0.02727019
 0.05454545 0.05454545 0.         0.13112455 0.43069307 0.19242958
 0.25       0.         0.03242193 0.03201545 0.05454545 0.05454545
 0.         0.68790291 0.82669789 0.58768449]
deleted_not_scaled [2.00000e+00 0.00000e+00 6.85581e+02 1.74652e+05 5.12000e+02 2.88000e+02
 0.00000e+00 2.05880e+01 6.86000e-01 2.65100e+01 3.00000e+00 0.00000e+00
 9.07002e+02 2.31399e+05 5.12000e+02 2.88000e+02 0.00000e+00 1.50750e+01
 6.82000e-01 3.72350e+01 3.00000e+00 0.00000e+00 8.30911e+02 2.12298e+05
 5.12000e+02 2.88000e+02 0.00000e+00 1.83990e+01 7.65000e-01 1.74270e+01
 3.00000e+00 0.00000e+00 9.59284e+02 2.42699e+05 5.12000e+02 2.88000e+02
 0.00000e+00 3.63630e+01 9.23000e-01 5.55450e+01 2.38000e+02]
deleted_idx_col 520
query_origi 939
query_idx 965
deleted_scaled [0.58333333 0.         0.1406007  0.13966259 0.27272727 0.27272727
 0.         0.19259196 0.4627907  0.22415544 0.58333333 0.
 0.13998004 0.139341   0.27272727 0.27272727 0.         0.6931734
 0.86585366 0.76803701 0.58333333 0.         0.14599449 0.14685337
 0.27272727 0.27272727 0.         0.17629915 0.4950495  0.31979948
 0.58333333 0.         0.1399728  0.13976383 0.27272727 0.27272727
 0.         0.20417058 0.46604215 0.33129133]
deleted_not_scaled [7.000000e+00 0.000000e+00 3.093462e+03 7.849660e+05 1.280000e+03
 7.200000e+02 0.000000e+00 2.261000e+01 7.690000e-01 2.163100e+01
 7.000000e+00 0.000000e+00 3.085170e+03 7.840190e+05 1.280000e+03
 7.200000e+02 0.000000e+00 3.702500e+01 9.420000e-01 7.121700e+01
 7.000000e+00 0.000000e+00 3.081359e+03 7.842060e+05 1.280000e+03
 7.200000e+02 0.000000e+00 2.004200e+01 7.910000e-01 2.896200e+01
 7.000000e+00 0.000000e+00 3.075797e+03 7.839440e+05 1.280000e+03
 7.200000e+02 0.000000e+00 2.038000e+01 7.690000e-01 3.131200e+01
 8.500000e+01]
deleted_idx_col 965
query_origi 707
query_idx 787
deleted_scaled [0.41666667 0.         0.07723066 0.07739953 0.18181818 0.17171717
 0.         0.55843099 0.88139535 0.85380311 0.5        0.
 0.1079645  0.10704057 0.27272727 0.27272727 0.         0.45262846
 0.56829268 0.42710782 0.5        0.         0.11274983 0.11295863
 0.27272727 0.27272727 0.         0.22680781 0.11138614 0.36018021
 0.5        0.         0.10809861 0.10751068 0.27272727 0.27272727
 0.         0.24953845 0.15456674 0.32557795]
deleted_not_scaled [5.000000e+00 0.000000e+00 1.846783e+03 4.723150e+05 9.600000e+02
 5.200000e+02 0.000000e+00 3.968700e+01 9.490000e-01 8.239200e+01
 6.000000e+00 0.000000e+00 2.455474e+03 6.218490e+05 1.280000e+03
 7.200000e+02 0.000000e+00 2.890300e+01 8.200000e-01 3.960400e+01
 6.000000e+00 0.000000e+00 2.452849e+03 6.221040e+05 1.280000e+03
 7.200000e+02 0.000000e+00 2.187900e+01 6.360000e-01 3.261900e+01
 6.000000e+00 0.000000e+00 2.448539e+03 6.219290e+05 1.280000e+03
 7.200000e+02 0.000000e+00 2.187900e+01 6.360000e-01 3.077200e+01
 9.000000e+01]
deleted_idx_col 787
query_origi 731
query_idx 630
deleted_scaled [1.         0.         0.8275702  0.82674055 1.         1.
 1.         0.27228518 0.58372093 0.22115026 1.         0.
 0.90362401 0.90408065 1.         1.         1.         0.12287872
 0.36097561 0.11227703 1.         0.         0.85407914 0.86353009
 1.         1.         1.         0.22760517 0.58415842 0.0165741
 1.         0.         0.75991337 0.75383712 1.         1.
 1.         0.2296238  0.36065574 0.06032905]
deleted_not_scaled [1.2000000e+01 0.0000000e+00 1.6608215e+04 4.2350950e+06 3.8400000e+03
 2.1600000e+03 1.0000000e+00 2.6330000e+01 8.2100000e-01 2.1341000e+01
 1.2000000e+01 0.0000000e+00 1.8104861e+04 4.6235290e+06 3.8400000e+03
 2.1600000e+03 1.0000000e+00 1.7769000e+01 7.3500000e-01 1.0411000e+01
 1.2000000e+01 0.0000000e+00 1.6468117e+04 4.2117210e+06 3.8400000e+03
 2.1600000e+03 1.0000000e+00 2.1908000e+01 8.2700000e-01 1.5010000e+00
 1.2000000e+01 0.0000000e+00 1.5275719e+04 3.8685760e+06 3.8400000e+03
 2.1600000e+03 1.0000000e+00 2.1221000e+01 7.2400000e-01 5.7020000e+00
 2.8400000e+02]
deleted_idx_col 630
query_origi 731
query_idx 775
deleted_scaled [0.25       0.         0.02576206 0.02551772 0.05454545 0.05454545
 0.         0.24842006 0.73953488 0.12557513 0.33333333 0.
 0.04256803 0.0423933  0.09090909 0.09090909 0.         0.3805716
 0.76585366 0.25173091 0.33333333 0.         0.04485181 0.04512879
 0.09090909 0.09090909 0.         0.21710201 0.67574257 0.23368263
 0.33333333 0.         0.04284411 0.0428091  0.09090909 0.09090909
 0.         0.16385703 0.70725995 0.1507803 ]
deleted_not_scaled [3.000000e+00 0.000000e+00 8.342410e+02 2.117930e+05 5.120000e+02
 2.880000e+02 0.000000e+00 2.521600e+01 8.880000e-01 1.211800e+01
 4.000000e+00 0.000000e+00 1.169227e+03 2.972760e+05 6.400000e+02
 3.600000e+02 0.000000e+00 2.647000e+01 9.010000e-01 2.334200e+01
 4.000000e+00 0.000000e+00 1.169197e+03 2.977070e+05 6.400000e+02
 3.600000e+02 0.000000e+00 2.152600e+01 8.640000e-01 2.116300e+01
 4.000000e+00 0.000000e+00 1.164384e+03 2.969180e+05 6.400000e+02
 3.600000e+02 0.000000e+00 1.904800e+01 8.720000e-01 1.425100e+01
 1.680000e+02]
deleted_idx_col 775
query_origi 382
query_idx 273
deleted_scaled [1.         0.13586465 0.78359664 0.78124176 1.         1.
 1.         0.56667881 0.84883721 0.92832124 1.         0.14825281
 0.8156376  0.81442579 1.         1.         1.         0.2046794
 0.42926829 0.01231586 1.         0.03180562 0.92292269 0.93127294
 1.         1.         1.         0.12521309 0.44306931 0.06106246
 1.         0.         0.76560512 0.76675948 1.         1.
 1.         0.20250598 0.19672131 0.17704068]
deleted_not_scaled [1.20000000e+01 6.38358794e-01 1.57431230e+04 4.00662500e+06
 3.84000000e+03 2.16000000e+03 1.00000000e+00 4.00720000e+01
 9.35000000e-01 8.95830000e+01 1.20000000e+01 4.86498784e-01
 1.63743050e+04 4.17340100e+06 3.84000000e+03 2.16000000e+03
 1.00000000e+00 2.05310000e+01 7.63000000e-01 1.14200000e+00
 1.20000000e+01 1.56361491e-01 1.77696450e+04 4.53570200e+06
 3.84000000e+03 2.16000000e+03 1.00000000e+00 1.81840000e+01
 7.70000000e-01 5.53000000e+00 1.20000000e+01 0.00000000e+00
 1.53877280e+04 3.93348800e+06 3.84000000e+03 2.16000000e+03
 1.00000000e+00 2.03250000e+01 6.54000000e-01 1.67330000e+01
 1.02000000e+02]
deleted_idx_col 273
query_origi 752
query_idx 405
deleted_scaled [0.83333333 0.         0.39612646 0.39348878 0.63636364 0.63636364
 0.         0.05392146 0.43488372 0.0180829  0.83333333 0.
 0.41400457 0.41193019 0.63636364 0.63636364 0.         0.78208204
 0.87073171 0.9328128  0.83333333 0.         0.41192171 0.41417899
 0.63636364 0.63636364 0.         0.16037943 0.70049505 0.11110498
 0.83333333 0.         0.39342203 0.39263394 0.63636364 0.63636364
 0.         0.22420629 0.70023419 0.00849601]
deleted_not_scaled [1.000000e+01 0.000000e+00 8.120421e+03 2.059542e+06 2.560000e+03
 1.440000e+03 0.000000e+00 1.613700e+01 7.570000e-01 1.745000e+00
 1.000000e+01 0.000000e+00 8.474807e+03 2.152601e+06 2.560000e+03
 1.440000e+03 0.000000e+00 4.002700e+01 9.440000e-01 8.649600e+01
 1.000000e+01 0.000000e+00 8.108870e+03 2.062694e+06 2.560000e+03
 1.440000e+03 0.000000e+00 1.946300e+01 8.740000e-01 1.006200e+01
 1.000000e+01 0.000000e+00 8.063470e+03 2.054169e+06 2.560000e+03
 1.440000e+03 0.000000e+00 2.104200e+01 8.690000e-01 8.030000e-01
 2.200000e+02]
deleted_idx_col 405
query_origi 359
query_idx 891
deleted_scaled [0.5        0.         0.10792816 0.10718155 0.27272727 0.27272727
 0.         0.77936545 0.98837209 0.65370984 0.5        0.
 0.10747803 0.1069842  0.27272727 0.27272727 0.         0.91363838
 1.         0.80238552 0.41666667 0.         0.08173371 0.08220345
 0.18181818 0.17171717 0.         0.6571625  0.59405941 0.56876429
 0.41666667 0.         0.0796243  0.0795054  0.18181818 0.17171717
 0.         0.15692624 0.44262295 0.33453949]
deleted_not_scaled [6.000000e+00 0.000000e+00 2.450695e+03 6.218640e+05 1.280000e+03
 7.200000e+02 0.000000e+00 5.000000e+01 9.950000e-01 6.308300e+01
 6.000000e+00 0.000000e+00 2.445906e+03 6.215660e+05 1.280000e+03
 7.200000e+02 0.000000e+00 4.446900e+01 9.970000e-01 7.440200e+01
 5.000000e+00 0.000000e+00 1.866471e+03 4.750170e+05 9.600000e+02
 5.200000e+02 0.000000e+00 3.753100e+01 8.310000e-01 5.150900e+01
 5.000000e+00 0.000000e+00 1.888188e+03 4.812520e+05 9.600000e+02
 5.200000e+02 0.000000e+00 1.881900e+01 7.590000e-01 3.161900e+01
 2.000000e+00]
deleted_idx_col 891
query_origi 650
query_idx 183
deleted_scaled [2.50000000e-01 0.00000000e+00 3.24233164e-02 3.24075586e-02
 5.45454545e-02 5.45454545e-02 0.00000000e+00 1.76267701e-01
 6.16279070e-01 4.41378238e-01 1.66666667e-01 9.04023116e-01
 1.51458323e-02 1.52527269e-02 5.45454545e-02 5.45454545e-02
 0.00000000e+00 1.47519621e-01 6.60975610e-01 3.27502534e-01
 3.33333333e-01 1.64101163e-01 4.72354473e-02 4.71471896e-02
 9.09090909e-02 9.09090909e-02 0.00000000e+00 3.57437448e-04
 4.05940594e-01 5.70608306e-01 0.00000000e+00 0.00000000e+00
 2.89112656e-03 2.78326838e-03 0.00000000e+00 0.00000000e+00
 0.00000000e+00 2.28503980e-02 4.70725995e-01 1.68692800e-01]
deleted_not_scaled [3.00000000e+00 0.00000000e+00 9.65288000e+02 2.46390000e+05
 5.12000000e+02 2.88000000e+02 0.00000000e+00 2.18480000e+01
 8.35000000e-01 4.25930000e+01 2.00000000e+00 2.96659561e+00
 6.29875000e+02 1.61012000e+05 5.12000000e+02 2.88000000e+02
 0.00000000e+00 1.86010000e+01 8.58000000e-01 3.03680000e+01
 4.00000000e+00 8.06747378e-01 1.21426100e+03 3.07360000e+05
 6.40000000e+02 3.60000000e+02 0.00000000e+00 1.36430000e+01
 7.55000000e-01 5.16760000e+01 0.00000000e+00 0.00000000e+00
 3.78142000e+02 9.58590000e+04 3.20000000e+02 1.80000000e+02
 0.00000000e+00 1.43890000e+01 7.71000000e-01 1.59440000e+01
 2.32000000e+02]
deleted_idx_col 183
query_origi 320
query_idx 110
deleted_scaled [0.00000000e+00 3.21115770e-01 1.86814387e-03 1.85185480e-03
 0.00000000e+00 0.00000000e+00 0.00000000e+00 3.00713383e-01
 4.83720930e-01 0.00000000e+00 0.00000000e+00 3.32603276e-01
 3.16252727e-03 3.25255006e-03 0.00000000e+00 0.00000000e+00
 0.00000000e+00 3.16185399e-01 4.00000000e-01 0.00000000e+00
 0.00000000e+00 2.74974258e-01 1.55953874e-03 1.44296554e-03
 0.00000000e+00 0.00000000e+00 0.00000000e+00 9.46109431e-02
 2.30198020e-01 9.64080254e-02 0.00000000e+00 0.00000000e+00
 2.97070305e-03 2.86230118e-03 0.00000000e+00 0.00000000e+00
 0.00000000e+00 4.89089313e-02 1.38173302e-01 3.38570597e-04]
deleted_not_scaled [0.00000000e+00 1.50875944e+00 3.64176000e+02 9.29560000e+04
 3.20000000e+02 1.80000000e+02 0.00000000e+00 2.76570000e+01
 7.78000000e-01 0.00000000e+00 0.00000000e+00 1.09145375e+00
 3.94182000e+02 1.00763000e+05 3.20000000e+02 1.80000000e+02
 0.00000000e+00 2.42960000e+01 7.51000000e-01 0.00000000e+00
 0.00000000e+00 1.35181712e+00 3.50731000e+02 8.87790000e+04
 3.20000000e+02 1.80000000e+02 0.00000000e+00 1.70710000e+01
 6.84000000e-01 8.73100000e+00 0.00000000e+00 0.00000000e+00
 3.79708000e+02 9.62560000e+04 3.20000000e+02 1.80000000e+02
 0.00000000e+00 1.52500000e+01 6.29000000e-01 3.20000000e-02
 2.10000000e+01]
deleted_idx_col 110
query_origi 714
query_idx 338
deleted_scaled [0.83333333 0.         0.3896914  0.38908447 0.63636364 0.63636364
 0.         0.04560937 0.53255814 0.15702591 0.83333333 0.
 0.42206718 0.42210232 0.63636364 0.63636364 0.         0.08417
 0.49512195 0.09880724 0.83333333 0.         0.39213048 0.39629927
 0.63636364 0.63636364 0.         0.71190542 0.89851485 0.96950189
 0.83333333 0.         0.39739049 0.39396078 0.63636364 0.63636364
 0.         0.11301111 0.57845433 0.05894302]
deleted_not_scaled [1.000000e+01 0.000000e+00 7.993824e+03 2.037426e+06 2.560000e+03
 1.440000e+03 0.000000e+00 1.574900e+01 7.990000e-01 1.515300e+01
 1.000000e+01 0.000000e+00 8.633386e+03 2.203672e+06 2.560000e+03
 1.440000e+03 0.000000e+00 1.646200e+01 7.900000e-01 9.162000e+00
 1.000000e+01 0.000000e+00 7.734705e+03 1.977184e+06 2.560000e+03
 1.440000e+03 0.000000e+00 3.952200e+01 9.540000e-01 8.780100e+01
 1.000000e+01 0.000000e+00 8.141566e+03 2.060834e+06 2.560000e+03
 1.440000e+03 0.000000e+00 1.736800e+01 8.170000e-01 5.571000e+00
 2.460000e+02]
deleted_idx_col 338
query_origi 655
query_idx 360
deleted_scaled [0.91666667 0.         0.56266295 0.56208842 1.         1.
 0.         0.16407807 0.49302326 0.02728497 0.91666667 0.
 0.56736015 0.56767256 1.         1.         0.         0.25277654
 0.43414634 0.06363911 0.91666667 0.         0.59001057 0.59655762
 1.         1.         0.         0.57954358 0.73514851 0.36495037
 0.91666667 0.         0.60068316 0.59585832 1.         1.
 0.         0.43763809 0.69086651 0.10380363]
deleted_not_scaled [1.1000000e+01 0.0000000e+00 1.1396694e+04 2.9061570e+06 3.8400000e+03
 2.1600000e+03 0.0000000e+00 2.1279000e+01 7.8200000e-01 2.6330000e+00
 1.1000000e+01 0.0000000e+00 1.1491073e+04 2.9345330e+06 3.8400000e+03
 2.1600000e+03 0.0000000e+00 2.2155000e+01 7.6500000e-01 5.9010000e+00
 1.1000000e+01 0.0000000e+00 1.1475745e+04 2.9349220e+06 3.8400000e+03
 2.1600000e+03 0.0000000e+00 3.4708000e+01 8.8800000e-01 3.3051000e+01
 1.1000000e+01 0.0000000e+00 1.2142199e+04 3.0750120e+06 3.8400000e+03
 2.1600000e+03 0.0000000e+00 2.8094000e+01 8.6500000e-01 9.8110000e+00
 1.5600000e+02]
deleted_idx_col 360
query_origi 690
query_idx 449
deleted_scaled [0.91666667 0.         0.57024644 0.56765274 1.         1.
 0.         0.11133486 0.42093023 0.0480829  1.         0.
 0.83767651 0.83517558 1.         1.         1.         0.05585666
 0.3        0.05618705 0.91666667 0.         0.65641675 0.66136478
 1.         1.         0.         0.12301347 0.47029703 0.
 0.91666667 0.         0.50594339 0.50595523 1.         1.
 0.         0.08326019 0.2529274  0.01077078]
deleted_not_scaled [1.1000000e+01 0.0000000e+00 1.1545884e+04 2.9340980e+06 3.8400000e+03
 2.1600000e+03 0.0000000e+00 1.8817000e+01 7.5100000e-01 4.6400000e+00
 1.2000000e+01 0.0000000e+00 1.6807776e+04 4.2775790e+06 3.8400000e+03
 2.1600000e+03 1.0000000e+00 1.5506000e+01 7.1000000e-01 5.2100000e+00
 1.1000000e+01 0.0000000e+00 1.2731193e+04 3.2448630e+06 3.8400000e+03
 2.1600000e+03 0.0000000e+00 1.8104000e+01 7.8100000e-01 0.0000000e+00
 1.1000000e+01 0.0000000e+00 1.0277798e+04 2.6234080e+06 3.8400000e+03
 2.1600000e+03 0.0000000e+00 1.6385000e+01 6.7800000e-01 1.0180000e+00
 1.4600000e+02]
deleted_idx_col 449
query_origi 245
query_idx 574
deleted_scaled [0.91666667 0.         0.57000759 0.5697133  1.         1.
 0.         0.02924227 0.2        0.11596891 0.91666667 0.
 0.56505575 0.56565212 1.         1.         0.         0.14295869
 0.38780488 0.02176304 1.         0.         1.         1.
 1.         1.         1.         0.77165246 0.88366337 1.
 0.91666667 0.         0.54587625 0.54175749 1.         1.
 0.         0.08686178 0.52693208 0.11360102]
deleted_not_scaled [1.1000000e+01 0.0000000e+00 1.1541185e+04 2.9444450e+06 3.8400000e+03
 2.1600000e+03 0.0000000e+00 1.4985000e+01 6.5600000e-01 1.1191000e+01
 1.1000000e+01 0.0000000e+00 1.1445749e+04 2.9243890e+06 3.8400000e+03
 2.1600000e+03 0.0000000e+00 1.8447000e+01 7.4600000e-01 2.0180000e+00
 1.2000000e+01 0.0000000e+00 1.9226837e+04 4.8643900e+06 3.8400000e+03
 2.1600000e+03 1.0000000e+00 4.1695000e+01 9.4800000e-01 9.0563000e+01
 1.1000000e+01 0.0000000e+00 1.1063644e+04 2.8032510e+06 3.8400000e+03
 2.1600000e+03 0.0000000e+00 1.6504000e+01 7.9500000e-01 1.0737000e+01
 2.3900000e+02]
deleted_idx_col 574
query_origi 83
query_idx 377
deleted_scaled [0.91666667 0.         0.55408038 0.55491161 1.         1.
 0.         0.56423659 0.89767442 0.92324352 0.91666667 0.
 0.54045365 0.53584199 1.         1.         0.         0.11103213
 0.55853659 0.06168712 0.91666667 0.         0.63165619 0.63289188
 1.         1.         0.         0.12719274 0.17821782 0.07808929
 0.91666667 0.         0.5727449  0.56958201 1.         1.
 0.         0.2093157  0.55503513 0.05887954]
deleted_not_scaled [1.1000000e+01 0.0000000e+00 1.1227849e+04 2.8701190e+06 3.8400000e+03
 2.1600000e+03 0.0000000e+00 3.9958000e+01 9.5600000e-01 8.9093000e+01
 1.1000000e+01 0.0000000e+00 1.0961864e+04 2.7747220e+06 3.8400000e+03
 2.1600000e+03 0.0000000e+00 1.7369000e+01 8.1600000e-01 5.7200000e+00
 1.1000000e+01 0.0000000e+00 1.2263080e+04 3.1086910e+06 3.8400000e+03
 2.1600000e+03 0.0000000e+00 1.8256000e+01 6.6300000e-01 7.0720000e+00
 1.1000000e+01 0.0000000e+00 1.1592397e+04 2.9430200e+06 3.8400000e+03
 2.1600000e+03 0.0000000e+00 2.0550000e+01 8.0700000e-01 5.5650000e+00
 2.4800000e+02]
deleted_idx_col 377
query_origi 229
query_idx 210
deleted_scaled [0.00000000e+00 7.95328552e-01 1.91409517e-03 1.84329154e-03
 0.00000000e+00 0.00000000e+00 0.00000000e+00 1.41776816e-01
 5.69767442e-01 2.07253886e-04 0.00000000e+00 3.72674463e-01
 1.60434629e-03 1.63782726e-03 0.00000000e+00 0.00000000e+00
 0.00000000e+00 2.06367540e-01 4.82926829e-01 1.72551388e-04
 0.00000000e+00 0.00000000e+00 2.23452429e-03 2.28938265e-03
 0.00000000e+00 0.00000000e+00 0.00000000e+00 2.43607369e-01
 5.91584158e-01 0.00000000e+00 0.00000000e+00 0.00000000e+00
 2.26289917e-03 2.32320592e-03 0.00000000e+00 0.00000000e+00
 0.00000000e+00 6.19442511e-01 7.91569087e-01 5.11876422e-02]
deleted_not_scaled [0.00000000e+00 3.73684375e+00 3.65080000e+02 9.29130000e+04
 3.20000000e+02 1.80000000e+02 0.00000000e+00 2.02380000e+01
 8.15000000e-01 2.00000000e-02 0.00000000e+00 1.22294929e+00
 3.63535000e+02 9.26560000e+04 3.20000000e+02 1.80000000e+02
 0.00000000e+00 2.05880000e+01 7.85000000e-01 1.60000000e-02
 0.00000000e+00 0.00000000e+00 3.63492000e+02 9.28270000e+04
 3.20000000e+02 1.80000000e+02 0.00000000e+00 2.24900000e+01
 8.30000000e-01 0.00000000e+00 0.00000000e+00 0.00000000e+00
 3.65779000e+02 9.35480000e+04 3.20000000e+02 1.80000000e+02
 0.00000000e+00 3.41010000e+01 9.08000000e-01 4.83800000e+00
 8.70000000e+01]
deleted_idx_col 210
query_origi 188
query_idx 104
deleted_scaled [0.41666667 0.96208746 0.07950545 0.07911377 0.18181818 0.17171717
 0.         0.21917779 0.62790698 0.31003109 0.25       0.04787334
 0.02987424 0.02981869 0.05454545 0.05454545 0.         0.54275137
 0.84634146 0.5697539  0.08333333 0.         0.00701189 0.00707662
 0.01818182 0.01818182 0.         0.35732747 0.76485149 0.00500204
 0.         0.         0.00211767 0.00215061 0.         0.
 0.         0.36463787 0.76346604 0.        ]
deleted_not_scaled [5.00000000e+00 4.52035891e+00 1.89153500e+03 4.80923000e+05
 9.60000000e+02 5.20000000e+02 0.00000000e+00 2.38510000e+01
 8.40000000e-01 2.99180000e+01 3.00000000e+00 1.57098684e-01
 9.19560000e+02 2.34143000e+05 5.12000000e+02 2.88000000e+02
 0.00000000e+00 3.19460000e+01 9.34000000e-01 5.28310000e+01
 1.00000000e+00 0.00000000e+00 4.53811000e+02 1.15722000e+05
 3.84000000e+02 2.16000000e+02 0.00000000e+00 2.66260000e+01
 9.00000000e-01 4.53000000e-01 0.00000000e+00 0.00000000e+00
 3.62921000e+02 9.26810000e+04 3.20000000e+02 1.80000000e+02
 0.00000000e+00 2.56820000e+01 8.96000000e-01 0.00000000e+00
 7.10000000e+01]
deleted_idx_col 104
query_origi 34
query_idx 878
deleted_scaled [0.91666667 0.         0.56892733 0.56777323 1.         1.
 0.         0.1355856  0.16511628 0.08929534 0.91666667 0.
 0.56990799 0.5696468  1.         1.         0.         0.04042648
 0.16829268 0.12068891 0.91666667 0.         0.58842395 0.59435523
 1.         1.         0.         0.13244432 0.38366337 0.02228283
 0.91666667 0.         0.65514666 0.64923612 1.         1.
 0.         0.82833449 0.87587822 0.927165  ]
deleted_not_scaled [1.1000000e+01 0.0000000e+00 1.1519933e+04 2.9347030e+06 3.8400000e+03
 2.1600000e+03 0.0000000e+00 1.9949000e+01 6.4100000e-01 8.6170000e+00
 1.1000000e+01 0.0000000e+00 1.1541185e+04 2.9444450e+06 3.8400000e+03
 2.1600000e+03 0.0000000e+00 1.4985000e+01 6.5600000e-01 1.1191000e+01
 1.1000000e+01 0.0000000e+00 1.1445749e+04 2.9243890e+06 3.8400000e+03
 2.1600000e+03 0.0000000e+00 1.8447000e+01 7.4600000e-01 2.0180000e+00
 1.1000000e+01 0.0000000e+00 1.3213996e+04 3.3431410e+06 3.8400000e+03
 2.1600000e+03 0.0000000e+00 4.1003000e+01 9.4400000e-01 8.7631000e+01
 2.3800000e+02]
deleted_idx_col 878
query_origi 566
query_idx 904
deleted_scaled [0.91666667 0.         0.56771912 0.56828443 1.         1.
 0.         0.13494291 0.52790698 0.02059067 0.91666667 0.
 0.57237336 0.56720549 1.         1.         0.         0.32714349
 0.54634146 0.04479865 1.         0.         0.86700315 0.86829683
 1.         1.         1.         0.24817157 0.47524752 0.01531531
 0.91666667 0.         0.57142986 0.56798622 1.         1.
 0.         0.2728731  0.45433255 0.02747712]
deleted_not_scaled [1.1000000e+01 0.0000000e+00 1.1496164e+04 2.9372700e+06 3.8400000e+03
 2.1600000e+03 0.0000000e+00 1.9919000e+01 7.9700000e-01 1.9870000e+00
 1.1000000e+01 0.0000000e+00 1.1589675e+04 2.9321880e+06 3.8400000e+03
 2.1600000e+03 0.0000000e+00 2.4666000e+01 8.1100000e-01 4.1540000e+00
 1.2000000e+01 0.0000000e+00 1.6712453e+04 4.2345180e+06 3.8400000e+03
 2.1600000e+03 1.0000000e+00 2.2656000e+01 7.8300000e-01 1.3870000e+00
 1.1000000e+01 0.0000000e+00 1.1566518e+04 2.9350040e+06 3.8400000e+03
 2.1600000e+03 0.0000000e+00 2.2650000e+01 7.6400000e-01 2.5970000e+00
 8.2000000e+01]
deleted_idx_col 904
query_origi 43
query_idx 863
deleted_scaled [1.         0.         0.82340708 0.82093586 1.         1.
 1.         0.1952484  0.44418605 0.11318135 1.         0.
 0.82168724 0.82046621 1.         1.         1.         0.24398045
 0.27804878 0.0834286  1.         0.         0.93754144 0.94602355
 1.         1.         1.         0.47159747 0.70792079 0.47770061
 0.91666667 0.         0.52203562 0.52283799 1.         1.
 0.         0.38137466 0.56206089 0.12170555]
deleted_not_scaled [1.2000000e+01 0.0000000e+00 1.6526314e+04 4.2059470e+06 3.8400000e+03
 2.1600000e+03 1.0000000e+00 2.2734000e+01 7.6100000e-01 1.0922000e+01
 1.2000000e+01 0.0000000e+00 1.6493292e+04 4.2037280e+06 3.8400000e+03
 2.1600000e+03 1.0000000e+00 2.1858000e+01 7.0100000e-01 7.7360000e+00
 1.2000000e+01 0.0000000e+00 1.8046021e+04 4.6062470e+06 3.8400000e+03
 2.1600000e+03 1.0000000e+00 3.0782000e+01 8.7700000e-01 4.3262000e+01
 1.1000000e+01 0.0000000e+00 1.0594480e+04 2.7082140e+06 3.8400000e+03
 2.1600000e+03 0.0000000e+00 2.6235000e+01 8.1000000e-01 1.1503000e+01
 1.1700000e+02]
deleted_idx_col 863
query_origi 481
query_idx 875
deleted_scaled [0.91666667 0.         0.5946721  0.59346798 1.         1.
 0.         0.22569035 0.67906977 0.05239378 0.91666667 0.
 0.55976951 0.5595139  1.         1.         0.         0.4566563
 0.74390244 0.12308306 0.91666667 0.         0.55396208 0.55954841
 1.         1.         0.         0.33736596 0.6509901  0.18025021
 1.         0.         0.83336674 0.82588099 1.         1.
 1.         0.78239157 0.93208431 0.73912077]
deleted_not_scaled [1.1000000e+01 0.0000000e+00 1.2026410e+04 3.0637280e+06 3.8400000e+03
 2.1600000e+03 0.0000000e+00 2.4155000e+01 8.6200000e-01 5.0560000e+00
 1.1000000e+01 0.0000000e+00 1.1341777e+04 2.8935710e+06 3.8400000e+03
 2.1600000e+03 0.0000000e+00 2.9039000e+01 8.9200000e-01 1.1413000e+01
 1.1000000e+01 0.0000000e+00 1.0794227e+04 2.7579250e+06 3.8400000e+03
 2.1600000e+03 0.0000000e+00 2.5900000e+01 8.5400000e-01 1.6324000e+01
 1.2000000e+01 0.0000000e+00 1.6721221e+04 4.2304690e+06 3.8400000e+03
 2.1600000e+03 1.0000000e+00 3.9485000e+01 9.6800000e-01 6.9858000e+01
 6.5000000e+01]
deleted_idx_col 875
query_origi 588
query_idx 533
deleted_scaled [1.         0.         0.76665657 0.76818717 1.         1.
 1.         0.18922856 0.72790698 0.00740933 0.91666667 0.
 0.54689285 0.54250324 1.         1.         0.         0.16845846
 0.28536585 0.03594461 0.91666667 0.         0.59503549 0.59649657
 1.         1.         0.         0.22449821 0.69554455 0.46112651
 1.         0.         0.91607831 0.91151432 1.         1.
 1.         0.45255894 0.79859485 0.24036396]
deleted_not_scaled [1.2000000e+01 0.0000000e+00 1.5409861e+04 3.9410720e+06 3.8400000e+03
 2.1600000e+03 1.0000000e+00 2.2453000e+01 8.8300000e-01 7.1500000e-01
 1.1000000e+01 0.0000000e+00 1.1088513e+04 2.8081660e+06 3.8400000e+03
 2.1600000e+03 0.0000000e+00 1.9308000e+01 7.0400000e-01 3.3330000e+00
 1.1000000e+01 0.0000000e+00 1.1570744e+04 2.9346300e+06 3.8400000e+03
 2.1600000e+03 0.0000000e+00 2.1795000e+01 8.7200000e-01 4.1761000e+01
 1.2000000e+01 0.0000000e+00 1.8348917e+04 4.6606250e+06 3.8400000e+03
 2.1600000e+03 1.0000000e+00 2.8587000e+01 9.1100000e-01 2.2718000e+01
 1.7300000e+02]
deleted_idx_col 533
query_origi 587
query_idx 512
deleted_scaled [1.         0.         0.82901309 0.82652548 1.         1.
 1.         0.19274192 0.41395349 0.1333057  0.91666667 0.
 0.568473   0.5676393  1.         1.         0.         0.75205094
 0.86097561 0.90601342 0.91666667 0.         0.59103572 0.59639223
 1.         1.         0.         0.12930987 0.20792079 0.11357839
 1.         0.         0.8818089  0.8831312  1.         1.
 1.         0.05456857 0.16627635 0.16620642]
deleted_not_scaled [1.2000000e+01 0.0000000e+00 1.6636601e+04 4.2340150e+06 3.8400000e+03
 2.1600000e+03 1.0000000e+00 2.2617000e+01 7.4800000e-01 1.2864000e+01
 1.1000000e+01 0.0000000e+00 1.1512961e+04 2.9343660e+06 3.8400000e+03
 2.1600000e+03 0.0000000e+00 3.9013000e+01 9.4000000e-01 8.4011000e+01
 1.1000000e+01 0.0000000e+00 1.1495126e+04 2.9341310e+06 3.8400000e+03
 2.1600000e+03 0.0000000e+00 1.8333000e+01 6.7500000e-01 1.0286000e+01
 1.2000000e+01 0.0000000e+00 1.7674523e+04 4.5180500e+06 3.8400000e+03
 2.1600000e+03 1.0000000e+00 1.5437000e+01 6.4100000e-01 1.5709000e+01
 1.3200000e+02]
deleted_idx_col 512
query_origi 165
query_idx 713
deleted_scaled [0.33333333 0.         0.04205631 0.04152325 0.09090909 0.09090909
 0.         0.13145097 0.62093023 0.12650777 0.33333333 0.29525191
 0.04266895 0.04228972 0.09090909 0.09090909 0.         0.79854879
 0.92195122 0.76774583 0.25       0.         0.02920258 0.02921728
 0.05454545 0.05454545 0.         0.26829805 0.72029703 0.18927156
 0.16666667 0.         0.01856703 0.01845386 0.05454545 0.05454545
 0.         0.36424442 0.74004684 0.25986351]
deleted_not_scaled [4.00000000e+00 0.00000000e+00 1.15479800e+03 2.92164000e+05
 6.40000000e+02 3.60000000e+02 0.00000000e+00 1.97560000e+01
 8.37000000e-01 1.22080000e+01 4.00000000e+00 9.68883427e-01
 1.17121200e+03 2.96756000e+05 6.40000000e+02 3.60000000e+02
 0.00000000e+00 4.05830000e+01 9.65000000e-01 7.11900000e+01
 3.00000000e+00 0.00000000e+00 8.73339000e+02 2.21610000e+05
 5.12000000e+02 2.88000000e+02 0.00000000e+00 2.33880000e+01
 8.82000000e-01 1.71410000e+01 2.00000000e+00 0.00000000e+00
 6.86631000e+02 1.74576000e+05 5.12000000e+02 2.88000000e+02
 0.00000000e+00 2.56690000e+01 8.86000000e-01 2.45610000e+01
 1.96000000e+02]
deleted_idx_col 713
query_origi 70
query_idx 114
deleted_scaled [0.33333333 0.61916709 0.04142316 0.04152126 0.09090909 0.09090909
 0.         0.42085306 0.78139535 0.61329534 0.33333333 0.43206846
 0.04270902 0.04230028 0.09090909 0.09090909 0.         0.14941507
 0.43414634 0.24284451 0.25       0.         0.02932112 0.02931326
 0.05454545 0.05454545 0.         0.71176794 0.92574257 0.63295165
 0.16666667 0.         0.01856338 0.01841604 0.05454545 0.05454545
 0.         0.26521594 0.75644028 0.19231868]
deleted_not_scaled [4.00000000e+00 2.90915077e+00 1.14234200e+03 2.92154000e+05
 6.40000000e+02 3.60000000e+02 0.00000000e+00 3.32650000e+01
 9.06000000e-01 5.91830000e+01 4.00000000e+00 1.41785357e+00
 1.17200000e+03 2.96809000e+05 6.40000000e+02 3.60000000e+02
 0.00000000e+00 1.86650000e+01 7.65000000e-01 2.25180000e+01
 3.00000000e+00 0.00000000e+00 8.75580000e+02 2.22069000e+05
 5.12000000e+02 2.88000000e+02 0.00000000e+00 3.95170000e+01
 9.65000000e-01 5.73220000e+01 2.00000000e+00 0.00000000e+00
 6.86559000e+02 1.74386000e+05 5.12000000e+02 2.88000000e+02
 0.00000000e+00 2.23970000e+01 8.93000000e-01 1.81770000e+01
 1.88000000e+02]
deleted_idx_col 114
query_origi 786
query_idx 296
deleted_scaled [0.00000000e+00 2.70201851e-01 3.01306313e-03 2.98718379e-03
 0.00000000e+00 0.00000000e+00 0.00000000e+00 3.32697787e-02
 2.93023256e-01 6.43005181e-02 0.00000000e+00 9.68144737e-02
 5.38883421e-04 6.16650029e-04 0.00000000e+00 0.00000000e+00
 0.00000000e+00 1.43610247e-01 4.58536585e-01 7.00990014e-04
 0.00000000e+00 1.06194575e-01 3.92365433e-03 3.79821316e-03
 0.00000000e+00 0.00000000e+00 0.00000000e+00 5.37778389e-01
 7.87128713e-01 9.03790731e-02 0.00000000e+00 0.00000000e+00
 2.02096835e-03 1.91012518e-03 0.00000000e+00 0.00000000e+00
 0.00000000e+00 9.13410611e-02 5.71428571e-01 8.73935354e-02]
deleted_not_scaled [0.00000000e+00 1.26954086e+00 3.86700000e+02 9.86570000e+04
 3.20000000e+02 1.80000000e+02 0.00000000e+00 1.51730000e+01
 6.96000000e-01 6.20500000e+00 0.00000000e+00 3.17701381e-01
 3.42579000e+02 8.75290000e+04 3.20000000e+02 1.80000000e+02
 0.00000000e+00 1.84690000e+01 7.75000000e-01 6.50000000e-02
 0.00000000e+00 5.22069394e-01 3.95426000e+02 1.00043000e+05
 3.20000000e+02 1.80000000e+02 0.00000000e+00 3.31890000e+01
 9.09000000e-01 8.18500000e+00 0.00000000e+00 0.00000000e+00
 3.61018000e+02 9.14730000e+04 3.20000000e+02 1.80000000e+02
 0.00000000e+00 1.66520000e+01 8.14000000e-01 8.26000000e+00
 2.39000000e+02]
deleted_idx_col 296
query_origi 270
query_idx 204
deleted_scaled [0.00000000e+00 0.00000000e+00 1.83556115e-03 1.79211113e-03
 0.00000000e+00 0.00000000e+00 0.00000000e+00 1.49274835e-01
 5.00000000e-01 1.65803109e-04 0.00000000e+00 5.95621835e-01
 1.60216005e-03 1.67188642e-03 0.00000000e+00 0.00000000e+00
 0.00000000e+00 2.62698060e-01 5.92682927e-01 0.00000000e+00
 3.33333333e-01 0.00000000e+00 4.44986906e-02 4.50468289e-02
 9.09090909e-02 9.09090909e-02 0.00000000e+00 6.76409128e-01
 8.61386139e-01 7.70126873e-01 0.00000000e+00 0.00000000e+00
 3.05094013e-03 2.92301907e-03 0.00000000e+00 0.00000000e+00
 0.00000000e+00 4.16724675e-01 5.24590164e-01 6.66560863e-03]
deleted_not_scaled [0.00000000e+00 0.00000000e+00 3.63535000e+02 9.26560000e+04
 3.20000000e+02 1.80000000e+02 0.00000000e+00 2.05880000e+01
 7.85000000e-01 1.60000000e-02 0.00000000e+00 1.95456188e+00
 3.63492000e+02 9.28270000e+04 3.20000000e+02 1.80000000e+02
 0.00000000e+00 2.24900000e+01 8.30000000e-01 0.00000000e+00
 4.00000000e+00 0.00000000e+00 1.16252100e+03 2.97315000e+05
 6.40000000e+02 3.60000000e+02 0.00000000e+00 3.82310000e+01
 9.39000000e-01 6.97450000e+01 0.00000000e+00 0.00000000e+00
 3.81287000e+02 9.65610000e+04 3.20000000e+02 1.80000000e+02
 0.00000000e+00 2.74030000e+01 7.94000000e-01 6.30000000e-01
 8.80000000e+01]
deleted_idx_col 204
query_origi 517
query_idx 18
deleted_scaled [0.16666667 0.         0.01576577 0.01555924 0.05454545 0.05454545
 0.         0.04070353 0.40930233 0.19353368 0.         0.
 0.00168346 0.00166233 0.         0.         0.         0.16164668
 0.47804878 0.         0.08333333 0.87573434 0.01265964 0.0127111
 0.01818182 0.01818182 0.         0.05389057 0.35643564 0.03267339
 0.         0.         0.00097433 0.00097288 0.         0.
 0.         0.14037105 0.54332553 0.        ]
deleted_not_scaled [2.00000000e+00 0.00000000e+00 6.37584000e+02 1.61787000e+05
 5.12000000e+02 2.88000000e+02 0.00000000e+00 1.55200000e+01
 7.46000000e-01 1.86760000e+01 0.00000000e+00 0.00000000e+00
 3.65091000e+02 9.27790000e+04 3.20000000e+02 1.80000000e+02
 0.00000000e+00 1.90780000e+01 7.83000000e-01 0.00000000e+00
 1.00000000e+00 4.30524906e+00 5.60585000e+02 1.42669000e+05
 3.84000000e+02 2.16000000e+02 0.00000000e+00 1.55900000e+01
 7.35000000e-01 2.95900000e+00 0.00000000e+00 0.00000000e+00
 3.40421000e+02 8.67650000e+04 3.20000000e+02 1.80000000e+02
 0.00000000e+00 1.82720000e+01 8.02000000e-01 0.00000000e+00
 1.45000000e+02]
deleted_idx_col 18
query_origi 844
query_idx 260
deleted_scaled [0.00000000e+00 3.54925767e-01 2.06709672e-03 2.06912264e-03
 0.00000000e+00 0.00000000e+00 0.00000000e+00 2.61616573e-01
 6.81395349e-01 1.65803109e-03 3.33333333e-01 0.00000000e+00
 4.27099811e-02 4.22429171e-02 9.09090909e-02 9.09090909e-02
 0.00000000e+00 6.85561972e-01 8.80487805e-01 5.28546470e-01
 0.00000000e+00 0.00000000e+00 4.22150274e-03 4.12753800e-03
 0.00000000e+00 0.00000000e+00 0.00000000e+00 4.07451196e-01
 7.25247525e-01 0.00000000e+00 0.00000000e+00 0.00000000e+00
 5.30967246e-04 4.55881882e-04 0.00000000e+00 0.00000000e+00
 0.00000000e+00 3.96749493e-01 6.97892272e-01 0.00000000e+00]
deleted_not_scaled [0.00000000e+00 1.66761539e+00 3.68090000e+02 9.40470000e+04
 3.20000000e+02 1.80000000e+02 0.00000000e+00 2.58320000e+01
 8.63000000e-01 1.60000000e-01 4.00000000e+00 0.00000000e+00
 1.17201900e+03 2.96521000e+05 6.40000000e+02 3.60000000e+02
 0.00000000e+00 3.67680000e+01 9.48000000e-01 4.90100000e+01
 0.00000000e+00 0.00000000e+00 4.01057000e+02 1.01618000e+05
 3.20000000e+02 1.80000000e+02 0.00000000e+00 2.84490000e+01
 8.84000000e-01 0.00000000e+00 0.00000000e+00 0.00000000e+00
 3.31696000e+02 8.41680000e+04 3.20000000e+02 1.80000000e+02
 0.00000000e+00 2.67430000e+01 8.68000000e-01 0.00000000e+00
 6.70000000e+01]
deleted_idx_col 260
query_origi 920
query_idx 414
deleted_scaled [0.5        0.         0.10754479 0.10722616 0.27272727 0.27272727
 0.         0.03376251 0.20232558 0.45210363 0.5        0.
 0.10714145 0.10707423 0.27272727 0.27272727 0.         0.06435658
 0.16341463 0.43884132 0.5        0.11847631 0.11174266 0.11290301
 0.27272727 0.27272727 0.         0.66750069 0.8539604  0.92510186
 0.41666667 0.         0.07765522 0.07790743 0.18181818 0.17171717
 0.         0.10483944 0.16159251 0.08597577]
deleted_not_scaled [6.00000000e+00 0.00000000e+00 2.44315300e+03 6.22088000e+05
 1.28000000e+03 7.20000000e+02 0.00000000e+00 1.51960000e+01
 6.57000000e-01 4.36280000e+01 6.00000000e+00 0.00000000e+00
 2.43928600e+03 6.22018000e+05 1.28000000e+03 7.20000000e+02
 0.00000000e+00 1.57930000e+01 6.54000000e-01 4.06920000e+01
 6.00000000e+00 5.82448354e-01 2.43380800e+03 6.21838000e+05
 1.28000000e+03 7.20000000e+02 0.00000000e+00 3.79070000e+01
 9.36000000e-01 8.37800000e+01 5.00000000e+00 0.00000000e+00
 1.84943800e+03 4.73225000e+05 9.60000000e+02 5.20000000e+02
 0.00000000e+00 1.70980000e+01 6.39000000e-01 8.12600000e+00
 1.40000000e+02]
deleted_idx_col 414
query_origi 258
query_idx 343
deleted_scaled [0.33333333 0.         0.04299527 0.04248313 0.09090909 0.09090909
 0.         0.02493627 0.26976744 0.47050777 0.33333333 0.
 0.04266407 0.04231402 0.09090909 0.09090909 0.         0.1510736
 0.40487805 0.58846494 0.33333333 0.         0.04480849 0.04490193
 0.09090909 0.09090909 0.         0.10104482 0.36633663 0.54751941
 0.33333333 0.         0.04301343 0.04280392 0.09090909 0.09090909
 0.         0.0595321  0.264637   0.54753214]
deleted_not_scaled [4.000000e+00 0.000000e+00 1.173270e+03 2.969840e+05 6.400000e+02
 3.600000e+02 0.000000e+00 1.478400e+01 6.860000e-01 4.540400e+01
 4.000000e+00 0.000000e+00 1.171116e+03 2.968780e+05 6.400000e+02
 3.600000e+02 0.000000e+00 1.872100e+01 7.530000e-01 5.456600e+01
 4.000000e+00 0.000000e+00 1.168378e+03 2.966220e+05 6.400000e+02
 3.600000e+02 0.000000e+00 1.730500e+01 7.390000e-01 4.958500e+01
 4.000000e+00 0.000000e+00 1.167716e+03 2.968920e+05 6.400000e+02
 3.600000e+02 0.000000e+00 1.560100e+01 6.830000e-01 5.175000e+01
 1.360000e+02]
deleted_idx_col 343
query_origi 905
query_idx 683
deleted_scaled [1.         0.16543981 0.82457406 0.82663102 1.         1.
 1.         0.07352343 0.13488372 0.09495337 1.         0.10818256
 0.90568879 0.89846626 1.         1.         1.         0.08354805
 0.1804878  0.09374933 1.         0.13189024 0.79058194 0.79294981
 1.         1.         1.         0.0508386  0.33663366 0.00167839
 1.         0.         0.83033185 0.82660443 1.         1.
 1.         0.15671439 0.42154567 0.04944189]
deleted_not_scaled [1.20000000e+01 7.77317377e-01 1.65492720e+04 4.23454500e+06
 3.84000000e+03 2.16000000e+03 1.00000000e+00 1.70520000e+01
 6.28000000e-01 9.16300000e+00 1.20000000e+01 3.55006301e-01
 1.81454720e+04 4.59534100e+06 3.84000000e+03 2.16000000e+03
 1.00000000e+00 1.64410000e+01 6.61000000e-01 8.69300000e+00
 1.20000000e+01 6.48393364e-01 1.52676650e+04 3.87417000e+06
 3.84000000e+03 2.16000000e+03 1.00000000e+00 1.54790000e+01
 7.27000000e-01 1.52000000e-01 1.20000000e+01 0.00000000e+00
 1.66614970e+04 4.23410300e+06 3.84000000e+03 2.16000000e+03
 1.00000000e+00 1.88120000e+01 7.50000000e-01 4.67300000e+00
 1.43000000e+02]
deleted_idx_col 683
query_origi 844
query_idx 638
deleted_scaled [0.         0.         0.00177802 0.00159934 0.         0.
 0.         0.74395338 0.99302326 0.67647668 0.08333333 0.
 0.00881    0.0086815  0.01818182 0.01818182 0.         0.58394788
 0.99268293 0.16319048 0.25       0.         0.02925595 0.02927081
 0.05454545 0.05454545 0.         0.69477591 0.99009901 0.52422071
 0.33333333 0.         0.04297882 0.04274042 0.09090909 0.09090909
 0.         0.67858116 0.98594848 0.51712427]
deleted_not_scaled [0.000000e+00 0.000000e+00 3.624030e+02 9.168800e+04 3.200000e+02
 1.800000e+02 0.000000e+00 4.834700e+01 9.970000e-01 6.528000e+01
 1.000000e+00 0.000000e+00 5.052590e+02 1.280200e+05 3.840000e+02
 2.160000e+02 0.000000e+00 3.333700e+01 9.940000e-01 1.513200e+01
 3.000000e+00 0.000000e+00 8.743480e+02 2.218660e+05 5.120000e+02
 2.880000e+02 0.000000e+00 3.889900e+01 9.910000e-01 4.747500e+01
 4.000000e+00 0.000000e+00 1.167035e+03 2.965730e+05 6.400000e+02
 3.600000e+02 0.000000e+00 3.605500e+01 9.910000e-01 4.887600e+01
 0.000000e+00]
deleted_idx_col 638
query_origi 10
query_idx 25
deleted_scaled [0.         0.31220851 0.00177802 0.00159934 0.         0.
 0.         0.74395338 0.99302326 0.67647668 0.         0.44810769
 0.00178519 0.00170873 0.         0.         0.         0.53955279
 0.98780488 0.15846688 0.         0.29684603 0.00241627 0.00234814
 0.         0.         0.         0.63717349 0.98762376 0.40337665
 0.         0.         0.00223399 0.00217609 0.         0.
 0.         0.58739142 0.97189696 0.1361477 ]
deleted_not_scaled [0.00000000e+00 1.46690878e+00 3.62403000e+02 9.16880000e+04
 3.20000000e+02 1.80000000e+02 0.00000000e+00 4.83470000e+01
 9.97000000e-01 6.52800000e+01 0.00000000e+00 1.47048706e+00
 3.67092000e+02 9.30120000e+04 3.20000000e+02 1.80000000e+02
 0.00000000e+00 3.18380000e+01 9.92000000e-01 1.46940000e+01
 0.00000000e+00 1.45934220e+00 3.66928000e+02 9.31080000e+04
 3.20000000e+02 1.80000000e+02 0.00000000e+00 3.68040000e+01
 9.90000000e-01 3.65310000e+01 0.00000000e+00 0.00000000e+00
 3.65210000e+02 9.28090000e+04 3.20000000e+02 1.80000000e+02
 0.00000000e+00 3.30420000e+01 9.85000000e-01 1.28680000e+01
 0.00000000e+00]
deleted_idx_col 25
query_origi 582
query_idx 312
deleted_scaled [0.33333333 0.         0.04247389 0.04237141 0.09090909 0.09090909
 0.         0.14618994 0.47674419 0.29516062 0.33333333 0.83156016
 0.04217135 0.04225845 0.09090909 0.09090909 0.         0.2620465
 0.59512195 0.37342277 0.33333333 0.11874465 0.04449869 0.04504683
 0.09090909 0.09090909 0.         0.67640913 0.86138614 0.77012687
 0.25       0.         0.03006629 0.02972609 0.05454545 0.05454545
 0.         0.44556763 0.56440281 0.40759668]
deleted_not_scaled [4.00000000e+00 0.00000000e+00 1.16301300e+03 2.96423000e+05
 6.40000000e+02 3.60000000e+02 0.00000000e+00 2.04440000e+01
 7.75000000e-01 2.84830000e+01 4.00000000e+00 2.72880492e+00
 1.16142500e+03 2.96599000e+05 6.40000000e+02 3.60000000e+02
 0.00000000e+00 2.24680000e+01 8.31000000e-01 3.46260000e+01
 4.00000000e+00 5.83767579e-01 1.16252100e+03 2.97315000e+05
 6.40000000e+02 3.60000000e+02 0.00000000e+00 3.82310000e+01
 9.39000000e-01 6.97450000e+01 3.00000000e+00 0.00000000e+00
 9.12927000e+02 2.31199000e+05 5.12000000e+02 2.88000000e+02
 0.00000000e+00 2.83560000e+01 8.11000000e-01 3.85240000e+01
 8.80000000e+01]
deleted_idx_col 312
query_origi 867
query_idx 167
deleted_scaled [0.41666667 0.06337857 0.07725928 0.0773822  0.18181818 0.17171717
 0.         0.21819233 0.73255814 0.18036269 0.41666667 0.90235882
 0.07788922 0.07715634 0.18181818 0.17171717 0.         0.24045609
 0.68292683 0.17633673 0.33333333 0.         0.04324652 0.04324506
 0.09090909 0.09090909 0.         0.2537256  0.68564356 0.16940693
 0.25       0.         0.02783083 0.02761629 0.05454545 0.05454545
 0.         0.59698556 0.90163934 0.48559488]
deleted_not_scaled [5.00000000e+00 2.97783617e-01 1.84734600e+03 4.72228000e+05
 9.60000000e+02 5.20000000e+02 0.00000000e+00 2.38050000e+01
 8.85000000e-01 1.74050000e+01 5.00000000e+00 2.96113414e+00
 1.86394000e+03 4.71810000e+05 9.60000000e+02 5.20000000e+02
 0.00000000e+00 2.17390000e+01 8.67000000e-01 1.63510000e+01
 4.00000000e+00 0.00000000e+00 1.13884800e+03 2.88698000e+05
 6.40000000e+02 3.60000000e+02 0.00000000e+00 2.28580000e+01
 8.68000000e-01 1.53420000e+01 3.00000000e+00 0.00000000e+00
 8.68935000e+02 2.20601000e+05 5.12000000e+02 2.88000000e+02
 0.00000000e+00 3.33590000e+01 9.55000000e-01 4.58960000e+01
 2.78000000e+02]
deleted_idx_col 167
query_origi 630
query_idx 525
deleted_scaled [0.66666667 0.         0.20948561 0.20770088 0.45454545 0.45454545
 0.         0.06064826 0.22790698 0.08643523 0.66666667 0.
 0.20208505 0.20084686 0.45454545 0.45454545 0.         0.05520509
 0.35121951 0.00136963 0.66666667 0.         0.21385119 0.21477876
 0.45454545 0.45454545 0.         0.14281001 0.40594059 0.05047315
 0.66666667 0.         0.20809333 0.20745293 0.45454545 0.45454545
 0.         0.05695954 0.33957845 0.05611808]
deleted_not_scaled [8.000000e+00 0.000000e+00 4.448635e+03 1.126617e+06 1.920000e+03
 1.080000e+03 0.000000e+00 1.645100e+01 6.680000e-01 8.341000e+00
 8.000000e+00 0.000000e+00 4.306679e+03 1.092820e+06 1.920000e+03
 1.080000e+03 0.000000e+00 1.548400e+01 7.310000e-01 1.270000e-01
 8.000000e+00 0.000000e+00 4.364230e+03 1.109060e+06 1.920000e+03
 1.080000e+03 0.000000e+00 1.882400e+01 7.550000e-01 4.571000e+00
 8.000000e+00 0.000000e+00 4.416353e+03 1.123962e+06 1.920000e+03
 1.080000e+03 0.000000e+00 1.551600e+01 7.150000e-01 5.304000e+00
 1.440000e+02]
deleted_idx_col 525
query_origi 726
query_idx 277
deleted_scaled [0.33333333 0.29914429 0.04239317 0.04240646 0.09090909 0.09090909
 0.         0.1895499  0.60697674 0.35881865 0.33333333 0.110752
 0.04222708 0.04240106 0.09090909 0.09090909 0.         0.72889086
 0.85853659 0.75216228 0.25       0.         0.03129656 0.03122229
 0.05454545 0.05454545 0.         0.40489414 0.54455446 0.42538343
 0.25       0.         0.02629698 0.02604897 0.05454545 0.05454545
 0.         0.27154142 0.20843091 0.2550812 ]
deleted_not_scaled [4.00000000e+00 1.40552662e+00 1.16142500e+03 2.96599000e+05
 6.40000000e+02 3.60000000e+02 0.00000000e+00 2.24680000e+01
 8.31000000e-01 3.46260000e+01 4.00000000e+00 3.63438035e-01
 1.16252100e+03 2.97315000e+05 6.40000000e+02 3.60000000e+02
 0.00000000e+00 3.82310000e+01 9.39000000e-01 6.97450000e+01
 3.00000000e+00 0.00000000e+00 9.12927000e+02 2.31199000e+05
 5.12000000e+02 2.88000000e+02 0.00000000e+00 2.83560000e+01
 8.11000000e-01 3.85240000e+01 3.00000000e+00 0.00000000e+00
 8.38750000e+02 2.12728000e+05 5.12000000e+02 2.88000000e+02
 0.00000000e+00 2.26060000e+01 6.59000000e-01 2.41090000e+01
 8.90000000e+01]
deleted_idx_col 277
query_origi 683
query_idx 912
deleted_scaled [8.33333333e-02 8.80775096e-02 9.11004792e-03 8.87950338e-03
 1.81818182e-02 1.81818182e-02 0.00000000e+00 8.55416783e-02
 5.00000000e-01 4.14507772e-05 8.33333333e-02 7.19024832e-01
 8.83160729e-03 8.71555942e-03 1.81818182e-02 1.81818182e-02
 0.00000000e+00 2.00296165e-01 7.14634146e-01 0.00000000e+00
 8.33333333e-02 0.00000000e+00 1.11735735e-02 1.11464435e-02
 1.81818182e-02 1.81818182e-02 0.00000000e+00 6.61259280e-02
 4.13366337e-01 6.62522222e-05 0.00000000e+00 0.00000000e+00
 1.25472708e-03 1.20977912e-03 0.00000000e+00 0.00000000e+00
 0.00000000e+00 5.84879392e-01 7.98594848e-01 4.06284717e-03]
deleted_not_scaled [1.00000000e+00 4.13831353e-01 5.06646000e+02 1.28245000e+05
 3.84000000e+02 2.16000000e+02 0.00000000e+00 1.76130000e+01
 7.85000000e-01 4.00000000e-03 1.00000000e+00 2.35951479e+00
 5.05684000e+02 1.28191000e+05 3.84000000e+02 2.16000000e+02
 0.00000000e+00 2.03830000e+01 8.80000000e-01 0.00000000e+00
 1.00000000e+00 0.00000000e+00 5.32490000e+02 1.35186000e+05
 3.84000000e+02 2.16000000e+02 0.00000000e+00 1.60350000e+01
 7.58000000e-01 6.00000000e-03 0.00000000e+00 0.00000000e+00
 3.45939000e+02 8.79550000e+04 3.20000000e+02 1.80000000e+02
 0.00000000e+00 3.29590000e+01 9.11000000e-01 3.84000000e-01
 1.51000000e+02]
deleted_idx_col 912
query_origi 1
query_idx 856
deleted_scaled [0.25       0.         0.02754064 0.02761134 0.05454545 0.05454545
 0.         0.50489513 0.83953488 0.60982383 0.25       0.
 0.029537   0.02923232 0.05454545 0.05454545 0.         0.43642825
 0.54634146 0.4154606  0.25       0.         0.02737302 0.0273601
 0.05454545 0.05454545 0.         0.24679681 0.16831683 0.26621247
 0.25       0.         0.0280718  0.02787767 0.05454545 0.05454545
 0.         0.2678793  0.20608899 0.23401576]
deleted_not_scaled [3.00000e+00 0.00000e+00 8.69231e+02 2.22306e+05 5.12000e+02 2.88000e+02
 0.00000e+00 3.71880e+01 9.31000e-01 5.88480e+01 3.00000e+00 0.00000e+00
 9.12927e+02 2.31199e+05 5.12000e+02 2.88000e+02 0.00000e+00 2.83560e+01
 8.11000e-01 3.85240e+01 3.00000e+00 0.00000e+00 8.38750e+02 2.12728e+05
 5.12000e+02 2.88000e+02 0.00000e+00 2.26060e+01 6.59000e-01 2.41090e+01
 3.00000e+00 0.00000e+00 8.73677e+02 2.21914e+05 5.12000e+02 2.88000e+02
 0.00000e+00 2.24850e+01 6.58000e-01 2.21180e+01 9.00000e+01]
deleted_idx_col 856
query_origi 185
query_idx 28
deleted_scaled [0.33333333 0.         0.04124556 0.04083301 0.09090909 0.09090909
 0.         0.19790484 0.69302326 0.15898446 0.33333333 0.
 0.04273113 0.04246819 0.09090909 0.09090909 0.         0.58753147
 0.90243902 0.56518129 0.33333333 0.75569942 0.04477141 0.04495629
 0.09090909 0.09090909 0.         0.23706351 0.40841584 0.25511522
 0.41666667 0.         0.07786249 0.077654   0.18181818 0.17171717
 0.         0.2255985  0.34660422 0.26042427]
deleted_not_scaled [4.00000000e+00 0.00000000e+00 1.13884800e+03 2.88698000e+05
 6.40000000e+02 3.60000000e+02 0.00000000e+00 2.28580000e+01
 8.68000000e-01 1.53420000e+01 4.00000000e+00 0.00000000e+00
 1.17243500e+03 2.97652000e+05 6.40000000e+02 3.60000000e+02
 0.00000000e+00 3.34580000e+01 9.57000000e-01 5.24070000e+01
 4.00000000e+00 3.71513833e+00 1.16767700e+03 2.96882000e+05
 6.40000000e+02 3.60000000e+02 0.00000000e+00 2.22520000e+01
 7.56000000e-01 2.31040000e+01 5.00000000e+00 0.00000000e+00
 1.85351700e+03 4.71952000e+05 9.60000000e+02 5.20000000e+02
 0.00000000e+00 2.10880000e+01 7.18000000e-01 2.46140000e+01
 2.80000000e+02]
deleted_idx_col 28
query_origi 72
query_idx 552
deleted_scaled [0.08333333 0.         0.00895872 0.00884226 0.01818182 0.01818182
 0.         0.04344566 0.27906977 0.1339171  0.08333333 0.
 0.0086655  0.00866318 0.01818182 0.01818182 0.         0.04865985
 0.2        0.08227466 0.         0.         0.00243251 0.00246042
 0.         0.         0.         0.05815232 0.19306931 0.06403277
 0.08333333 0.         0.00914779 0.00919647 0.01818182 0.01818182
 0.         0.55043734 0.75644028 0.09852404]
deleted_not_scaled [1.00000e+00 0.00000e+00 5.03669e+02 1.28058e+05 3.84000e+02 2.16000e+02
 0.00000e+00 1.56480e+01 6.90000e-01 1.29230e+01 1.00000e+00 0.00000e+00
 5.02417e+02 1.27928e+05 3.84000e+02 2.16000e+02 0.00000e+00 1.52630e+01
 6.69000e-01 7.62900e+00 0.00000e+00 0.00000e+00 3.67235e+02 9.36450e+04
 3.20000e+02 1.80000e+02 0.00000e+00 1.57450e+01 6.69000e-01 5.79900e+00
 1.00000e+00 0.00000e+00 5.01268e+02 1.28074e+05 3.84000e+02 2.16000e+02
 0.00000e+00 3.18210e+01 8.93000e-01 9.31200e+00 1.39000e+02]
deleted_idx_col 552
query_origi 603
query_idx 243
deleted_scaled [0.33333333 0.7960277  0.04295282 0.04261616 0.09090909 0.09090909
 0.         0.42498768 0.9        0.54307772 0.16666667 0.09765861
 0.01799329 0.01791631 0.05454545 0.05454545 0.         0.25908485
 0.41463415 0.21820201 0.         0.14553603 0.00236554 0.00236424
 0.         0.         0.         0.21391257 0.37623762 0.
 0.         0.         0.00236199 0.0023676  0.         0.
 0.         0.38721588 0.55503513 0.        ]
deleted_not_scaled [4.00000000e+00 3.74012868e+00 1.17243500e+03 2.97652000e+05
 6.40000000e+02 3.60000000e+02 0.00000000e+00 3.34580000e+01
 9.57000000e-01 5.24070000e+01 2.00000000e+00 3.20471454e-01
 6.85880000e+02 1.74385000e+05 5.12000000e+02 2.88000000e+02
 0.00000000e+00 2.23680000e+01 7.57000000e-01 2.02330000e+01
 0.00000000e+00 7.15478239e-01 3.65969000e+02 9.31850000e+04
 3.20000000e+02 1.80000000e+02 0.00000000e+00 2.14100000e+01
 7.43000000e-01 0.00000000e+00 0.00000000e+00 0.00000000e+00
 3.67729000e+02 9.37710000e+04 3.20000000e+02 1.80000000e+02
 0.00000000e+00 2.64280000e+01 8.07000000e-01 0.00000000e+00
 2.81000000e+02]
deleted_idx_col 243
query_origi 385
query_idx 644
deleted_scaled [1.         0.         0.84942477 0.84475686 1.         1.
 1.         0.05490692 0.4        0.01918135 1.         0.
 0.81720118 0.81394478 1.         1.         1.         0.82508515
 0.91707317 0.87264629 0.91666667 0.         0.58312113 0.58692357
 1.         1.         0.         0.21836679 0.5        0.02188532
 1.         0.         0.80826757 0.80746456 1.         1.
 1.         0.23122787 0.49180328 0.02946622]
deleted_not_scaled [1.2000000e+01 0.0000000e+00 1.7038160e+04 4.3255630e+06 3.8400000e+03
 2.1600000e+03 1.0000000e+00 1.6183000e+01 7.4200000e-01 1.8510000e+00
 1.2000000e+01 0.0000000e+00 1.6405058e+04 4.1709860e+06 3.8400000e+03
 2.1600000e+03 1.0000000e+00 4.1479000e+01 9.6300000e-01 8.0917000e+01
 1.1000000e+01 0.0000000e+00 1.1345496e+04 2.8888470e+06 3.8400000e+03
 2.1600000e+03 0.0000000e+00 2.1572000e+01 7.9300000e-01 1.9820000e+00
 1.2000000e+01 0.0000000e+00 1.6227290e+04 4.1379590e+06 3.8400000e+03
 2.1600000e+03 1.0000000e+00 2.1274000e+01 7.8000000e-01 2.7850000e+00
 1.5300000e+02]
deleted_idx_col 644
