query_origi 8
query_idx 12
deleted_scaled [1.66666667e-01 0.00000000e+00 1.81388678e-02 1.81228457e-02
 5.45454545e-02 5.45454545e-02 0.00000000e+00 5.45834315e-01
 8.81395349e-01 5.06466321e-01 8.33333333e-02 4.45394773e-01
 8.67475709e-03 8.77252386e-03 1.81818182e-02 1.81818182e-02
 0.00000000e+00 3.05641937e-01 7.53658537e-01 0.00000000e+00
 8.33333333e-02 0.00000000e+00 1.12787805e-02 1.11681894e-02
 1.81818182e-02 1.81818182e-02 0.00000000e+00 2.25570525e-01
 7.10396040e-01 0.00000000e+00 0.00000000e+00 0.00000000e+00
 1.92873890e-03 1.82750903e-03 0.00000000e+00 0.00000000e+00
 0.00000000e+00 2.79561757e-01 7.21311475e-01 2.11606623e-05]
deleted_not_scaled [2.00000000e+00 0.00000000e+00 6.84270000e+02 1.74660000e+05
 5.12000000e+02 2.88000000e+02 0.00000000e+00 3.90990000e+01
 9.49000000e-01 4.88740000e+01 1.00000000e+00 1.46158451e+00
 5.02599000e+02 1.28477000e+05 3.84000000e+02 2.16000000e+02
 0.00000000e+00 2.39400000e+01 8.96000000e-01 0.00000000e+00
 1.00000000e+00 0.00000000e+00 5.34479000e+02 1.35290000e+05
 3.84000000e+02 2.16000000e+02 0.00000000e+00 2.18340000e+01
 8.78000000e-01 0.00000000e+00 0.00000000e+00 0.00000000e+00
 3.59203000e+02 9.10580000e+04 3.20000000e+02 1.80000000e+02
 0.00000000e+00 2.28710000e+01 8.78000000e-01 2.00000000e-03
 2.77000000e+02]
deleted_idx_col 12
query_origi 634
query_idx 96
deleted_scaled [1.         0.06823407 0.83214581 0.82673936 1.         1.
 1.         0.31262452 0.58372093 0.07807254 1.         0.16071157
 0.83067575 0.82653571 1.         1.         1.         0.36306827
 0.48292683 0.00786187 1.         0.13351528 0.86354877 0.86831774
 1.         1.         1.         0.15515535 0.34405941 0.07892848
 1.         0.         0.8283464  0.82669601 1.         1.
 1.         0.25550074 0.54098361 0.13796752]
deleted_not_scaled [1.20000000e+01 3.20597144e-01 1.66982310e+04 4.23508900e+06
 3.84000000e+03 2.16000000e+03 1.00000000e+00 2.82130000e+01
 8.21000000e-01 7.53400000e+00 1.20000000e+01 5.27382807e-01
 1.66700820e+04 4.23420100e+06 3.84000000e+03 2.16000000e+03
 1.00000000e+00 2.58790000e+01 7.85000000e-01 7.29000000e-01
 1.20000000e+01 6.56382343e-01 1.66471460e+04 4.23461800e+06
 3.84000000e+03 2.16000000e+03 1.00000000e+00 1.92730000e+01
 7.30000000e-01 7.14800000e+00 1.20000000e+01 0.00000000e+00
 1.66224250e+04 4.23456300e+06 3.84000000e+03 2.16000000e+03
 1.00000000e+00 2.20760000e+01 8.01000000e-01 1.30400000e+01
 7.70000000e+01]
deleted_idx_col 96
query_origi 424
query_idx 447
deleted_scaled [0.41666667 0.         0.07626492 0.07624986 0.18181818 0.17171717
 0.         0.05998415 0.26976744 0.00592746 0.41666667 0.
 0.07720106 0.07739535 0.18181818 0.17171717 0.         0.18311861
 0.26829268 0.01847378 0.5        0.         0.11298563 0.11293814
 0.27272727 0.27272727 0.         0.10478416 0.43811881 0.22693595
 0.58333333 0.         0.14092483 0.13986735 0.27272727 0.27272727
 0.         0.20120456 0.70257611 0.13476168]
deleted_not_scaled [5.000000e+00 0.000000e+00 1.827784e+03 4.665420e+05 9.600000e+02
 5.200000e+02 0.000000e+00 1.642000e+01 6.860000e-01 5.720000e-01
 5.000000e+00 0.000000e+00 1.850405e+03 4.730100e+05 9.600000e+02
 5.200000e+02 0.000000e+00 1.980300e+01 6.970000e-01 1.713000e+00
 6.000000e+00 0.000000e+00 2.457307e+03 6.220060e+05 1.280000e+03
 7.200000e+02 0.000000e+00 1.744100e+01 7.680000e-01 2.055200e+01
 7.000000e+00 0.000000e+00 3.094532e+03 7.844640e+05 1.280000e+03
 7.200000e+02 0.000000e+00 2.028200e+01 8.700000e-01 1.273700e+01
 1.490000e+02]
deleted_idx_col 447
query_origi 830
query_idx 565
deleted_scaled [0.25       0.         0.03174126 0.03160699 0.05454545 0.05454545
 0.         0.12817327 0.60930233 0.16746114 0.16666667 0.
 0.01596186 0.01598948 0.05454545 0.05454545 0.         0.18122316
 0.60487805 0.19491836 0.25       0.         0.02733086 0.02764635
 0.05454545 0.05454545 0.         0.17970855 0.63118812 0.1939313
 0.25       0.         0.02889511 0.02902912 0.05454545 0.05454545
 0.         0.30292667 0.67213115 0.24516743]
deleted_not_scaled [3.00000e+00 0.00000e+00 9.51870e+02 2.42370e+05 5.12000e+02 2.88000e+02
 0.00000e+00 1.96030e+01 8.32000e-01 1.61600e+01 2.00000e+00 0.00000e+00
 6.45925e+02 1.64711e+05 5.12000e+02 2.88000e+02 0.00000e+00 1.97390e+01
 8.35000e-01 1.80740e+01 3.00000e+00 0.00000e+00 8.37953e+02 2.14097e+05
 5.12000e+02 2.88000e+02 0.00000e+00 2.01660e+01 8.46000e-01 1.75630e+01
 3.00000e+00 0.00000e+00 8.89879e+02 2.27698e+05 5.12000e+02 2.88000e+02
 0.00000e+00 2.36430e+01 8.57000e-01 2.31720e+01 2.68000e+02]
deleted_idx_col 565
query_origi 194
query_idx 519
deleted_scaled [0.5        0.         0.0916337  0.09183101 0.27272727 0.27272727
 0.         0.18554382 0.67674419 0.27235233 0.5        0.
 0.10792759 0.10700392 0.27272727 0.27272727 0.         0.16700726
 0.58292683 0.20474301 0.5        0.         0.11314966 0.11335946
 0.27272727 0.27272727 0.         0.11811933 0.53712871 0.25097446
 0.5        0.         0.10757425 0.10698891 0.27272727 0.27272727
 0.         0.45143912 0.78220141 0.49192192]
deleted_not_scaled [6.000000e+00 0.000000e+00 2.130134e+03 5.447820e+05 1.280000e+03
 7.200000e+02 0.000000e+00 2.228100e+01 8.610000e-01 2.628200e+01
 6.000000e+00 0.000000e+00 2.454748e+03 6.216650e+05 1.280000e+03
 7.200000e+02 0.000000e+00 1.925900e+01 8.260000e-01 1.898500e+01
 6.000000e+00 0.000000e+00 2.460408e+03 6.240210e+05 1.280000e+03
 7.200000e+02 0.000000e+00 1.792600e+01 8.080000e-01 2.272900e+01
 6.000000e+00 0.000000e+00 2.438220e+03 6.193080e+05 1.280000e+03
 7.200000e+02 0.000000e+00 2.855000e+01 9.040000e-01 4.649400e+01
 6.000000e+01]
deleted_idx_col 519
query_origi 90
query_idx 753
deleted_scaled [0.16666667 0.         0.01814822 0.01809815 0.05454545 0.05454545
 0.         0.0458236  0.21395349 0.38260104 0.16666667 0.
 0.01781152 0.01790516 0.05454545 0.05454545 0.         0.58735377
 0.78292683 0.51133447 0.25       0.1072546  0.02864079 0.02903704
 0.05454545 0.05454545 0.         0.09747044 0.13861386 0.3198326
 0.16666667 0.         0.02132192 0.0210504  0.05454545 0.05454545
 0.         0.08849611 0.26932084 0.28936148]
deleted_not_scaled [2.00000000e+00 0.00000000e+00 6.84454000e+02 1.74536000e+05
 5.12000000e+02 2.88000000e+02 0.00000000e+00 1.57590000e+01
 6.62000000e-01 3.69210000e+01 2.00000000e+00 0.00000000e+00
 6.82305000e+02 1.74329000e+05 5.12000000e+02 2.88000000e+02
 0.00000000e+00 3.34520000e+01 9.08000000e-01 4.74140000e+01
 3.00000000e+00 5.27280643e-01 8.62718000e+02 2.20748000e+05
 5.12000000e+02 2.88000000e+02 0.00000000e+00 1.71750000e+01
 6.47000000e-01 2.89650000e+01 2.00000000e+00 0.00000000e+00
 7.40845000e+02 1.87619000e+05 5.12000000e+02 2.88000000e+02
 0.00000000e+00 1.65580000e+01 6.85000000e-01 2.73490000e+01
 1.41000000e+02]
deleted_idx_col 753
query_origi 507
query_idx 520
deleted_scaled [0.16666667 0.         0.01820551 0.01812125 0.05454545 0.05454545
 0.         0.14927483 0.26976744 0.27471503 0.25       0.
 0.02923576 0.02927215 0.05454545 0.05454545 0.         0.04309196
 0.23170732 0.40155943 0.25       0.         0.02695838 0.02727019
 0.05454545 0.05454545 0.         0.13112455 0.43069307 0.19242958
 0.25       0.         0.03242193 0.03201545 0.05454545 0.05454545
 0.         0.68790291 0.82669789 0.58768449]
deleted_not_scaled [2.00000e+00 0.00000e+00 6.85581e+02 1.74652e+05 5.12000e+02 2.88000e+02
 0.00000e+00 2.05880e+01 6.86000e-01 2.65100e+01 3.00000e+00 0.00000e+00
 9.07002e+02 2.31399e+05 5.12000e+02 2.88000e+02 0.00000e+00 1.50750e+01
 6.82000e-01 3.72350e+01 3.00000e+00 0.00000e+00 8.30911e+02 2.12298e+05
 5.12000e+02 2.88000e+02 0.00000e+00 1.83990e+01 7.65000e-01 1.74270e+01
 3.00000e+00 0.00000e+00 9.59284e+02 2.42699e+05 5.12000e+02 2.88000e+02
 0.00000e+00 3.63630e+01 9.23000e-01 5.55450e+01 2.38000e+02]
deleted_idx_col 520
query_origi 939
query_idx 965
deleted_scaled [0.58333333 0.         0.1406007  0.13966259 0.27272727 0.27272727
 0.         0.19259196 0.4627907  0.22415544 0.58333333 0.
 0.13998004 0.139341   0.27272727 0.27272727 0.         0.6931734
 0.86585366 0.76803701 0.58333333 0.         0.14599449 0.14685337
 0.27272727 0.27272727 0.         0.17629915 0.4950495  0.31979948
 0.58333333 0.         0.1399728  0.13976383 0.27272727 0.27272727
 0.         0.20417058 0.46604215 0.33129133]
deleted_not_scaled [7.000000e+00 0.000000e+00 3.093462e+03 7.849660e+05 1.280000e+03
 7.200000e+02 0.000000e+00 2.261000e+01 7.690000e-01 2.163100e+01
 7.000000e+00 0.000000e+00 3.085170e+03 7.840190e+05 1.280000e+03
 7.200000e+02 0.000000e+00 3.702500e+01 9.420000e-01 7.121700e+01
 7.000000e+00 0.000000e+00 3.081359e+03 7.842060e+05 1.280000e+03
 7.200000e+02 0.000000e+00 2.004200e+01 7.910000e-01 2.896200e+01
 7.000000e+00 0.000000e+00 3.075797e+03 7.839440e+05 1.280000e+03
 7.200000e+02 0.000000e+00 2.038000e+01 7.690000e-01 3.131200e+01
 8.500000e+01]
deleted_idx_col 965
query_origi 707
query_idx 787
deleted_scaled [0.41666667 0.         0.07723066 0.07739953 0.18181818 0.17171717
 0.         0.55843099 0.88139535 0.85380311 0.5        0.
 0.1079645  0.10704057 0.27272727 0.27272727 0.         0.45262846
 0.56829268 0.42710782 0.5        0.         0.11274983 0.11295863
 0.27272727 0.27272727 0.         0.22680781 0.11138614 0.36018021
 0.5        0.         0.10809861 0.10751068 0.27272727 0.27272727
 0.         0.24953845 0.15456674 0.32557795]
deleted_not_scaled [5.000000e+00 0.000000e+00 1.846783e+03 4.723150e+05 9.600000e+02
 5.200000e+02 0.000000e+00 3.968700e+01 9.490000e-01 8.239200e+01
 6.000000e+00 0.000000e+00 2.455474e+03 6.218490e+05 1.280000e+03
 7.200000e+02 0.000000e+00 2.890300e+01 8.200000e-01 3.960400e+01
 6.000000e+00 0.000000e+00 2.452849e+03 6.221040e+05 1.280000e+03
 7.200000e+02 0.000000e+00 2.187900e+01 6.360000e-01 3.261900e+01
 6.000000e+00 0.000000e+00 2.448539e+03 6.219290e+05 1.280000e+03
 7.200000e+02 0.000000e+00 2.187900e+01 6.360000e-01 3.077200e+01
 9.000000e+01]
deleted_idx_col 787
query_origi 731
query_idx 630
deleted_scaled [1.         0.         0.8275702  0.82674055 1.         1.
 1.         0.27228518 0.58372093 0.22115026 1.         0.
 0.90362401 0.90408065 1.         1.         1.         0.12287872
 0.36097561 0.11227703 1.         0.         0.85407914 0.86353009
 1.         1.         1.         0.22760517 0.58415842 0.0165741
 1.         0.         0.75991337 0.75383712 1.         1.
 1.         0.2296238  0.36065574 0.06032905]
deleted_not_scaled [1.2000000e+01 0.0000000e+00 1.6608215e+04 4.2350950e+06 3.8400000e+03
 2.1600000e+03 1.0000000e+00 2.6330000e+01 8.2100000e-01 2.1341000e+01
 1.2000000e+01 0.0000000e+00 1.8104861e+04 4.6235290e+06 3.8400000e+03
 2.1600000e+03 1.0000000e+00 1.7769000e+01 7.3500000e-01 1.0411000e+01
 1.2000000e+01 0.0000000e+00 1.6468117e+04 4.2117210e+06 3.8400000e+03
 2.1600000e+03 1.0000000e+00 2.1908000e+01 8.2700000e-01 1.5010000e+00
 1.2000000e+01 0.0000000e+00 1.5275719e+04 3.8685760e+06 3.8400000e+03
 2.1600000e+03 1.0000000e+00 2.1221000e+01 7.2400000e-01 5.7020000e+00
 2.8400000e+02]
deleted_idx_col 630
query_origi 731
query_idx 775
deleted_scaled [0.25       0.         0.02576206 0.02551772 0.05454545 0.05454545
 0.         0.24842006 0.73953488 0.12557513 0.33333333 0.
 0.04256803 0.0423933  0.09090909 0.09090909 0.         0.3805716
 0.76585366 0.25173091 0.33333333 0.         0.04485181 0.04512879
 0.09090909 0.09090909 0.         0.21710201 0.67574257 0.23368263
 0.33333333 0.         0.04284411 0.0428091  0.09090909 0.09090909
 0.         0.16385703 0.70725995 0.1507803 ]
deleted_not_scaled [3.000000e+00 0.000000e+00 8.342410e+02 2.117930e+05 5.120000e+02
 2.880000e+02 0.000000e+00 2.521600e+01 8.880000e-01 1.211800e+01
 4.000000e+00 0.000000e+00 1.169227e+03 2.972760e+05 6.400000e+02
 3.600000e+02 0.000000e+00 2.647000e+01 9.010000e-01 2.334200e+01
 4.000000e+00 0.000000e+00 1.169197e+03 2.977070e+05 6.400000e+02
 3.600000e+02 0.000000e+00 2.152600e+01 8.640000e-01 2.116300e+01
 4.000000e+00 0.000000e+00 1.164384e+03 2.969180e+05 6.400000e+02
 3.600000e+02 0.000000e+00 1.904800e+01 8.720000e-01 1.425100e+01
 1.680000e+02]
deleted_idx_col 775
query_origi 940
query_idx 213
deleted_scaled [1.         0.17254221 0.87674073 0.87280113 1.         1.
 1.         0.19672658 0.72093023 0.         1.         0.21357078
 0.8699544  0.86735671 1.         1.         1.         0.19834148
 0.58780488 0.02023165 1.         0.07643264 0.88407804 0.89074215
 1.         1.         1.         0.76271652 0.89356436 0.92625023
 1.         0.         0.73682465 0.73719982 1.         1.
 1.         0.22045338 0.56206089 0.03144474]
deleted_not_scaled [1.20000000e+01 8.10687978e-01 1.75755470e+04 4.46638600e+06
 3.84000000e+03 2.16000000e+03 1.00000000e+00 2.28030000e+01
 8.80000000e-01 0.00000000e+00 1.20000000e+01 7.00842850e-01
 1.74426320e+04 4.43915000e+06 3.84000000e+03 2.16000000e+03
 1.00000000e+00 2.03170000e+01 8.28000000e-01 1.87600000e+00
 1.20000000e+01 3.75755016e-01 1.70352640e+04 4.34186300e+06
 3.84000000e+03 2.16000000e+03 1.00000000e+00 4.13700000e+01
 9.52000000e-01 8.38840000e+01 1.20000000e+01 0.00000000e+00
 1.48213520e+04 3.78500300e+06 3.84000000e+03 2.16000000e+03
 1.00000000e+00 2.09180000e+01 8.10000000e-01 2.97200000e+00
 2.14000000e+02]
deleted_idx_col 213
query_origi 351
query_idx 728
deleted_scaled [1.         0.14989766 0.82726094 0.82725813 1.         1.
 1.         0.35780544 0.65581395 0.62954404 1.         0.20043295
 0.86086248 0.86216039 1.         1.         1.         0.31298682
 0.35853659 0.32488191 1.         0.20890517 0.8814356  0.88186459
 1.         1.         1.         0.08405279 0.09653465 0.13379636
 1.         0.         0.83517672 0.82934291 1.         1.
 1.         0.040707   0.         0.03547585]
deleted_not_scaled [1.20000000e+01 7.04292735e-01 1.66021310e+04 4.23769400e+06
 3.84000000e+03 2.16000000e+03 1.00000000e+00 3.03220000e+01
 8.52000000e-01 6.07510000e+01 1.20000000e+01 6.57730426e-01
 1.72638080e+04 4.41306100e+06 3.84000000e+03 2.16000000e+03
 1.00000000e+00 2.41880000e+01 7.34000000e-01 3.01250000e+01
 1.20000000e+01 1.02701098e+00 1.69853070e+04 4.29940600e+06
 3.84000000e+03 2.16000000e+03 1.00000000e+00 1.66870000e+01
 6.30000000e-01 1.21170000e+01 1.20000000e+01 0.00000000e+00
 1.67568400e+04 4.24785900e+06 3.84000000e+03 2.16000000e+03
 1.00000000e+00 1.49790000e+01 5.70000000e-01 3.35300000e+00
 2.10000000e+01]
deleted_idx_col 728
query_origi 231
query_idx 389
deleted_scaled [1.         0.09432611 0.77393624 0.77315824 1.         1.
 1.         0.04698044 0.17906977 0.13473575 1.         0.16570031
 0.82573672 0.82657256 1.         1.         1.         0.81297201
 0.88292683 1.         1.         0.16040825 0.85837178 0.86830247
 1.         1.         1.         0.09408853 0.09158416 0.10117819
 1.         0.         0.90574023 0.89851791 1.         1.
 1.         0.08495506 0.21311475 0.09197482]
deleted_not_scaled [1.20000000e+01 4.43190329e-01 1.55530740e+04 3.96603400e+06
 3.84000000e+03 2.16000000e+03 1.00000000e+00 1.58130000e+01
 6.47000000e-01 1.30020000e+01 1.20000000e+01 5.43753595e-01
 1.65729390e+04 4.23438600e+06 3.84000000e+03 2.16000000e+03
 1.00000000e+00 4.10700000e+01 9.49000000e-01 9.27260000e+01
 1.20000000e+01 7.88592439e-01 1.65492720e+04 4.23454500e+06
 3.84000000e+03 2.16000000e+03 1.00000000e+00 1.70520000e+01
 6.28000000e-01 9.16300000e+00 1.20000000e+01 0.00000000e+00
 1.81454720e+04 4.59534100e+06 3.84000000e+03 2.16000000e+03
 1.00000000e+00 1.64410000e+01 6.61000000e-01 8.69300000e+00
 1.41000000e+02]
deleted_idx_col 389
query_origi 596
query_idx 512
deleted_scaled [1.         0.         0.82901309 0.82652548 1.         1.
 1.         0.19274192 0.41395349 0.1333057  0.91666667 0.
 0.568473   0.5676393  1.         1.         0.         0.75205094
 0.86097561 0.90601342 0.91666667 0.         0.59103572 0.59639223
 1.         1.         0.         0.12930987 0.20792079 0.11357839
 1.         0.         0.8818089  0.8831312  1.         1.
 1.         0.05456857 0.16627635 0.16620642]
deleted_not_scaled [1.2000000e+01 0.0000000e+00 1.6636601e+04 4.2340150e+06 3.8400000e+03
 2.1600000e+03 1.0000000e+00 2.2617000e+01 7.4800000e-01 1.2864000e+01
 1.1000000e+01 0.0000000e+00 1.1512961e+04 2.9343660e+06 3.8400000e+03
 2.1600000e+03 0.0000000e+00 3.9013000e+01 9.4000000e-01 8.4011000e+01
 1.1000000e+01 0.0000000e+00 1.1495126e+04 2.9341310e+06 3.8400000e+03
 2.1600000e+03 0.0000000e+00 1.8333000e+01 6.7500000e-01 1.0286000e+01
 1.2000000e+01 0.0000000e+00 1.7674523e+04 4.5180500e+06 3.8400000e+03
 2.1600000e+03 1.0000000e+00 1.5437000e+01 6.4100000e-01 1.5709000e+01
 1.3200000e+02]
deleted_idx_col 512
query_origi 171
query_idx 466
deleted_scaled [1.         0.20103526 0.8285214  0.82106849 1.         1.
 1.         0.1326935  0.59534884 0.02511917 1.         0.22433114
 0.89000158 0.88334698 1.         1.         1.         0.91956168
 0.94878049 0.99102733 1.         0.08616056 0.87090823 0.87352442
 1.         1.         1.         0.26601595 0.69306931 0.01971004
 1.         0.         0.76796172 0.76489475 1.         1.
 1.         0.3558609  0.71194379 0.16393165]
deleted_not_scaled [1.20000000e+01 9.44562300e-01 1.66269280e+04 4.20661300e+06
 3.84000000e+03 2.16000000e+03 1.00000000e+00 1.98140000e+01
 8.26000000e-01 2.42400000e+00 1.20000000e+01 7.36153500e-01
 1.78369290e+04 4.51943200e+06 3.84000000e+03 2.16000000e+03
 1.00000000e+00 4.46690000e+01 9.76000000e-01 9.18940000e+01
 1.20000000e+01 4.23579017e-01 1.67862810e+04 4.25951900e+06
 3.84000000e+03 2.16000000e+03 1.00000000e+00 2.33050000e+01
 8.71000000e-01 1.78500000e+00 1.20000000e+01 0.00000000e+00
 1.54341040e+04 3.92412100e+06 3.84000000e+03 2.16000000e+03
 1.00000000e+00 2.53920000e+01 8.74000000e-01 1.54940000e+01
 1.96000000e+02]
deleted_idx_col 466
query_origi 279
query_idx 111
deleted_scaled [1.         0.07833125 0.83252841 0.83294155 1.         1.
 1.         0.24584931 0.78837209 0.07468394 1.         0.18551408
 0.78047011 0.78204529 1.         1.         1.         0.73490301
 0.80731707 0.79312167 1.         0.1099702  0.86740816 0.86826546
 1.         1.         1.         0.14162772 0.3960396  0.03271756
 1.         0.         0.86940528 0.86376975 1.         1.
 1.         0.97085439 0.96252927 0.94812464]
deleted_not_scaled [1.20000000e+01 3.68038646e-01 1.67057580e+04 4.26623300e+06
 3.84000000e+03 2.16000000e+03 1.00000000e+00 2.50960000e+01
 9.09000000e-01 7.20700000e+00 1.20000000e+01 6.08773441e-01
 1.56826150e+04 4.01082900e+06 3.84000000e+03 2.16000000e+03
 1.00000000e+00 3.84340000e+01 9.18000000e-01 7.35430000e+01
 1.20000000e+01 5.40630960e-01 1.67201100e+04 4.23436800e+06
 3.84000000e+03 2.16000000e+03 1.00000000e+00 1.87810000e+01
 7.51000000e-01 2.96300000e+00 1.20000000e+01 0.00000000e+00
 1.74304300e+04 4.42079300e+06 3.84000000e+03 2.16000000e+03
 1.00000000e+00 4.57120000e+01 9.81000000e-01 8.96120000e+01
 1.87000000e+02]
deleted_idx_col 111
query_origi 594
query_idx 533
deleted_scaled [1.         0.         0.76665657 0.76818717 1.         1.
 1.         0.18922856 0.72790698 0.00740933 0.91666667 0.
 0.54689285 0.54250324 1.         1.         0.         0.16845846
 0.28536585 0.03594461 0.91666667 0.         0.59503549 0.59649657
 1.         1.         0.         0.22449821 0.69554455 0.46112651
 1.         0.         0.91607831 0.91151432 1.         1.
 1.         0.45255894 0.79859485 0.24036396]
deleted_not_scaled [1.2000000e+01 0.0000000e+00 1.5409861e+04 3.9410720e+06 3.8400000e+03
 2.1600000e+03 1.0000000e+00 2.2453000e+01 8.8300000e-01 7.1500000e-01
 1.1000000e+01 0.0000000e+00 1.1088513e+04 2.8081660e+06 3.8400000e+03
 2.1600000e+03 0.0000000e+00 1.9308000e+01 7.0400000e-01 3.3330000e+00
 1.1000000e+01 0.0000000e+00 1.1570744e+04 2.9346300e+06 3.8400000e+03
 2.1600000e+03 0.0000000e+00 2.1795000e+01 8.7200000e-01 4.1761000e+01
 1.2000000e+01 0.0000000e+00 1.8348917e+04 4.6606250e+06 3.8400000e+03
 2.1600000e+03 1.0000000e+00 2.8587000e+01 9.1100000e-01 2.2718000e+01
 1.7300000e+02]
deleted_idx_col 533
query_origi 872
query_idx 437
deleted_scaled [0.91666667 0.         0.56423791 0.56366187 1.         1.
 0.         0.13397888 0.55116279 0.00568912 0.91666667 0.
 0.56739798 0.5677104  1.         1.         0.         0.44116689
 0.7902439  0.14615103 1.         0.         0.85729083 0.86677712
 1.         1.         1.         0.27613418 0.67079208 0.00986054
 1.         0.         0.83732691 0.83064227 1.         1.
 1.         0.18095699 0.57845433 0.        ]
deleted_not_scaled [1.1000000e+01 0.0000000e+00 1.1427678e+04 2.9140580e+06 3.8400000e+03
 2.1600000e+03 0.0000000e+00 1.9874000e+01 8.0700000e-01 5.4900000e-01
 1.1000000e+01 0.0000000e+00 1.1491817e+04 2.9347230e+06 3.8400000e+03
 2.1600000e+03 0.0000000e+00 2.8516000e+01 9.1100000e-01 1.3552000e+01
 1.2000000e+01 0.0000000e+00 1.6528836e+04 4.2272500e+06 3.8400000e+03
 2.1600000e+03 1.0000000e+00 2.3673000e+01 8.6200000e-01 8.9300000e-01
 1.2000000e+01 0.0000000e+00 1.6799154e+04 4.2543860e+06 3.8400000e+03
 2.1600000e+03 1.0000000e+00 1.9613000e+01 8.1700000e-01 0.0000000e+00
 2.0100000e+02]
deleted_idx_col 437
query_origi 134
query_idx 926
deleted_scaled [0.91666667 0.         0.60981478 0.60704732 1.         1.
 0.         0.01808094 0.52325581 0.07344041 0.91666667 0.
 0.54426905 0.54264804 1.         1.         0.         0.06450466
 0.33902439 0.1223605  0.91666667 0.         0.57723837 0.58158955
 1.         1.         0.         0.05817982 0.51237624 0.16569681
 0.91666667 0.         0.62205031 0.62205939 1.         1.
 0.         0.08595381 0.51053864 0.09997355]
deleted_not_scaled [1.1000000e+01 0.0000000e+00 1.2324312e+04 3.1319160e+06 3.8400000e+03
 2.1600000e+03 0.0000000e+00 1.4464000e+01 7.9500000e-01 7.0870000e+00
 1.1000000e+01 0.0000000e+00 1.1036907e+04 2.8088930e+06 3.8400000e+03
 2.1600000e+03 0.0000000e+00 1.5798000e+01 7.2600000e-01 1.1346000e+01
 1.1000000e+01 0.0000000e+00 1.1234279e+04 2.8633370e+06 3.8400000e+03
 2.1600000e+03 0.0000000e+00 1.5746000e+01 7.9800000e-01 1.5006000e+01
 1.1000000e+01 0.0000000e+00 1.2562687e+04 3.2066260e+06 3.8400000e+03
 2.1600000e+03 0.0000000e+00 1.6474000e+01 7.8800000e-01 9.4490000e+00
 2.4400000e+02]
deleted_idx_col 926
query_origi 24
query_idx 463
deleted_scaled [1.         0.         0.83411185 0.82660971 1.         1.
 1.         0.23646608 0.55813953 0.04356477 0.91666667 0.
 0.57196982 0.56767057 1.         1.         0.         0.26779209
 0.4804878  0.01467765 1.         0.         0.86579768 0.86839803
 1.         1.         1.         0.24844652 0.42574257 0.02938286
 0.91666667 0.         0.57037356 0.5677981  1.         1.
 0.         0.71626161 0.88056206 0.68819764]
deleted_not_scaled [1.2000000e+01 0.0000000e+00 1.6736909e+04 4.2344380e+06 3.8400000e+03
 2.1600000e+03 1.0000000e+00 2.4658000e+01 8.1000000e-01 4.2040000e+00
 1.1000000e+01 0.0000000e+00 1.1581738e+04 2.9345230e+06 3.8400000e+03
 2.1600000e+03 0.0000000e+00 2.2662000e+01 7.8400000e-01 1.3610000e+00
 1.2000000e+01 0.0000000e+00 1.6689663e+04 4.2350020e+06 3.8400000e+03
 2.1600000e+03 1.0000000e+00 2.2666000e+01 7.6300000e-01 2.6610000e+00
 1.1000000e+01 0.0000000e+00 1.1545731e+04 2.9340590e+06 3.8400000e+03
 2.1600000e+03 0.0000000e+00 3.7300000e+01 9.4600000e-01 6.5045000e+01
 8.3000000e+01]
deleted_idx_col 463
query_origi 300
query_idx 605
deleted_scaled [1.         0.         0.82832047 0.82666249 1.         1.
 1.         0.13509287 0.15581395 0.09079793 1.         0.
 0.83878951 0.83838033 1.         1.         1.         0.04024878
 0.15609756 0.12279188 1.         0.         0.8473598  0.85588264
 1.         1.         1.         0.13282925 0.37623762 0.02321036
 1.         0.         0.96068993 0.95207885 1.         1.
 1.         0.84927817 0.8852459  0.95818653]
deleted_not_scaled [1.2000000e+01 0.0000000e+00 1.6622975e+04 4.2347030e+06 3.8400000e+03
 2.1600000e+03 1.0000000e+00 1.9926000e+01 6.3700000e-01 8.7620000e+00
 1.2000000e+01 0.0000000e+00 1.6829667e+04 4.2936690e+06 3.8400000e+03
 2.1600000e+03 1.0000000e+00 1.4979000e+01 6.5100000e-01 1.1386000e+01
 1.2000000e+01 0.0000000e+00 1.6341084e+04 4.1751470e+06 3.8400000e+03
 2.1600000e+03 1.0000000e+00 1.8461000e+01 7.4300000e-01 2.1020000e+00
 1.2000000e+01 0.0000000e+00 1.9226837e+04 4.8643900e+06 3.8400000e+03
 2.1600000e+03 1.0000000e+00 4.1695000e+01 9.4800000e-01 9.0563000e+01
 2.3800000e+02]
deleted_idx_col 605
query_origi 444
query_idx 737
deleted_scaled [1.         0.         0.80946818 0.80380117 1.         1.
 1.         0.19940444 0.66976744 0.03418653 0.91666667 0.
 0.57094706 0.56780681 1.         1.         0.         0.58963424
 0.9097561  0.51528158 1.         0.         0.86394278 0.86827864
 1.         1.         1.         0.22708276 0.35643564 0.06525844
 0.91666667 0.         0.56931249 0.56788887 1.         1.
 0.         0.22441815 0.31147541 0.04756917]
deleted_not_scaled [1.2000000e+01 0.0000000e+00 1.6252094e+04 4.1199060e+06 3.8400000e+03
 2.1600000e+03 1.0000000e+00 2.2928000e+01 8.5800000e-01 3.2990000e+00
 1.1000000e+01 0.0000000e+00 1.1561622e+04 2.9352070e+06 3.8400000e+03
 2.1600000e+03 0.0000000e+00 3.3529000e+01 9.6000000e-01 4.7780000e+01
 1.2000000e+01 0.0000000e+00 1.6654595e+04 4.2344310e+06 3.8400000e+03
 2.1600000e+03 1.0000000e+00 2.1889000e+01 7.3500000e-01 5.9100000e+00
 1.1000000e+01 0.0000000e+00 1.1524850e+04 2.9345150e+06 3.8400000e+03
 2.1600000e+03 0.0000000e+00 2.1049000e+01 7.0300000e-01 4.4960000e+00
 2.8000000e+02]
deleted_idx_col 737
query_origi 43
query_idx 863
deleted_scaled [1.         0.         0.82340708 0.82093586 1.         1.
 1.         0.1952484  0.44418605 0.11318135 1.         0.
 0.82168724 0.82046621 1.         1.         1.         0.24398045
 0.27804878 0.0834286  1.         0.         0.93754144 0.94602355
 1.         1.         1.         0.47159747 0.70792079 0.47770061
 0.91666667 0.         0.52203562 0.52283799 1.         1.
 0.         0.38137466 0.56206089 0.12170555]
deleted_not_scaled [1.2000000e+01 0.0000000e+00 1.6526314e+04 4.2059470e+06 3.8400000e+03
 2.1600000e+03 1.0000000e+00 2.2734000e+01 7.6100000e-01 1.0922000e+01
 1.2000000e+01 0.0000000e+00 1.6493292e+04 4.2037280e+06 3.8400000e+03
 2.1600000e+03 1.0000000e+00 2.1858000e+01 7.0100000e-01 7.7360000e+00
 1.2000000e+01 0.0000000e+00 1.8046021e+04 4.6062470e+06 3.8400000e+03
 2.1600000e+03 1.0000000e+00 3.0782000e+01 8.7700000e-01 4.3262000e+01
 1.1000000e+01 0.0000000e+00 1.0594480e+04 2.7082140e+06 3.8400000e+03
 2.1600000e+03 0.0000000e+00 2.6235000e+01 8.1000000e-01 1.1503000e+01
 1.1700000e+02]
deleted_idx_col 863
query_origi 667
query_idx 85
deleted_scaled [1.         0.22431485 0.82819456 0.82653683 1.         1.
 1.         0.13333619 0.20232558 0.07762694 1.         0.15013242
 0.8269354  0.82653272 1.         1.         1.         0.10099215
 0.05121951 0.03681815 1.         0.14542023 0.86531179 0.87401433
 1.         1.         1.         0.10907341 0.18316832 0.03816128
 1.         0.         0.89485405 0.88682483 1.         1.
 1.         0.27928937 0.49882904 0.0077977 ]
deleted_not_scaled [1.20000000e+01 1.05394122e+00 1.66204980e+04 4.23407200e+06
 3.84000000e+03 2.16000000e+03 1.00000000e+00 1.98440000e+01
 6.57000000e-01 7.49100000e+00 1.20000000e+01 4.92666807e-01
 1.65965150e+04 4.23418600e+06 3.84000000e+03 2.16000000e+03
 1.00000000e+00 1.70300000e+01 6.08000000e-01 3.41400000e+00
 1.20000000e+01 7.14908935e-01 1.66804770e+04 4.26186200e+06
 3.84000000e+03 2.16000000e+03 1.00000000e+00 1.75970000e+01
 6.65000000e-01 3.45600000e+00 1.20000000e+01 0.00000000e+00
 1.79312410e+04 4.53660400e+06 3.84000000e+03 2.16000000e+03
 1.00000000e+00 2.28620000e+01 7.83000000e-01 7.37000000e-01
 1.10000000e+02]
deleted_idx_col 85
query_origi 142
query_idx 52
deleted_scaled [1.00000000e+00 1.33997678e-01 8.20943503e-01 8.20530396e-01
 1.00000000e+00 1.00000000e+00 1.00000000e+00 1.51202896e-01
 6.23255814e-01 5.07772021e-04 1.00000000e+00 1.71989494e-01
 8.31558079e-01 8.32399263e-01 1.00000000e+00 1.00000000e+00
 1.00000000e+00 1.89930401e-01 6.46341463e-01 2.04904773e-04
 1.00000000e+00 1.81686901e-01 8.62479351e-01 8.62462028e-01
 1.00000000e+00 1.00000000e+00 1.00000000e+00 1.70030245e-01
 5.81683168e-01 2.67658978e-02 1.00000000e+00 0.00000000e+00
 8.90061578e-01 8.83406318e-01 1.00000000e+00 1.00000000e+00
 1.00000000e+00 9.39287552e-01 9.50819672e-01 9.72268952e-01]
deleted_not_scaled [1.20000000e+01 6.29586836e-01 1.64778480e+04 4.20391100e+06
 3.84000000e+03 2.16000000e+03 1.00000000e+00 2.06780000e+01
 8.38000000e-01 4.90000000e-02 1.20000000e+01 5.64391847e-01
 1.66874360e+04 4.26364000e+06 3.84000000e+03 2.16000000e+03
 1.00000000e+00 2.00330000e+01 8.52000000e-01 1.90000000e-02
 1.20000000e+01 8.93201655e-01 1.66269280e+04 4.20661300e+06
 3.84000000e+03 2.16000000e+03 1.00000000e+00 1.98140000e+01
 8.26000000e-01 2.42400000e+00 1.20000000e+01 0.00000000e+00
 1.78369290e+04 4.51943200e+06 3.84000000e+03 2.16000000e+03
 1.00000000e+00 4.46690000e+01 9.76000000e-01 9.18940000e+01
 1.94000000e+02]
deleted_idx_col 52
query_origi 239
query_idx 574
deleted_scaled [0.91666667 0.         0.57000759 0.5697133  1.         1.
 0.         0.02924227 0.2        0.11596891 0.91666667 0.
 0.56505575 0.56565212 1.         1.         0.         0.14295869
 0.38780488 0.02176304 1.         0.         1.         1.
 1.         1.         1.         0.77165246 0.88366337 1.
 0.91666667 0.         0.54587625 0.54175749 1.         1.
 0.         0.08686178 0.52693208 0.11360102]
deleted_not_scaled [1.1000000e+01 0.0000000e+00 1.1541185e+04 2.9444450e+06 3.8400000e+03
 2.1600000e+03 0.0000000e+00 1.4985000e+01 6.5600000e-01 1.1191000e+01
 1.1000000e+01 0.0000000e+00 1.1445749e+04 2.9243890e+06 3.8400000e+03
 2.1600000e+03 0.0000000e+00 1.8447000e+01 7.4600000e-01 2.0180000e+00
 1.2000000e+01 0.0000000e+00 1.9226837e+04 4.8643900e+06 3.8400000e+03
 2.1600000e+03 1.0000000e+00 4.1695000e+01 9.4800000e-01 9.0563000e+01
 1.1000000e+01 0.0000000e+00 1.1063644e+04 2.8032510e+06 3.8400000e+03
 2.1600000e+03 0.0000000e+00 1.6504000e+01 7.9500000e-01 1.0737000e+01
 2.3900000e+02]
deleted_idx_col 574
query_origi 729
query_idx 634
deleted_scaled [9.16666667e-01 0.00000000e+00 5.68018365e-01 5.67725033e-01
 1.00000000e+00 1.00000000e+00 0.00000000e+00 1.51288588e-01
 6.27906977e-01 4.66321244e-04 9.16666667e-01 0.00000000e+00
 5.71611577e-01 5.72213981e-01 1.00000000e+00 1.00000000e+00
 0.00000000e+00 1.90019251e-01 6.51219512e-01 2.04904773e-04
 9.16666667e-01 0.00000000e+00 5.92009559e-01 5.91958159e-01
 1.00000000e+00 1.00000000e+00 0.00000000e+00 1.69837778e-01
 5.86633663e-01 2.65450570e-02 9.16666667e-01 0.00000000e+00
 6.09707671e-01 6.05118498e-01 1.00000000e+00 1.00000000e+00
 0.00000000e+00 9.20190067e-01 9.46135831e-01 9.58958895e-01]
deleted_not_scaled [1.1000000e+01 0.0000000e+00 1.1502051e+04 2.9344610e+06 3.8400000e+03
 2.1600000e+03 0.0000000e+00 2.0682000e+01 8.4000000e-01 4.5000000e-02
 1.1000000e+01 0.0000000e+00 1.1574692e+04 2.9573340e+06 3.8400000e+03
 2.1600000e+03 0.0000000e+00 2.0036000e+01 8.5400000e-01 1.9000000e-02
 1.1000000e+01 0.0000000e+00 1.1513537e+04 2.9129250e+06 3.8400000e+03
 2.1600000e+03 0.0000000e+00 1.9807000e+01 8.2800000e-01 2.4040000e+00
 1.1000000e+01 0.0000000e+00 1.2319794e+04 3.1215280e+06 3.8400000e+03
 2.1600000e+03 0.0000000e+00 4.4038000e+01 9.7400000e-01 9.0636000e+01
 1.9400000e+02]
deleted_idx_col 634
query_origi 107
query_idx 661
deleted_scaled [0.91666667 0.         0.57065035 0.56546632 1.         1.
 0.         0.55354656 0.9255814  0.72035233 0.91666667 0.
 0.6122221  0.60762475 1.         1.         0.         0.4152821
 0.6902439  0.14190195 0.91666667 0.         0.60309956 0.60488798
 1.         1.         0.         0.34665933 0.64851485 0.05624814
 0.91666667 0.         0.52192276 0.51982559 1.         1.
 0.         0.3077994  0.6206089  0.16769825]
deleted_not_scaled [1.1000000e+01 0.0000000e+00 1.1553830e+04 2.9231190e+06 3.8400000e+03
 2.1600000e+03 0.0000000e+00 3.9459000e+01 9.6800000e-01 6.9514000e+01
 1.1000000e+01 0.0000000e+00 1.2373438e+04 3.1351200e+06 3.8400000e+03
 2.1600000e+03 0.0000000e+00 2.7642000e+01 8.7000000e-01 1.3158000e+01
 1.1000000e+01 0.0000000e+00 1.1723200e+04 2.9747620e+06 3.8400000e+03
 2.1600000e+03 0.0000000e+00 2.6238000e+01 8.5300000e-01 5.0940000e+00
 1.1000000e+01 0.0000000e+00 1.0592259e+04 2.6930820e+06 3.8400000e+03
 2.1600000e+03 0.0000000e+00 2.3804000e+01 8.3500000e-01 1.5850000e+01
 6.8000000e+01]
deleted_idx_col 661
query_origi 765
query_idx 995
deleted_scaled [0.91666667 0.         0.5682374  0.56765752 1.         1.
 0.         0.11298443 0.54186047 0.06062176 0.91666667 0.
 0.59659408 0.59691902 1.         1.         0.         0.07347845
 0.45365854 0.00140198 0.91666667 0.         0.59658355 0.60320288
 1.         1.         0.         0.60772615 0.92821782 0.48816846
 0.91666667 0.         0.59204006 0.58728316 1.         1.
 0.         0.58657426 0.90632319 0.4025816 ]
deleted_not_scaled [1.1000000e+01 0.0000000e+00 1.1506360e+04 2.9341220e+06 3.8400000e+03
 2.1600000e+03 0.0000000e+00 1.8894000e+01 8.0300000e-01 5.8500000e+00
 1.1000000e+01 0.0000000e+00 1.2066059e+04 3.0813700e+06 3.8400000e+03
 2.1600000e+03 0.0000000e+00 1.6101000e+01 7.7300000e-01 1.3000000e-01
 1.1000000e+01 0.0000000e+00 1.1600011e+04 2.9667030e+06 3.8400000e+03
 2.1600000e+03 0.0000000e+00 3.5733000e+01 9.6600000e-01 4.4210000e+01
 1.1000000e+01 0.0000000e+00 1.1972110e+04 3.0319370e+06 3.8400000e+03
 2.1600000e+03 0.0000000e+00 3.3015000e+01 9.5700000e-01 3.8050000e+01
 2.8000000e+01]
deleted_idx_col 995
query_origi 933
query_idx 985
deleted_scaled [1.         0.         0.8391727  0.83581721 1.         1.
 1.         0.27110692 0.75348837 0.07134715 1.         0.
 0.81964783 0.81761062 1.         1.         1.         0.23290389
 0.64634146 0.0192287  1.         0.         0.93898233 0.9465327
 1.         1.         1.         0.148584   0.67574257 0.00816007
 1.         0.         0.84919321 0.84962069 1.         1.
 1.         0.19651342 0.68618267 0.        ]
deleted_not_scaled [1.2000000e+01 0.0000000e+00 1.6836471e+04 4.2806730e+06 3.8400000e+03
 2.1600000e+03 1.0000000e+00 2.6275000e+01 8.9400000e-01 6.8850000e+00
 1.2000000e+01 0.0000000e+00 1.6453180e+04 4.1893910e+06 3.8400000e+03
 2.1600000e+03 1.0000000e+00 2.1484000e+01 8.5200000e-01 1.7830000e+00
 1.2000000e+01 0.0000000e+00 1.8073262e+04 4.6086820e+06 3.8400000e+03
 2.1600000e+03 1.0000000e+00 1.9034000e+01 8.6400000e-01 7.3900000e-01
 1.2000000e+01 0.0000000e+00 1.7032673e+04 4.3497190e+06 3.8400000e+03
 2.1600000e+03 1.0000000e+00 2.0127000e+01 8.6300000e-01 0.0000000e+00
 1.6900000e+02]
deleted_idx_col 985
query_origi 568
query_idx 7
deleted_scaled [1.         0.041243   0.84927756 0.84800293 1.         1.
 1.         0.59448574 0.88837209 0.86926425 1.         0.29061545
 0.73668104 0.73706608 1.         1.         1.         0.21614097
 0.54390244 0.03205142 1.         0.0358217  0.98014402 0.99098131
 1.         1.         1.         0.13706351 0.46039604 0.02813511
 1.         0.         0.69264319 0.68709562 1.         1.
 1.         0.12496595 0.5971897  0.00448606]
deleted_not_scaled [1.20000000e+01 1.93779871e-01 1.70352640e+04 4.34186300e+06
 3.84000000e+03 2.16000000e+03 1.00000000e+00 4.13700000e+01
 9.52000000e-01 8.38840000e+01 1.20000000e+01 9.53668651e-01
 1.48213520e+04 3.78500300e+06 3.84000000e+03 2.16000000e+03
 1.00000000e+00 2.09180000e+01 8.10000000e-01 2.97200000e+00
 1.20000000e+01 1.76105153e-01 1.88514480e+04 4.82125800e+06
 3.84000000e+03 2.16000000e+03 1.00000000e+00 1.86150000e+01
 7.77000000e-01 2.54800000e+00 1.20000000e+01 0.00000000e+00
 1.39518970e+04 3.53331800e+06 3.84000000e+03 2.16000000e+03
 1.00000000e+00 1.77630000e+01 8.25000000e-01 4.24000000e-01
 2.16000000e+02]
deleted_idx_col 7
query_origi 494
query_idx 918
deleted_scaled [0.91666667 0.         0.56860221 0.56343623 1.         1.
 0.         0.13254354 0.6        0.02491192 0.91666667 0.
 0.60949469 0.60491754 1.         1.         0.         0.90087369
 0.94390244 0.97746047 0.91666667 0.         0.58773088 0.58947181
 1.         1.         0.         0.26612593 0.6980198  0.01966587
 0.91666667 0.         0.53940098 0.5372349  1.         1.
 0.         0.35631488 0.71662763 0.1635825 ]
deleted_not_scaled [1.1000000e+01 0.0000000e+00 1.1513537e+04 2.9129250e+06 3.8400000e+03
 2.1600000e+03 0.0000000e+00 1.9807000e+01 8.2800000e-01 2.4040000e+00
 1.1000000e+01 0.0000000e+00 1.2319794e+04 3.1215280e+06 3.8400000e+03
 2.1600000e+03 0.0000000e+00 4.4038000e+01 9.7400000e-01 9.0636000e+01
 1.1000000e+01 0.0000000e+00 1.1432646e+04 2.9010340e+06 3.8400000e+03
 2.1600000e+03 0.0000000e+00 2.3309000e+01 8.7300000e-01 1.7810000e+00
 1.1000000e+01 0.0000000e+00 1.0936216e+04 2.7805330e+06 3.8400000e+03
 2.1600000e+03 0.0000000e+00 2.5407000e+01 8.7600000e-01 1.5461000e+01
 1.9600000e+02]
deleted_idx_col 918
query_origi 4
query_idx 191
deleted_scaled [0.00000000e+00 9.67075496e-01 1.01148767e-03 9.69241566e-04
 0.00000000e+00 0.00000000e+00 0.00000000e+00 1.16304977e-01
 4.34883721e-01 2.29637306e-02 0.00000000e+00 0.00000000e+00
 1.60587158e-03 1.66650865e-03 0.00000000e+00 0.00000000e+00
 0.00000000e+00 1.02087961e-01 4.09756098e-01 1.74276902e-02
 0.00000000e+00 0.00000000e+00 2.57040378e-03 2.64777171e-03
 0.00000000e+00 0.00000000e+00 0.00000000e+00 4.20126478e-02
 3.91089109e-01 1.76672593e-04 0.00000000e+00 0.00000000e+00
 2.22458456e-03 2.09407053e-03 0.00000000e+00 0.00000000e+00
 0.00000000e+00 3.62912745e-01 6.90866511e-01 0.00000000e+00]
deleted_not_scaled [0.00000000e+00 4.54379515e+00 3.47323000e+02 8.85240000e+04
 3.20000000e+02 1.80000000e+02 0.00000000e+00 1.90490000e+01
 7.57000000e-01 2.21600000e+00 0.00000000e+00 0.00000000e+00
 3.63565000e+02 9.28000000e+04 3.20000000e+02 1.80000000e+02
 0.00000000e+00 1.70670000e+01 7.55000000e-01 1.61600000e+00
 0.00000000e+00 0.00000000e+00 3.69842000e+02 9.45410000e+04
 3.20000000e+02 1.80000000e+02 0.00000000e+00 1.51580000e+01
 7.49000000e-01 1.60000000e-02 0.00000000e+00 0.00000000e+00
 3.65025000e+02 9.23970000e+04 3.20000000e+02 1.80000000e+02
 0.00000000e+00 2.56250000e+01 8.65000000e-01 0.00000000e+00
 2.61000000e+02]
deleted_idx_col 191
query_origi 309
query_idx 110
deleted_scaled [0.00000000e+00 3.21115770e-01 1.86814387e-03 1.85185480e-03
 0.00000000e+00 0.00000000e+00 0.00000000e+00 3.00713383e-01
 4.83720930e-01 0.00000000e+00 0.00000000e+00 3.32603276e-01
 3.16252727e-03 3.25255006e-03 0.00000000e+00 0.00000000e+00
 0.00000000e+00 3.16185399e-01 4.00000000e-01 0.00000000e+00
 0.00000000e+00 2.74974258e-01 1.55953874e-03 1.44296554e-03
 0.00000000e+00 0.00000000e+00 0.00000000e+00 9.46109431e-02
 2.30198020e-01 9.64080254e-02 0.00000000e+00 0.00000000e+00
 2.97070305e-03 2.86230118e-03 0.00000000e+00 0.00000000e+00
 0.00000000e+00 4.89089313e-02 1.38173302e-01 3.38570597e-04]
deleted_not_scaled [0.00000000e+00 1.50875944e+00 3.64176000e+02 9.29560000e+04
 3.20000000e+02 1.80000000e+02 0.00000000e+00 2.76570000e+01
 7.78000000e-01 0.00000000e+00 0.00000000e+00 1.09145375e+00
 3.94182000e+02 1.00763000e+05 3.20000000e+02 1.80000000e+02
 0.00000000e+00 2.42960000e+01 7.51000000e-01 0.00000000e+00
 0.00000000e+00 1.35181712e+00 3.50731000e+02 8.87790000e+04
 3.20000000e+02 1.80000000e+02 0.00000000e+00 1.70710000e+01
 6.84000000e-01 8.73100000e+00 0.00000000e+00 0.00000000e+00
 3.79708000e+02 9.62560000e+04 3.20000000e+02 1.80000000e+02
 0.00000000e+00 1.52500000e+01 6.29000000e-01 3.20000000e-02
 2.10000000e+01]
deleted_idx_col 110
query_origi 449
query_idx 109
deleted_scaled [0.33333333 0.29196229 0.03764336 0.03738839 0.09090909 0.09090909
 0.         0.20416033 0.58139535 0.22107772 0.16666667 0.15811331
 0.02054931 0.02049883 0.05454545 0.05454545 0.         0.62712868
 0.77317073 0.57581477 0.08333333 0.         0.0075803  0.00763741
 0.01818182 0.01818182 0.         0.14676932 0.39356436 0.03757605
 0.         0.         0.00215039 0.0021743  0.         0.
 0.         0.10390121 0.43325527 0.01709782]
deleted_not_scaled [4.00000000e+00 1.37178207e+00 1.06798200e+03 2.71401000e+05
 6.40000000e+02 3.60000000e+02 0.00000000e+00 2.31500000e+01
 8.20000000e-01 2.13340000e+01 2.00000000e+00 5.18856492e-01
 7.36153000e+02 1.87351000e+05 5.12000000e+02 2.88000000e+02
 0.00000000e+00 3.47950000e+01 9.04000000e-01 5.33930000e+01
 1.00000000e+00 0.00000000e+00 4.64557000e+02 1.18404000e+05
 3.84000000e+02 2.16000000e+02 0.00000000e+00 1.89680000e+01
 7.50000000e-01 3.40300000e+00 0.00000000e+00 0.00000000e+00
 3.63565000e+02 9.28000000e+04 3.20000000e+02 1.80000000e+02
 0.00000000e+00 1.70670000e+01 7.55000000e-01 1.61600000e+00
 2.59000000e+02]
deleted_idx_col 109
query_origi 600
query_idx 8
deleted_scaled [0.25       0.         0.02766461 0.02758366 0.05454545 0.05454545
 0.         0.18068082 0.62790698 0.19866321 0.         0.
 0.00172296 0.00178362 0.         0.         0.         0.70768547
 0.86585366 0.0807217  0.         0.55669382 0.00234714 0.00242216
 0.         0.         0.         0.28504262 0.75990099 0.
 0.         0.         0.00285032 0.00271459 0.         0.
 0.         0.24950819 0.72833724 0.        ]
deleted_not_scaled [3.00000000e+00 0.00000000e+00 8.71670000e+02 2.22167000e+05
 5.12000000e+02 2.88000000e+02 0.00000000e+00 2.20540000e+01
 8.40000000e-01 1.91710000e+01 0.00000000e+00 0.00000000e+00
 3.65868000e+02 9.33880000e+04 3.20000000e+02 1.80000000e+02
 0.00000000e+00 3.75150000e+01 9.42000000e-01 7.48500000e+00
 0.00000000e+00 2.73679522e+00 3.65621000e+02 9.34620000e+04
 3.20000000e+02 1.80000000e+02 0.00000000e+00 2.39970000e+01
 8.98000000e-01 0.00000000e+00 0.00000000e+00 0.00000000e+00
 3.77339000e+02 9.55140000e+04 3.20000000e+02 1.80000000e+02
 0.00000000e+00 2.18780000e+01 8.81000000e-01 0.00000000e+00
 2.76000000e+02]
deleted_idx_col 8
query_origi 233
query_idx 997
deleted_scaled [0.         0.         0.0018717  0.00187356 0.         0.
 0.         0.36054757 0.71860465 0.0181658  0.5        0.
 0.10671219 0.10706905 0.27272727 0.27272727 0.         0.10250259
 0.12195122 0.35351466 0.         0.         0.00359936 0.00349419
 0.         0.         0.         0.08430025 0.27475248 0.02666652
 0.         0.         0.00135463 0.00127468 0.         0.
 0.         0.05871493 0.43793911 0.        ]
deleted_not_scaled [0.000000e+00 0.000000e+00 3.642460e+02 9.306500e+04 3.200000e+02
 1.800000e+02 0.000000e+00 3.045000e+01 8.790000e-01 1.753000e+00
 6.000000e+00 0.000000e+00 2.430843e+03 6.219920e+05 1.280000e+03
 7.200000e+02 0.000000e+00 1.708100e+01 6.370000e-01 3.278000e+01
 0.000000e+00 0.000000e+00 3.892950e+02 9.858900e+04 3.200000e+02
 1.800000e+02 0.000000e+00 1.669600e+01 7.020000e-01 2.415000e+00
 0.000000e+00 0.000000e+00 3.479050e+02 8.828100e+04 3.200000e+02
 1.800000e+02 0.000000e+00 1.557400e+01 7.570000e-01 0.000000e+00
 1.420000e+02]
deleted_idx_col 997
query_origi 706
query_idx 139
deleted_scaled [0.         0.         0.00264571 0.0026578  0.         0.
 0.         0.25825318 0.71162791 0.         0.         0.
 0.00113415 0.00104488 0.         0.         0.         0.22188657
 0.58780488 0.         0.         1.         0.00271311 0.00262644
 0.         0.         0.         0.16442123 0.44059406 0.
 0.33333333 0.         0.04270036 0.04240538 0.09090909 0.09090909
 0.         0.51902182 0.76112412 0.34770142]
deleted_not_scaled [0.0000000e+00 0.0000000e+00 3.7947300e+02 9.7003000e+04 3.2000000e+02
 1.8000000e+02 0.0000000e+00 2.5675000e+01 8.7600000e-01 0.0000000e+00
 0.0000000e+00 0.0000000e+00 3.5428700e+02 8.9679000e+04 3.2000000e+02
 1.8000000e+02 0.0000000e+00 2.1112000e+01 8.2800000e-01 0.0000000e+00
 0.0000000e+00 4.9161588e+00 3.7254000e+02 9.4439000e+04 3.2000000e+02
 1.8000000e+02 0.0000000e+00 1.9610000e+01 7.6900000e-01 0.0000000e+00
 4.0000000e+00 0.0000000e+00 1.1615550e+03 2.9489000e+05 6.4000000e+02
 3.6000000e+02 0.0000000e+00 3.0783000e+01 8.9500000e-01 3.2863000e+01
 3.7000000e+01]
deleted_idx_col 139
query_origi 157
query_idx 626
deleted_scaled [0.25       0.         0.02839866 0.02809606 0.05454545 0.05454545
 0.         0.05332162 0.45813953 0.15275648 0.5        0.
 0.10761292 0.1070575  0.27272727 0.27272727 0.         0.7523471
 0.86097561 0.88494058 0.         0.         0.00235026 0.00232974
 0.         0.         0.         0.16183668 0.71287129 0.00821528
 0.41666667 0.         0.07775146 0.0775893  0.18181818 0.17171717
 0.         0.22438788 0.70491803 0.00777654]
deleted_not_scaled [3.000000e+00 0.000000e+00 8.861110e+02 2.247400e+05 5.120000e+02
 2.880000e+02 0.000000e+00 1.610900e+01 7.670000e-01 1.474100e+01
 6.000000e+00 0.000000e+00 2.448559e+03 6.219340e+05 1.280000e+03
 7.200000e+02 0.000000e+00 3.902300e+01 9.400000e-01 8.205700e+01
 0.000000e+00 0.000000e+00 3.656800e+02 9.302000e+04 3.200000e+02
 1.800000e+02 0.000000e+00 1.951600e+01 8.790000e-01 7.440000e-01
 5.000000e+00 0.000000e+00 1.851332e+03 4.716270e+05 9.600000e+02
 5.200000e+02 0.000000e+00 2.104800e+01 8.710000e-01 7.350000e-01
 2.200000e+02]
deleted_idx_col 626
query_origi 566
query_idx 624
deleted_scaled [0.08333333 0.01183957 0.00838022 0.00814346 0.01818182 0.01818182
 0.         0.13185801 0.63023256 0.00419689 0.08333333 0.
 0.00880634 0.00867792 0.01818182 0.01818182 0.         0.70484229
 0.89756098 0.29052262 0.         0.         0.00236369 0.00229545
 0.         0.         0.         0.27253231 0.73019802 0.00200965
 0.08333333 0.         0.00932178 0.00924505 0.01818182 0.01818182
 0.         0.36494053 0.74004684 0.0263027 ]
deleted_not_scaled [1.00000000e+00 5.56281232e-02 4.92288000e+02 1.24549000e+05
 3.84000000e+02 2.16000000e+02 0.00000000e+00 1.97750000e+01
 8.41000000e-01 4.05000000e-01 1.00000000e+00 0.00000000e+00
 5.05187000e+02 1.28002000e+05 3.84000000e+02 2.16000000e+02
 0.00000000e+00 3.74190000e+01 9.55000000e-01 2.69390000e+01
 0.00000000e+00 0.00000000e+00 3.65934000e+02 9.28560000e+04
 3.20000000e+02 1.80000000e+02 0.00000000e+00 2.35420000e+01
 8.86000000e-01 1.82000000e-01 1.00000000e+00 0.00000000e+00
 5.04692000e+02 1.28318000e+05 3.84000000e+02 2.16000000e+02
 0.00000000e+00 2.56920000e+01 8.86000000e-01 2.48600000e+00
 1.96000000e+02]
deleted_idx_col 624
query_origi 830
query_idx 206
deleted_scaled [1.         0.1290645  0.84926373 0.84841317 1.         1.
 1.         0.61413055 0.92093023 0.77       1.         0.13462823
 0.83248962 0.83291573 1.         1.         1.         0.33987857
 0.78536585 0.07772362 1.         0.12302871 0.81253047 0.82152455
 1.         1.         1.         0.68199065 0.80940594 0.81206453
 1.         0.         0.83331028 0.82665719 1.         1.
 1.         0.15577616 0.42388759 0.03134952]
deleted_not_scaled [1.20000000e+01 6.06408352e-01 1.70349920e+04 4.34392300e+06
 3.84000000e+03 2.16000000e+03 1.00000000e+00 4.22870000e+01
 9.66000000e-01 7.43050000e+01 1.20000000e+01 4.41789066e-01
 1.67057580e+04 4.26623300e+06 3.84000000e+03 2.16000000e+03
 1.00000000e+00 2.50960000e+01 9.09000000e-01 7.20700000e+00
 1.20000000e+01 6.04828658e-01 1.56826150e+04 4.01082900e+06
 3.84000000e+03 2.16000000e+03 1.00000000e+00 3.84340000e+01
 9.18000000e-01 7.35430000e+01 1.20000000e+01 0.00000000e+00
 1.67201100e+04 4.23436800e+06 3.84000000e+03 2.16000000e+03
 1.00000000e+00 1.87810000e+01 7.51000000e-01 2.96300000e+00
 1.86000000e+02]
deleted_idx_col 206
query_origi 32
query_idx 878
deleted_scaled [0.91666667 0.         0.56892733 0.56777323 1.         1.
 0.         0.1355856  0.16511628 0.08929534 0.91666667 0.
 0.56990799 0.5696468  1.         1.         0.         0.04042648
 0.16829268 0.12068891 0.91666667 0.         0.58842395 0.59435523
 1.         1.         0.         0.13244432 0.38366337 0.02228283
 0.91666667 0.         0.65514666 0.64923612 1.         1.
 0.         0.82833449 0.87587822 0.927165  ]
deleted_not_scaled [1.1000000e+01 0.0000000e+00 1.1519933e+04 2.9347030e+06 3.8400000e+03
 2.1600000e+03 0.0000000e+00 1.9949000e+01 6.4100000e-01 8.6170000e+00
 1.1000000e+01 0.0000000e+00 1.1541185e+04 2.9444450e+06 3.8400000e+03
 2.1600000e+03 0.0000000e+00 1.4985000e+01 6.5600000e-01 1.1191000e+01
 1.1000000e+01 0.0000000e+00 1.1445749e+04 2.9243890e+06 3.8400000e+03
 2.1600000e+03 0.0000000e+00 1.8447000e+01 7.4600000e-01 2.0180000e+00
 1.1000000e+01 0.0000000e+00 1.3213996e+04 3.3431410e+06 3.8400000e+03
 2.1600000e+03 0.0000000e+00 4.1003000e+01 9.4400000e-01 8.7631000e+01
 2.3800000e+02]
deleted_idx_col 878
query_origi 210
query_idx 699
deleted_scaled [0.00000000e+00 0.00000000e+00 1.91673839e-03 1.92772927e-03
 0.00000000e+00 0.00000000e+00 0.00000000e+00 3.44351850e-01
 7.09302326e-01 1.08621762e-01 1.66666667e-01 0.00000000e+00
 1.89123219e-02 1.86739794e-02 5.45454545e-02 5.45454545e-02
 0.00000000e+00 1.12157560e-01 5.78048780e-01 3.41619395e-01
 4.16666667e-01 0.00000000e+00 8.21525803e-02 8.22329353e-02
 1.81818182e-01 1.71717172e-01 0.00000000e+00 1.30024746e-01
 2.27722772e-01 3.38758654e-01 0.00000000e+00 0.00000000e+00
 3.50644691e-03 3.42349376e-03 0.00000000e+00 0.00000000e+00
 0.00000000e+00 2.17547895e-01 6.18266979e-01 1.69285299e-04]
deleted_not_scaled [0.00000e+00 0.00000e+00 3.65132e+02 9.33370e+04 3.20000e+02 1.80000e+02
 0.00000e+00 2.96940e+01 8.75000e-01 1.04820e+01 2.00000e+00 0.00000e+00
 7.03956e+02 1.78189e+05 5.12000e+02 2.88000e+02 0.00000e+00 1.74070e+01
 8.24000e-01 3.16770e+01 5.00000e+00 0.00000e+00 1.87439e+03 4.75158e+05
 9.60000e+02 5.20000e+02 0.00000e+00 1.83590e+01 6.83000e-01 3.06790e+01
 0.00000e+00 0.00000e+00 3.90251e+02 9.90750e+04 3.20000e+02 1.80000e+02
 0.00000e+00 2.08220e+01 8.34000e-01 1.60000e-02 2.48000e+02]
deleted_idx_col 699
query_origi 723
query_idx 277
deleted_scaled [0.33333333 0.29914429 0.04239317 0.04240646 0.09090909 0.09090909
 0.         0.1895499  0.60697674 0.35881865 0.33333333 0.110752
 0.04222708 0.04240106 0.09090909 0.09090909 0.         0.72889086
 0.85853659 0.75216228 0.25       0.         0.03129656 0.03122229
 0.05454545 0.05454545 0.         0.40489414 0.54455446 0.42538343
 0.25       0.         0.02629698 0.02604897 0.05454545 0.05454545
 0.         0.27154142 0.20843091 0.2550812 ]
deleted_not_scaled [4.00000000e+00 1.40552662e+00 1.16142500e+03 2.96599000e+05
 6.40000000e+02 3.60000000e+02 0.00000000e+00 2.24680000e+01
 8.31000000e-01 3.46260000e+01 4.00000000e+00 3.63438035e-01
 1.16252100e+03 2.97315000e+05 6.40000000e+02 3.60000000e+02
 0.00000000e+00 3.82310000e+01 9.39000000e-01 6.97450000e+01
 3.00000000e+00 0.00000000e+00 9.12927000e+02 2.31199000e+05
 5.12000000e+02 2.88000000e+02 0.00000000e+00 2.83560000e+01
 8.11000000e-01 3.85240000e+01 3.00000000e+00 0.00000000e+00
 8.38750000e+02 2.12728000e+05 5.12000000e+02 2.88000000e+02
 0.00000000e+00 2.26060000e+01 6.59000000e-01 2.41090000e+01
 8.90000000e+01]
deleted_idx_col 277
query_origi 218
query_idx 471
deleted_scaled [0.5        0.19087038 0.10821907 0.10722616 0.27272727 0.27272727
 0.         0.1911352  0.45581395 0.01565803 0.5        0.58880349
 0.10791864 0.1071784  0.27272727 0.27272727 0.         0.43983415
 0.58292683 0.05057913 0.41666667 0.0773233  0.08122481 0.08149734
 0.18181818 0.17171717 0.         0.34729172 0.52970297 0.25307245
 0.33333333 0.         0.04301826 0.04283777 0.09090909 0.09090909
 0.         0.17284586 0.42857143 0.30684018]
deleted_not_scaled [6.00000000e+00 8.96802714e-01 2.45641800e+03 6.22088000e+05
 1.28000000e+03 7.20000000e+02 0.00000000e+00 2.25420000e+01
 7.66000000e-01 1.51100000e+00 6.00000000e+00 1.93218713e+00
 2.45457200e+03 6.22541000e+05 1.28000000e+03 7.20000000e+02
 0.00000000e+00 2.84710000e+01 8.26000000e-01 4.69000000e+00
 5.00000000e+00 3.80133645e-01 1.85685000e+03 4.71640000e+05
 9.60000000e+02 5.20000000e+02 0.00000000e+00 2.62610000e+01
 8.05000000e-01 2.29190000e+01 4.00000000e+00 0.00000000e+00
 1.16781100e+03 2.97062000e+05 6.40000000e+02 3.60000000e+02
 0.00000000e+00 1.93450000e+01 7.53000000e-01 2.90010000e+01
 7.60000000e+01]
deleted_idx_col 471
query_origi 159
query_idx 35
deleted_scaled [0.5        0.         0.10749721 0.1072395  0.27272727 0.27272727
 0.         0.13894899 0.21162791 0.07843523 0.5        0.8228571
 0.10854324 0.10853598 0.27272727 0.27272727 0.         0.04113727
 0.2        0.11051916 0.5        0.         0.11019492 0.11133981
 0.27272727 0.27272727 0.         0.1308496  0.40841584 0.01450924
 0.41666667 0.         0.08592848 0.08504905 0.18181818 0.17171717
 0.         0.7475258  0.84777518 0.7975771 ]
deleted_not_scaled [6.0000000e+00 0.0000000e+00 2.4422170e+03 6.2215500e+05 1.2800000e+03
 7.2000000e+02 0.0000000e+00 2.0106000e+01 6.6100000e-01 7.5690000e+00
 6.0000000e+00 2.7002454e+00 2.4668570e+03 6.2935700e+05 1.2800000e+03
 7.2000000e+02 0.0000000e+00 1.5009000e+01 6.6900000e-01 1.0248000e+01
 6.0000000e+00 0.0000000e+00 2.4045470e+03 6.1436200e+05 1.2800000e+03
 7.2000000e+02 0.0000000e+00 1.8389000e+01 7.5600000e-01 1.3140000e+00
 5.0000000e+00 0.0000000e+00 2.0122490e+03 5.0909900e+05 9.6000000e+02
 5.2000000e+02 0.0000000e+00 3.8333000e+01 9.3200000e-01 7.5383000e+01
 2.3800000e+02]
deleted_idx_col 35
query_origi 737
query_idx 776
deleted_scaled [0.33333333 0.         0.04289426 0.04244131 0.09090909 0.09090909
 0.         0.48019452 0.98837209 0.66275648 0.33333333 0.
 0.04260438 0.04231303 0.09090909 0.09090909 0.         0.75761884
 0.98780488 0.5705843  0.41666667 0.         0.08116086 0.08148166
 0.18181818 0.17171717 0.         0.72205114 1.         0.766483
 0.41666667 0.         0.07852075 0.07826417 0.18181818 0.17171717
 0.         0.72325293 0.61124122 0.54498228]
deleted_not_scaled [4.000000e+00 0.000000e+00 1.171283e+03 2.967740e+05 6.400000e+02
 3.600000e+02 0.000000e+00 3.603500e+01 9.950000e-01 6.395600e+01
 4.000000e+00 0.000000e+00 1.169942e+03 2.968730e+05 6.400000e+02
 3.600000e+02 0.000000e+00 3.920100e+01 9.920000e-01 5.290800e+01
 5.000000e+00 0.000000e+00 1.855641e+03 4.715650e+05 9.600000e+02
 5.200000e+02 0.000000e+00 3.989100e+01 9.950000e-01 6.941500e+01
 5.000000e+00 0.000000e+00 1.866471e+03 4.750170e+05 9.600000e+02
 5.200000e+02 0.000000e+00 3.753100e+01 8.310000e-01 5.150900e+01
 1.000000e+00]
deleted_idx_col 776
query_origi 230
query_idx 196
deleted_scaled [0.58333333 0.23183095 0.1398482  0.13968091 0.27272727 0.27272727
 0.         0.2766983  0.60465116 0.19777202 0.58333333 0.16843342
 0.14297072 0.14310105 0.27272727 0.27272727 0.         0.1239153
 0.3902439  0.10439359 0.5        0.         0.11147079 0.11275539
 0.27272727 0.27272727 0.         0.22952983 0.61386139 0.23872884
 0.41666667 0.         0.07686296 0.07615497 0.18181818 0.17171717
 0.         0.22847371 0.39812646 0.26797863]
deleted_not_scaled [7.00000000e+00 1.08925556e+00 3.07865800e+03 7.85058000e+05
 1.28000000e+03 7.20000000e+02 0.00000000e+00 2.65360000e+01
 8.30000000e-01 1.90850000e+01 7.00000000e+00 5.52722419e-01
 3.14399200e+03 8.02897000e+05 1.28000000e+03 7.20000000e+02
 0.00000000e+00 1.78040000e+01 7.47000000e-01 9.68000000e+00
 6.00000000e+00 0.00000000e+00 2.42866800e+03 6.21132000e+05
 1.28000000e+03 7.20000000e+02 0.00000000e+00 2.19780000e+01
 8.39000000e-01 2.16200000e+01 5.00000000e+00 0.00000000e+00
 1.83384700e+03 4.64422000e+05 9.60000000e+02 5.20000000e+02
 0.00000000e+00 2.11830000e+01 7.40000000e-01 2.53280000e+01
 2.84000000e+02]
deleted_idx_col 196
query_origi 778
query_idx 731
deleted_scaled [0.5        0.         0.10733089 0.10719489 0.27272727 0.27272727
 0.         0.11624071 0.69767442 0.00679793 0.41666667 0.
 0.07709887 0.07720096 0.18181818 0.17171717 0.         0.19318821
 0.68780488 0.14773634 0.33333333 0.         0.0442714  0.04481703
 0.09090909 0.09090909 0.         0.24374484 0.74257426 0.19740954
 0.5        0.         0.10854736 0.10759031 0.27272727 0.27272727
 0.         0.17314851 0.33723653 0.02886314]
deleted_not_scaled [6.000000e+00 0.000000e+00 2.438945e+03 6.219310e+05 1.280000e+03
 7.200000e+02 0.000000e+00 1.904600e+01 8.700000e-01 6.560000e-01
 5.000000e+00 0.000000e+00 1.848395e+03 4.720340e+05 9.600000e+02
 5.200000e+02 0.000000e+00 2.014300e+01 8.690000e-01 1.369900e+01
 4.000000e+00 0.000000e+00 1.158224e+03 2.962160e+05 6.400000e+02
 3.600000e+02 0.000000e+00 2.249500e+01 8.910000e-01 1.787800e+01
 6.000000e+00 0.000000e+00 2.457370e+03 6.223290e+05 1.280000e+03
 7.200000e+02 0.000000e+00 1.935500e+01 7.140000e-01 2.728000e+00
 1.710000e+02]
deleted_idx_col 731
