query_origi 8
query_idx 12
deleted_scaled [1.66666667e-01 0.00000000e+00 1.81388678e-02 1.81228457e-02
 5.45454545e-02 5.45454545e-02 0.00000000e+00 5.45834315e-01
 8.81395349e-01 5.06466321e-01 8.33333333e-02 4.45394773e-01
 8.67475709e-03 8.77252386e-03 1.81818182e-02 1.81818182e-02
 0.00000000e+00 3.05641937e-01 7.53658537e-01 0.00000000e+00
 8.33333333e-02 0.00000000e+00 1.12787805e-02 1.11681894e-02
 1.81818182e-02 1.81818182e-02 0.00000000e+00 2.25570525e-01
 7.10396040e-01 0.00000000e+00 0.00000000e+00 0.00000000e+00
 1.92873890e-03 1.82750903e-03 0.00000000e+00 0.00000000e+00
 0.00000000e+00 2.79561757e-01 7.21311475e-01 2.11606623e-05]
deleted_not_scaled [2.00000000e+00 0.00000000e+00 6.84270000e+02 1.74660000e+05
 5.12000000e+02 2.88000000e+02 0.00000000e+00 3.90990000e+01
 9.49000000e-01 4.88740000e+01 1.00000000e+00 1.46158451e+00
 5.02599000e+02 1.28477000e+05 3.84000000e+02 2.16000000e+02
 0.00000000e+00 2.39400000e+01 8.96000000e-01 0.00000000e+00
 1.00000000e+00 0.00000000e+00 5.34479000e+02 1.35290000e+05
 3.84000000e+02 2.16000000e+02 0.00000000e+00 2.18340000e+01
 8.78000000e-01 0.00000000e+00 0.00000000e+00 0.00000000e+00
 3.59203000e+02 9.10580000e+04 3.20000000e+02 1.80000000e+02
 0.00000000e+00 2.28710000e+01 8.78000000e-01 2.00000000e-03
 2.77000000e+02]
deleted_idx_col 12
query_origi 634
query_idx 96
deleted_scaled [1.         0.06823407 0.83214581 0.82673936 1.         1.
 1.         0.31262452 0.58372093 0.07807254 1.         0.16071157
 0.83067575 0.82653571 1.         1.         1.         0.36306827
 0.48292683 0.00786187 1.         0.13351528 0.86354877 0.86831774
 1.         1.         1.         0.15515535 0.34405941 0.07892848
 1.         0.         0.8283464  0.82669601 1.         1.
 1.         0.25550074 0.54098361 0.13796752]
deleted_not_scaled [1.20000000e+01 3.20597144e-01 1.66982310e+04 4.23508900e+06
 3.84000000e+03 2.16000000e+03 1.00000000e+00 2.82130000e+01
 8.21000000e-01 7.53400000e+00 1.20000000e+01 5.27382807e-01
 1.66700820e+04 4.23420100e+06 3.84000000e+03 2.16000000e+03
 1.00000000e+00 2.58790000e+01 7.85000000e-01 7.29000000e-01
 1.20000000e+01 6.56382343e-01 1.66471460e+04 4.23461800e+06
 3.84000000e+03 2.16000000e+03 1.00000000e+00 1.92730000e+01
 7.30000000e-01 7.14800000e+00 1.20000000e+01 0.00000000e+00
 1.66224250e+04 4.23456300e+06 3.84000000e+03 2.16000000e+03
 1.00000000e+00 2.20760000e+01 8.01000000e-01 1.30400000e+01
 7.70000000e+01]
deleted_idx_col 96
query_origi 424
query_idx 447
deleted_scaled [0.41666667 0.         0.07626492 0.07624986 0.18181818 0.17171717
 0.         0.05998415 0.26976744 0.00592746 0.41666667 0.
 0.07720106 0.07739535 0.18181818 0.17171717 0.         0.18311861
 0.26829268 0.01847378 0.5        0.         0.11298563 0.11293814
 0.27272727 0.27272727 0.         0.10478416 0.43811881 0.22693595
 0.58333333 0.         0.14092483 0.13986735 0.27272727 0.27272727
 0.         0.20120456 0.70257611 0.13476168]
deleted_not_scaled [5.000000e+00 0.000000e+00 1.827784e+03 4.665420e+05 9.600000e+02
 5.200000e+02 0.000000e+00 1.642000e+01 6.860000e-01 5.720000e-01
 5.000000e+00 0.000000e+00 1.850405e+03 4.730100e+05 9.600000e+02
 5.200000e+02 0.000000e+00 1.980300e+01 6.970000e-01 1.713000e+00
 6.000000e+00 0.000000e+00 2.457307e+03 6.220060e+05 1.280000e+03
 7.200000e+02 0.000000e+00 1.744100e+01 7.680000e-01 2.055200e+01
 7.000000e+00 0.000000e+00 3.094532e+03 7.844640e+05 1.280000e+03
 7.200000e+02 0.000000e+00 2.028200e+01 8.700000e-01 1.273700e+01
 1.490000e+02]
deleted_idx_col 447
query_origi 830
query_idx 565
deleted_scaled [0.25       0.         0.03174126 0.03160699 0.05454545 0.05454545
 0.         0.12817327 0.60930233 0.16746114 0.16666667 0.
 0.01596186 0.01598948 0.05454545 0.05454545 0.         0.18122316
 0.60487805 0.19491836 0.25       0.         0.02733086 0.02764635
 0.05454545 0.05454545 0.         0.17970855 0.63118812 0.1939313
 0.25       0.         0.02889511 0.02902912 0.05454545 0.05454545
 0.         0.30292667 0.67213115 0.24516743]
deleted_not_scaled [3.00000e+00 0.00000e+00 9.51870e+02 2.42370e+05 5.12000e+02 2.88000e+02
 0.00000e+00 1.96030e+01 8.32000e-01 1.61600e+01 2.00000e+00 0.00000e+00
 6.45925e+02 1.64711e+05 5.12000e+02 2.88000e+02 0.00000e+00 1.97390e+01
 8.35000e-01 1.80740e+01 3.00000e+00 0.00000e+00 8.37953e+02 2.14097e+05
 5.12000e+02 2.88000e+02 0.00000e+00 2.01660e+01 8.46000e-01 1.75630e+01
 3.00000e+00 0.00000e+00 8.89879e+02 2.27698e+05 5.12000e+02 2.88000e+02
 0.00000e+00 2.36430e+01 8.57000e-01 2.31720e+01 2.68000e+02]
deleted_idx_col 565
query_origi 194
query_idx 519
deleted_scaled [0.5        0.         0.0916337  0.09183101 0.27272727 0.27272727
 0.         0.18554382 0.67674419 0.27235233 0.5        0.
 0.10792759 0.10700392 0.27272727 0.27272727 0.         0.16700726
 0.58292683 0.20474301 0.5        0.         0.11314966 0.11335946
 0.27272727 0.27272727 0.         0.11811933 0.53712871 0.25097446
 0.5        0.         0.10757425 0.10698891 0.27272727 0.27272727
 0.         0.45143912 0.78220141 0.49192192]
deleted_not_scaled [6.000000e+00 0.000000e+00 2.130134e+03 5.447820e+05 1.280000e+03
 7.200000e+02 0.000000e+00 2.228100e+01 8.610000e-01 2.628200e+01
 6.000000e+00 0.000000e+00 2.454748e+03 6.216650e+05 1.280000e+03
 7.200000e+02 0.000000e+00 1.925900e+01 8.260000e-01 1.898500e+01
 6.000000e+00 0.000000e+00 2.460408e+03 6.240210e+05 1.280000e+03
 7.200000e+02 0.000000e+00 1.792600e+01 8.080000e-01 2.272900e+01
 6.000000e+00 0.000000e+00 2.438220e+03 6.193080e+05 1.280000e+03
 7.200000e+02 0.000000e+00 2.855000e+01 9.040000e-01 4.649400e+01
 6.000000e+01]
deleted_idx_col 519
query_origi 90
query_idx 753
deleted_scaled [0.16666667 0.         0.01814822 0.01809815 0.05454545 0.05454545
 0.         0.0458236  0.21395349 0.38260104 0.16666667 0.
 0.01781152 0.01790516 0.05454545 0.05454545 0.         0.58735377
 0.78292683 0.51133447 0.25       0.1072546  0.02864079 0.02903704
 0.05454545 0.05454545 0.         0.09747044 0.13861386 0.3198326
 0.16666667 0.         0.02132192 0.0210504  0.05454545 0.05454545
 0.         0.08849611 0.26932084 0.28936148]
deleted_not_scaled [2.00000000e+00 0.00000000e+00 6.84454000e+02 1.74536000e+05
 5.12000000e+02 2.88000000e+02 0.00000000e+00 1.57590000e+01
 6.62000000e-01 3.69210000e+01 2.00000000e+00 0.00000000e+00
 6.82305000e+02 1.74329000e+05 5.12000000e+02 2.88000000e+02
 0.00000000e+00 3.34520000e+01 9.08000000e-01 4.74140000e+01
 3.00000000e+00 5.27280643e-01 8.62718000e+02 2.20748000e+05
 5.12000000e+02 2.88000000e+02 0.00000000e+00 1.71750000e+01
 6.47000000e-01 2.89650000e+01 2.00000000e+00 0.00000000e+00
 7.40845000e+02 1.87619000e+05 5.12000000e+02 2.88000000e+02
 0.00000000e+00 1.65580000e+01 6.85000000e-01 2.73490000e+01
 1.41000000e+02]
deleted_idx_col 753
query_origi 507
query_idx 520
deleted_scaled [0.16666667 0.         0.01820551 0.01812125 0.05454545 0.05454545
 0.         0.14927483 0.26976744 0.27471503 0.25       0.
 0.02923576 0.02927215 0.05454545 0.05454545 0.         0.04309196
 0.23170732 0.40155943 0.25       0.         0.02695838 0.02727019
 0.05454545 0.05454545 0.         0.13112455 0.43069307 0.19242958
 0.25       0.         0.03242193 0.03201545 0.05454545 0.05454545
 0.         0.68790291 0.82669789 0.58768449]
deleted_not_scaled [2.00000e+00 0.00000e+00 6.85581e+02 1.74652e+05 5.12000e+02 2.88000e+02
 0.00000e+00 2.05880e+01 6.86000e-01 2.65100e+01 3.00000e+00 0.00000e+00
 9.07002e+02 2.31399e+05 5.12000e+02 2.88000e+02 0.00000e+00 1.50750e+01
 6.82000e-01 3.72350e+01 3.00000e+00 0.00000e+00 8.30911e+02 2.12298e+05
 5.12000e+02 2.88000e+02 0.00000e+00 1.83990e+01 7.65000e-01 1.74270e+01
 3.00000e+00 0.00000e+00 9.59284e+02 2.42699e+05 5.12000e+02 2.88000e+02
 0.00000e+00 3.63630e+01 9.23000e-01 5.55450e+01 2.38000e+02]
deleted_idx_col 520
query_origi 939
query_idx 965
deleted_scaled [0.58333333 0.         0.1406007  0.13966259 0.27272727 0.27272727
 0.         0.19259196 0.4627907  0.22415544 0.58333333 0.
 0.13998004 0.139341   0.27272727 0.27272727 0.         0.6931734
 0.86585366 0.76803701 0.58333333 0.         0.14599449 0.14685337
 0.27272727 0.27272727 0.         0.17629915 0.4950495  0.31979948
 0.58333333 0.         0.1399728  0.13976383 0.27272727 0.27272727
 0.         0.20417058 0.46604215 0.33129133]
deleted_not_scaled [7.000000e+00 0.000000e+00 3.093462e+03 7.849660e+05 1.280000e+03
 7.200000e+02 0.000000e+00 2.261000e+01 7.690000e-01 2.163100e+01
 7.000000e+00 0.000000e+00 3.085170e+03 7.840190e+05 1.280000e+03
 7.200000e+02 0.000000e+00 3.702500e+01 9.420000e-01 7.121700e+01
 7.000000e+00 0.000000e+00 3.081359e+03 7.842060e+05 1.280000e+03
 7.200000e+02 0.000000e+00 2.004200e+01 7.910000e-01 2.896200e+01
 7.000000e+00 0.000000e+00 3.075797e+03 7.839440e+05 1.280000e+03
 7.200000e+02 0.000000e+00 2.038000e+01 7.690000e-01 3.131200e+01
 8.500000e+01]
deleted_idx_col 965
query_origi 707
query_idx 787
deleted_scaled [0.41666667 0.         0.07723066 0.07739953 0.18181818 0.17171717
 0.         0.55843099 0.88139535 0.85380311 0.5        0.
 0.1079645  0.10704057 0.27272727 0.27272727 0.         0.45262846
 0.56829268 0.42710782 0.5        0.         0.11274983 0.11295863
 0.27272727 0.27272727 0.         0.22680781 0.11138614 0.36018021
 0.5        0.         0.10809861 0.10751068 0.27272727 0.27272727
 0.         0.24953845 0.15456674 0.32557795]
deleted_not_scaled [5.000000e+00 0.000000e+00 1.846783e+03 4.723150e+05 9.600000e+02
 5.200000e+02 0.000000e+00 3.968700e+01 9.490000e-01 8.239200e+01
 6.000000e+00 0.000000e+00 2.455474e+03 6.218490e+05 1.280000e+03
 7.200000e+02 0.000000e+00 2.890300e+01 8.200000e-01 3.960400e+01
 6.000000e+00 0.000000e+00 2.452849e+03 6.221040e+05 1.280000e+03
 7.200000e+02 0.000000e+00 2.187900e+01 6.360000e-01 3.261900e+01
 6.000000e+00 0.000000e+00 2.448539e+03 6.219290e+05 1.280000e+03
 7.200000e+02 0.000000e+00 2.187900e+01 6.360000e-01 3.077200e+01
 9.000000e+01]
deleted_idx_col 787
query_origi 731
query_idx 630
deleted_scaled [1.         0.         0.8275702  0.82674055 1.         1.
 1.         0.27228518 0.58372093 0.22115026 1.         0.
 0.90362401 0.90408065 1.         1.         1.         0.12287872
 0.36097561 0.11227703 1.         0.         0.85407914 0.86353009
 1.         1.         1.         0.22760517 0.58415842 0.0165741
 1.         0.         0.75991337 0.75383712 1.         1.
 1.         0.2296238  0.36065574 0.06032905]
deleted_not_scaled [1.2000000e+01 0.0000000e+00 1.6608215e+04 4.2350950e+06 3.8400000e+03
 2.1600000e+03 1.0000000e+00 2.6330000e+01 8.2100000e-01 2.1341000e+01
 1.2000000e+01 0.0000000e+00 1.8104861e+04 4.6235290e+06 3.8400000e+03
 2.1600000e+03 1.0000000e+00 1.7769000e+01 7.3500000e-01 1.0411000e+01
 1.2000000e+01 0.0000000e+00 1.6468117e+04 4.2117210e+06 3.8400000e+03
 2.1600000e+03 1.0000000e+00 2.1908000e+01 8.2700000e-01 1.5010000e+00
 1.2000000e+01 0.0000000e+00 1.5275719e+04 3.8685760e+06 3.8400000e+03
 2.1600000e+03 1.0000000e+00 2.1221000e+01 7.2400000e-01 5.7020000e+00
 2.8400000e+02]
deleted_idx_col 630
query_origi 731
query_idx 775
deleted_scaled [0.25       0.         0.02576206 0.02551772 0.05454545 0.05454545
 0.         0.24842006 0.73953488 0.12557513 0.33333333 0.
 0.04256803 0.0423933  0.09090909 0.09090909 0.         0.3805716
 0.76585366 0.25173091 0.33333333 0.         0.04485181 0.04512879
 0.09090909 0.09090909 0.         0.21710201 0.67574257 0.23368263
 0.33333333 0.         0.04284411 0.0428091  0.09090909 0.09090909
 0.         0.16385703 0.70725995 0.1507803 ]
deleted_not_scaled [3.000000e+00 0.000000e+00 8.342410e+02 2.117930e+05 5.120000e+02
 2.880000e+02 0.000000e+00 2.521600e+01 8.880000e-01 1.211800e+01
 4.000000e+00 0.000000e+00 1.169227e+03 2.972760e+05 6.400000e+02
 3.600000e+02 0.000000e+00 2.647000e+01 9.010000e-01 2.334200e+01
 4.000000e+00 0.000000e+00 1.169197e+03 2.977070e+05 6.400000e+02
 3.600000e+02 0.000000e+00 2.152600e+01 8.640000e-01 2.116300e+01
 4.000000e+00 0.000000e+00 1.164384e+03 2.969180e+05 6.400000e+02
 3.600000e+02 0.000000e+00 1.904800e+01 8.720000e-01 1.425100e+01
 1.680000e+02]
deleted_idx_col 775
query_origi 460
query_idx 453
deleted_scaled [0.83333333 0.         0.39492166 0.39350092 0.63636364 0.63636364
 0.         0.11195613 0.13023256 0.08712953 0.83333333 0.
 0.39419289 0.39342451 0.63636364 0.63636364 0.         0.18756108
 0.13902439 0.0932101  0.83333333 0.         0.42442844 0.42806395
 0.63636364 0.63636364 0.         0.03720099 0.16831683 0.12165012
 0.83333333 0.         0.3793997  0.37980216 0.63636364 0.63636364
 0.         0.14524379 0.41686183 0.01921388]
deleted_not_scaled [1.000000e+01 0.000000e+00 8.096719e+03 2.059603e+06 2.560000e+03
 1.440000e+03 0.000000e+00 1.884600e+01 6.260000e-01 8.408000e+00
 1.000000e+01 0.000000e+00 8.085142e+03 2.059690e+06 2.560000e+03
 1.440000e+03 0.000000e+00 1.995300e+01 6.440000e-01 8.643000e+00
 1.000000e+01 0.000000e+00 8.345317e+03 2.129099e+06 2.560000e+03
 1.440000e+03 0.000000e+00 1.498300e+01 6.590000e-01 1.101700e+01
 1.000000e+01 0.000000e+00 7.787522e+03 1.989712e+06 2.560000e+03
 1.440000e+03 0.000000e+00 1.843300e+01 7.480000e-01 1.816000e+00
 2.370000e+02]
deleted_idx_col 453
query_origi 472
query_idx 283
deleted_scaled [1.66666667e-01 5.51426342e-01 1.89933382e-02 1.87330278e-02
 5.45454545e-02 5.45454545e-02 0.00000000e+00 2.71214036e-02
 4.16279070e-01 2.91398964e-01 8.33333333e-02 3.63596874e-01
 6.90700186e-03 6.85087028e-03 1.81818182e-02 1.81818182e-02
 0.00000000e+00 1.08958981e-01 3.63414634e-01 7.41970968e-03
 0.00000000e+00 1.90908032e-01 2.32507951e-03 2.30443750e-03
 0.00000000e+00 0.00000000e+00 0.00000000e+00 3.11190542e-01
 5.04950495e-01 3.42303148e-04 0.00000000e+00 0.00000000e+00
 2.17686916e-03 2.16454310e-03 0.00000000e+00 0.00000000e+00
 0.00000000e+00 2.05169335e-01 3.37236534e-01 9.41649474e-04]
deleted_not_scaled [2.00000000e+00 2.59087150e+00 7.01080000e+02 1.77724000e+05
 5.12000000e+02 2.88000000e+02 0.00000000e+00 1.48860000e+01
 7.49000000e-01 2.81200000e+01 1.00000000e+00 1.19316074e+00
 4.67830000e+02 1.18829000e+05 3.84000000e+02 2.16000000e+02
 0.00000000e+00 1.72990000e+01 7.36000000e-01 6.88000000e-01
 0.00000000e+00 9.38534199e-01 3.65204000e+02 9.28990000e+04
 3.20000000e+02 1.80000000e+02 0.00000000e+00 2.49480000e+01
 7.95000000e-01 3.10000000e-02 0.00000000e+00 0.00000000e+00
 3.64086000e+02 9.27510000e+04 3.20000000e+02 1.80000000e+02
 0.00000000e+00 2.04130000e+01 7.14000000e-01 8.90000000e-02
 1.07000000e+02]
deleted_idx_col 283
query_origi 10
query_idx 25
deleted_scaled [0.         0.31220851 0.00177802 0.00159934 0.         0.
 0.         0.74395338 0.99302326 0.67647668 0.         0.44810769
 0.00178519 0.00170873 0.         0.         0.         0.53955279
 0.98780488 0.15846688 0.         0.29684603 0.00241627 0.00234814
 0.         0.         0.         0.63717349 0.98762376 0.40337665
 0.         0.         0.00223399 0.00217609 0.         0.
 0.         0.58739142 0.97189696 0.1361477 ]
deleted_not_scaled [0.00000000e+00 1.46690878e+00 3.62403000e+02 9.16880000e+04
 3.20000000e+02 1.80000000e+02 0.00000000e+00 4.83470000e+01
 9.97000000e-01 6.52800000e+01 0.00000000e+00 1.47048706e+00
 3.67092000e+02 9.30120000e+04 3.20000000e+02 1.80000000e+02
 0.00000000e+00 3.18380000e+01 9.92000000e-01 1.46940000e+01
 0.00000000e+00 1.45934220e+00 3.66928000e+02 9.31080000e+04
 3.20000000e+02 1.80000000e+02 0.00000000e+00 3.68040000e+01
 9.90000000e-01 3.65310000e+01 0.00000000e+00 0.00000000e+00
 3.65210000e+02 9.28090000e+04 3.20000000e+02 1.80000000e+02
 0.00000000e+00 3.30420000e+01 9.85000000e-01 1.28680000e+01
 0.00000000e+00]
deleted_idx_col 25
query_origi 71
query_idx 114
deleted_scaled [0.33333333 0.61916709 0.04142316 0.04152126 0.09090909 0.09090909
 0.         0.42085306 0.78139535 0.61329534 0.33333333 0.43206846
 0.04270902 0.04230028 0.09090909 0.09090909 0.         0.14941507
 0.43414634 0.24284451 0.25       0.         0.02932112 0.02931326
 0.05454545 0.05454545 0.         0.71176794 0.92574257 0.63295165
 0.16666667 0.         0.01856338 0.01841604 0.05454545 0.05454545
 0.         0.26521594 0.75644028 0.19231868]
deleted_not_scaled [4.00000000e+00 2.90915077e+00 1.14234200e+03 2.92154000e+05
 6.40000000e+02 3.60000000e+02 0.00000000e+00 3.32650000e+01
 9.06000000e-01 5.91830000e+01 4.00000000e+00 1.41785357e+00
 1.17200000e+03 2.96809000e+05 6.40000000e+02 3.60000000e+02
 0.00000000e+00 1.86650000e+01 7.65000000e-01 2.25180000e+01
 3.00000000e+00 0.00000000e+00 8.75580000e+02 2.22069000e+05
 5.12000000e+02 2.88000000e+02 0.00000000e+00 3.95170000e+01
 9.65000000e-01 5.73220000e+01 2.00000000e+00 0.00000000e+00
 6.86559000e+02 1.74386000e+05 5.12000000e+02 2.88000000e+02
 0.00000000e+00 2.23970000e+01 8.93000000e-01 1.81770000e+01
 1.88000000e+02]
deleted_idx_col 114
query_origi 215
query_idx 215
deleted_scaled [0.         0.26687991 0.00185371 0.00184648 0.         0.
 0.         0.05499261 0.51162791 0.         0.         0.38049263
 0.00169795 0.00179498 0.         0.         0.         0.62093884
 0.9097561  0.10690637 0.         0.25961798 0.00249302 0.00238661
 0.         0.         0.         0.53112455 0.90346535 0.12577984
 0.         0.         0.00252678 0.00243071 0.         0.
 0.         0.50609848 0.81967213 0.08730889]
deleted_not_scaled [0.00000000e+00 1.25393275e+00 3.63892000e+02 9.29290000e+04
 3.20000000e+02 1.80000000e+02 0.00000000e+00 1.61870000e+01
 7.90000000e-01 0.00000000e+00 0.00000000e+00 1.24860500e+00
 3.65376000e+02 9.34450000e+04 3.20000000e+02 1.80000000e+02
 0.00000000e+00 3.45860000e+01 9.60000000e-01 9.91300000e+00
 0.00000000e+00 1.27632323e+00 3.68379000e+02 9.32920000e+04
 3.20000000e+02 1.80000000e+02 0.00000000e+00 3.29470000e+01
 9.56000000e-01 1.13910000e+01 0.00000000e+00 0.00000000e+00
 3.70972000e+02 9.40880000e+04 3.20000000e+02 1.80000000e+02
 0.00000000e+00 3.03560000e+01 9.20000000e-01 8.25200000e+00
 2.90000000e+01]
deleted_idx_col 215
query_origi 632
query_idx 194
deleted_scaled [0.00000000e+00 8.47904596e-01 3.76134747e-03 3.58521798e-03
 0.00000000e+00 0.00000000e+00 0.00000000e+00 3.15966495e-01
 7.23255814e-01 2.38341969e-02 0.00000000e+00 0.00000000e+00
 4.69787981e-05 0.00000000e+00 0.00000000e+00 0.00000000e+00
 0.00000000e+00 4.52509996e-01 7.07317073e-01 3.30004529e-03
 0.00000000e+00 0.00000000e+00 2.43652803e-03 2.38765736e-03
 0.00000000e+00 0.00000000e+00 0.00000000e+00 2.67885620e-01
 4.87623762e-01 0.00000000e+00 0.00000000e+00 0.00000000e+00
 2.20715497e-03 2.16752923e-03 0.00000000e+00 0.00000000e+00
 0.00000000e+00 4.00593202e-01 7.16627635e-01 5.34306724e-03]
deleted_not_scaled [0.0000000e+00 3.9838718e+00 4.0142100e+02 1.0166000e+05 3.2000000e+02
 1.8000000e+02 0.0000000e+00 2.8369000e+01 8.8100000e-01 2.3000000e+00
 0.0000000e+00 0.0000000e+00 3.3290400e+02 8.4433000e+04 3.2000000e+02
 1.8000000e+02 0.0000000e+00 2.8899000e+01 8.7700000e-01 3.0600000e-01
 0.0000000e+00 0.0000000e+00 3.6731100e+02 9.3297000e+04 3.2000000e+02
 1.8000000e+02 0.0000000e+00 2.3373000e+01 7.8800000e-01 0.0000000e+00
 0.0000000e+00 0.0000000e+00 3.6468200e+02 9.2766000e+04 3.2000000e+02
 1.8000000e+02 0.0000000e+00 2.6870000e+01 8.7600000e-01 5.0500000e-01
 1.5900000e+02]
deleted_idx_col 194
query_origi 596
query_idx 312
deleted_scaled [0.33333333 0.         0.04247389 0.04237141 0.09090909 0.09090909
 0.         0.14618994 0.47674419 0.29516062 0.33333333 0.83156016
 0.04217135 0.04225845 0.09090909 0.09090909 0.         0.2620465
 0.59512195 0.37342277 0.33333333 0.11874465 0.04449869 0.04504683
 0.09090909 0.09090909 0.         0.67640913 0.86138614 0.77012687
 0.25       0.         0.03006629 0.02972609 0.05454545 0.05454545
 0.         0.44556763 0.56440281 0.40759668]
deleted_not_scaled [4.00000000e+00 0.00000000e+00 1.16301300e+03 2.96423000e+05
 6.40000000e+02 3.60000000e+02 0.00000000e+00 2.04440000e+01
 7.75000000e-01 2.84830000e+01 4.00000000e+00 2.72880492e+00
 1.16142500e+03 2.96599000e+05 6.40000000e+02 3.60000000e+02
 0.00000000e+00 2.24680000e+01 8.31000000e-01 3.46260000e+01
 4.00000000e+00 5.83767579e-01 1.16252100e+03 2.97315000e+05
 6.40000000e+02 3.60000000e+02 0.00000000e+00 3.82310000e+01
 9.39000000e-01 6.97450000e+01 3.00000000e+00 0.00000000e+00
 9.12927000e+02 2.31199000e+05 5.12000000e+02 2.88000000e+02
 0.00000000e+00 2.83560000e+01 8.11000000e-01 3.85240000e+01
 8.80000000e+01]
deleted_idx_col 312
query_origi 566
query_idx 350
deleted_scaled [0.25       0.         0.02746129 0.02740223 0.05454545 0.05454545
 0.         0.16534202 0.52093023 0.24010363 0.16666667 0.17320701
 0.01772199 0.0177986  0.05454545 0.05454545 0.         0.25855175
 0.48536585 0.28492548 0.16666667 0.69222732 0.01917787 0.01944752
 0.05454545 0.05454545 0.         0.59265878 0.76485149 0.48710842
 0.08333333 0.         0.01187702 0.01167973 0.01818182 0.01818182
 0.         0.44429648 0.72599532 0.03708406]
deleted_not_scaled [3.00000000e+00 0.00000000e+00 8.67670000e+02 2.21256000e+05
 5.12000000e+02 2.88000000e+02 0.00000000e+00 2.13380000e+01
 7.94000000e-01 2.31700000e+01 2.00000000e+00 5.68387196e-01
 6.80544000e+02 1.73794000e+05 5.12000000e+02 2.88000000e+02
 0.00000000e+00 2.23500000e+01 7.86000000e-01 2.64200000e+01
 2.00000000e+00 3.40309944e+00 6.83816000e+02 1.74886000e+05
 5.12000000e+02 2.88000000e+02 0.00000000e+00 3.51850000e+01
 9.00000000e-01 4.41140000e+01 1.00000000e+00 0.00000000e+00
 5.54977000e+02 1.40548000e+05 3.84000000e+02 2.16000000e+02
 0.00000000e+00 2.83140000e+01 8.80000000e-01 3.50500000e+00
 1.56000000e+02]
deleted_idx_col 350
query_origi 444
query_idx 228
deleted_scaled [8.33333333e-02 0.00000000e+00 9.03588537e-03 8.91913335e-03
 1.81818182e-02 1.81818182e-02 0.00000000e+00 2.29567900e-01
 7.02325581e-01 3.82383420e-03 8.33333333e-02 7.94770513e-01
 6.32225818e-03 6.33719443e-03 1.81818182e-02 1.81818182e-02
 0.00000000e+00 1.79446172e-01 5.41463415e-01 0.00000000e+00
 0.00000000e+00 0.00000000e+00 4.04964881e-03 4.10098291e-03
 0.00000000e+00 0.00000000e+00 0.00000000e+00 1.56310146e-01
 4.08415842e-01 3.87575500e-03 0.00000000e+00 0.00000000e+00
 3.13885030e-04 3.54154527e-04 0.00000000e+00 0.00000000e+00
 0.00000000e+00 1.68911353e-01 3.79391101e-01 0.00000000e+00]
deleted_not_scaled [1.00000000e+00 0.00000000e+00 5.05187000e+02 1.28444000e+05
 3.84000000e+02 2.16000000e+02 0.00000000e+00 2.43360000e+01
 8.72000000e-01 3.69000000e-01 1.00000000e+00 2.60807791e+00
 4.56329000e+02 1.16250000e+05 3.84000000e+02 2.16000000e+02
 0.00000000e+00 1.96790000e+01 8.09000000e-01 0.00000000e+00
 0.00000000e+00 0.00000000e+00 3.97808000e+02 1.01491000e+05
 3.20000000e+02 1.80000000e+02 0.00000000e+00 1.93150000e+01
 7.56000000e-01 3.51000000e-01 0.00000000e+00 0.00000000e+00
 3.27424000e+02 8.36570000e+04 3.20000000e+02 1.80000000e+02
 0.00000000e+00 1.92150000e+01 7.32000000e-01 0.00000000e+00
 2.52000000e+02]
deleted_idx_col 228
query_origi 611
query_idx 8
deleted_scaled [0.25       0.         0.02766461 0.02758366 0.05454545 0.05454545
 0.         0.18068082 0.62790698 0.19866321 0.         0.
 0.00172296 0.00178362 0.         0.         0.         0.70768547
 0.86585366 0.0807217  0.         0.55669382 0.00234714 0.00242216
 0.         0.         0.         0.28504262 0.75990099 0.
 0.         0.         0.00285032 0.00271459 0.         0.
 0.         0.24950819 0.72833724 0.        ]
deleted_not_scaled [3.00000000e+00 0.00000000e+00 8.71670000e+02 2.22167000e+05
 5.12000000e+02 2.88000000e+02 0.00000000e+00 2.20540000e+01
 8.40000000e-01 1.91710000e+01 0.00000000e+00 0.00000000e+00
 3.65868000e+02 9.33880000e+04 3.20000000e+02 1.80000000e+02
 0.00000000e+00 3.75150000e+01 9.42000000e-01 7.48500000e+00
 0.00000000e+00 2.73679522e+00 3.65621000e+02 9.34620000e+04
 3.20000000e+02 1.80000000e+02 0.00000000e+00 2.39970000e+01
 8.98000000e-01 0.00000000e+00 0.00000000e+00 0.00000000e+00
 3.77339000e+02 9.55140000e+04 3.20000000e+02 1.80000000e+02
 0.00000000e+00 2.18780000e+01 8.81000000e-01 0.00000000e+00
 2.76000000e+02]
deleted_idx_col 8
query_origi 885
query_idx 167
deleted_scaled [0.41666667 0.06337857 0.07725928 0.0773822  0.18181818 0.17171717
 0.         0.21819233 0.73255814 0.18036269 0.41666667 0.90235882
 0.07788922 0.07715634 0.18181818 0.17171717 0.         0.24045609
 0.68292683 0.17633673 0.33333333 0.         0.04324652 0.04324506
 0.09090909 0.09090909 0.         0.2537256  0.68564356 0.16940693
 0.25       0.         0.02783083 0.02761629 0.05454545 0.05454545
 0.         0.59698556 0.90163934 0.48559488]
deleted_not_scaled [5.00000000e+00 2.97783617e-01 1.84734600e+03 4.72228000e+05
 9.60000000e+02 5.20000000e+02 0.00000000e+00 2.38050000e+01
 8.85000000e-01 1.74050000e+01 5.00000000e+00 2.96113414e+00
 1.86394000e+03 4.71810000e+05 9.60000000e+02 5.20000000e+02
 0.00000000e+00 2.17390000e+01 8.67000000e-01 1.63510000e+01
 4.00000000e+00 0.00000000e+00 1.13884800e+03 2.88698000e+05
 6.40000000e+02 3.60000000e+02 0.00000000e+00 2.28580000e+01
 8.68000000e-01 1.53420000e+01 3.00000000e+00 0.00000000e+00
 8.68935000e+02 2.20601000e+05 5.12000000e+02 2.88000000e+02
 0.00000000e+00 3.33590000e+01 9.55000000e-01 4.58960000e+01
 2.78000000e+02]
deleted_idx_col 167
query_origi 22
query_idx 921
deleted_scaled [0.         0.         0.00183338 0.00182617 0.         0.
 0.         0.19002121 0.60465116 0.         0.         0.
 0.00171844 0.00181549 0.         0.         0.         0.60657486
 0.78292683 0.05217523 0.16666667 0.         0.02004016 0.01995332
 0.05454545 0.05454545 0.         0.40371185 0.54207921 0.42040348
 0.08333333 0.         0.00786085 0.00773068 0.01818182 0.01818182
 0.         0.28119609 0.22716628 0.        ]
deleted_not_scaled [0.00000e+00 0.00000e+00 3.63492e+02 9.28270e+04 3.20000e+02 1.80000e+02
 0.00000e+00 2.24900e+01 8.30000e-01 0.00000e+00 0.00000e+00 0.00000e+00
 3.65779e+02 9.35480e+04 3.20000e+02 1.80000e+02 0.00000e+00 3.41010e+01
 9.08000e-01 4.83800e+00 2.00000e+00 0.00000e+00 7.00118e+02 1.77305e+05
 5.12000e+02 2.88000e+02 0.00000e+00 2.83130e+01 8.10000e-01 3.80730e+01
 1.00000e+00 0.00000e+00 4.75942e+02 1.20711e+05 3.84000e+02 2.16000e+02
 0.00000e+00 2.29250e+01 6.67000e-01 0.00000e+00 8.90000e+01]
deleted_idx_col 921
query_origi 274
query_idx 204
deleted_scaled [0.00000000e+00 0.00000000e+00 1.83556115e-03 1.79211113e-03
 0.00000000e+00 0.00000000e+00 0.00000000e+00 1.49274835e-01
 5.00000000e-01 1.65803109e-04 0.00000000e+00 5.95621835e-01
 1.60216005e-03 1.67188642e-03 0.00000000e+00 0.00000000e+00
 0.00000000e+00 2.62698060e-01 5.92682927e-01 0.00000000e+00
 3.33333333e-01 0.00000000e+00 4.44986906e-02 4.50468289e-02
 9.09090909e-02 9.09090909e-02 0.00000000e+00 6.76409128e-01
 8.61386139e-01 7.70126873e-01 0.00000000e+00 0.00000000e+00
 3.05094013e-03 2.92301907e-03 0.00000000e+00 0.00000000e+00
 0.00000000e+00 4.16724675e-01 5.24590164e-01 6.66560863e-03]
deleted_not_scaled [0.00000000e+00 0.00000000e+00 3.63535000e+02 9.26560000e+04
 3.20000000e+02 1.80000000e+02 0.00000000e+00 2.05880000e+01
 7.85000000e-01 1.60000000e-02 0.00000000e+00 1.95456188e+00
 3.63492000e+02 9.28270000e+04 3.20000000e+02 1.80000000e+02
 0.00000000e+00 2.24900000e+01 8.30000000e-01 0.00000000e+00
 4.00000000e+00 0.00000000e+00 1.16252100e+03 2.97315000e+05
 6.40000000e+02 3.60000000e+02 0.00000000e+00 3.82310000e+01
 9.39000000e-01 6.97450000e+01 0.00000000e+00 0.00000000e+00
 3.81287000e+02 9.65610000e+04 3.20000000e+02 1.80000000e+02
 0.00000000e+00 2.74030000e+01 7.94000000e-01 6.30000000e-01
 8.80000000e+01]
deleted_idx_col 204
query_origi 640
query_idx 183
deleted_scaled [2.50000000e-01 0.00000000e+00 3.24233164e-02 3.24075586e-02
 5.45454545e-02 5.45454545e-02 0.00000000e+00 1.76267701e-01
 6.16279070e-01 4.41378238e-01 1.66666667e-01 9.04023116e-01
 1.51458323e-02 1.52527269e-02 5.45454545e-02 5.45454545e-02
 0.00000000e+00 1.47519621e-01 6.60975610e-01 3.27502534e-01
 3.33333333e-01 1.64101163e-01 4.72354473e-02 4.71471896e-02
 9.09090909e-02 9.09090909e-02 0.00000000e+00 3.57437448e-04
 4.05940594e-01 5.70608306e-01 0.00000000e+00 0.00000000e+00
 2.89112656e-03 2.78326838e-03 0.00000000e+00 0.00000000e+00
 0.00000000e+00 2.28503980e-02 4.70725995e-01 1.68692800e-01]
deleted_not_scaled [3.00000000e+00 0.00000000e+00 9.65288000e+02 2.46390000e+05
 5.12000000e+02 2.88000000e+02 0.00000000e+00 2.18480000e+01
 8.35000000e-01 4.25930000e+01 2.00000000e+00 2.96659561e+00
 6.29875000e+02 1.61012000e+05 5.12000000e+02 2.88000000e+02
 0.00000000e+00 1.86010000e+01 8.58000000e-01 3.03680000e+01
 4.00000000e+00 8.06747378e-01 1.21426100e+03 3.07360000e+05
 6.40000000e+02 3.60000000e+02 0.00000000e+00 1.36430000e+01
 7.55000000e-01 5.16760000e+01 0.00000000e+00 0.00000000e+00
 3.78142000e+02 9.58590000e+04 3.20000000e+02 1.80000000e+02
 0.00000000e+00 1.43890000e+01 7.71000000e-01 1.59440000e+01
 2.32000000e+02]
deleted_idx_col 183
query_origi 541
query_idx 161
deleted_scaled [0.00000000e+00 1.24079626e-01 2.13414292e-03 1.97074472e-03
 0.00000000e+00 0.00000000e+00 0.00000000e+00 1.31429551e-01
 3.86046512e-01 3.10880829e-05 0.00000000e+00 1.16566637e-01
 1.98648119e-03 1.92703134e-03 0.00000000e+00 0.00000000e+00
 0.00000000e+00 2.29172220e-01 5.26829268e-01 0.00000000e+00
 0.00000000e+00 1.88322540e-01 2.51460018e-03 2.46606804e-03
 0.00000000e+00 0.00000000e+00 0.00000000e+00 3.91751443e-01
 7.57425743e-01 1.74464185e-03 0.00000000e+00 0.00000000e+00
 1.92284435e-03 1.88424542e-03 0.00000000e+00 0.00000000e+00
 0.00000000e+00 4.97957084e-01 7.68149883e-01 5.47003121e-03]
deleted_not_scaled [0.00000000e+00 5.82986960e-01 3.69409000e+02 9.35530000e+04
 3.20000000e+02 1.80000000e+02 0.00000000e+00 1.97550000e+01
 7.36000000e-01 3.00000000e-03 0.00000000e+00 3.82519061e-01
 3.71051000e+02 9.41080000e+04 3.20000000e+02 1.80000000e+02
 0.00000000e+00 2.13580000e+01 8.03000000e-01 0.00000000e+00
 0.00000000e+00 9.25823513e-01 3.68787000e+02 9.36720000e+04
 3.20000000e+02 1.80000000e+02 0.00000000e+00 2.78780000e+01
 8.97000000e-01 1.58000000e-01 0.00000000e+00 0.00000000e+00
 3.59087000e+02 9.13430000e+04 3.20000000e+02 1.80000000e+02
 0.00000000e+00 3.00870000e+01 8.98000000e-01 5.17000000e-01
 1.74000000e+02]
deleted_idx_col 161
query_origi 693
query_idx 912
deleted_scaled [8.33333333e-02 8.80775096e-02 9.11004792e-03 8.87950338e-03
 1.81818182e-02 1.81818182e-02 0.00000000e+00 8.55416783e-02
 5.00000000e-01 4.14507772e-05 8.33333333e-02 7.19024832e-01
 8.83160729e-03 8.71555942e-03 1.81818182e-02 1.81818182e-02
 0.00000000e+00 2.00296165e-01 7.14634146e-01 0.00000000e+00
 8.33333333e-02 0.00000000e+00 1.11735735e-02 1.11464435e-02
 1.81818182e-02 1.81818182e-02 0.00000000e+00 6.61259280e-02
 4.13366337e-01 6.62522222e-05 0.00000000e+00 0.00000000e+00
 1.25472708e-03 1.20977912e-03 0.00000000e+00 0.00000000e+00
 0.00000000e+00 5.84879392e-01 7.98594848e-01 4.06284717e-03]
deleted_not_scaled [1.00000000e+00 4.13831353e-01 5.06646000e+02 1.28245000e+05
 3.84000000e+02 2.16000000e+02 0.00000000e+00 1.76130000e+01
 7.85000000e-01 4.00000000e-03 1.00000000e+00 2.35951479e+00
 5.05684000e+02 1.28191000e+05 3.84000000e+02 2.16000000e+02
 0.00000000e+00 2.03830000e+01 8.80000000e-01 0.00000000e+00
 1.00000000e+00 0.00000000e+00 5.32490000e+02 1.35186000e+05
 3.84000000e+02 2.16000000e+02 0.00000000e+00 1.60350000e+01
 7.58000000e-01 6.00000000e-03 0.00000000e+00 0.00000000e+00
 3.45939000e+02 8.79550000e+04 3.20000000e+02 1.80000000e+02
 0.00000000e+00 3.29590000e+01 9.11000000e-01 3.84000000e-01
 1.51000000e+02]
deleted_idx_col 912
query_origi 179
query_idx 794
deleted_scaled [0.         0.         0.00221359 0.00207729 0.         0.
 0.         0.35853382 0.81395349 0.08551295 0.         0.
 0.00171645 0.00168603 0.         0.         0.         0.5553976
 0.98292683 0.         0.         0.         0.00457436 0.00456622
 0.         0.         0.         0.53252681 0.88366337 0.01193644
 0.         0.         0.         0.         0.         0.
 0.         0.43055598 0.73067916 0.        ]
deleted_not_scaled [0.00000e+00 0.00000e+00 3.70972e+02 9.40880e+04 3.20000e+02 1.80000e+02
 0.00000e+00 3.03560e+01 9.20000e-01 8.25200e+00 0.00000e+00 0.00000e+00
 3.65740e+02 9.28980e+04 3.20000e+02 1.80000e+02 0.00000e+00 3.23730e+01
 9.90000e-01 0.00000e+00 0.00000e+00 0.00000e+00 4.07728e+02 1.03716e+05
 3.20000e+02 1.80000e+02 0.00000e+00 3.29980e+01 9.48000e-01 1.08100e+00
 0.00000e+00 0.00000e+00 3.21247e+02 8.18780e+04 3.20000e+02 1.80000e+02
 0.00000e+00 2.78600e+01 8.82000e-01 0.00000e+00 3.20000e+01]
deleted_idx_col 794
query_origi 461
query_idx 478
deleted_scaled [0.         0.         0.00201637 0.00186301 0.         0.
 0.         0.39028257 0.98139535 0.15226943 0.         0.
 0.00177686 0.00172785 0.         0.         0.         0.68662817
 0.98292683 0.39396717 0.25       0.         0.02912509 0.02920787
 0.05454545 0.05454545 0.         0.5965906  0.98762376 0.40075969
 0.58333333 0.         0.14053655 0.14009628 0.27272727 0.27272727
 0.         1.         0.60421546 0.55613395]
deleted_not_scaled [0.000000e+00 0.000000e+00 3.670920e+02 9.301200e+04 3.200000e+02
 1.800000e+02 0.000000e+00 3.183800e+01 9.920000e-01 1.469400e+01
 0.000000e+00 0.000000e+00 3.669280e+02 9.310800e+04 3.200000e+02
 1.800000e+02 0.000000e+00 3.680400e+01 9.900000e-01 3.653100e+01
 3.000000e+00 0.000000e+00 8.718740e+02 2.215650e+05 5.120000e+02
 2.880000e+02 0.000000e+00 3.532800e+01 9.900000e-01 3.629400e+01
 7.000000e+00 0.000000e+00 3.086891e+03 7.856140e+05 1.280000e+03
 7.200000e+02 0.000000e+00 4.667500e+01 8.280000e-01 5.256300e+01
 1.000000e+00]
deleted_idx_col 478
query_origi 754
query_idx 900
deleted_scaled [0.         0.         0.0020671  0.00206912 0.         0.
 0.         0.26161657 0.68139535 0.00165803 0.33333333 0.
 0.04270998 0.04224292 0.09090909 0.09090909 0.         0.68556197
 0.8804878  0.52854647 0.         0.         0.0042215  0.00412754
 0.         0.         0.         0.4074512  0.72524752 0.
 0.41666667 0.         0.06795537 0.06748246 0.18181818 0.17171717
 0.         0.38546049 0.67915691 0.21048511]
deleted_not_scaled [0.000000e+00 0.000000e+00 3.680900e+02 9.404700e+04 3.200000e+02
 1.800000e+02 0.000000e+00 2.583200e+01 8.630000e-01 1.600000e-01
 4.000000e+00 0.000000e+00 1.172019e+03 2.965210e+05 6.400000e+02
 3.600000e+02 0.000000e+00 3.676800e+01 9.480000e-01 4.901000e+01
 0.000000e+00 0.000000e+00 4.010570e+02 1.016180e+05 3.200000e+02
 1.800000e+02 0.000000e+00 2.844900e+01 8.840000e-01 0.000000e+00
 5.000000e+00 0.000000e+00 1.658553e+03 4.208580e+05 9.600000e+02
 5.200000e+02 0.000000e+00 2.637000e+01 8.600000e-01 1.989400e+01
 6.700000e+01]
deleted_idx_col 900
query_origi 693
query_idx 982
deleted_scaled [5.83333333e-01 0.00000000e+00 1.45589568e-01 1.44225017e-01
 2.72727273e-01 2.72727273e-01 0.00000000e+00 2.14229097e-04
 4.16279070e-01 5.41347150e-01 5.00000000e-01 0.00000000e+00
 1.20378238e-01 1.19490682e-01 2.72727273e-01 2.72727273e-01
 0.00000000e+00 1.91026211e-02 4.02439024e-01 1.93872269e-01
 5.00000000e-01 0.00000000e+00 9.44611091e-02 9.47876346e-02
 2.72727273e-01 2.72727273e-01 0.00000000e+00 5.86747319e-02
 1.58415842e-01 7.94474565e-02 5.00000000e-01 0.00000000e+00
 1.07942760e-01 1.07538156e-01 2.72727273e-01 2.72727273e-01
 0.00000000e+00 1.61526588e-01 1.70960187e-01 7.44961117e-02]
deleted_not_scaled [7.000000e+00 0.000000e+00 3.191608e+03 8.078760e+05 1.280000e+03
 7.200000e+02 0.000000e+00 1.363000e+01 7.490000e-01 5.224000e+01
 6.000000e+00 0.000000e+00 2.699633e+03 6.843570e+05 1.280000e+03
 7.200000e+02 0.000000e+00 1.426500e+01 7.520000e-01 1.797700e+01
 6.000000e+00 0.000000e+00 2.107090e+03 5.352010e+05 1.280000e+03
 7.200000e+02 0.000000e+00 1.576400e+01 6.550000e-01 7.195000e+00
 6.000000e+00 0.000000e+00 2.445472e+03 6.220670e+05 1.280000e+03
 7.200000e+02 0.000000e+00 1.897100e+01 6.430000e-01 7.041000e+00
 2.340000e+02]
deleted_idx_col 982
query_origi 533
query_idx 10
deleted_scaled [0.         0.08997277 0.00153906 0.00154059 0.         0.
 0.         0.17900983 0.6255814  0.         0.         0.46216069
 0.00182851 0.00172427 0.         0.         0.         0.37171627
 0.71219512 0.         0.         0.28419059 0.00267291 0.00257647
 0.         0.         0.         0.24190267 0.70544554 0.
 0.         0.         0.00239095 0.00230489 0.         0.
 0.         0.23658485 0.60655738 0.        ]
deleted_not_scaled [0.00000000e+00 4.22736205e-01 3.57702000e+02 9.13930000e+04
 3.20000000e+02 1.80000000e+02 0.00000000e+00 2.19760000e+01
 8.39000000e-01 0.00000000e+00 0.00000000e+00 1.51660268e+00
 3.67944000e+02 9.30900000e+04 3.20000000e+02 1.80000000e+02
 0.00000000e+00 2.61710000e+01 8.79000000e-01 0.00000000e+00
 0.00000000e+00 1.39712607e+00 3.71780000e+02 9.42000000e+04
 3.20000000e+02 1.80000000e+02 0.00000000e+00 2.24280000e+01
 8.76000000e-01 0.00000000e+00 0.00000000e+00 0.00000000e+00
 3.68299000e+02 9.34560000e+04 3.20000000e+02 1.80000000e+02
 0.00000000e+00 2.14510000e+01 8.29000000e-01 0.00000000e+00
 9.70000000e+01]
deleted_idx_col 10
query_origi 40
query_idx 608
deleted_scaled [4.16666667e-01 0.00000000e+00 7.85581134e-02 7.84498189e-02
 1.81818182e-01 1.71717172e-01 0.00000000e+00 5.34415904e-01
 9.00000000e-01 6.87502591e-01 0.00000000e+00 0.00000000e+00
 5.41832306e-04 6.11073091e-04 0.00000000e+00 0.00000000e+00
 0.00000000e+00 3.40411669e-01 8.26829268e-01 2.16444147e-02
 3.33333333e-01 0.00000000e+00 4.34313343e-02 4.39676889e-02
 9.09090909e-02 9.09090909e-02 0.00000000e+00 5.39868023e-01
 7.79702970e-01 6.53500878e-01 5.00000000e-01 0.00000000e+00
 1.08444407e-01 1.07488188e-01 2.72727273e-01 2.72727273e-01
 0.00000000e+00 1.53536515e-01 4.42622951e-01 2.56911601e-01]
deleted_not_scaled [5.000000e+00 0.000000e+00 1.872898e+03 4.775890e+05 9.600000e+02
 5.200000e+02 0.000000e+00 3.856600e+01 9.570000e-01 6.634400e+01
 0.000000e+00 0.000000e+00 3.426370e+02 8.750100e+04 3.200000e+02
 1.800000e+02 0.000000e+00 2.511400e+01 9.260000e-01 2.007000e+00
 4.000000e+00 0.000000e+00 1.142342e+03 2.921540e+05 6.400000e+02
 3.600000e+02 0.000000e+00 3.326500e+01 9.060000e-01 5.918300e+01
 6.000000e+00 0.000000e+00 2.455344e+03 6.218160e+05 1.280000e+03
 7.200000e+02 0.000000e+00 1.870700e+01 7.590000e-01 2.428200e+01
 1.860000e+02]
deleted_idx_col 608
query_origi 559
query_idx 337
deleted_scaled [0.00000000e+00 0.00000000e+00 1.58074494e-03 1.55552617e-03
 0.00000000e+00 0.00000000e+00 0.00000000e+00 3.40495726e-01
 7.79069767e-01 3.52331606e-04 0.00000000e+00 0.00000000e+00
 1.83593550e-03 1.91488158e-03 0.00000000e+00 0.00000000e+00
 0.00000000e+00 3.61676292e-01 6.73170732e-01 1.72551388e-03
 2.50000000e-01 0.00000000e+00 2.93704666e-02 2.92482277e-02
 5.45454545e-02 5.45454545e-02 0.00000000e+00 6.12290349e-01
 8.66336634e-01 4.19343440e-01 5.83333333e-01 0.00000000e+00
 1.58351822e-01 1.57088933e-01 2.72727273e-01 2.72727273e-01
 0.00000000e+00 4.29980933e-01 7.11943794e-01 3.21398720e-01]
deleted_not_scaled [0.000000e+00 0.000000e+00 3.585220e+02 9.146800e+04 3.200000e+02
 1.800000e+02 0.000000e+00 2.951400e+01 9.050000e-01 3.400000e-02
 0.000000e+00 0.000000e+00 3.680900e+02 9.404700e+04 3.200000e+02
 1.800000e+02 0.000000e+00 2.583200e+01 8.630000e-01 1.600000e-01
 3.000000e+00 0.000000e+00 8.765130e+02 2.217580e+05 5.120000e+02
 2.880000e+02 0.000000e+00 3.589900e+01 9.410000e-01 3.797700e+01
 7.000000e+00 0.000000e+00 3.437481e+03 8.709720e+05 1.280000e+03
 7.200000e+02 0.000000e+00 2.784100e+01 8.740000e-01 3.037700e+01
 6.600000e+01]
deleted_idx_col 337
query_origi 403
query_idx 876
deleted_scaled [0.33333333 0.         0.04242865 0.04252873 0.09090909 0.09090909
 0.         0.47271792 0.92093023 0.5284456  0.33333333 0.
 0.04275996 0.04235087 0.09090909 0.09090909 0.         0.57837998
 0.90487805 0.50998641 0.33333333 0.         0.04512634 0.04515953
 0.09090909 0.09090909 0.         0.4480066  0.81188119 0.23658669
 0.33333333 0.         0.04302542 0.04275774 0.09090909 0.09090909
 0.         0.56759783 0.9882904  0.31099825]
deleted_not_scaled [4.000000e+00 0.000000e+00 1.162123e+03 2.972130e+05 6.400000e+02
 3.600000e+02 0.000000e+00 3.568600e+01 9.660000e-01 5.099500e+01
 4.000000e+00 0.000000e+00 1.173002e+03 2.970630e+05 6.400000e+02
 3.600000e+02 0.000000e+00 3.314900e+01 9.580000e-01 4.728900e+01
 4.000000e+00 0.000000e+00 1.174387e+03 2.978540e+05 6.400000e+02
 3.600000e+02 0.000000e+00 2.992400e+01 9.190000e-01 2.142600e+01
 4.000000e+00 0.000000e+00 1.167952e+03 2.966600e+05 6.400000e+02
 3.600000e+02 0.000000e+00 3.238800e+01 9.920000e-01 2.939400e+01
 3.000000e+01]
deleted_idx_col 876
query_origi 410
query_idx 938
deleted_scaled [0.5        0.         0.09966353 0.09987669 0.27272727 0.27272727
 0.         0.46157801 0.79534884 0.74629016 0.5        0.
 0.10795789 0.10703399 0.27272727 0.27272727 0.         0.15065897
 0.4195122  0.2618683  0.5        0.05950068 0.11274607 0.11295487
 0.27272727 0.27272727 0.         0.79136651 0.94554455 0.89967205
 0.5        0.         0.10808982 0.10750192 0.27272727 0.27272727
 0.         0.26391453 0.74473068 0.2171613 ]
deleted_not_scaled [6.00000000e+00 0.00000000e+00 2.28810500e+03 5.85183000e+05
 1.28000000e+03 7.20000000e+02 0.00000000e+00 3.51660000e+01
 9.12000000e-01 7.20170000e+01 6.00000000e+00 0.00000000e+00
 2.45534400e+03 6.21816000e+05 1.28000000e+03 7.20000000e+02
 0.00000000e+00 1.87070000e+01 7.59000000e-01 2.42820000e+01
 6.00000000e+00 2.92514804e-01 2.45277800e+03 6.22086000e+05
 1.28000000e+03 7.20000000e+02 0.00000000e+00 4.24120000e+01
 9.73000000e-01 8.14770000e+01 6.00000000e+00 0.00000000e+00
 2.44836600e+03 6.21885000e+05 1.28000000e+03 7.20000000e+02
 0.00000000e+00 2.23540000e+01 8.88000000e-01 2.05250000e+01
 1.88000000e+02]
deleted_idx_col 938
query_origi 303
query_idx 745
deleted_scaled [0.16666667 0.         0.01817379 0.01817482 0.05454545 0.05454545
 0.         0.05392146 0.49767442 0.18127461 0.16666667 0.
 0.01764379 0.01777111 0.05454545 0.05454545 0.         0.6471198
 0.92195122 0.48558117 0.25       0.         0.02938612 0.0293097
 0.05454545 0.05454545 0.         0.53764091 0.90841584 0.48417124
 0.25       0.         0.02832354 0.02806262 0.05454545 0.05454545
 0.         0.49901637 0.81967213 0.20256044]
deleted_not_scaled [2.00000e+00 0.00000e+00 6.84957e+02 1.74921e+05 5.12000e+02 2.88000e+02
 0.00000e+00 1.61370e+01 7.84000e-01 1.74930e+01 2.00000e+00 0.00000e+00
 6.79006e+02 1.73656e+05 5.12000e+02 2.88000e+02 0.00000e+00 3.54700e+01
 9.65000e-01 4.50260e+01 3.00000e+00 0.00000e+00 8.76809e+02 2.22052e+05
 5.12000e+02 2.88000e+02 0.00000e+00 3.31840e+01 9.58000e-01 4.38480e+01
 3.00000e+00 0.00000e+00 8.78631e+02 2.22843e+05 5.12000e+02 2.88000e+02
 0.00000e+00 3.01220e+01 9.20000e-01 1.91450e+01 2.90000e+01]
deleted_idx_col 745
query_origi 712
query_idx 999
deleted_scaled [0.41666667 0.         0.07757489 0.07728302 0.18181818 0.17171717
 0.         0.24612781 0.54418605 0.25918135 0.5        0.
 0.10723358 0.1071055  0.27272727 0.27272727 0.         0.24848216
 0.5804878  0.25595842 0.5        0.         0.11193652 0.11297138
 0.27272727 0.27272727 0.         0.79051416 0.92821782 0.85585725
 0.41666667 0.         0.07754891 0.07770895 0.18181818 0.17171717
 0.         0.30782967 0.73770492 0.18415066]
deleted_not_scaled [5.000000e+00 0.000000e+00 1.853555e+03 4.717300e+05 9.600000e+02
 5.200000e+02 0.000000e+00 2.510900e+01 8.040000e-01 2.501100e+01
 6.000000e+00 0.000000e+00 2.441098e+03 6.221750e+05 1.280000e+03
 7.200000e+02 0.000000e+00 2.201000e+01 8.250000e-01 2.373400e+01
 6.000000e+00 0.000000e+00 2.437473e+03 6.221650e+05 1.280000e+03
 7.200000e+02 0.000000e+00 4.238100e+01 9.660000e-01 7.750900e+01
 5.000000e+00 0.000000e+00 1.847346e+03 4.722280e+05 9.600000e+02
 5.200000e+02 0.000000e+00 2.380500e+01 8.850000e-01 1.740500e+01
 2.750000e+02]
deleted_idx_col 999
query_origi 568
query_idx 853
deleted_scaled [5.83333333e-01 0.00000000e+00 1.40079834e-01 1.39528567e-01
 2.72727273e-01 2.72727273e-01 0.00000000e+00 1.25281176e-01
 7.11627907e-01 3.45409326e-01 0.00000000e+00 0.00000000e+00
 1.72235256e-03 1.74657755e-03 0.00000000e+00 0.00000000e+00
 0.00000000e+00 2.22538131e-01 7.09756098e-01 5.50007549e-04
 0.00000000e+00 0.00000000e+00 2.27371904e-03 2.30987397e-03
 0.00000000e+00 0.00000000e+00 0.00000000e+00 1.73137201e-01
 6.58415842e-01 0.00000000e+00 0.00000000e+00 0.00000000e+00
 2.30492327e-03 2.34709493e-03 0.00000000e+00 0.00000000e+00
 0.00000000e+00 9.71520232e-02 5.73770492e-01 1.89387928e-03]
deleted_not_scaled [7.000000e+00 0.000000e+00 3.083215e+03 7.842930e+05 1.280000e+03
 7.200000e+02 0.000000e+00 1.946800e+01 8.760000e-01 3.333200e+01
 0.000000e+00 0.000000e+00 3.658560e+02 9.320200e+04 3.200000e+02
 1.800000e+02 0.000000e+00 2.113400e+01 8.780000e-01 5.100000e-02
 0.000000e+00 0.000000e+00 3.642330e+02 9.292500e+04 3.200000e+02
 1.800000e+02 0.000000e+00 1.992700e+01 8.570000e-01 0.000000e+00
 0.000000e+00 0.000000e+00 3.666060e+02 9.366800e+04 3.200000e+02
 1.800000e+02 0.000000e+00 1.684400e+01 8.150000e-01 1.790000e-01
 2.220000e+02]
deleted_idx_col 853
query_origi 839
query_idx 229
deleted_scaled [0.00000000e+00 2.13296327e-01 2.17150376e-04 1.01763394e-04
 0.00000000e+00 0.00000000e+00 0.00000000e+00 2.81132843e-01
 6.93023256e-01 0.00000000e+00 0.00000000e+00 7.24045017e-01
 2.10250459e-03 2.08876255e-03 0.00000000e+00 0.00000000e+00
 0.00000000e+00 3.07270843e-01 6.29268293e-01 2.02747881e-03
 0.00000000e+00 1.20438648e-01 3.92021619e-03 3.92910671e-03
 0.00000000e+00 0.00000000e+00 0.00000000e+00 4.83942810e-01
 8.29207921e-01 8.81375396e-02 0.00000000e+00 0.00000000e+00
 5.45398741e-04 5.52831435e-04 0.00000000e+00 0.00000000e+00
 0.00000000e+00 3.93722950e-01 7.72833724e-01 0.00000000e+00]
deleted_not_scaled [0.00000000e+00 1.00217079e+00 3.31696000e+02 8.41680000e+04
 3.20000000e+02 1.80000000e+02 0.00000000e+00 2.67430000e+01
 8.68000000e-01 0.00000000e+00 0.00000000e+00 2.37598877e+00
 3.73333000e+02 9.49200000e+04 3.20000000e+02 1.80000000e+02
 0.00000000e+00 2.39950000e+01 8.45000000e-01 1.88000000e-01
 0.00000000e+00 5.92095521e-01 3.95361000e+02 1.00669000e+05
 3.20000000e+02 1.80000000e+02 0.00000000e+00 3.12310000e+01
 9.26000000e-01 7.98200000e+00 0.00000000e+00 0.00000000e+00
 3.31980000e+02 8.46550000e+04 3.20000000e+02 1.80000000e+02
 0.00000000e+00 2.66430000e+01 9.00000000e-01 0.00000000e+00
 7.00000000e+01]
deleted_idx_col 229
query_origi 841
query_idx 638
deleted_scaled [0.         0.         0.00177802 0.00159934 0.         0.
 0.         0.74395338 0.99302326 0.67647668 0.08333333 0.
 0.00881    0.0086815  0.01818182 0.01818182 0.         0.58394788
 0.99268293 0.16319048 0.25       0.         0.02925595 0.02927081
 0.05454545 0.05454545 0.         0.69477591 0.99009901 0.52422071
 0.33333333 0.         0.04297882 0.04274042 0.09090909 0.09090909
 0.         0.67858116 0.98594848 0.51712427]
deleted_not_scaled [0.000000e+00 0.000000e+00 3.624030e+02 9.168800e+04 3.200000e+02
 1.800000e+02 0.000000e+00 4.834700e+01 9.970000e-01 6.528000e+01
 1.000000e+00 0.000000e+00 5.052590e+02 1.280200e+05 3.840000e+02
 2.160000e+02 0.000000e+00 3.333700e+01 9.940000e-01 1.513200e+01
 3.000000e+00 0.000000e+00 8.743480e+02 2.218660e+05 5.120000e+02
 2.880000e+02 0.000000e+00 3.889900e+01 9.910000e-01 4.747500e+01
 4.000000e+00 0.000000e+00 1.167035e+03 2.965730e+05 6.400000e+02
 3.600000e+02 0.000000e+00 3.605500e+01 9.910000e-01 4.887600e+01
 0.000000e+00]
deleted_idx_col 638
query_origi 645
query_idx 922
deleted_scaled [0.5        0.         0.12534817 0.12484716 0.27272727 0.27272727
 0.         0.4798946  0.88604651 0.65891192 0.41666667 0.
 0.0639898  0.06392785 0.18181818 0.17171717 0.         0.39407671
 0.67073171 0.11359274 0.41666667 0.         0.08072538 0.08147873
 0.18181818 0.17171717 0.         0.3554028  0.67574257 0.1115577
 0.5        0.         0.10805252 0.10825662 0.27272727 0.27272727
 0.         0.3412427  0.70491803 0.29066286]
deleted_not_scaled [6.000000e+00 0.000000e+00 2.793399e+03 7.105710e+05 1.280000e+03
 7.200000e+02 0.000000e+00 3.602100e+01 9.510000e-01 6.358500e+01
 5.000000e+00 0.000000e+00 1.590560e+03 4.053940e+05 9.600000e+02
 5.200000e+02 0.000000e+00 2.692600e+01 8.620000e-01 1.053300e+01
 5.000000e+00 0.000000e+00 1.847408e+03 4.715510e+05 9.600000e+02
 5.200000e+02 0.000000e+00 2.655600e+01 8.640000e-01 1.010300e+01
 6.000000e+00 0.000000e+00 2.447632e+03 6.256760e+05 1.280000e+03
 7.200000e+02 0.000000e+00 2.490900e+01 8.710000e-01 2.747200e+01
 3.400000e+01]
deleted_idx_col 922
query_origi 172
query_idx 431
deleted_scaled [0.         0.20467218 0.00194764 0.0018403  0.         0.
 0.         0.40174382 0.97674419 0.         0.         0.10839662
 0.00385124 0.00384072 0.         0.         0.         0.57390789
 0.8804878  0.011658   0.         0.10194467 0.         0.
 0.         0.         0.         0.39125653 0.72029703 0.
 0.         0.         0.0021442  0.00216813 0.         0.
 0.         0.41545353 0.73302108 0.        ]
deleted_not_scaled [0.00000000e+00 9.61650299e-01 3.65740000e+02 9.28980000e+04
 3.20000000e+02 1.80000000e+02 0.00000000e+00 3.23730000e+01
 9.90000000e-01 0.00000000e+00 0.00000000e+00 3.55708763e-01
 4.07728000e+02 1.03716000e+05 3.20000000e+02 1.80000000e+02
 0.00000000e+00 3.29980000e+01 9.48000000e-01 1.08100000e+00
 0.00000000e+00 5.01176199e-01 3.21247000e+02 8.18780000e+04
 3.20000000e+02 1.80000000e+02 0.00000000e+00 2.78600000e+01
 8.82000000e-01 0.00000000e+00 0.00000000e+00 0.00000000e+00
 3.63443000e+02 9.27690000e+04 3.20000000e+02 1.80000000e+02
 0.00000000e+00 2.73610000e+01 8.83000000e-01 0.00000000e+00
 3.30000000e+01]
deleted_idx_col 431
query_origi 617
query_idx 730
deleted_scaled [0.5        0.         0.10781958 0.10719549 0.27272727 0.27272727
 0.         0.54420617 0.86046512 0.85033161 0.16666667 0.
 0.01802491 0.01796491 0.05454545 0.05454545 0.         0.17390789
 0.7097561  0.30905032 0.5        0.         0.11212768 0.11290907
 0.27272727 0.27272727 0.         0.20395931 0.69059406 0.25133885
 0.08333333 0.         0.00918143 0.00919269 0.01818182 0.01818182
 0.         0.18940105 0.66744731 0.        ]
deleted_not_scaled [6.000000e+00 0.000000e+00 2.448559e+03 6.219340e+05 1.280000e+03
 7.200000e+02 0.000000e+00 3.902300e+01 9.400000e-01 8.205700e+01
 2.000000e+00 0.000000e+00 6.865020e+02 1.746290e+05 5.120000e+02
 2.880000e+02 0.000000e+00 1.949200e+01 8.780000e-01 2.865700e+01
 6.000000e+00 0.000000e+00 2.441087e+03 6.218670e+05 1.280000e+03
 7.200000e+02 0.000000e+00 2.104800e+01 8.700000e-01 2.276200e+01
 1.000000e+00 0.000000e+00 5.019300e+02 1.280550e+05 3.840000e+02
 2.160000e+02 0.000000e+00 1.989200e+01 8.550000e-01 0.000000e+00
 2.210000e+02]
deleted_idx_col 730
query_origi 350
query_idx 891
deleted_scaled [0.5        0.         0.10792816 0.10718155 0.27272727 0.27272727
 0.         0.77936545 0.98837209 0.65370984 0.5        0.
 0.10747803 0.1069842  0.27272727 0.27272727 0.         0.91363838
 1.         0.80238552 0.41666667 0.         0.08173371 0.08220345
 0.18181818 0.17171717 0.         0.6571625  0.59405941 0.56876429
 0.41666667 0.         0.0796243  0.0795054  0.18181818 0.17171717
 0.         0.15692624 0.44262295 0.33453949]
deleted_not_scaled [6.000000e+00 0.000000e+00 2.450695e+03 6.218640e+05 1.280000e+03
 7.200000e+02 0.000000e+00 5.000000e+01 9.950000e-01 6.308300e+01
 6.000000e+00 0.000000e+00 2.445906e+03 6.215660e+05 1.280000e+03
 7.200000e+02 0.000000e+00 4.446900e+01 9.970000e-01 7.440200e+01
 5.000000e+00 0.000000e+00 1.866471e+03 4.750170e+05 9.600000e+02
 5.200000e+02 0.000000e+00 3.753100e+01 8.310000e-01 5.150900e+01
 5.000000e+00 0.000000e+00 1.888188e+03 4.812520e+05 9.600000e+02
 5.200000e+02 0.000000e+00 1.881900e+01 7.590000e-01 3.161900e+01
 2.000000e+00]
deleted_idx_col 891
query_origi 305
query_idx 429
deleted_scaled [4.16666667e-01 0.00000000e+00 7.81708822e-02 7.73200660e-02
 1.81818182e-01 1.71717172e-01 0.00000000e+00 2.03774717e-01
 7.04651163e-01 5.31606218e-03 5.83333333e-01 0.00000000e+00
 1.40544701e-01 1.39440585e-01 2.72727273e-01 2.72727273e-01
 0.00000000e+00 1.33599882e-01 5.07317073e-01 1.62575761e-01
 4.16666667e-01 0.00000000e+00 8.80330632e-02 8.82295748e-02
 1.81818182e-01 1.71717172e-01 0.00000000e+00 2.28759967e-01
 6.38613861e-01 1.10420370e-04 0.00000000e+00 0.00000000e+00
 1.09516758e-03 1.04235700e-03 0.00000000e+00 0.00000000e+00
 0.00000000e+00 2.83708120e-01 7.56440281e-01 0.00000000e+00]
deleted_not_scaled [5.000000e+00 0.000000e+00 1.865280e+03 4.719160e+05 9.600000e+02
 5.200000e+02 0.000000e+00 2.313200e+01 8.730000e-01 5.130000e-01
 7.000000e+00 0.000000e+00 3.096276e+03 7.845190e+05 1.280000e+03
 7.200000e+02 0.000000e+00 1.813100e+01 7.950000e-01 1.507500e+01
 5.000000e+00 0.000000e+00 1.985564e+03 5.038370e+05 9.600000e+02
 5.200000e+02 0.000000e+00 2.195000e+01 8.490000e-01 1.000000e-02
 0.000000e+00 0.000000e+00 3.427990e+02 8.711400e+04 3.200000e+02
 1.800000e+02 0.000000e+00 2.300800e+01 8.930000e-01 0.000000e+00
 2.110000e+02]
deleted_idx_col 429
query_origi 857
query_idx 814
deleted_scaled [0.16666667 0.         0.01850119 0.01826145 0.05454545 0.05454545
 0.         0.35352086 0.81395349 0.19865285 0.5        0.
 0.10755643 0.10700133 0.27272727 0.27272727 0.         0.54669036
 0.99268293 0.44505317 0.         0.         0.00457436 0.00456622
 0.         0.         0.         0.53252681 0.88366337 0.01193644
 0.         0.         0.         0.         0.         0.
 0.         0.43055598 0.73067916 0.        ]
deleted_not_scaled [2.000000e+00 0.000000e+00 6.913980e+02 1.753560e+05 5.120000e+02
 2.880000e+02 0.000000e+00 3.012200e+01 9.200000e-01 1.917000e+01
 6.000000e+00 0.000000e+00 2.447448e+03 6.216520e+05 1.280000e+03
 7.200000e+02 0.000000e+00 3.207900e+01 9.940000e-01 4.126800e+01
 0.000000e+00 0.000000e+00 4.077280e+02 1.037160e+05 3.200000e+02
 1.800000e+02 0.000000e+00 3.299800e+01 9.480000e-01 1.081000e+00
 0.000000e+00 0.000000e+00 3.212470e+02 8.187800e+04 3.200000e+02
 1.800000e+02 0.000000e+00 2.786000e+01 8.820000e-01 0.000000e+00
 3.200000e+01]
deleted_idx_col 814
query_origi 376
query_idx 74
deleted_scaled [0.25       0.04926118 0.02706318 0.02683327 0.05454545 0.05454545
 0.         0.32342167 0.78604651 0.38893264 0.16666667 0.56193601
 0.01812741 0.01806709 0.05454545 0.05454545 0.         0.32892048
 0.71707317 0.27007528 0.08333333 0.09106587 0.0101626  0.0102258
 0.01818182 0.01818182 0.         0.29571075 0.71782178 0.00834778
 0.08333333 0.         0.0085811  0.00859268 0.01818182 0.01818182
 0.         0.47922278 0.78454333 0.01654764]
deleted_not_scaled [3.00000000e+00 2.31453174e-01 8.59838000e+02 2.18399000e+05
 5.12000000e+02 2.88000000e+02 0.00000000e+00 2.87170000e+01
 9.08000000e-01 3.75320000e+01 2.00000000e+00 1.84402022e+00
 6.88518000e+02 1.75142000e+05 5.12000000e+02 2.88000000e+02
 0.00000000e+00 2.47260000e+01 8.81000000e-01 2.50430000e+01
 1.00000000e+00 4.47694301e-01 5.13377000e+02 1.30783000e+05
 3.84000000e+02 2.16000000e+02 0.00000000e+00 2.43850000e+01
 8.81000000e-01 7.56000000e-01 1.00000000e+00 0.00000000e+00
 4.90116000e+02 1.25041000e+05 3.84000000e+02 2.16000000e+02
 0.00000000e+00 2.94680000e+01 9.05000000e-01 1.56400000e+00
 6.30000000e+01]
deleted_idx_col 74
query_origi 273
query_idx 111
deleted_scaled [1.         0.07833125 0.83252841 0.83294155 1.         1.
 1.         0.24584931 0.78837209 0.07468394 1.         0.18551408
 0.78047011 0.78204529 1.         1.         1.         0.73490301
 0.80731707 0.79312167 1.         0.1099702  0.86740816 0.86826546
 1.         1.         1.         0.14162772 0.3960396  0.03271756
 1.         0.         0.86940528 0.86376975 1.         1.
 1.         0.97085439 0.96252927 0.94812464]
deleted_not_scaled [1.20000000e+01 3.68038646e-01 1.67057580e+04 4.26623300e+06
 3.84000000e+03 2.16000000e+03 1.00000000e+00 2.50960000e+01
 9.09000000e-01 7.20700000e+00 1.20000000e+01 6.08773441e-01
 1.56826150e+04 4.01082900e+06 3.84000000e+03 2.16000000e+03
 1.00000000e+00 3.84340000e+01 9.18000000e-01 7.35430000e+01
 1.20000000e+01 5.40630960e-01 1.67201100e+04 4.23436800e+06
 3.84000000e+03 2.16000000e+03 1.00000000e+00 1.87810000e+01
 7.51000000e-01 2.96300000e+00 1.20000000e+01 0.00000000e+00
 1.74304300e+04 4.42079300e+06 3.84000000e+03 2.16000000e+03
 1.00000000e+00 4.57120000e+01 9.81000000e-01 8.96120000e+01
 1.87000000e+02]
deleted_idx_col 111
query_origi 429
query_idx 844
deleted_scaled [0.08333333 0.         0.00905576 0.00897669 0.01818182 0.01818182
 0.         0.12935153 0.57906977 0.00136788 0.08333333 0.
 0.00851867 0.00855403 0.01818182 0.01818182 0.         0.59958537
 0.84878049 0.07236374 0.         0.         0.00113141 0.00117574
 0.         0.         0.         0.31575474 0.82920792 0.02216137
 0.         0.         0.00205562 0.00211557 0.         0.
 0.         0.47077873 0.7470726  0.07569169]
deleted_not_scaled [1.00000e+00 0.00000e+00 5.05578e+02 1.28733e+05 3.84000e+02 2.16000e+02
 0.00000e+00 1.96580e+01 8.19000e-01 1.32000e-01 1.00000e+00 0.00000e+00
 4.99529e+02 1.27380e+05 3.84000e+02 2.16000e+02 0.00000e+00 3.38650e+01
 9.35000e-01 6.71000e+00 0.00000e+00 0.00000e+00 3.42637e+02 8.75010e+04
 3.20000e+02 1.80000e+02 0.00000e+00 2.51140e+01 9.26000e-01 2.00700e+00
 0.00000e+00 0.00000e+00 3.61700e+02 9.25050e+04 3.20000e+02 1.80000e+02
 0.00000e+00 2.91890e+01 8.89000e-01 7.15400e+00 1.85000e+02]
deleted_idx_col 844
