query_origi 8
query_idx 12
deleted_scaled [1.66666667e-01 0.00000000e+00 1.81388678e-02 1.81228457e-02
 5.45454545e-02 5.45454545e-02 0.00000000e+00 5.45834315e-01
 8.81395349e-01 5.06466321e-01 8.33333333e-02 4.45394773e-01
 8.67475709e-03 8.77252386e-03 1.81818182e-02 1.81818182e-02
 0.00000000e+00 3.05641937e-01 7.53658537e-01 0.00000000e+00
 8.33333333e-02 0.00000000e+00 1.12787805e-02 1.11681894e-02
 1.81818182e-02 1.81818182e-02 0.00000000e+00 2.25570525e-01
 7.10396040e-01 0.00000000e+00 0.00000000e+00 0.00000000e+00
 1.92873890e-03 1.82750903e-03 0.00000000e+00 0.00000000e+00
 0.00000000e+00 2.79561757e-01 7.21311475e-01 2.11606623e-05]
deleted_not_scaled [2.00000000e+00 0.00000000e+00 6.84270000e+02 1.74660000e+05
 5.12000000e+02 2.88000000e+02 0.00000000e+00 3.90990000e+01
 9.49000000e-01 4.88740000e+01 1.00000000e+00 1.46158451e+00
 5.02599000e+02 1.28477000e+05 3.84000000e+02 2.16000000e+02
 0.00000000e+00 2.39400000e+01 8.96000000e-01 0.00000000e+00
 1.00000000e+00 0.00000000e+00 5.34479000e+02 1.35290000e+05
 3.84000000e+02 2.16000000e+02 0.00000000e+00 2.18340000e+01
 8.78000000e-01 0.00000000e+00 0.00000000e+00 0.00000000e+00
 3.59203000e+02 9.10580000e+04 3.20000000e+02 1.80000000e+02
 0.00000000e+00 2.28710000e+01 8.78000000e-01 2.00000000e-03
 2.77000000e+02]
deleted_idx_col 12
query_origi 634
query_idx 96
deleted_scaled [1.         0.06823407 0.83214581 0.82673936 1.         1.
 1.         0.31262452 0.58372093 0.07807254 1.         0.16071157
 0.83067575 0.82653571 1.         1.         1.         0.36306827
 0.48292683 0.00786187 1.         0.13351528 0.86354877 0.86831774
 1.         1.         1.         0.15515535 0.34405941 0.07892848
 1.         0.         0.8283464  0.82669601 1.         1.
 1.         0.25550074 0.54098361 0.13796752]
deleted_not_scaled [1.20000000e+01 3.20597144e-01 1.66982310e+04 4.23508900e+06
 3.84000000e+03 2.16000000e+03 1.00000000e+00 2.82130000e+01
 8.21000000e-01 7.53400000e+00 1.20000000e+01 5.27382807e-01
 1.66700820e+04 4.23420100e+06 3.84000000e+03 2.16000000e+03
 1.00000000e+00 2.58790000e+01 7.85000000e-01 7.29000000e-01
 1.20000000e+01 6.56382343e-01 1.66471460e+04 4.23461800e+06
 3.84000000e+03 2.16000000e+03 1.00000000e+00 1.92730000e+01
 7.30000000e-01 7.14800000e+00 1.20000000e+01 0.00000000e+00
 1.66224250e+04 4.23456300e+06 3.84000000e+03 2.16000000e+03
 1.00000000e+00 2.20760000e+01 8.01000000e-01 1.30400000e+01
 7.70000000e+01]
deleted_idx_col 96
query_origi 424
query_idx 447
deleted_scaled [0.41666667 0.         0.07626492 0.07624986 0.18181818 0.17171717
 0.         0.05998415 0.26976744 0.00592746 0.41666667 0.
 0.07720106 0.07739535 0.18181818 0.17171717 0.         0.18311861
 0.26829268 0.01847378 0.5        0.         0.11298563 0.11293814
 0.27272727 0.27272727 0.         0.10478416 0.43811881 0.22693595
 0.58333333 0.         0.14092483 0.13986735 0.27272727 0.27272727
 0.         0.20120456 0.70257611 0.13476168]
deleted_not_scaled [5.000000e+00 0.000000e+00 1.827784e+03 4.665420e+05 9.600000e+02
 5.200000e+02 0.000000e+00 1.642000e+01 6.860000e-01 5.720000e-01
 5.000000e+00 0.000000e+00 1.850405e+03 4.730100e+05 9.600000e+02
 5.200000e+02 0.000000e+00 1.980300e+01 6.970000e-01 1.713000e+00
 6.000000e+00 0.000000e+00 2.457307e+03 6.220060e+05 1.280000e+03
 7.200000e+02 0.000000e+00 1.744100e+01 7.680000e-01 2.055200e+01
 7.000000e+00 0.000000e+00 3.094532e+03 7.844640e+05 1.280000e+03
 7.200000e+02 0.000000e+00 2.028200e+01 8.700000e-01 1.273700e+01
 1.490000e+02]
deleted_idx_col 447
query_origi 830
query_idx 565
deleted_scaled [0.25       0.         0.03174126 0.03160699 0.05454545 0.05454545
 0.         0.12817327 0.60930233 0.16746114 0.16666667 0.
 0.01596186 0.01598948 0.05454545 0.05454545 0.         0.18122316
 0.60487805 0.19491836 0.25       0.         0.02733086 0.02764635
 0.05454545 0.05454545 0.         0.17970855 0.63118812 0.1939313
 0.25       0.         0.02889511 0.02902912 0.05454545 0.05454545
 0.         0.30292667 0.67213115 0.24516743]
deleted_not_scaled [3.00000e+00 0.00000e+00 9.51870e+02 2.42370e+05 5.12000e+02 2.88000e+02
 0.00000e+00 1.96030e+01 8.32000e-01 1.61600e+01 2.00000e+00 0.00000e+00
 6.45925e+02 1.64711e+05 5.12000e+02 2.88000e+02 0.00000e+00 1.97390e+01
 8.35000e-01 1.80740e+01 3.00000e+00 0.00000e+00 8.37953e+02 2.14097e+05
 5.12000e+02 2.88000e+02 0.00000e+00 2.01660e+01 8.46000e-01 1.75630e+01
 3.00000e+00 0.00000e+00 8.89879e+02 2.27698e+05 5.12000e+02 2.88000e+02
 0.00000e+00 2.36430e+01 8.57000e-01 2.31720e+01 2.68000e+02]
deleted_idx_col 565
query_origi 194
query_idx 519
deleted_scaled [0.5        0.         0.0916337  0.09183101 0.27272727 0.27272727
 0.         0.18554382 0.67674419 0.27235233 0.5        0.
 0.10792759 0.10700392 0.27272727 0.27272727 0.         0.16700726
 0.58292683 0.20474301 0.5        0.         0.11314966 0.11335946
 0.27272727 0.27272727 0.         0.11811933 0.53712871 0.25097446
 0.5        0.         0.10757425 0.10698891 0.27272727 0.27272727
 0.         0.45143912 0.78220141 0.49192192]
deleted_not_scaled [6.000000e+00 0.000000e+00 2.130134e+03 5.447820e+05 1.280000e+03
 7.200000e+02 0.000000e+00 2.228100e+01 8.610000e-01 2.628200e+01
 6.000000e+00 0.000000e+00 2.454748e+03 6.216650e+05 1.280000e+03
 7.200000e+02 0.000000e+00 1.925900e+01 8.260000e-01 1.898500e+01
 6.000000e+00 0.000000e+00 2.460408e+03 6.240210e+05 1.280000e+03
 7.200000e+02 0.000000e+00 1.792600e+01 8.080000e-01 2.272900e+01
 6.000000e+00 0.000000e+00 2.438220e+03 6.193080e+05 1.280000e+03
 7.200000e+02 0.000000e+00 2.855000e+01 9.040000e-01 4.649400e+01
 6.000000e+01]
deleted_idx_col 519
query_origi 90
query_idx 753
deleted_scaled [0.16666667 0.         0.01814822 0.01809815 0.05454545 0.05454545
 0.         0.0458236  0.21395349 0.38260104 0.16666667 0.
 0.01781152 0.01790516 0.05454545 0.05454545 0.         0.58735377
 0.78292683 0.51133447 0.25       0.1072546  0.02864079 0.02903704
 0.05454545 0.05454545 0.         0.09747044 0.13861386 0.3198326
 0.16666667 0.         0.02132192 0.0210504  0.05454545 0.05454545
 0.         0.08849611 0.26932084 0.28936148]
deleted_not_scaled [2.00000000e+00 0.00000000e+00 6.84454000e+02 1.74536000e+05
 5.12000000e+02 2.88000000e+02 0.00000000e+00 1.57590000e+01
 6.62000000e-01 3.69210000e+01 2.00000000e+00 0.00000000e+00
 6.82305000e+02 1.74329000e+05 5.12000000e+02 2.88000000e+02
 0.00000000e+00 3.34520000e+01 9.08000000e-01 4.74140000e+01
 3.00000000e+00 5.27280643e-01 8.62718000e+02 2.20748000e+05
 5.12000000e+02 2.88000000e+02 0.00000000e+00 1.71750000e+01
 6.47000000e-01 2.89650000e+01 2.00000000e+00 0.00000000e+00
 7.40845000e+02 1.87619000e+05 5.12000000e+02 2.88000000e+02
 0.00000000e+00 1.65580000e+01 6.85000000e-01 2.73490000e+01
 1.41000000e+02]
deleted_idx_col 753
query_origi 507
query_idx 520
deleted_scaled [0.16666667 0.         0.01820551 0.01812125 0.05454545 0.05454545
 0.         0.14927483 0.26976744 0.27471503 0.25       0.
 0.02923576 0.02927215 0.05454545 0.05454545 0.         0.04309196
 0.23170732 0.40155943 0.25       0.         0.02695838 0.02727019
 0.05454545 0.05454545 0.         0.13112455 0.43069307 0.19242958
 0.25       0.         0.03242193 0.03201545 0.05454545 0.05454545
 0.         0.68790291 0.82669789 0.58768449]
deleted_not_scaled [2.00000e+00 0.00000e+00 6.85581e+02 1.74652e+05 5.12000e+02 2.88000e+02
 0.00000e+00 2.05880e+01 6.86000e-01 2.65100e+01 3.00000e+00 0.00000e+00
 9.07002e+02 2.31399e+05 5.12000e+02 2.88000e+02 0.00000e+00 1.50750e+01
 6.82000e-01 3.72350e+01 3.00000e+00 0.00000e+00 8.30911e+02 2.12298e+05
 5.12000e+02 2.88000e+02 0.00000e+00 1.83990e+01 7.65000e-01 1.74270e+01
 3.00000e+00 0.00000e+00 9.59284e+02 2.42699e+05 5.12000e+02 2.88000e+02
 0.00000e+00 3.63630e+01 9.23000e-01 5.55450e+01 2.38000e+02]
deleted_idx_col 520
query_origi 939
query_idx 965
deleted_scaled [0.58333333 0.         0.1406007  0.13966259 0.27272727 0.27272727
 0.         0.19259196 0.4627907  0.22415544 0.58333333 0.
 0.13998004 0.139341   0.27272727 0.27272727 0.         0.6931734
 0.86585366 0.76803701 0.58333333 0.         0.14599449 0.14685337
 0.27272727 0.27272727 0.         0.17629915 0.4950495  0.31979948
 0.58333333 0.         0.1399728  0.13976383 0.27272727 0.27272727
 0.         0.20417058 0.46604215 0.33129133]
deleted_not_scaled [7.000000e+00 0.000000e+00 3.093462e+03 7.849660e+05 1.280000e+03
 7.200000e+02 0.000000e+00 2.261000e+01 7.690000e-01 2.163100e+01
 7.000000e+00 0.000000e+00 3.085170e+03 7.840190e+05 1.280000e+03
 7.200000e+02 0.000000e+00 3.702500e+01 9.420000e-01 7.121700e+01
 7.000000e+00 0.000000e+00 3.081359e+03 7.842060e+05 1.280000e+03
 7.200000e+02 0.000000e+00 2.004200e+01 7.910000e-01 2.896200e+01
 7.000000e+00 0.000000e+00 3.075797e+03 7.839440e+05 1.280000e+03
 7.200000e+02 0.000000e+00 2.038000e+01 7.690000e-01 3.131200e+01
 8.500000e+01]
deleted_idx_col 965
query_origi 707
query_idx 787
deleted_scaled [0.41666667 0.         0.07723066 0.07739953 0.18181818 0.17171717
 0.         0.55843099 0.88139535 0.85380311 0.5        0.
 0.1079645  0.10704057 0.27272727 0.27272727 0.         0.45262846
 0.56829268 0.42710782 0.5        0.         0.11274983 0.11295863
 0.27272727 0.27272727 0.         0.22680781 0.11138614 0.36018021
 0.5        0.         0.10809861 0.10751068 0.27272727 0.27272727
 0.         0.24953845 0.15456674 0.32557795]
deleted_not_scaled [5.000000e+00 0.000000e+00 1.846783e+03 4.723150e+05 9.600000e+02
 5.200000e+02 0.000000e+00 3.968700e+01 9.490000e-01 8.239200e+01
 6.000000e+00 0.000000e+00 2.455474e+03 6.218490e+05 1.280000e+03
 7.200000e+02 0.000000e+00 2.890300e+01 8.200000e-01 3.960400e+01
 6.000000e+00 0.000000e+00 2.452849e+03 6.221040e+05 1.280000e+03
 7.200000e+02 0.000000e+00 2.187900e+01 6.360000e-01 3.261900e+01
 6.000000e+00 0.000000e+00 2.448539e+03 6.219290e+05 1.280000e+03
 7.200000e+02 0.000000e+00 2.187900e+01 6.360000e-01 3.077200e+01
 9.000000e+01]
deleted_idx_col 787
query_origi 731
query_idx 630
deleted_scaled [1.         0.         0.8275702  0.82674055 1.         1.
 1.         0.27228518 0.58372093 0.22115026 1.         0.
 0.90362401 0.90408065 1.         1.         1.         0.12287872
 0.36097561 0.11227703 1.         0.         0.85407914 0.86353009
 1.         1.         1.         0.22760517 0.58415842 0.0165741
 1.         0.         0.75991337 0.75383712 1.         1.
 1.         0.2296238  0.36065574 0.06032905]
deleted_not_scaled [1.2000000e+01 0.0000000e+00 1.6608215e+04 4.2350950e+06 3.8400000e+03
 2.1600000e+03 1.0000000e+00 2.6330000e+01 8.2100000e-01 2.1341000e+01
 1.2000000e+01 0.0000000e+00 1.8104861e+04 4.6235290e+06 3.8400000e+03
 2.1600000e+03 1.0000000e+00 1.7769000e+01 7.3500000e-01 1.0411000e+01
 1.2000000e+01 0.0000000e+00 1.6468117e+04 4.2117210e+06 3.8400000e+03
 2.1600000e+03 1.0000000e+00 2.1908000e+01 8.2700000e-01 1.5010000e+00
 1.2000000e+01 0.0000000e+00 1.5275719e+04 3.8685760e+06 3.8400000e+03
 2.1600000e+03 1.0000000e+00 2.1221000e+01 7.2400000e-01 5.7020000e+00
 2.8400000e+02]
deleted_idx_col 630
query_origi 731
query_idx 775
deleted_scaled [0.25       0.         0.02576206 0.02551772 0.05454545 0.05454545
 0.         0.24842006 0.73953488 0.12557513 0.33333333 0.
 0.04256803 0.0423933  0.09090909 0.09090909 0.         0.3805716
 0.76585366 0.25173091 0.33333333 0.         0.04485181 0.04512879
 0.09090909 0.09090909 0.         0.21710201 0.67574257 0.23368263
 0.33333333 0.         0.04284411 0.0428091  0.09090909 0.09090909
 0.         0.16385703 0.70725995 0.1507803 ]
deleted_not_scaled [3.000000e+00 0.000000e+00 8.342410e+02 2.117930e+05 5.120000e+02
 2.880000e+02 0.000000e+00 2.521600e+01 8.880000e-01 1.211800e+01
 4.000000e+00 0.000000e+00 1.169227e+03 2.972760e+05 6.400000e+02
 3.600000e+02 0.000000e+00 2.647000e+01 9.010000e-01 2.334200e+01
 4.000000e+00 0.000000e+00 1.169197e+03 2.977070e+05 6.400000e+02
 3.600000e+02 0.000000e+00 2.152600e+01 8.640000e-01 2.116300e+01
 4.000000e+00 0.000000e+00 1.164384e+03 2.969180e+05 6.400000e+02
 3.600000e+02 0.000000e+00 1.904800e+01 8.720000e-01 1.425100e+01
 1.680000e+02]
deleted_idx_col 775
query_origi 163
query_idx 626
deleted_scaled [0.25       0.         0.02839866 0.02809606 0.05454545 0.05454545
 0.         0.05332162 0.45813953 0.15275648 0.5        0.
 0.10761292 0.1070575  0.27272727 0.27272727 0.         0.7523471
 0.86097561 0.88494058 0.         0.         0.00235026 0.00232974
 0.         0.         0.         0.16183668 0.71287129 0.00821528
 0.41666667 0.         0.07775146 0.0775893  0.18181818 0.17171717
 0.         0.22438788 0.70491803 0.00777654]
deleted_not_scaled [3.000000e+00 0.000000e+00 8.861110e+02 2.247400e+05 5.120000e+02
 2.880000e+02 0.000000e+00 1.610900e+01 7.670000e-01 1.474100e+01
 6.000000e+00 0.000000e+00 2.448559e+03 6.219340e+05 1.280000e+03
 7.200000e+02 0.000000e+00 3.902300e+01 9.400000e-01 8.205700e+01
 0.000000e+00 0.000000e+00 3.656800e+02 9.302000e+04 3.200000e+02
 1.800000e+02 0.000000e+00 1.951600e+01 8.790000e-01 7.440000e-01
 5.000000e+00 0.000000e+00 1.851332e+03 4.716270e+05 9.600000e+02
 5.200000e+02 0.000000e+00 2.104800e+01 8.710000e-01 7.350000e-01
 2.200000e+02]
deleted_idx_col 626
query_origi 868
query_idx 638
deleted_scaled [0.         0.         0.00177802 0.00159934 0.         0.
 0.         0.74395338 0.99302326 0.67647668 0.08333333 0.
 0.00881    0.0086815  0.01818182 0.01818182 0.         0.58394788
 0.99268293 0.16319048 0.25       0.         0.02925595 0.02927081
 0.05454545 0.05454545 0.         0.69477591 0.99009901 0.52422071
 0.33333333 0.         0.04297882 0.04274042 0.09090909 0.09090909
 0.         0.67858116 0.98594848 0.51712427]
deleted_not_scaled [0.000000e+00 0.000000e+00 3.624030e+02 9.168800e+04 3.200000e+02
 1.800000e+02 0.000000e+00 4.834700e+01 9.970000e-01 6.528000e+01
 1.000000e+00 0.000000e+00 5.052590e+02 1.280200e+05 3.840000e+02
 2.160000e+02 0.000000e+00 3.333700e+01 9.940000e-01 1.513200e+01
 3.000000e+00 0.000000e+00 8.743480e+02 2.218660e+05 5.120000e+02
 2.880000e+02 0.000000e+00 3.889900e+01 9.910000e-01 4.747500e+01
 4.000000e+00 0.000000e+00 1.167035e+03 2.965730e+05 6.400000e+02
 3.600000e+02 0.000000e+00 3.605500e+01 9.910000e-01 4.887600e+01
 0.000000e+00]
deleted_idx_col 638
query_origi 488
query_idx 324
deleted_scaled [0.91666667 0.         0.57204205 0.56771069 1.         1.
 0.         0.18815742 0.50930233 0.05410363 0.91666667 0.
 0.60309063 0.59947166 1.         1.         0.         0.15317637
 0.3        0.04737614 0.91666667 0.         0.56039642 0.56290878
 1.         1.         0.         0.25988452 0.54207921 0.03605225
 0.91666667 0.         0.56959314 0.56788191 1.         1.
 0.         0.77827548 0.84543326 0.88428292]
deleted_not_scaled [1.1000000e+01 0.0000000e+00 1.1581209e+04 2.9343890e+06 3.8400000e+03
 2.1600000e+03 0.0000000e+00 2.2403000e+01 7.8900000e-01 5.2210000e+00
 1.1000000e+01 0.0000000e+00 1.2193836e+04 3.0941860e+06 3.8400000e+03
 2.1600000e+03 0.0000000e+00 1.8792000e+01 7.1000000e-01 4.3930000e+00
 1.1000000e+01 0.0000000e+00 1.0915872e+04 2.7739960e+06 3.8400000e+03
 2.1600000e+03 0.0000000e+00 2.3082000e+01 8.1000000e-01 3.2650000e+00
 1.1000000e+01 0.0000000e+00 1.1530373e+04 2.9344800e+06 3.8400000e+03
 2.1600000e+03 0.0000000e+00 3.9349000e+01 9.3100000e-01 8.3578000e+01
 2.5700000e+02]
deleted_idx_col 324
query_origi 605
query_idx 499
deleted_scaled [9.16666667e-01 0.00000000e+00 4.76795637e-01 4.77512082e-01
 1.00000000e+00 1.00000000e+00 0.00000000e+00 1.97005077e-01
 6.69767442e-01 1.10165803e-01 9.16666667e-01 0.00000000e+00
 5.57976540e-01 5.53217933e-01 1.00000000e+00 1.00000000e+00
 0.00000000e+00 2.02635866e-01 5.48780488e-01 9.16679249e-04
 9.16666667e-01 0.00000000e+00 6.41109164e-01 6.42364724e-01
 1.00000000e+00 1.00000000e+00 0.00000000e+00 2.29804784e-01
 6.01485149e-01 0.00000000e+00 9.16666667e-01 0.00000000e+00
 5.25456599e-01 5.22549530e-01 1.00000000e+00 1.00000000e+00
 0.00000000e+00 3.42483581e-01 7.18969555e-01 1.68544675e-02]
deleted_not_scaled [1.1000000e+01 0.0000000e+00 9.7074260e+03 2.4814610e+06 3.8400000e+03
 2.1600000e+03 0.0000000e+00 2.2816000e+01 8.5800000e-01 1.0631000e+01
 1.1000000e+01 0.0000000e+00 1.1306512e+04 2.8619610e+06 3.8400000e+03
 2.1600000e+03 0.0000000e+00 2.0462000e+01 8.1200000e-01 8.5000000e-02
 1.1000000e+01 0.0000000e+00 1.2441794e+04 3.1539950e+06 3.8400000e+03
 2.1600000e+03 0.0000000e+00 2.1988000e+01 8.3400000e-01 0.0000000e+00
 1.1000000e+01 0.0000000e+00 1.0661802e+04 2.7067650e+06 3.8400000e+03
 2.1600000e+03 0.0000000e+00 2.4950000e+01 8.7700000e-01 1.5930000e+00
 1.6500000e+02]
deleted_idx_col 499
query_origi 637
query_idx 730
deleted_scaled [0.5        0.         0.10781958 0.10719549 0.27272727 0.27272727
 0.         0.54420617 0.86046512 0.85033161 0.16666667 0.
 0.01802491 0.01796491 0.05454545 0.05454545 0.         0.17390789
 0.7097561  0.30905032 0.5        0.         0.11212768 0.11290907
 0.27272727 0.27272727 0.         0.20395931 0.69059406 0.25133885
 0.08333333 0.         0.00918143 0.00919269 0.01818182 0.01818182
 0.         0.18940105 0.66744731 0.        ]
deleted_not_scaled [6.000000e+00 0.000000e+00 2.448559e+03 6.219340e+05 1.280000e+03
 7.200000e+02 0.000000e+00 3.902300e+01 9.400000e-01 8.205700e+01
 2.000000e+00 0.000000e+00 6.865020e+02 1.746290e+05 5.120000e+02
 2.880000e+02 0.000000e+00 1.949200e+01 8.780000e-01 2.865700e+01
 6.000000e+00 0.000000e+00 2.441087e+03 6.218670e+05 1.280000e+03
 7.200000e+02 0.000000e+00 2.104800e+01 8.700000e-01 2.276200e+01
 1.000000e+00 0.000000e+00 5.019300e+02 1.280550e+05 3.840000e+02
 2.160000e+02 0.000000e+00 1.989200e+01 8.550000e-01 0.000000e+00
 2.210000e+02]
deleted_idx_col 730
query_origi 72
query_idx 114
deleted_scaled [0.33333333 0.61916709 0.04142316 0.04152126 0.09090909 0.09090909
 0.         0.42085306 0.78139535 0.61329534 0.33333333 0.43206846
 0.04270902 0.04230028 0.09090909 0.09090909 0.         0.14941507
 0.43414634 0.24284451 0.25       0.         0.02932112 0.02931326
 0.05454545 0.05454545 0.         0.71176794 0.92574257 0.63295165
 0.16666667 0.         0.01856338 0.01841604 0.05454545 0.05454545
 0.         0.26521594 0.75644028 0.19231868]
deleted_not_scaled [4.00000000e+00 2.90915077e+00 1.14234200e+03 2.92154000e+05
 6.40000000e+02 3.60000000e+02 0.00000000e+00 3.32650000e+01
 9.06000000e-01 5.91830000e+01 4.00000000e+00 1.41785357e+00
 1.17200000e+03 2.96809000e+05 6.40000000e+02 3.60000000e+02
 0.00000000e+00 1.86650000e+01 7.65000000e-01 2.25180000e+01
 3.00000000e+00 0.00000000e+00 8.75580000e+02 2.22069000e+05
 5.12000000e+02 2.88000000e+02 0.00000000e+00 3.95170000e+01
 9.65000000e-01 5.73220000e+01 2.00000000e+00 0.00000000e+00
 6.86559000e+02 1.74386000e+05 5.12000000e+02 2.88000000e+02
 0.00000000e+00 2.23970000e+01 8.93000000e-01 1.81770000e+01
 1.88000000e+02]
deleted_idx_col 114
query_origi 759
query_idx 990
deleted_scaled [0.83333333 0.         0.39508559 0.39346269 0.63636364 0.63636364
 0.         0.17748881 0.39302326 0.06048705 0.83333333 0.
 0.39435417 0.39338408 0.63636364 0.63636364 0.         0.22005035
 0.2902439  0.04885361 0.83333333 0.         0.41032742 0.41363158
 0.63636364 0.63636364 0.         0.3502612  0.57920792 0.23415744
 0.91666667 0.         0.62083964 0.62116076 1.         1.
 0.         0.12526861 0.3911007  0.10814156]
deleted_not_scaled [1.0000000e+01 0.0000000e+00 8.0999440e+03 2.0594110e+06 2.5600000e+03
 1.4400000e+03 0.0000000e+00 2.1905000e+01 7.3900000e-01 5.8370000e+00
 1.0000000e+01 0.0000000e+00 8.0883140e+03 2.0594870e+06 2.5600000e+03
 1.4400000e+03 0.0000000e+00 2.1050000e+01 7.0600000e-01 4.5300000e+00
 1.0000000e+01 0.0000000e+00 8.0787290e+03 2.0600760e+06 2.5600000e+03
 1.4400000e+03 0.0000000e+00 2.6369000e+01 8.2500000e-01 2.1206000e+01
 1.1000000e+01 0.0000000e+00 1.2538862e+04 3.2021120e+06 3.8400000e+03
 2.1600000e+03 0.0000000e+00 1.7773000e+01 7.3700000e-01 1.0221000e+01
 2.8200000e+02]
deleted_idx_col 990
query_origi 321
query_idx 911
deleted_scaled [0.91666667 0.         0.56640402 0.56782461 1.         1.
 0.         0.20538143 0.63953488 0.08335751 0.91666667 0.
 0.57221788 0.56762834 1.         1.         0.         0.27478158
 0.44146341 0.01395509 0.91666667 0.         0.59461477 0.59637697
 1.         1.         0.         0.25243332 0.43316832 0.02043881
 1.         0.         0.83039161 0.82666395 1.         1.
 1.         0.47985836 0.70257611 0.27249643]
deleted_not_scaled [1.1000000e+01 0.0000000e+00 1.1470292e+04 2.9349610e+06 3.8400000e+03
 2.1600000e+03 0.0000000e+00 2.3207000e+01 8.4500000e-01 8.0440000e+00
 1.1000000e+01 0.0000000e+00 1.1586617e+04 2.9343110e+06 3.8400000e+03
 2.1600000e+03 0.0000000e+00 2.2898000e+01 7.6800000e-01 1.2940000e+00
 1.1000000e+01 0.0000000e+00 1.1562790e+04 2.9340580e+06 3.8400000e+03
 2.1600000e+03 0.0000000e+00 2.2811000e+01 7.6600000e-01 1.8510000e+00
 1.2000000e+01 0.0000000e+00 1.6662673e+04 4.2344020e+06 3.8400000e+03
 2.1600000e+03 1.0000000e+00 2.9489000e+01 8.7000000e-01 2.5755000e+01
 2.7100000e+02]
deleted_idx_col 911
query_origi 233
query_idx 970
deleted_scaled [0.91666667 0.         0.56772151 0.56771448 1.         1.
 0.         0.35846955 0.65581395 0.62279793 0.91666667 0.
 0.5879631  0.58887668 1.         1.         0.         0.31357915
 0.36341463 0.32400837 0.91666667 0.         0.61312966 0.61339229
 1.         1.         0.         0.08427275 0.10148515 0.13308967
 0.91666667 0.         0.5718004  0.56777859 1.         1.
 0.         0.04088859 0.00468384 0.03432259]
deleted_not_scaled [1.1000000e+01 0.0000000e+00 1.1496211e+04 2.9344080e+06 3.8400000e+03
 2.1600000e+03 0.0000000e+00 3.0353000e+01 8.5200000e-01 6.0100000e+01
 1.1000000e+01 0.0000000e+00 1.1896301e+04 3.0409920e+06 3.8400000e+03
 2.1600000e+03 0.0000000e+00 2.4208000e+01 7.3600000e-01 3.0044000e+01
 1.1000000e+01 0.0000000e+00 1.1912825e+04 3.0154340e+06 3.8400000e+03
 2.1600000e+03 0.0000000e+00 1.6695000e+01 6.3200000e-01 1.2053000e+01
 1.1000000e+01 0.0000000e+00 1.1573810e+04 2.9339610e+06 3.8400000e+03
 2.1600000e+03 0.0000000e+00 1.4985000e+01 5.7200000e-01 3.2440000e+00
 2.1000000e+01]
deleted_idx_col 970
query_origi 569
query_idx 904
deleted_scaled [0.91666667 0.         0.56771912 0.56828443 1.         1.
 0.         0.13494291 0.52790698 0.02059067 0.91666667 0.
 0.57237336 0.56720549 1.         1.         0.         0.32714349
 0.54634146 0.04479865 1.         0.         0.86700315 0.86829683
 1.         1.         1.         0.24817157 0.47524752 0.01531531
 0.91666667 0.         0.57142986 0.56798622 1.         1.
 0.         0.2728731  0.45433255 0.02747712]
deleted_not_scaled [1.1000000e+01 0.0000000e+00 1.1496164e+04 2.9372700e+06 3.8400000e+03
 2.1600000e+03 0.0000000e+00 1.9919000e+01 7.9700000e-01 1.9870000e+00
 1.1000000e+01 0.0000000e+00 1.1589675e+04 2.9321880e+06 3.8400000e+03
 2.1600000e+03 0.0000000e+00 2.4666000e+01 8.1100000e-01 4.1540000e+00
 1.2000000e+01 0.0000000e+00 1.6712453e+04 4.2345180e+06 3.8400000e+03
 2.1600000e+03 1.0000000e+00 2.2656000e+01 7.8300000e-01 1.3870000e+00
 1.1000000e+01 0.0000000e+00 1.1566518e+04 2.9350040e+06 3.8400000e+03
 2.1600000e+03 0.0000000e+00 2.2650000e+01 7.6400000e-01 2.5970000e+00
 8.2000000e+01]
deleted_idx_col 904
query_origi 251
query_idx 491
deleted_scaled [1.         0.         0.82620533 0.82661529 1.         1.
 1.         0.16409949 0.53255814 0.02103627 0.91666667 0.
 0.56659217 0.56776139 1.         1.         0.         0.44664594
 0.71707317 0.15859629 0.91666667 0.         0.59595717 0.59651204
 1.         1.         0.         0.26035194 0.65841584 0.01328357
 0.91666667 0.         0.58097492 0.57718249 1.         1.
 0.         0.29660119 0.6440281  0.03345501]
deleted_not_scaled [1.2000000e+01 0.0000000e+00 1.6581364e+04 4.2344660e+06 3.8400000e+03
 2.1600000e+03 1.0000000e+00 2.1280000e+01 7.9900000e-01 2.0300000e+00
 1.1000000e+01 0.0000000e+00 1.1475968e+04 2.9349790e+06 3.8400000e+03
 2.1600000e+03 0.0000000e+00 2.8701000e+01 8.8100000e-01 1.4706000e+01
 1.1000000e+01 0.0000000e+00 1.1588169e+04 2.9347040e+06 3.8400000e+03
 2.1600000e+03 0.0000000e+00 2.3099000e+01 8.5700000e-01 1.2030000e+00
 1.1000000e+01 0.0000000e+00 1.1754357e+04 2.9811990e+06 3.8400000e+03
 2.1600000e+03 0.0000000e+00 2.3434000e+01 8.4500000e-01 3.1620000e+00
 4.4000000e+01]
deleted_idx_col 491
query_origi 24
query_idx 463
deleted_scaled [1.         0.         0.83411185 0.82660971 1.         1.
 1.         0.23646608 0.55813953 0.04356477 0.91666667 0.
 0.57196982 0.56767057 1.         1.         0.         0.26779209
 0.4804878  0.01467765 1.         0.         0.86579768 0.86839803
 1.         1.         1.         0.24844652 0.42574257 0.02938286
 0.91666667 0.         0.57037356 0.5677981  1.         1.
 0.         0.71626161 0.88056206 0.68819764]
deleted_not_scaled [1.2000000e+01 0.0000000e+00 1.6736909e+04 4.2344380e+06 3.8400000e+03
 2.1600000e+03 1.0000000e+00 2.4658000e+01 8.1000000e-01 4.2040000e+00
 1.1000000e+01 0.0000000e+00 1.1581738e+04 2.9345230e+06 3.8400000e+03
 2.1600000e+03 0.0000000e+00 2.2662000e+01 7.8400000e-01 1.3610000e+00
 1.2000000e+01 0.0000000e+00 1.6689663e+04 4.2350020e+06 3.8400000e+03
 2.1600000e+03 1.0000000e+00 2.2666000e+01 7.6300000e-01 2.6610000e+00
 1.1000000e+01 0.0000000e+00 1.1545731e+04 2.9340590e+06 3.8400000e+03
 2.1600000e+03 0.0000000e+00 3.7300000e+01 9.4600000e-01 6.5045000e+01
 8.3000000e+01]
deleted_idx_col 463
query_origi 138
query_idx 566
deleted_scaled [1.         0.         0.88993409 0.8837167  1.         1.
 1.         0.17915979 0.61162791 0.         0.91666667 0.
 0.52519764 0.52230656 1.         1.         0.         0.33555457
 0.70731707 0.01717965 1.         0.         0.873563   0.87794761
 1.         1.         1.         0.34767666 0.75       0.07602442
 1.         0.         0.8197462  0.81770339 1.         1.
 1.         0.23758361 0.66042155 0.01886473]
deleted_not_scaled [1.2000000e+01 0.0000000e+00 1.7835100e+04 4.5211980e+06 3.8400000e+03
 2.1600000e+03 1.0000000e+00 2.1983000e+01 8.3300000e-01 0.0000000e+00
 1.1000000e+01 0.0000000e+00 1.0661802e+04 2.7067650e+06 3.8400000e+03
 2.1600000e+03 0.0000000e+00 2.4950000e+01 8.7700000e-01 1.5930000e+00
 1.2000000e+01 0.0000000e+00 1.6836471e+04 4.2806730e+06 3.8400000e+03
 2.1600000e+03 1.0000000e+00 2.6275000e+01 8.9400000e-01 6.8850000e+00
 1.2000000e+01 0.0000000e+00 1.6453180e+04 4.1893910e+06 3.8400000e+03
 2.1600000e+03 1.0000000e+00 2.1484000e+01 8.5200000e-01 1.7830000e+00
 1.6700000e+02]
deleted_idx_col 566
query_origi 240
query_idx 574
deleted_scaled [0.91666667 0.         0.57000759 0.5697133  1.         1.
 0.         0.02924227 0.2        0.11596891 0.91666667 0.
 0.56505575 0.56565212 1.         1.         0.         0.14295869
 0.38780488 0.02176304 1.         0.         1.         1.
 1.         1.         1.         0.77165246 0.88366337 1.
 0.91666667 0.         0.54587625 0.54175749 1.         1.
 0.         0.08686178 0.52693208 0.11360102]
deleted_not_scaled [1.1000000e+01 0.0000000e+00 1.1541185e+04 2.9444450e+06 3.8400000e+03
 2.1600000e+03 0.0000000e+00 1.4985000e+01 6.5600000e-01 1.1191000e+01
 1.1000000e+01 0.0000000e+00 1.1445749e+04 2.9243890e+06 3.8400000e+03
 2.1600000e+03 0.0000000e+00 1.8447000e+01 7.4600000e-01 2.0180000e+00
 1.2000000e+01 0.0000000e+00 1.9226837e+04 4.8643900e+06 3.8400000e+03
 2.1600000e+03 1.0000000e+00 4.1695000e+01 9.4800000e-01 9.0563000e+01
 1.1000000e+01 0.0000000e+00 1.1063644e+04 2.8032510e+06 3.8400000e+03
 2.1600000e+03 0.0000000e+00 1.6504000e+01 7.9500000e-01 1.0737000e+01
 2.3900000e+02]
deleted_idx_col 574
query_origi 812
query_idx 133
deleted_scaled [1.         0.06425106 0.83882684 0.83840531 1.         1.
 1.         0.02911373 0.18837209 0.11798964 1.         0.24353603
 0.81394855 0.81477355 1.         1.         1.         0.14337332
 0.3804878  0.02266894 1.         0.02986542 1.         1.
 1.         1.         1.         0.77165246 0.88366337 1.
 1.         0.         0.8058257  0.79979121 1.         1.
 1.         0.08680125 0.52459016 0.11470137]
deleted_not_scaled [1.20000000e+01 3.01883015e-01 1.68296670e+04 4.29366900e+06
 3.84000000e+03 2.16000000e+03 1.00000000e+00 1.49790000e+01
 6.51000000e-01 1.13860000e+01 1.20000000e+01 7.99175276e-01
 1.63410840e+04 4.17514700e+06 3.84000000e+03 2.16000000e+03
 1.00000000e+00 1.84610000e+01 7.43000000e-01 2.10200000e+00
 1.20000000e+01 1.46823144e-01 1.92268370e+04 4.86439000e+06
 3.84000000e+03 2.16000000e+03 1.00000000e+00 4.16950000e+01
 9.48000000e-01 9.05630000e+01 1.20000000e+01 0.00000000e+00
 1.61792360e+04 4.09941400e+06 3.84000000e+03 2.16000000e+03
 1.00000000e+00 1.65020000e+01 7.94000000e-01 1.08410000e+01
 2.39000000e+02]
deleted_idx_col 133
query_origi 588
query_idx 512
deleted_scaled [1.         0.         0.82901309 0.82652548 1.         1.
 1.         0.19274192 0.41395349 0.1333057  0.91666667 0.
 0.568473   0.5676393  1.         1.         0.         0.75205094
 0.86097561 0.90601342 0.91666667 0.         0.59103572 0.59639223
 1.         1.         0.         0.12930987 0.20792079 0.11357839
 1.         0.         0.8818089  0.8831312  1.         1.
 1.         0.05456857 0.16627635 0.16620642]
deleted_not_scaled [1.2000000e+01 0.0000000e+00 1.6636601e+04 4.2340150e+06 3.8400000e+03
 2.1600000e+03 1.0000000e+00 2.2617000e+01 7.4800000e-01 1.2864000e+01
 1.1000000e+01 0.0000000e+00 1.1512961e+04 2.9343660e+06 3.8400000e+03
 2.1600000e+03 0.0000000e+00 3.9013000e+01 9.4000000e-01 8.4011000e+01
 1.1000000e+01 0.0000000e+00 1.1495126e+04 2.9341310e+06 3.8400000e+03
 2.1600000e+03 0.0000000e+00 1.8333000e+01 6.7500000e-01 1.0286000e+01
 1.2000000e+01 0.0000000e+00 1.7674523e+04 4.5180500e+06 3.8400000e+03
 2.1600000e+03 1.0000000e+00 1.5437000e+01 6.4100000e-01 1.5709000e+01
 1.3200000e+02]
deleted_idx_col 512
query_origi 128
query_idx 909
deleted_scaled [0.         0.         0.00177802 0.00159934 0.         0.
 0.         0.74395338 0.99302326 0.67647668 0.41666667 0.
 0.07778687 0.07714758 0.18181818 0.17171717 0.         0.70451651
 0.99756098 0.84936264 0.58333333 0.         0.14651206 0.14688933
 0.27272727 0.27272727 0.         1.         1.         0.7411084
 0.58333333 0.         0.14046088 0.13979051 0.27272727 0.27272727
 0.         0.93323447 1.         0.86506904]
deleted_not_scaled [0.000000e+00 0.000000e+00 3.624030e+02 9.168800e+04 3.200000e+02
 1.800000e+02 0.000000e+00 4.834700e+01 9.970000e-01 6.528000e+01
 5.000000e+00 0.000000e+00 1.861927e+03 4.717660e+05 9.600000e+02
 5.200000e+02 0.000000e+00 3.740800e+01 9.960000e-01 7.875800e+01
 7.000000e+00 0.000000e+00 3.091144e+03 7.843780e+05 1.280000e+03
 7.200000e+02 0.000000e+00 5.000000e+01 9.950000e-01 6.711700e+01
 7.000000e+00 0.000000e+00 3.085402e+03 7.840780e+05 1.280000e+03
 7.200000e+02 0.000000e+00 4.446900e+01 9.970000e-01 8.176200e+01
 0.000000e+00]
deleted_idx_col 909
query_origi 531
query_idx 956
deleted_scaled [0.91666667 0.         0.55408038 0.55491161 1.         1.
 0.         0.56423659 0.89767442 0.92324352 1.         0.
 0.79254346 0.78581789 1.         1.         1.         0.11091367
 0.55853659 0.06331557 0.91666667 0.         0.63165619 0.63289188
 1.         1.         0.         0.12719274 0.17821782 0.07808929
 0.91666667 0.         0.5727449  0.56958201 1.         1.
 0.         0.2093157  0.55503513 0.05887954]
deleted_not_scaled [1.1000000e+01 0.0000000e+00 1.1227849e+04 2.8701190e+06 3.8400000e+03
 2.1600000e+03 0.0000000e+00 3.9958000e+01 9.5600000e-01 8.9093000e+01
 1.2000000e+01 0.0000000e+00 1.5920079e+04 4.0297700e+06 3.8400000e+03
 2.1600000e+03 1.0000000e+00 1.7365000e+01 8.1600000e-01 5.8710000e+00
 1.1000000e+01 0.0000000e+00 1.2263080e+04 3.1086910e+06 3.8400000e+03
 2.1600000e+03 0.0000000e+00 1.8256000e+01 6.6300000e-01 7.0720000e+00
 1.1000000e+01 0.0000000e+00 1.1592397e+04 2.9430200e+06 3.8400000e+03
 2.1600000e+03 0.0000000e+00 2.0550000e+01 8.0700000e-01 5.5650000e+00
 2.4800000e+02]
deleted_idx_col 956
query_origi 500
query_idx 90
deleted_scaled [0.91666667 0.21971778 0.57025209 0.56765832 1.         1.
 0.         1.         1.         1.         0.91666667 0.07854106
 0.57076489 0.5690644  1.         1.         0.         1.
 0.56829268 0.39120635 0.83333333 0.         0.44177928 0.44510939
 0.63636364 0.63636364 0.         0.14118779 0.37623762 0.05761735
 0.83333333 0.         0.35907899 0.35909438 0.63636364 0.63636364
 0.         0.03973851 0.44496487 0.16303232]
deleted_not_scaled [1.10000000e+01 1.03234195e+00 1.15459950e+04 2.93412600e+06
 3.84000000e+03 2.16000000e+03 0.00000000e+00 6.02990000e+01
 1.00000000e+00 9.65000000e+01 1.10000000e+01 2.57736305e-01
 1.15580390e+04 2.94152100e+06 3.84000000e+03 2.16000000e+03
 0.00000000e+00 4.73850000e+01 8.20000000e-01 3.62750000e+01
 1.00000000e+01 0.00000000e+00 8.67334500e+03 2.21061900e+06
 2.56000000e+03 1.44000000e+03 0.00000000e+00 1.87650000e+01
 7.43000000e-01 5.21800000e+00 1.00000000e+01 0.00000000e+00
 7.38762700e+03 1.88569200e+06 2.56000000e+03 1.44000000e+03
 0.00000000e+00 1.49470000e+01 7.60000000e-01 1.54090000e+01
 3.00000000e+00]
deleted_idx_col 90
query_origi 393
query_idx 644
deleted_scaled [1.         0.         0.84942477 0.84475686 1.         1.
 1.         0.05490692 0.4        0.01918135 1.         0.
 0.81720118 0.81394478 1.         1.         1.         0.82508515
 0.91707317 0.87264629 0.91666667 0.         0.58312113 0.58692357
 1.         1.         0.         0.21836679 0.5        0.02188532
 1.         0.         0.80826757 0.80746456 1.         1.
 1.         0.23122787 0.49180328 0.02946622]
deleted_not_scaled [1.2000000e+01 0.0000000e+00 1.7038160e+04 4.3255630e+06 3.8400000e+03
 2.1600000e+03 1.0000000e+00 1.6183000e+01 7.4200000e-01 1.8510000e+00
 1.2000000e+01 0.0000000e+00 1.6405058e+04 4.1709860e+06 3.8400000e+03
 2.1600000e+03 1.0000000e+00 4.1479000e+01 9.6300000e-01 8.0917000e+01
 1.1000000e+01 0.0000000e+00 1.1345496e+04 2.8888470e+06 3.8400000e+03
 2.1600000e+03 0.0000000e+00 2.1572000e+01 7.9300000e-01 1.9820000e+00
 1.2000000e+01 0.0000000e+00 1.6227290e+04 4.1379590e+06 3.8400000e+03
 2.1600000e+03 1.0000000e+00 2.1274000e+01 7.8000000e-01 2.7850000e+00
 1.5300000e+02]
deleted_idx_col 644
query_origi 699
query_idx 423
deleted_scaled [1.         0.30732055 0.81399164 0.81480217 1.         1.
 1.         0.10370831 0.40232558 0.02178238 1.         0.17325371
 0.96066848 0.95205446 1.         1.         1.         0.8314823
 0.8804878  0.97667321 1.         0.06623682 0.83879895 0.84004724
 1.         1.         1.         0.07896618 0.50247525 0.11970672
 1.         0.         0.73262966 0.72823488 1.         1.
 1.         0.19878333 0.31147541 0.02644025]
deleted_not_scaled [1.20000000e+01 1.44394272e+00 1.63410840e+04 4.17514700e+06
 3.84000000e+03 2.16000000e+03 1.00000000e+00 1.84610000e+01
 7.43000000e-01 2.10200000e+00 1.20000000e+01 5.68540445e-01
 1.92268370e+04 4.86439000e+06 3.84000000e+03 2.16000000e+03
 1.00000000e+00 4.16950000e+01 9.48000000e-01 9.05630000e+01
 1.20000000e+01 3.25630708e-01 1.61792360e+04 4.09941400e+06
 3.84000000e+03 2.16000000e+03 1.00000000e+00 1.65020000e+01
 7.94000000e-01 1.08410000e+01 1.20000000e+01 0.00000000e+00
 1.47387980e+04 3.73997000e+06 3.84000000e+03 2.16000000e+03
 1.00000000e+00 2.02020000e+01 7.03000000e-01 2.49900000e+00
 2.40000000e+02]
deleted_idx_col 423
query_origi 16
query_idx 528
deleted_scaled [0.33333333 0.         0.04267833 0.04240128 0.09090909 0.09090909
 0.         0.48062298 0.97906977 0.50648705 0.66666667 0.
 0.20648412 0.20587606 0.45454545 0.45454545 0.         0.94266252
 0.5804878  0.57192158 0.75       0.         0.28908085 0.29125991
 0.45454545 0.45454545 0.         0.14146274 0.38366337 0.36045626
 0.83333333 0.         0.35907899 0.35909438 0.63636364 0.63636364
 0.         0.03973851 0.44496487 0.16303232]
deleted_not_scaled [4.000000e+00 0.000000e+00 1.167035e+03 2.965730e+05 6.400000e+02
 3.600000e+02 0.000000e+00 3.605500e+01 9.910000e-01 4.887600e+01
 8.000000e+00 0.000000e+00 4.393202e+03 1.118070e+06 1.920000e+03
 1.080000e+03 0.000000e+00 4.544900e+01 8.250000e-01 5.303200e+01
 9.000000e+00 0.000000e+00 5.786491e+03 1.474832e+06 1.920000e+03
 1.080000e+03 0.000000e+00 1.877500e+01 7.460000e-01 3.264400e+01
 1.000000e+01 0.000000e+00 7.387627e+03 1.885692e+06 2.560000e+03
 1.440000e+03 0.000000e+00 1.494700e+01 7.600000e-01 1.540900e+01
 3.000000e+00]
deleted_idx_col 528
query_origi 55
query_idx 538
deleted_scaled [1.         0.         0.72983448 0.72617442 1.         1.
 1.         0.04406693 0.15348837 0.08377202 1.         0.
 0.80238597 0.79958974 1.         1.         1.         0.15400563
 0.07560976 0.09303755 0.91666667 0.         0.59234787 0.59651183
 1.         1.         0.         0.1737421  0.12376238 0.09514923
 1.         0.         0.83887743 0.83846254 1.         1.
 1.         0.040707   0.18969555 0.12046765]
deleted_not_scaled [1.2000000e+01 0.0000000e+00 1.4685460e+04 3.7301070e+06 3.8400000e+03
 2.1600000e+03 1.0000000e+00 1.5677000e+01 6.3600000e-01 8.0840000e+00
 1.2000000e+01 0.0000000e+00 1.6113666e+04 4.0989140e+06 3.8400000e+03
 2.1600000e+03 1.0000000e+00 1.8820000e+01 6.1800000e-01 8.6270000e+00
 1.1000000e+01 0.0000000e+00 1.1519933e+04 2.9347030e+06 3.8400000e+03
 2.1600000e+03 0.0000000e+00 1.9949000e+01 6.4100000e-01 8.6170000e+00
 1.2000000e+01 0.0000000e+00 1.6829667e+04 4.2936690e+06 3.8400000e+03
 2.1600000e+03 1.0000000e+00 1.4979000e+01 6.5100000e-01 1.1386000e+01
 2.3600000e+02]
deleted_idx_col 538
query_origi 835
query_idx 206
deleted_scaled [1.         0.1290645  0.84926373 0.84841317 1.         1.
 1.         0.61413055 0.92093023 0.77       1.         0.13462823
 0.83248962 0.83291573 1.         1.         1.         0.33987857
 0.78536585 0.07772362 1.         0.12302871 0.81253047 0.82152455
 1.         1.         1.         0.68199065 0.80940594 0.81206453
 1.         0.         0.83331028 0.82665719 1.         1.
 1.         0.15577616 0.42388759 0.03134952]
deleted_not_scaled [1.20000000e+01 6.06408352e-01 1.70349920e+04 4.34392300e+06
 3.84000000e+03 2.16000000e+03 1.00000000e+00 4.22870000e+01
 9.66000000e-01 7.43050000e+01 1.20000000e+01 4.41789066e-01
 1.67057580e+04 4.26623300e+06 3.84000000e+03 2.16000000e+03
 1.00000000e+00 2.50960000e+01 9.09000000e-01 7.20700000e+00
 1.20000000e+01 6.04828658e-01 1.56826150e+04 4.01082900e+06
 3.84000000e+03 2.16000000e+03 1.00000000e+00 3.84340000e+01
 9.18000000e-01 7.35430000e+01 1.20000000e+01 0.00000000e+00
 1.67201100e+04 4.23436800e+06 3.84000000e+03 2.16000000e+03
 1.00000000e+00 1.87810000e+01 7.51000000e-01 2.96300000e+00
 1.86000000e+02]
deleted_idx_col 206
query_origi 663
query_idx 99
deleted_scaled [0.33333333 0.         0.04698002 0.04677751 0.09090909 0.09090909
 0.         0.48312946 0.79767442 0.66814508 0.33333333 0.
 0.03804403 0.03802177 0.09090909 0.09090909 0.         0.15412409
 0.35365854 0.3700688  0.33333333 0.3068243  0.04455661 0.04498368
 0.09090909 0.09090909 0.         0.09103657 0.35148515 0.33052129
 0.33333333 0.         0.0431797  0.04329007 0.09090909 0.09090909
 0.         0.04397567 0.38407494 0.20538539]
deleted_not_scaled [4.00000000e+00 0.00000000e+00 1.25166200e+03 3.18548000e+05
 6.40000000e+02 3.60000000e+02 0.00000000e+00 3.61720000e+01
 9.13000000e-01 6.44760000e+01 4.00000000e+00 0.00000000e+00
 1.08024700e+03 2.75328000e+05 6.40000000e+02 3.60000000e+02
 0.00000000e+00 1.88240000e+01 7.32000000e-01 3.43150000e+01
 4.00000000e+00 1.50839697e+00 1.16361600e+03 2.97013000e+05
 6.40000000e+02 3.60000000e+02 0.00000000e+00 1.69410000e+01
 7.33000000e-01 2.99330000e+01 4.00000000e+00 0.00000000e+00
 1.17098800e+03 2.99334000e+05 6.40000000e+02 3.60000000e+02
 0.00000000e+00 1.50870000e+01 7.34000000e-01 1.94120000e+01
 2.60000000e+02]
deleted_idx_col 99
query_origi 662
query_idx 971
deleted_scaled [0.91666667 0.         0.57153344 0.56951017 1.         1.
 0.         0.23526639 0.69534884 0.06897409 1.         0.
 0.89347191 0.89169526 1.         1.         1.         0.31186139
 0.66829268 0.05452624 1.         0.         0.80576449 0.81265138
 1.         1.         1.         0.42320594 0.74009901 0.12777845
 1.         0.         0.76634784 0.76712001 1.         1.
 1.         0.3713568  0.66276347 0.17403587]
deleted_not_scaled [1.1000000e+01 0.0000000e+00 1.1571203e+04 2.9434250e+06 3.8400000e+03
 2.1600000e+03 0.0000000e+00 2.4602000e+01 8.6900000e-01 6.6560000e+00
 1.2000000e+01 0.0000000e+00 1.7905185e+04 4.5613460e+06 3.8400000e+03
 2.1600000e+03 1.0000000e+00 2.4150000e+01 8.6100000e-01 5.0560000e+00
 1.2000000e+01 0.0000000e+00 1.5554700e+04 3.9683930e+06 3.8400000e+03
 2.1600000e+03 1.0000000e+00 2.9022000e+01 8.9000000e-01 1.1572000e+01
 1.2000000e+01 0.0000000e+00 1.5402344e+04 3.9352990e+06 3.8400000e+03
 2.1600000e+03 1.0000000e+00 2.5904000e+01 8.5300000e-01 1.6449000e+01
 6.4000000e+01]
deleted_idx_col 971
query_origi 915
query_idx 136
deleted_scaled [1.         0.13702574 0.73168158 0.72984487 1.         1.
 1.         0.13072259 0.54418605 0.02379275 1.         0.1752333
 0.84922882 0.84838974 1.         1.         1.         0.84901525
 0.92439024 0.80133943 1.         0.08607532 0.86664902 0.87492828
 1.         1.         1.         0.31525983 0.78712871 0.07957996
 1.         0.         0.78058984 0.78215615 1.         1.
 1.         0.75058261 0.81498829 0.77810929]
deleted_not_scaled [1.20000000e+01 6.43814147e-01 1.47217980e+04 3.74853800e+06
 3.84000000e+03 2.16000000e+03 1.00000000e+00 1.97220000e+01
 8.04000000e-01 2.29600000e+00 1.20000000e+01 5.75036547e-01
 1.70349920e+04 4.34392300e+06 3.84000000e+03 2.16000000e+03
 1.00000000e+00 4.22870000e+01 9.66000000e-01 7.43050000e+01
 1.20000000e+01 4.23159964e-01 1.67057580e+04 4.26623300e+06
 3.84000000e+03 2.16000000e+03 1.00000000e+00 2.50960000e+01
 9.09000000e-01 7.20700000e+00 1.20000000e+01 0.00000000e+00
 1.56826150e+04 4.01082900e+06 3.84000000e+03 2.16000000e+03
 1.00000000e+00 3.84340000e+01 9.18000000e-01 7.35430000e+01
 1.85000000e+02]
deleted_idx_col 136
query_origi 444
query_idx 252
deleted_scaled [1.         0.03074584 0.90113629 0.89888741 1.         1.
 1.         0.39818762 0.85116279 0.64818653 1.         0.06277161
 0.80491856 0.80412558 1.         1.         1.         0.37885384
 0.74634146 0.10037099 1.         0.48443365 0.86114551 0.86937241
 1.         1.         1.         0.32095133 0.72524752 0.0187825
 1.         0.         0.82152747 0.82317297 1.         1.
 1.         0.33410006 0.71662763 0.00300481]
deleted_not_scaled [1.20000000e+01 1.44459029e-01 1.80554810e+04 4.59737700e+06
 3.84000000e+03 2.16000000e+03 1.00000000e+00 3.22070000e+01
 9.36000000e-01 6.25500000e+01 1.20000000e+01 2.05988070e-01
 1.61634780e+04 4.12168700e+06 3.84000000e+03 2.16000000e+03
 1.00000000e+00 2.64120000e+01 8.93000000e-01 9.30700000e+00
 1.20000000e+01 2.38155277e+00 1.66017110e+04 4.23966200e+06
 3.84000000e+03 2.16000000e+03 1.00000000e+00 2.53030000e+01
 8.84000000e-01 1.70100000e+00 1.20000000e+01 0.00000000e+00
 1.64882340e+04 4.21686600e+06 3.84000000e+03 2.16000000e+03
 1.00000000e+00 2.46730000e+01 8.76000000e-01 2.84000000e-01
 7.20000000e+01]
deleted_idx_col 252
query_origi 230
query_idx 321
deleted_scaled [1.         0.03375549 0.82726094 0.82725813 1.         1.
 1.         0.35780544 0.65581395 0.62954404 1.         0.25879131
 0.86086248 0.86216039 1.         1.         1.         0.31298682
 0.35853659 0.32488191 1.         0.1888167  0.8814356  0.88186459
 1.         1.         1.         0.08405279 0.09653465 0.13379636
 1.         0.         0.83517672 0.82934291 1.         1.
 1.         0.040707   0.         0.03547585]
deleted_not_scaled [1.20000000e+01 1.58599869e-01 1.66021310e+04 4.23769400e+06
 3.84000000e+03 2.16000000e+03 1.00000000e+00 3.03220000e+01
 8.52000000e-01 6.07510000e+01 1.20000000e+01 8.49236209e-01
 1.72638080e+04 4.41306100e+06 3.84000000e+03 2.16000000e+03
 1.00000000e+00 2.41880000e+01 7.34000000e-01 3.01250000e+01
 1.20000000e+01 9.28252873e-01 1.69853070e+04 4.29940600e+06
 3.84000000e+03 2.16000000e+03 1.00000000e+00 1.66870000e+01
 6.30000000e-01 1.21170000e+01 1.20000000e+01 0.00000000e+00
 1.67568400e+04 4.24785900e+06 3.84000000e+03 2.16000000e+03
 1.00000000e+00 1.49790000e+01 5.70000000e-01 3.35300000e+00
 2.10000000e+01]
deleted_idx_col 321
query_origi 43
query_idx 9
deleted_scaled [1.         0.07339868 0.91099752 0.9032732  1.         1.
 1.         0.20349622 0.44883721 0.01954404 1.         0.17645214
 0.75532888 0.75004979 1.         1.         1.         0.27575892
 0.4        0.02995923 1.         0.76382005 0.86529905 0.86833384
 1.         1.         1.         0.4805609  0.69059406 0.4244559
 1.         0.         0.8909513  0.88739956 1.         1.
 1.         0.31031143 0.44496487 0.00627414]
deleted_not_scaled [1.20000000e+01 3.44862994e-01 1.82494810e+04 4.61940000e+06
 3.84000000e+03 2.16000000e+03 1.00000000e+00 2.31190000e+01
 7.63000000e-01 1.88600000e+00 1.20000000e+01 5.79036254e-01
 1.51881260e+04 3.85019000e+06 3.84000000e+03 2.16000000e+03
 1.00000000e+00 2.29310000e+01 7.51000000e-01 2.77800000e+00
 1.20000000e+01 3.75506067e+00 1.66802360e+04 4.23469500e+06
 3.84000000e+03 2.16000000e+03 1.00000000e+00 3.11080000e+01
 8.70000000e-01 3.84400000e+01 1.20000000e+01 0.00000000e+00
 1.78544380e+04 4.53949100e+06 3.84000000e+03 2.16000000e+03
 1.00000000e+00 2.38870000e+01 7.60000000e-01 5.93000000e-01
 1.21000000e+02]
deleted_idx_col 9
query_origi 673
query_idx 120
deleted_scaled [1.         0.5972508  0.74957697 0.7506986  1.         1.
 1.         0.03065618 0.33488372 0.00432124 1.         0.32004784
 0.83226825 0.82520959 1.         1.         1.         0.34201096
 0.60487805 0.00143433 1.         0.10205953 0.86653995 0.86826944
 1.         1.         1.         0.45444047 0.68564356 0.28951117
 1.         0.         0.89262551 0.88773182 1.         1.
 1.         0.27266124 0.71662763 0.00135428]
deleted_not_scaled [1.20000000e+01 2.80617727e+00 1.50738540e+04 3.85325400e+06
 3.84000000e+03 2.16000000e+03 1.00000000e+00 1.50510000e+01
 7.14000000e-01 4.17000000e-01 1.20000000e+01 1.05025247e+00
 1.67014040e+04 4.22754300e+06 3.84000000e+03 2.16000000e+03
 1.00000000e+00 2.51680000e+01 8.35000000e-01 1.33000000e-01
 1.20000000e+01 5.01740855e-01 1.67036960e+04 4.23438700e+06
 3.84000000e+03 2.16000000e+03 1.00000000e+00 3.01580000e+01
 8.68000000e-01 2.62190000e+01 1.20000000e+01 0.00000000e+00
 1.78873850e+04 4.54116000e+06 3.84000000e+03 2.16000000e+03
 1.00000000e+00 2.26430000e+01 8.76000000e-01 1.28000000e-01
 2.63000000e+02]
deleted_idx_col 120
query_origi 628
query_idx 525
deleted_scaled [0.66666667 0.         0.20948561 0.20770088 0.45454545 0.45454545
 0.         0.06064826 0.22790698 0.08643523 0.66666667 0.
 0.20208505 0.20084686 0.45454545 0.45454545 0.         0.05520509
 0.35121951 0.00136963 0.66666667 0.         0.21385119 0.21477876
 0.45454545 0.45454545 0.         0.14281001 0.40594059 0.05047315
 0.66666667 0.         0.20809333 0.20745293 0.45454545 0.45454545
 0.         0.05695954 0.33957845 0.05611808]
deleted_not_scaled [8.000000e+00 0.000000e+00 4.448635e+03 1.126617e+06 1.920000e+03
 1.080000e+03 0.000000e+00 1.645100e+01 6.680000e-01 8.341000e+00
 8.000000e+00 0.000000e+00 4.306679e+03 1.092820e+06 1.920000e+03
 1.080000e+03 0.000000e+00 1.548400e+01 7.310000e-01 1.270000e-01
 8.000000e+00 0.000000e+00 4.364230e+03 1.109060e+06 1.920000e+03
 1.080000e+03 0.000000e+00 1.882400e+01 7.550000e-01 4.571000e+00
 8.000000e+00 0.000000e+00 4.416353e+03 1.123962e+06 1.920000e+03
 1.080000e+03 0.000000e+00 1.551600e+01 7.150000e-01 5.304000e+00
 1.440000e+02]
deleted_idx_col 525
query_origi 462
query_idx 825
deleted_scaled [0.5        0.         0.10751983 0.10720126 0.27272727 0.27272727
 0.         0.15932218 0.33488372 0.26926425 0.08333333 0.
 0.0087978  0.00883287 0.01818182 0.01818182 0.         0.38921961
 0.55853659 0.         0.5        0.         0.11516504 0.11629432
 0.27272727 0.27272727 0.         0.11498488 0.38861386 0.4302861
 0.41666667 0.         0.07323318 0.07343083 0.18181818 0.17171717
 0.         0.25292818 0.63466042 0.22458869]
deleted_not_scaled [6.000000e+00 0.000000e+00 2.442662e+03 6.219630e+05 1.280000e+03
 7.200000e+02 0.000000e+00 2.105700e+01 7.140000e-01 2.598400e+01
 1.000000e+00 0.000000e+00 5.050190e+02 1.287800e+05 3.840000e+02
 2.160000e+02 0.000000e+00 2.676200e+01 8.160000e-01 0.000000e+00
 6.000000e+00 0.000000e+00 2.498510e+03 6.380570e+05 1.280000e+03
 7.200000e+02 0.000000e+00 1.781200e+01 7.480000e-01 3.896800e+01
 5.000000e+00 0.000000e+00 1.762416e+03 4.507380e+05 9.600000e+02
 5.200000e+02 0.000000e+00 2.199100e+01 8.410000e-01 2.122700e+01
 2.830000e+02]
deleted_idx_col 825
query_origi 924
query_idx 137
deleted_scaled [1.00000000e+00 8.70172709e-02 8.06616356e-01 8.00565653e-01
 1.00000000e+00 1.00000000e+00 1.00000000e+00 9.60817498e-02
 5.09302326e-01 4.35233161e-04 1.00000000e+00 1.00000000e+00
 8.51369048e-01 8.46276079e-01 1.00000000e+00 1.00000000e+00
 1.00000000e+00 2.44069303e-01 6.07317073e-01 6.25498781e-04
 1.00000000e+00 6.34026088e-02 9.12655992e-01 9.16779299e-01
 1.00000000e+00 1.00000000e+00 1.00000000e+00 2.52213363e-01
 7.15346535e-01 0.00000000e+00 1.00000000e+00 0.00000000e+00
 8.70025326e-01 8.67424174e-01 1.00000000e+00 1.00000000e+00
 1.00000000e+00 2.02263854e-01 6.04215457e-01 1.98487013e-02]
deleted_not_scaled [1.20000000e+01 4.08849832e-01 1.61959900e+04 4.10365900e+06
 3.84000000e+03 2.16000000e+03 1.00000000e+00 1.81050000e+01
 7.89000000e-01 4.20000000e-02 1.20000000e+01 3.28154840e+00
 1.70770870e+04 4.33331100e+06 3.84000000e+03 2.16000000e+03
 1.00000000e+00 2.18610000e+01 8.36000000e-01 5.80000000e-02
 1.20000000e+01 3.11697293e-01 1.75755470e+04 4.46638600e+06
 3.84000000e+03 2.16000000e+03 1.00000000e+00 2.28030000e+01
 8.80000000e-01 0.00000000e+00 1.20000000e+01 0.00000000e+00
 1.74426320e+04 4.43915000e+06 3.84000000e+03 2.16000000e+03
 1.00000000e+00 2.03170000e+01 8.28000000e-01 1.87600000e+00
 2.12000000e+02]
deleted_idx_col 137
query_origi 314
query_idx 285
deleted_scaled [1.         0.11657769 0.86343681 0.86084862 1.         1.
 1.         0.1373637  0.49767442 0.03002073 1.         0.1872807
 0.79338125 0.79220348 1.         1.         1.         0.19958537
 0.42926829 0.08076483 1.         0.12093879 0.86000447 0.86822051
 1.         1.         1.         0.24363486 0.57425743 0.21731833
 1.         0.         0.82510531 0.82675772 1.         1.
 1.         0.86313974 0.92271663 1.        ]
deleted_not_scaled [1.20000000e+01 5.47739179e-01 1.73138190e+04 4.40636700e+06
 3.84000000e+03 2.16000000e+03 1.00000000e+00 2.00320000e+01
 7.84000000e-01 2.89700000e+00 1.20000000e+01 6.14570693e-01
 1.59365570e+04 4.06183000e+06 3.84000000e+03 2.16000000e+03
 1.00000000e+00 2.03590000e+01 7.63000000e-01 7.48900000e+00
 1.20000000e+01 5.94554275e-01 1.65801390e+04 4.23415300e+06
 3.84000000e+03 2.16000000e+03 1.00000000e+00 2.24910000e+01
 8.23000000e-01 1.96810000e+01 1.20000000e+01 0.00000000e+00
 1.65586430e+04 4.23487300e+06 3.84000000e+03 2.16000000e+03
 1.00000000e+00 4.21530000e+01 9.64000000e-01 9.45150000e+01
 8.70000000e+01]
deleted_idx_col 285
query_origi 756
query_idx 19
deleted_scaled [1.         0.31695068 0.83632016 0.83381122 1.         1.
 1.         0.72317316 0.57906977 0.37598964 1.         0.19686446
 0.94830237 0.94688763 1.         1.         1.         0.15213979
 0.36829268 0.05822531 1.         0.23782077 0.73190416 0.73853134
 1.         1.         1.         0.03621116 0.40841584 0.17934477
 1.         0.         0.8317718  0.83302181 1.         1.
 1.         0.08849611 0.56674473 0.50249167]
deleted_not_scaled [1.20000000e+01 1.48918978e+00 1.67803530e+04 4.27060000e+06
 3.84000000e+03 2.16000000e+03 1.00000000e+00 4.73770000e+01
 8.19000000e-01 3.62830000e+01 1.20000000e+01 6.46020246e-01
 1.89836150e+04 4.83844900e+06 3.84000000e+03 2.16000000e+03
 1.00000000e+00 1.87570000e+01 7.38000000e-01 5.39900000e+00
 1.20000000e+01 1.16916468e+00 1.41583270e+04 3.61391300e+06
 3.84000000e+03 2.16000000e+03 1.00000000e+00 1.49470000e+01
 7.56000000e-01 1.62420000e+01 1.20000000e+01 0.00000000e+00
 1.66898340e+04 4.26633900e+06 3.84000000e+03 2.16000000e+03
 1.00000000e+00 1.65580000e+01 8.12000000e-01 4.74930000e+01
 4.00000000e+00]
deleted_idx_col 19
query_origi 264
query_idx 33
deleted_scaled [0.5        0.         0.10804705 0.10754399 0.27272727 0.27272727
 0.         0.37447246 0.75348837 0.40956477 0.5        0.
 0.10736242 0.10711247 0.27272727 0.27272727 0.         0.24344736
 0.60487805 0.17878481 0.5        0.63061068 0.11194858 0.11285617
 0.27272727 0.27272727 0.         0.18578499 0.5519802  0.20327286
 0.58333333 0.         0.13976451 0.13986158 0.27272727 0.27272727
 0.         0.22829212 0.55269321 0.01657938]
deleted_not_scaled [6.00000000e+00 0.00000000e+00 2.45303400e+03 6.23684000e+05
 1.28000000e+03 7.20000000e+02 0.00000000e+00 3.11000000e+01
 8.94000000e-01 3.95230000e+01 6.00000000e+00 0.00000000e+00
 2.44363200e+03 6.22210000e+05 1.28000000e+03 7.20000000e+02
 0.00000000e+00 2.18400000e+01 8.35000000e-01 1.65780000e+01
 6.00000000e+00 3.10018225e+00 2.43770100e+03 6.21614000e+05
 1.28000000e+03 7.20000000e+02 0.00000000e+00 2.03870000e+01
 8.14000000e-01 1.84090000e+01 7.00000000e+00 0.00000000e+00
 3.07169800e+03 7.84435000e+05 1.28000000e+03 7.20000000e+02
 0.00000000e+00 2.11770000e+01 8.06000000e-01 1.56700000e+00
 4.10000000e+01]
deleted_idx_col 33
query_origi 108
query_idx 657
deleted_scaled [0.33333333 0.         0.03623478 0.03596012 0.09090909 0.09090909
 0.         0.07671544 0.34418605 0.25363731 0.41666667 0.
 0.07739376 0.07712667 0.18181818 0.17171717 0.         0.32664001
 0.48536585 0.37144922 0.41666667 0.         0.08091051 0.08147204
 0.18181818 0.17171717 0.         0.17618917 0.23267327 0.31625498
 0.41666667 0.         0.0776136  0.0775897  0.18181818 0.17171717
 0.         0.10444599 0.14285714 0.25844575]
deleted_not_scaled [4.000000e+00 0.000000e+00 1.040271e+03 2.642290e+05 6.400000e+02
 3.600000e+02 0.000000e+00 1.720100e+01 7.180000e-01 2.447600e+01
 5.000000e+00 0.000000e+00 1.854195e+03 4.716610e+05 9.600000e+02
 5.200000e+02 0.000000e+00 2.464900e+01 7.860000e-01 3.444300e+01
 5.000000e+00 0.000000e+00 1.850908e+03 4.715190e+05 9.600000e+02
 5.200000e+02 0.000000e+00 2.003800e+01 6.850000e-01 2.864100e+01
 5.000000e+00 0.000000e+00 1.848619e+03 4.716290e+05 9.600000e+02
 5.200000e+02 0.000000e+00 1.708500e+01 6.310000e-01 2.442700e+01
 1.080000e+02]
deleted_idx_col 657
query_origi 3
query_idx 579
deleted_scaled [0.         0.         0.00202364 0.00198907 0.         0.
 0.         0.04552368 0.23023256 0.06009326 0.33333333 0.
 0.04218782 0.04230387 0.09090909 0.09090909 0.         0.6339997
 0.81219512 0.65680607 0.         0.         0.00227737 0.00237072
 0.         0.         0.         0.10266703 0.17326733 0.02467895
 0.5        0.         0.11329918 0.11230481 0.27272727 0.27272727
 0.         0.08559063 0.23653396 0.3277046 ]
deleted_not_scaled [0.000000e+00 0.000000e+00 3.672350e+02 9.364500e+04 3.200000e+02
 1.800000e+02 0.000000e+00 1.574500e+01 6.690000e-01 5.799000e+00
 4.000000e+00 0.000000e+00 1.161749e+03 2.968270e+05 6.400000e+02
 3.600000e+02 0.000000e+00 3.502700e+01 9.200000e-01 6.090300e+01
 0.000000e+00 0.000000e+00 3.643020e+02 9.321600e+04 3.200000e+02
 1.800000e+02 0.000000e+00 1.736400e+01 6.610000e-01 2.235000e+00
 6.000000e+00 0.000000e+00 2.550882e+03 6.460110e+05 1.280000e+03
 7.200000e+02 0.000000e+00 1.646200e+01 6.710000e-01 3.097300e+01
 1.410000e+02]
deleted_idx_col 579
