query_origi 8
query_idx 12
deleted_scaled [1.66666667e-01 0.00000000e+00 1.81388678e-02 1.81228457e-02
 5.45454545e-02 5.45454545e-02 0.00000000e+00 5.45834315e-01
 8.81395349e-01 5.06466321e-01 8.33333333e-02 4.45394773e-01
 8.67475709e-03 8.77252386e-03 1.81818182e-02 1.81818182e-02
 0.00000000e+00 3.05641937e-01 7.53658537e-01 0.00000000e+00
 8.33333333e-02 0.00000000e+00 1.12787805e-02 1.11681894e-02
 1.81818182e-02 1.81818182e-02 0.00000000e+00 2.25570525e-01
 7.10396040e-01 0.00000000e+00 0.00000000e+00 0.00000000e+00
 1.92873890e-03 1.82750903e-03 0.00000000e+00 0.00000000e+00
 0.00000000e+00 2.79561757e-01 7.21311475e-01 2.11606623e-05]
deleted_not_scaled [2.00000000e+00 0.00000000e+00 6.84270000e+02 1.74660000e+05
 5.12000000e+02 2.88000000e+02 0.00000000e+00 3.90990000e+01
 9.49000000e-01 4.88740000e+01 1.00000000e+00 1.46158451e+00
 5.02599000e+02 1.28477000e+05 3.84000000e+02 2.16000000e+02
 0.00000000e+00 2.39400000e+01 8.96000000e-01 0.00000000e+00
 1.00000000e+00 0.00000000e+00 5.34479000e+02 1.35290000e+05
 3.84000000e+02 2.16000000e+02 0.00000000e+00 2.18340000e+01
 8.78000000e-01 0.00000000e+00 0.00000000e+00 0.00000000e+00
 3.59203000e+02 9.10580000e+04 3.20000000e+02 1.80000000e+02
 0.00000000e+00 2.28710000e+01 8.78000000e-01 2.00000000e-03
 2.77000000e+02]
deleted_idx_col 12
query_origi 634
query_idx 96
deleted_scaled [1.         0.06823407 0.83214581 0.82673936 1.         1.
 1.         0.31262452 0.58372093 0.07807254 1.         0.16071157
 0.83067575 0.82653571 1.         1.         1.         0.36306827
 0.48292683 0.00786187 1.         0.13351528 0.86354877 0.86831774
 1.         1.         1.         0.15515535 0.34405941 0.07892848
 1.         0.         0.8283464  0.82669601 1.         1.
 1.         0.25550074 0.54098361 0.13796752]
deleted_not_scaled [1.20000000e+01 3.20597144e-01 1.66982310e+04 4.23508900e+06
 3.84000000e+03 2.16000000e+03 1.00000000e+00 2.82130000e+01
 8.21000000e-01 7.53400000e+00 1.20000000e+01 5.27382807e-01
 1.66700820e+04 4.23420100e+06 3.84000000e+03 2.16000000e+03
 1.00000000e+00 2.58790000e+01 7.85000000e-01 7.29000000e-01
 1.20000000e+01 6.56382343e-01 1.66471460e+04 4.23461800e+06
 3.84000000e+03 2.16000000e+03 1.00000000e+00 1.92730000e+01
 7.30000000e-01 7.14800000e+00 1.20000000e+01 0.00000000e+00
 1.66224250e+04 4.23456300e+06 3.84000000e+03 2.16000000e+03
 1.00000000e+00 2.20760000e+01 8.01000000e-01 1.30400000e+01
 7.70000000e+01]
deleted_idx_col 96
query_origi 424
query_idx 447
deleted_scaled [0.41666667 0.         0.07626492 0.07624986 0.18181818 0.17171717
 0.         0.05998415 0.26976744 0.00592746 0.41666667 0.
 0.07720106 0.07739535 0.18181818 0.17171717 0.         0.18311861
 0.26829268 0.01847378 0.5        0.         0.11298563 0.11293814
 0.27272727 0.27272727 0.         0.10478416 0.43811881 0.22693595
 0.58333333 0.         0.14092483 0.13986735 0.27272727 0.27272727
 0.         0.20120456 0.70257611 0.13476168]
deleted_not_scaled [5.000000e+00 0.000000e+00 1.827784e+03 4.665420e+05 9.600000e+02
 5.200000e+02 0.000000e+00 1.642000e+01 6.860000e-01 5.720000e-01
 5.000000e+00 0.000000e+00 1.850405e+03 4.730100e+05 9.600000e+02
 5.200000e+02 0.000000e+00 1.980300e+01 6.970000e-01 1.713000e+00
 6.000000e+00 0.000000e+00 2.457307e+03 6.220060e+05 1.280000e+03
 7.200000e+02 0.000000e+00 1.744100e+01 7.680000e-01 2.055200e+01
 7.000000e+00 0.000000e+00 3.094532e+03 7.844640e+05 1.280000e+03
 7.200000e+02 0.000000e+00 2.028200e+01 8.700000e-01 1.273700e+01
 1.490000e+02]
deleted_idx_col 447
query_origi 830
query_idx 565
deleted_scaled [0.25       0.         0.03174126 0.03160699 0.05454545 0.05454545
 0.         0.12817327 0.60930233 0.16746114 0.16666667 0.
 0.01596186 0.01598948 0.05454545 0.05454545 0.         0.18122316
 0.60487805 0.19491836 0.25       0.         0.02733086 0.02764635
 0.05454545 0.05454545 0.         0.17970855 0.63118812 0.1939313
 0.25       0.         0.02889511 0.02902912 0.05454545 0.05454545
 0.         0.30292667 0.67213115 0.24516743]
deleted_not_scaled [3.00000e+00 0.00000e+00 9.51870e+02 2.42370e+05 5.12000e+02 2.88000e+02
 0.00000e+00 1.96030e+01 8.32000e-01 1.61600e+01 2.00000e+00 0.00000e+00
 6.45925e+02 1.64711e+05 5.12000e+02 2.88000e+02 0.00000e+00 1.97390e+01
 8.35000e-01 1.80740e+01 3.00000e+00 0.00000e+00 8.37953e+02 2.14097e+05
 5.12000e+02 2.88000e+02 0.00000e+00 2.01660e+01 8.46000e-01 1.75630e+01
 3.00000e+00 0.00000e+00 8.89879e+02 2.27698e+05 5.12000e+02 2.88000e+02
 0.00000e+00 2.36430e+01 8.57000e-01 2.31720e+01 2.68000e+02]
deleted_idx_col 565
query_origi 194
query_idx 519
deleted_scaled [0.5        0.         0.0916337  0.09183101 0.27272727 0.27272727
 0.         0.18554382 0.67674419 0.27235233 0.5        0.
 0.10792759 0.10700392 0.27272727 0.27272727 0.         0.16700726
 0.58292683 0.20474301 0.5        0.         0.11314966 0.11335946
 0.27272727 0.27272727 0.         0.11811933 0.53712871 0.25097446
 0.5        0.         0.10757425 0.10698891 0.27272727 0.27272727
 0.         0.45143912 0.78220141 0.49192192]
deleted_not_scaled [6.000000e+00 0.000000e+00 2.130134e+03 5.447820e+05 1.280000e+03
 7.200000e+02 0.000000e+00 2.228100e+01 8.610000e-01 2.628200e+01
 6.000000e+00 0.000000e+00 2.454748e+03 6.216650e+05 1.280000e+03
 7.200000e+02 0.000000e+00 1.925900e+01 8.260000e-01 1.898500e+01
 6.000000e+00 0.000000e+00 2.460408e+03 6.240210e+05 1.280000e+03
 7.200000e+02 0.000000e+00 1.792600e+01 8.080000e-01 2.272900e+01
 6.000000e+00 0.000000e+00 2.438220e+03 6.193080e+05 1.280000e+03
 7.200000e+02 0.000000e+00 2.855000e+01 9.040000e-01 4.649400e+01
 6.000000e+01]
deleted_idx_col 519
query_origi 90
query_idx 753
deleted_scaled [0.16666667 0.         0.01814822 0.01809815 0.05454545 0.05454545
 0.         0.0458236  0.21395349 0.38260104 0.16666667 0.
 0.01781152 0.01790516 0.05454545 0.05454545 0.         0.58735377
 0.78292683 0.51133447 0.25       0.1072546  0.02864079 0.02903704
 0.05454545 0.05454545 0.         0.09747044 0.13861386 0.3198326
 0.16666667 0.         0.02132192 0.0210504  0.05454545 0.05454545
 0.         0.08849611 0.26932084 0.28936148]
deleted_not_scaled [2.00000000e+00 0.00000000e+00 6.84454000e+02 1.74536000e+05
 5.12000000e+02 2.88000000e+02 0.00000000e+00 1.57590000e+01
 6.62000000e-01 3.69210000e+01 2.00000000e+00 0.00000000e+00
 6.82305000e+02 1.74329000e+05 5.12000000e+02 2.88000000e+02
 0.00000000e+00 3.34520000e+01 9.08000000e-01 4.74140000e+01
 3.00000000e+00 5.27280643e-01 8.62718000e+02 2.20748000e+05
 5.12000000e+02 2.88000000e+02 0.00000000e+00 1.71750000e+01
 6.47000000e-01 2.89650000e+01 2.00000000e+00 0.00000000e+00
 7.40845000e+02 1.87619000e+05 5.12000000e+02 2.88000000e+02
 0.00000000e+00 1.65580000e+01 6.85000000e-01 2.73490000e+01
 1.41000000e+02]
deleted_idx_col 753
query_origi 507
query_idx 520
deleted_scaled [0.16666667 0.         0.01820551 0.01812125 0.05454545 0.05454545
 0.         0.14927483 0.26976744 0.27471503 0.25       0.
 0.02923576 0.02927215 0.05454545 0.05454545 0.         0.04309196
 0.23170732 0.40155943 0.25       0.         0.02695838 0.02727019
 0.05454545 0.05454545 0.         0.13112455 0.43069307 0.19242958
 0.25       0.         0.03242193 0.03201545 0.05454545 0.05454545
 0.         0.68790291 0.82669789 0.58768449]
deleted_not_scaled [2.00000e+00 0.00000e+00 6.85581e+02 1.74652e+05 5.12000e+02 2.88000e+02
 0.00000e+00 2.05880e+01 6.86000e-01 2.65100e+01 3.00000e+00 0.00000e+00
 9.07002e+02 2.31399e+05 5.12000e+02 2.88000e+02 0.00000e+00 1.50750e+01
 6.82000e-01 3.72350e+01 3.00000e+00 0.00000e+00 8.30911e+02 2.12298e+05
 5.12000e+02 2.88000e+02 0.00000e+00 1.83990e+01 7.65000e-01 1.74270e+01
 3.00000e+00 0.00000e+00 9.59284e+02 2.42699e+05 5.12000e+02 2.88000e+02
 0.00000e+00 3.63630e+01 9.23000e-01 5.55450e+01 2.38000e+02]
deleted_idx_col 520
query_origi 939
query_idx 965
deleted_scaled [0.58333333 0.         0.1406007  0.13966259 0.27272727 0.27272727
 0.         0.19259196 0.4627907  0.22415544 0.58333333 0.
 0.13998004 0.139341   0.27272727 0.27272727 0.         0.6931734
 0.86585366 0.76803701 0.58333333 0.         0.14599449 0.14685337
 0.27272727 0.27272727 0.         0.17629915 0.4950495  0.31979948
 0.58333333 0.         0.1399728  0.13976383 0.27272727 0.27272727
 0.         0.20417058 0.46604215 0.33129133]
deleted_not_scaled [7.000000e+00 0.000000e+00 3.093462e+03 7.849660e+05 1.280000e+03
 7.200000e+02 0.000000e+00 2.261000e+01 7.690000e-01 2.163100e+01
 7.000000e+00 0.000000e+00 3.085170e+03 7.840190e+05 1.280000e+03
 7.200000e+02 0.000000e+00 3.702500e+01 9.420000e-01 7.121700e+01
 7.000000e+00 0.000000e+00 3.081359e+03 7.842060e+05 1.280000e+03
 7.200000e+02 0.000000e+00 2.004200e+01 7.910000e-01 2.896200e+01
 7.000000e+00 0.000000e+00 3.075797e+03 7.839440e+05 1.280000e+03
 7.200000e+02 0.000000e+00 2.038000e+01 7.690000e-01 3.131200e+01
 8.500000e+01]
deleted_idx_col 965
query_origi 707
query_idx 787
deleted_scaled [0.41666667 0.         0.07723066 0.07739953 0.18181818 0.17171717
 0.         0.55843099 0.88139535 0.85380311 0.5        0.
 0.1079645  0.10704057 0.27272727 0.27272727 0.         0.45262846
 0.56829268 0.42710782 0.5        0.         0.11274983 0.11295863
 0.27272727 0.27272727 0.         0.22680781 0.11138614 0.36018021
 0.5        0.         0.10809861 0.10751068 0.27272727 0.27272727
 0.         0.24953845 0.15456674 0.32557795]
deleted_not_scaled [5.000000e+00 0.000000e+00 1.846783e+03 4.723150e+05 9.600000e+02
 5.200000e+02 0.000000e+00 3.968700e+01 9.490000e-01 8.239200e+01
 6.000000e+00 0.000000e+00 2.455474e+03 6.218490e+05 1.280000e+03
 7.200000e+02 0.000000e+00 2.890300e+01 8.200000e-01 3.960400e+01
 6.000000e+00 0.000000e+00 2.452849e+03 6.221040e+05 1.280000e+03
 7.200000e+02 0.000000e+00 2.187900e+01 6.360000e-01 3.261900e+01
 6.000000e+00 0.000000e+00 2.448539e+03 6.219290e+05 1.280000e+03
 7.200000e+02 0.000000e+00 2.187900e+01 6.360000e-01 3.077200e+01
 9.000000e+01]
deleted_idx_col 787
query_origi 731
query_idx 630
deleted_scaled [1.         0.         0.8275702  0.82674055 1.         1.
 1.         0.27228518 0.58372093 0.22115026 1.         0.
 0.90362401 0.90408065 1.         1.         1.         0.12287872
 0.36097561 0.11227703 1.         0.         0.85407914 0.86353009
 1.         1.         1.         0.22760517 0.58415842 0.0165741
 1.         0.         0.75991337 0.75383712 1.         1.
 1.         0.2296238  0.36065574 0.06032905]
deleted_not_scaled [1.2000000e+01 0.0000000e+00 1.6608215e+04 4.2350950e+06 3.8400000e+03
 2.1600000e+03 1.0000000e+00 2.6330000e+01 8.2100000e-01 2.1341000e+01
 1.2000000e+01 0.0000000e+00 1.8104861e+04 4.6235290e+06 3.8400000e+03
 2.1600000e+03 1.0000000e+00 1.7769000e+01 7.3500000e-01 1.0411000e+01
 1.2000000e+01 0.0000000e+00 1.6468117e+04 4.2117210e+06 3.8400000e+03
 2.1600000e+03 1.0000000e+00 2.1908000e+01 8.2700000e-01 1.5010000e+00
 1.2000000e+01 0.0000000e+00 1.5275719e+04 3.8685760e+06 3.8400000e+03
 2.1600000e+03 1.0000000e+00 2.1221000e+01 7.2400000e-01 5.7020000e+00
 2.8400000e+02]
deleted_idx_col 630
query_origi 731
query_idx 775
deleted_scaled [0.25       0.         0.02576206 0.02551772 0.05454545 0.05454545
 0.         0.24842006 0.73953488 0.12557513 0.33333333 0.
 0.04256803 0.0423933  0.09090909 0.09090909 0.         0.3805716
 0.76585366 0.25173091 0.33333333 0.         0.04485181 0.04512879
 0.09090909 0.09090909 0.         0.21710201 0.67574257 0.23368263
 0.33333333 0.         0.04284411 0.0428091  0.09090909 0.09090909
 0.         0.16385703 0.70725995 0.1507803 ]
deleted_not_scaled [3.000000e+00 0.000000e+00 8.342410e+02 2.117930e+05 5.120000e+02
 2.880000e+02 0.000000e+00 2.521600e+01 8.880000e-01 1.211800e+01
 4.000000e+00 0.000000e+00 1.169227e+03 2.972760e+05 6.400000e+02
 3.600000e+02 0.000000e+00 2.647000e+01 9.010000e-01 2.334200e+01
 4.000000e+00 0.000000e+00 1.169197e+03 2.977070e+05 6.400000e+02
 3.600000e+02 0.000000e+00 2.152600e+01 8.640000e-01 2.116300e+01
 4.000000e+00 0.000000e+00 1.164384e+03 2.969180e+05 6.400000e+02
 3.600000e+02 0.000000e+00 1.904800e+01 8.720000e-01 1.425100e+01
 1.680000e+02]
deleted_idx_col 775
query_origi 869
query_idx 638
deleted_scaled [0.         0.         0.00177802 0.00159934 0.         0.
 0.         0.74395338 0.99302326 0.67647668 0.08333333 0.
 0.00881    0.0086815  0.01818182 0.01818182 0.         0.58394788
 0.99268293 0.16319048 0.25       0.         0.02925595 0.02927081
 0.05454545 0.05454545 0.         0.69477591 0.99009901 0.52422071
 0.33333333 0.         0.04297882 0.04274042 0.09090909 0.09090909
 0.         0.67858116 0.98594848 0.51712427]
deleted_not_scaled [0.000000e+00 0.000000e+00 3.624030e+02 9.168800e+04 3.200000e+02
 1.800000e+02 0.000000e+00 4.834700e+01 9.970000e-01 6.528000e+01
 1.000000e+00 0.000000e+00 5.052590e+02 1.280200e+05 3.840000e+02
 2.160000e+02 0.000000e+00 3.333700e+01 9.940000e-01 1.513200e+01
 3.000000e+00 0.000000e+00 8.743480e+02 2.218660e+05 5.120000e+02
 2.880000e+02 0.000000e+00 3.889900e+01 9.910000e-01 4.747500e+01
 4.000000e+00 0.000000e+00 1.167035e+03 2.965730e+05 6.400000e+02
 3.600000e+02 0.000000e+00 3.605500e+01 9.910000e-01 4.887600e+01
 0.000000e+00]
deleted_idx_col 638
query_origi 182
query_idx 794
deleted_scaled [0.         0.         0.00221359 0.00207729 0.         0.
 0.         0.35853382 0.81395349 0.08551295 0.         0.
 0.00171645 0.00168603 0.         0.         0.         0.5553976
 0.98292683 0.         0.         0.         0.00457436 0.00456622
 0.         0.         0.         0.53252681 0.88366337 0.01193644
 0.         0.         0.         0.         0.         0.
 0.         0.43055598 0.73067916 0.        ]
deleted_not_scaled [0.00000e+00 0.00000e+00 3.70972e+02 9.40880e+04 3.20000e+02 1.80000e+02
 0.00000e+00 3.03560e+01 9.20000e-01 8.25200e+00 0.00000e+00 0.00000e+00
 3.65740e+02 9.28980e+04 3.20000e+02 1.80000e+02 0.00000e+00 3.23730e+01
 9.90000e-01 0.00000e+00 0.00000e+00 0.00000e+00 4.07728e+02 1.03716e+05
 3.20000e+02 1.80000e+02 0.00000e+00 3.29980e+01 9.48000e-01 1.08100e+00
 0.00000e+00 0.00000e+00 3.21247e+02 8.18780e+04 3.20000e+02 1.80000e+02
 0.00000e+00 2.78600e+01 8.82000e-01 0.00000e+00 3.20000e+01]
deleted_idx_col 794
query_origi 238
query_idx 778
deleted_scaled [0.33333333 0.1385671  0.04259106 0.04245943 0.09090909 0.09090909
 0.         0.1593436  0.70465116 0.22817617 0.33333333 0.87819537
 0.04227146 0.04230068 0.09090909 0.09090909 0.         0.18436251
 0.64146341 0.1919742  0.25       0.02581982 0.02905411 0.02938686
 0.05454545 0.05454545 0.         0.08748969 0.54207921 0.24374193
 0.16666667 0.         0.01868355 0.01839852 0.05454545 0.05454545
 0.         0.10502103 0.59484778 0.15932921]
deleted_not_scaled [4.00000000e+00 6.51056240e-01 1.16531800e+03 2.96865000e+05
 6.40000000e+02 3.60000000e+02 0.00000000e+00 2.10580000e+01
 8.73000000e-01 2.20190000e+01 4.00000000e+00 2.88184061e+00
 1.16339400e+03 2.96811000e+05 6.40000000e+02 3.60000000e+02
 0.00000000e+00 1.98450000e+01 8.50000000e-01 1.78010000e+01
 3.00000000e+00 1.26934331e-01 8.70532000e+02 2.22421000e+05
 5.12000000e+02 2.88000000e+02 0.00000000e+00 1.68120000e+01
 8.10000000e-01 2.20740000e+01 2.00000000e+00 0.00000000e+00
 6.88924000e+02 1.74298000e+05 5.12000000e+02 2.88000000e+02
 0.00000000e+00 1.71040000e+01 8.24000000e-01 1.50590000e+01
 2.23000000e+02]
deleted_idx_col 778
query_origi 816
query_idx 274
deleted_scaled [0.33333333 0.         0.04289609 0.04250145 0.09090909 0.09090909
 0.         0.57843998 0.9255814  0.69101554 0.33333333 0.04826549
 0.04254784 0.04231502 0.09090909 0.09090909 0.         0.2593514
 0.74146341 0.20694304 0.33333333 0.22336414 0.04507    0.04528708
 0.09090909 0.09090909 0.         0.20604894 0.68069307 0.16100394
 0.25       0.         0.02933959 0.02927339 0.05454545 0.05454545
 0.         0.26918071 0.69320843 0.19715389]
deleted_not_scaled [4.00000000e+00 0.00000000e+00 1.17131900e+03 2.97076000e+05
 6.40000000e+02 3.60000000e+02 0.00000000e+00 4.06210000e+01
 9.68000000e-01 6.66830000e+01 4.00000000e+00 1.58385538e-01
 1.16883000e+03 2.96883000e+05 6.40000000e+02 3.60000000e+02
 0.00000000e+00 2.23770000e+01 8.91000000e-01 1.91890000e+01
 4.00000000e+00 1.09809360e+00 1.17332200e+03 2.98464000e+05
 6.40000000e+02 3.60000000e+02 0.00000000e+00 2.11240000e+01
 8.66000000e-01 1.45810000e+01 3.00000000e+00 0.00000000e+00
 8.98626000e+02 2.28925000e+05 5.12000000e+02 2.88000000e+02
 0.00000000e+00 2.25280000e+01 8.66000000e-01 1.86340000e+01
 1.90000000e+02]
deleted_idx_col 274
query_origi 239
query_idx 997
deleted_scaled [0.         0.         0.0018717  0.00187356 0.         0.
 0.         0.36054757 0.71860465 0.0181658  0.5        0.
 0.10671219 0.10706905 0.27272727 0.27272727 0.         0.10250259
 0.12195122 0.35351466 0.         0.         0.00359936 0.00349419
 0.         0.         0.         0.08430025 0.27475248 0.02666652
 0.         0.         0.00135463 0.00127468 0.         0.
 0.         0.05871493 0.43793911 0.        ]
deleted_not_scaled [0.000000e+00 0.000000e+00 3.642460e+02 9.306500e+04 3.200000e+02
 1.800000e+02 0.000000e+00 3.045000e+01 8.790000e-01 1.753000e+00
 6.000000e+00 0.000000e+00 2.430843e+03 6.219920e+05 1.280000e+03
 7.200000e+02 0.000000e+00 1.708100e+01 6.370000e-01 3.278000e+01
 0.000000e+00 0.000000e+00 3.892950e+02 9.858900e+04 3.200000e+02
 1.800000e+02 0.000000e+00 1.669600e+01 7.020000e-01 2.415000e+00
 0.000000e+00 0.000000e+00 3.479050e+02 8.828100e+04 3.200000e+02
 1.800000e+02 0.000000e+00 1.557400e+01 7.570000e-01 0.000000e+00
 1.420000e+02]
deleted_idx_col 997
query_origi 24
query_idx 463
deleted_scaled [1.         0.         0.83411185 0.82660971 1.         1.
 1.         0.23646608 0.55813953 0.04356477 0.91666667 0.
 0.57196982 0.56767057 1.         1.         0.         0.26779209
 0.4804878  0.01467765 1.         0.         0.86579768 0.86839803
 1.         1.         1.         0.24844652 0.42574257 0.02938286
 0.91666667 0.         0.57037356 0.5677981  1.         1.
 0.         0.71626161 0.88056206 0.68819764]
deleted_not_scaled [1.2000000e+01 0.0000000e+00 1.6736909e+04 4.2344380e+06 3.8400000e+03
 2.1600000e+03 1.0000000e+00 2.4658000e+01 8.1000000e-01 4.2040000e+00
 1.1000000e+01 0.0000000e+00 1.1581738e+04 2.9345230e+06 3.8400000e+03
 2.1600000e+03 0.0000000e+00 2.2662000e+01 7.8400000e-01 1.3610000e+00
 1.2000000e+01 0.0000000e+00 1.6689663e+04 4.2350020e+06 3.8400000e+03
 2.1600000e+03 1.0000000e+00 2.2666000e+01 7.6300000e-01 2.6610000e+00
 1.1000000e+01 0.0000000e+00 1.1545731e+04 2.9340590e+06 3.8400000e+03
 2.1600000e+03 0.0000000e+00 3.7300000e+01 9.4600000e-01 6.5045000e+01
 8.3000000e+01]
deleted_idx_col 463
query_origi 259
query_idx 316
deleted_scaled [0.91666667 0.         0.56889002 0.56773599 1.         1.
 0.         0.20212515 0.61162791 0.02026943 0.91666667 0.
 0.56762077 0.56764707 1.         1.         0.         0.29545387
 0.62195122 0.01323253 0.91666667 0.         0.5904214  0.59667284
 1.         1.         0.         0.41729447 0.75990099 0.13713106
 0.91666667 0.         0.59966879 0.5942486  1.         1.
 0.         0.40440665 0.80093677 0.0467968 ]
deleted_not_scaled [1.1000000e+01 0.0000000e+00 1.1519199e+04 2.9345160e+06 3.8400000e+03
 2.1600000e+03 0.0000000e+00 2.3055000e+01 8.3300000e-01 1.9560000e+00
 1.1000000e+01 0.0000000e+00 1.1496199e+04 2.9344050e+06 3.8400000e+03
 2.1600000e+03 0.0000000e+00 2.3596000e+01 8.4200000e-01 1.2270000e+00
 1.1000000e+01 0.0000000e+00 1.1483512e+04 2.9354730e+06 3.8400000e+03
 2.1600000e+03 0.0000000e+00 2.8807000e+01 8.9800000e-01 1.2419000e+01
 1.1000000e+01 0.0000000e+00 1.2122237e+04 3.0669260e+06 3.8400000e+03
 2.1600000e+03 0.0000000e+00 2.6996000e+01 9.1200000e-01 4.4230000e+00
 1.7800000e+02]
deleted_idx_col 316
query_origi 233
query_idx 970
deleted_scaled [0.91666667 0.         0.56772151 0.56771448 1.         1.
 0.         0.35846955 0.65581395 0.62279793 0.91666667 0.
 0.5879631  0.58887668 1.         1.         0.         0.31357915
 0.36341463 0.32400837 0.91666667 0.         0.61312966 0.61339229
 1.         1.         0.         0.08427275 0.10148515 0.13308967
 0.91666667 0.         0.5718004  0.56777859 1.         1.
 0.         0.04088859 0.00468384 0.03432259]
deleted_not_scaled [1.1000000e+01 0.0000000e+00 1.1496211e+04 2.9344080e+06 3.8400000e+03
 2.1600000e+03 0.0000000e+00 3.0353000e+01 8.5200000e-01 6.0100000e+01
 1.1000000e+01 0.0000000e+00 1.1896301e+04 3.0409920e+06 3.8400000e+03
 2.1600000e+03 0.0000000e+00 2.4208000e+01 7.3600000e-01 3.0044000e+01
 1.1000000e+01 0.0000000e+00 1.1912825e+04 3.0154340e+06 3.8400000e+03
 2.1600000e+03 0.0000000e+00 1.6695000e+01 6.3200000e-01 1.2053000e+01
 1.1000000e+01 0.0000000e+00 1.1573810e+04 2.9339610e+06 3.8400000e+03
 2.1600000e+03 0.0000000e+00 1.4985000e+01 5.7200000e-01 3.2440000e+00
 2.1000000e+01]
deleted_idx_col 970
query_origi 535
query_idx 956
deleted_scaled [0.91666667 0.         0.55408038 0.55491161 1.         1.
 0.         0.56423659 0.89767442 0.92324352 1.         0.
 0.79254346 0.78581789 1.         1.         1.         0.11091367
 0.55853659 0.06331557 0.91666667 0.         0.63165619 0.63289188
 1.         1.         0.         0.12719274 0.17821782 0.07808929
 0.91666667 0.         0.5727449  0.56958201 1.         1.
 0.         0.2093157  0.55503513 0.05887954]
deleted_not_scaled [1.1000000e+01 0.0000000e+00 1.1227849e+04 2.8701190e+06 3.8400000e+03
 2.1600000e+03 0.0000000e+00 3.9958000e+01 9.5600000e-01 8.9093000e+01
 1.2000000e+01 0.0000000e+00 1.5920079e+04 4.0297700e+06 3.8400000e+03
 2.1600000e+03 1.0000000e+00 1.7365000e+01 8.1600000e-01 5.8710000e+00
 1.1000000e+01 0.0000000e+00 1.2263080e+04 3.1086910e+06 3.8400000e+03
 2.1600000e+03 0.0000000e+00 1.8256000e+01 6.6300000e-01 7.0720000e+00
 1.1000000e+01 0.0000000e+00 1.1592397e+04 2.9430200e+06 3.8400000e+03
 2.1600000e+03 0.0000000e+00 2.0550000e+01 8.0700000e-01 5.5650000e+00
 2.4800000e+02]
deleted_idx_col 956
query_origi 396
query_idx 644
deleted_scaled [1.         0.         0.84942477 0.84475686 1.         1.
 1.         0.05490692 0.4        0.01918135 1.         0.
 0.81720118 0.81394478 1.         1.         1.         0.82508515
 0.91707317 0.87264629 0.91666667 0.         0.58312113 0.58692357
 1.         1.         0.         0.21836679 0.5        0.02188532
 1.         0.         0.80826757 0.80746456 1.         1.
 1.         0.23122787 0.49180328 0.02946622]
deleted_not_scaled [1.2000000e+01 0.0000000e+00 1.7038160e+04 4.3255630e+06 3.8400000e+03
 2.1600000e+03 1.0000000e+00 1.6183000e+01 7.4200000e-01 1.8510000e+00
 1.2000000e+01 0.0000000e+00 1.6405058e+04 4.1709860e+06 3.8400000e+03
 2.1600000e+03 1.0000000e+00 4.1479000e+01 9.6300000e-01 8.0917000e+01
 1.1000000e+01 0.0000000e+00 1.1345496e+04 2.8888470e+06 3.8400000e+03
 2.1600000e+03 0.0000000e+00 2.1572000e+01 7.9300000e-01 1.9820000e+00
 1.2000000e+01 0.0000000e+00 1.6227290e+04 4.1379590e+06 3.8400000e+03
 2.1600000e+03 1.0000000e+00 2.1274000e+01 7.8000000e-01 2.7850000e+00
 1.5300000e+02]
deleted_idx_col 644
query_origi 240
query_idx 574
deleted_scaled [0.91666667 0.         0.57000759 0.5697133  1.         1.
 0.         0.02924227 0.2        0.11596891 0.91666667 0.
 0.56505575 0.56565212 1.         1.         0.         0.14295869
 0.38780488 0.02176304 1.         0.         1.         1.
 1.         1.         1.         0.77165246 0.88366337 1.
 0.91666667 0.         0.54587625 0.54175749 1.         1.
 0.         0.08686178 0.52693208 0.11360102]
deleted_not_scaled [1.1000000e+01 0.0000000e+00 1.1541185e+04 2.9444450e+06 3.8400000e+03
 2.1600000e+03 0.0000000e+00 1.4985000e+01 6.5600000e-01 1.1191000e+01
 1.1000000e+01 0.0000000e+00 1.1445749e+04 2.9243890e+06 3.8400000e+03
 2.1600000e+03 0.0000000e+00 1.8447000e+01 7.4600000e-01 2.0180000e+00
 1.2000000e+01 0.0000000e+00 1.9226837e+04 4.8643900e+06 3.8400000e+03
 2.1600000e+03 1.0000000e+00 4.1695000e+01 9.4800000e-01 9.0563000e+01
 1.1000000e+01 0.0000000e+00 1.1063644e+04 2.8032510e+06 3.8400000e+03
 2.1600000e+03 0.0000000e+00 1.6504000e+01 7.9500000e-01 1.0737000e+01
 2.3900000e+02]
deleted_idx_col 574
query_origi 590
query_idx 533
deleted_scaled [1.         0.         0.76665657 0.76818717 1.         1.
 1.         0.18922856 0.72790698 0.00740933 0.91666667 0.
 0.54689285 0.54250324 1.         1.         0.         0.16845846
 0.28536585 0.03594461 0.91666667 0.         0.59503549 0.59649657
 1.         1.         0.         0.22449821 0.69554455 0.46112651
 1.         0.         0.91607831 0.91151432 1.         1.
 1.         0.45255894 0.79859485 0.24036396]
deleted_not_scaled [1.2000000e+01 0.0000000e+00 1.5409861e+04 3.9410720e+06 3.8400000e+03
 2.1600000e+03 1.0000000e+00 2.2453000e+01 8.8300000e-01 7.1500000e-01
 1.1000000e+01 0.0000000e+00 1.1088513e+04 2.8081660e+06 3.8400000e+03
 2.1600000e+03 0.0000000e+00 1.9308000e+01 7.0400000e-01 3.3330000e+00
 1.1000000e+01 0.0000000e+00 1.1570744e+04 2.9346300e+06 3.8400000e+03
 2.1600000e+03 0.0000000e+00 2.1795000e+01 8.7200000e-01 4.1761000e+01
 1.2000000e+01 0.0000000e+00 1.8348917e+04 4.6606250e+06 3.8400000e+03
 2.1600000e+03 1.0000000e+00 2.8587000e+01 9.1100000e-01 2.2718000e+01
 1.7300000e+02]
deleted_idx_col 533
query_origi 502
query_idx 90
deleted_scaled [0.91666667 0.21971778 0.57025209 0.56765832 1.         1.
 0.         1.         1.         1.         0.91666667 0.07854106
 0.57076489 0.5690644  1.         1.         0.         1.
 0.56829268 0.39120635 0.83333333 0.         0.44177928 0.44510939
 0.63636364 0.63636364 0.         0.14118779 0.37623762 0.05761735
 0.83333333 0.         0.35907899 0.35909438 0.63636364 0.63636364
 0.         0.03973851 0.44496487 0.16303232]
deleted_not_scaled [1.10000000e+01 1.03234195e+00 1.15459950e+04 2.93412600e+06
 3.84000000e+03 2.16000000e+03 0.00000000e+00 6.02990000e+01
 1.00000000e+00 9.65000000e+01 1.10000000e+01 2.57736305e-01
 1.15580390e+04 2.94152100e+06 3.84000000e+03 2.16000000e+03
 0.00000000e+00 4.73850000e+01 8.20000000e-01 3.62750000e+01
 1.00000000e+01 0.00000000e+00 8.67334500e+03 2.21061900e+06
 2.56000000e+03 1.44000000e+03 0.00000000e+00 1.87650000e+01
 7.43000000e-01 5.21800000e+00 1.00000000e+01 0.00000000e+00
 7.38762700e+03 1.88569200e+06 2.56000000e+03 1.44000000e+03
 0.00000000e+00 1.49470000e+01 7.60000000e-01 1.54090000e+01
 3.00000000e+00]
deleted_idx_col 90
query_origi 813
query_idx 133
deleted_scaled [1.         0.06425106 0.83882684 0.83840531 1.         1.
 1.         0.02911373 0.18837209 0.11798964 1.         0.24353603
 0.81394855 0.81477355 1.         1.         1.         0.14337332
 0.3804878  0.02266894 1.         0.02986542 1.         1.
 1.         1.         1.         0.77165246 0.88366337 1.
 1.         0.         0.8058257  0.79979121 1.         1.
 1.         0.08680125 0.52459016 0.11470137]
deleted_not_scaled [1.20000000e+01 3.01883015e-01 1.68296670e+04 4.29366900e+06
 3.84000000e+03 2.16000000e+03 1.00000000e+00 1.49790000e+01
 6.51000000e-01 1.13860000e+01 1.20000000e+01 7.99175276e-01
 1.63410840e+04 4.17514700e+06 3.84000000e+03 2.16000000e+03
 1.00000000e+00 1.84610000e+01 7.43000000e-01 2.10200000e+00
 1.20000000e+01 1.46823144e-01 1.92268370e+04 4.86439000e+06
 3.84000000e+03 2.16000000e+03 1.00000000e+00 4.16950000e+01
 9.48000000e-01 9.05630000e+01 1.20000000e+01 0.00000000e+00
 1.61792360e+04 4.09941400e+06 3.84000000e+03 2.16000000e+03
 1.00000000e+00 1.65020000e+01 7.94000000e-01 1.08410000e+01
 2.39000000e+02]
deleted_idx_col 133
query_origi 320
query_idx 285
deleted_scaled [1.         0.11657769 0.86343681 0.86084862 1.         1.
 1.         0.1373637  0.49767442 0.03002073 1.         0.1872807
 0.79338125 0.79220348 1.         1.         1.         0.19958537
 0.42926829 0.08076483 1.         0.12093879 0.86000447 0.86822051
 1.         1.         1.         0.24363486 0.57425743 0.21731833
 1.         0.         0.82510531 0.82675772 1.         1.
 1.         0.86313974 0.92271663 1.        ]
deleted_not_scaled [1.20000000e+01 5.47739179e-01 1.73138190e+04 4.40636700e+06
 3.84000000e+03 2.16000000e+03 1.00000000e+00 2.00320000e+01
 7.84000000e-01 2.89700000e+00 1.20000000e+01 6.14570693e-01
 1.59365570e+04 4.06183000e+06 3.84000000e+03 2.16000000e+03
 1.00000000e+00 2.03590000e+01 7.63000000e-01 7.48900000e+00
 1.20000000e+01 5.94554275e-01 1.65801390e+04 4.23415300e+06
 3.84000000e+03 2.16000000e+03 1.00000000e+00 2.24910000e+01
 8.23000000e-01 1.96810000e+01 1.20000000e+01 0.00000000e+00
 1.65586430e+04 4.23487300e+06 3.84000000e+03 2.16000000e+03
 1.00000000e+00 4.21530000e+01 9.64000000e-01 9.45150000e+01
 8.70000000e+01]
deleted_idx_col 285
query_origi 797
query_idx 591
deleted_scaled [1.         0.         0.76665657 0.76818717 1.         1.
 1.         0.18922856 0.72790698 0.00740933 1.         0.
 0.79403992 0.78769891 1.         1.         1.         0.16825115
 0.28292683 0.03631128 1.         0.         0.86615514 0.86832025
 1.         1.         1.         0.22449821 0.69554455 0.46608438
 0.91666667 0.         0.62020841 0.61710043 1.         1.
 0.         0.45268    0.80093677 0.2389462 ]
deleted_not_scaled [1.2000000e+01 0.0000000e+00 1.5409861e+04 3.9410720e+06 3.8400000e+03
 2.1600000e+03 1.0000000e+00 2.2453000e+01 8.8300000e-01 7.1500000e-01
 1.2000000e+01 0.0000000e+00 1.5949512e+04 4.0392140e+06 3.8400000e+03
 2.1600000e+03 1.0000000e+00 1.9301000e+01 7.0300000e-01 3.3670000e+00
 1.2000000e+01 0.0000000e+00 1.6696421e+04 4.2346300e+06 3.8400000e+03
 2.1600000e+03 1.0000000e+00 2.1795000e+01 8.7200000e-01 4.2210000e+01
 1.1000000e+01 0.0000000e+00 1.2526440e+04 3.1817160e+06 3.8400000e+03
 2.1600000e+03 0.0000000e+00 2.8591000e+01 9.1200000e-01 2.2584000e+01
 1.7300000e+02]
deleted_idx_col 591
query_origi 685
query_idx 120
deleted_scaled [1.         0.5972508  0.74957697 0.7506986  1.         1.
 1.         0.03065618 0.33488372 0.00432124 1.         0.32004784
 0.83226825 0.82520959 1.         1.         1.         0.34201096
 0.60487805 0.00143433 1.         0.10205953 0.86653995 0.86826944
 1.         1.         1.         0.45444047 0.68564356 0.28951117
 1.         0.         0.89262551 0.88773182 1.         1.
 1.         0.27266124 0.71662763 0.00135428]
deleted_not_scaled [1.20000000e+01 2.80617727e+00 1.50738540e+04 3.85325400e+06
 3.84000000e+03 2.16000000e+03 1.00000000e+00 1.50510000e+01
 7.14000000e-01 4.17000000e-01 1.20000000e+01 1.05025247e+00
 1.67014040e+04 4.22754300e+06 3.84000000e+03 2.16000000e+03
 1.00000000e+00 2.51680000e+01 8.35000000e-01 1.33000000e-01
 1.20000000e+01 5.01740855e-01 1.67036960e+04 4.23438700e+06
 3.84000000e+03 2.16000000e+03 1.00000000e+00 3.01580000e+01
 8.68000000e-01 2.62190000e+01 1.20000000e+01 0.00000000e+00
 1.78873850e+04 4.54116000e+06 3.84000000e+03 2.16000000e+03
 1.00000000e+00 2.26430000e+01 8.76000000e-01 1.28000000e-01
 2.63000000e+02]
deleted_idx_col 120
query_origi 705
query_idx 338
deleted_scaled [0.83333333 0.         0.3896914  0.38908447 0.63636364 0.63636364
 0.         0.04560937 0.53255814 0.15702591 0.83333333 0.
 0.42206718 0.42210232 0.63636364 0.63636364 0.         0.08417
 0.49512195 0.09880724 0.83333333 0.         0.39213048 0.39629927
 0.63636364 0.63636364 0.         0.71190542 0.89851485 0.96950189
 0.83333333 0.         0.39739049 0.39396078 0.63636364 0.63636364
 0.         0.11301111 0.57845433 0.05894302]
deleted_not_scaled [1.000000e+01 0.000000e+00 7.993824e+03 2.037426e+06 2.560000e+03
 1.440000e+03 0.000000e+00 1.574900e+01 7.990000e-01 1.515300e+01
 1.000000e+01 0.000000e+00 8.633386e+03 2.203672e+06 2.560000e+03
 1.440000e+03 0.000000e+00 1.646200e+01 7.900000e-01 9.162000e+00
 1.000000e+01 0.000000e+00 7.734705e+03 1.977184e+06 2.560000e+03
 1.440000e+03 0.000000e+00 3.952200e+01 9.540000e-01 8.780100e+01
 1.000000e+01 0.000000e+00 8.141566e+03 2.060834e+06 2.560000e+03
 1.440000e+03 0.000000e+00 1.736800e+01 8.170000e-01 5.571000e+00
 2.460000e+02]
deleted_idx_col 338
query_origi 696
query_idx 937
deleted_scaled [1.         0.19801307 0.72096334 0.7209588  1.         1.
 1.         0.05917008 0.24883721 0.01054922 1.         0.39102491
 0.82556096 0.82680918 1.         1.         1.         0.17698801
 0.23658537 0.04075448 1.         0.27041276 0.90999868 0.91044539
 1.         1.         1.         0.10387682 0.41831683 0.01946711
 1.         0.         0.82895624 0.82316521 1.         1.
 1.         0.20096244 0.69789227 0.        ]
deleted_not_scaled [1.20000000e+01 9.30362564e-01 1.45109380e+04 3.70391700e+06
 3.84000000e+03 2.16000000e+03 1.00000000e+00 1.63820000e+01
 6.77000000e-01 1.01800000e+00 1.20000000e+01 1.28316717e+00
 1.65694820e+04 4.23557400e+06 3.84000000e+03 2.16000000e+03
 1.00000000e+00 1.95960000e+01 6.84000000e-01 3.77900000e+00
 1.20000000e+01 1.32939207e+00 1.75253090e+04 4.43609400e+06
 3.84000000e+03 2.16000000e+03 1.00000000e+00 1.74080000e+01
 7.60000000e-01 1.76300000e+00 1.20000000e+01 0.00000000e+00
 1.66344260e+04 4.21682700e+06 3.84000000e+03 2.16000000e+03
 1.00000000e+00 2.02740000e+01 8.68000000e-01 0.00000000e+00
 1.49000000e+02]
deleted_idx_col 937
query_origi 840
query_idx 894
deleted_scaled [1.         0.48159156 0.83157945 0.82659199 1.         1.
 1.         0.21634996 0.63255814 0.06961658 1.         0.01838188
 0.83030368 0.82658033 1.         1.         1.         0.4722938
 0.82195122 0.48435175 1.         0.00991258 0.86599154 0.87121036
 1.         1.         1.         0.1805609  0.50742574 0.05030752
 1.         0.         0.82516726 0.82393523 1.         1.
 1.         0.18029115 0.28337237 0.00337513]
deleted_not_scaled [1.20000000e+01 2.26275345e+00 1.66870890e+04 4.23434900e+06
 3.84000000e+03 2.16000000e+03 1.00000000e+00 2.37190000e+01
 8.42000000e-01 6.71800000e+00 1.20000000e+01 6.03210228e-02
 1.66627640e+04 4.23442500e+06 3.84000000e+03 2.16000000e+03
 1.00000000e+00 2.95670000e+01 9.24000000e-01 4.49120000e+01
 1.20000000e+01 4.87318286e-02 1.66933280e+04 4.24845200e+06
 3.84000000e+03 2.16000000e+03 1.00000000e+00 2.01970000e+01
 7.96000000e-01 4.55600000e+00 1.20000000e+01 0.00000000e+00
 1.65598620e+04 4.22069500e+06 3.84000000e+03 2.16000000e+03
 1.00000000e+00 1.95910000e+01 6.91000000e-01 3.19000000e-01
 1.70000000e+01]
deleted_idx_col 894
query_origi 143
query_idx 66
deleted_scaled [1.         0.15392603 0.83034298 0.82660712 1.         1.
 1.         0.34163114 0.82325581 0.46540933 1.         0.37355419
 0.83185764 0.82937417 1.         1.         1.         0.1947875
 0.5097561  0.04913401 1.         0.32830746 0.85893193 0.86540651
 1.         1.         1.         0.16389882 0.24752475 0.00352241
 1.         0.         0.82731516 0.82731931 1.         1.
 1.         0.50506946 0.66042155 0.6427657 ]
deleted_not_scaled [1.20000000e+01 7.23220032e-01 1.66627640e+04 4.23442500e+06
 3.84000000e+03 2.16000000e+03 1.00000000e+00 2.95670000e+01
 9.24000000e-01 4.49120000e+01 1.20000000e+01 1.22583616e+00
 1.66933280e+04 4.24845200e+06 3.84000000e+03 2.16000000e+03
 1.00000000e+00 2.01970000e+01 7.96000000e-01 4.55600000e+00
 1.20000000e+01 1.61401163e+00 1.65598620e+04 4.22069500e+06
 3.84000000e+03 2.16000000e+03 1.00000000e+00 1.95910000e+01
 6.91000000e-01 3.19000000e-01 1.20000000e+01 0.00000000e+00
 1.66021310e+04 4.23769400e+06 3.84000000e+03 2.16000000e+03
 1.00000000e+00 3.03220000e+01 8.52000000e-01 6.07510000e+01
 1.80000000e+01]
deleted_idx_col 66
query_origi 342
query_idx 728
deleted_scaled [1.         0.14989766 0.82726094 0.82725813 1.         1.
 1.         0.35780544 0.65581395 0.62954404 1.         0.20043295
 0.86086248 0.86216039 1.         1.         1.         0.31298682
 0.35853659 0.32488191 1.         0.20890517 0.8814356  0.88186459
 1.         1.         1.         0.08405279 0.09653465 0.13379636
 1.         0.         0.83517672 0.82934291 1.         1.
 1.         0.040707   0.         0.03547585]
deleted_not_scaled [1.20000000e+01 7.04292735e-01 1.66021310e+04 4.23769400e+06
 3.84000000e+03 2.16000000e+03 1.00000000e+00 3.03220000e+01
 8.52000000e-01 6.07510000e+01 1.20000000e+01 6.57730426e-01
 1.72638080e+04 4.41306100e+06 3.84000000e+03 2.16000000e+03
 1.00000000e+00 2.41880000e+01 7.34000000e-01 3.01250000e+01
 1.20000000e+01 1.02701098e+00 1.69853070e+04 4.29940600e+06
 3.84000000e+03 2.16000000e+03 1.00000000e+00 1.66870000e+01
 6.30000000e-01 1.21170000e+01 1.20000000e+01 0.00000000e+00
 1.67568400e+04 4.24785900e+06 3.84000000e+03 2.16000000e+03
 1.00000000e+00 1.49790000e+01 5.70000000e-01 3.35300000e+00
 2.10000000e+01]
deleted_idx_col 728
query_origi 342
query_idx 239
deleted_scaled [1.         0.08747722 0.77607237 0.77606875 1.         1.
 1.         0.66012554 0.93488372 0.84311917 1.         0.1061797
 0.87711943 0.87844027 1.         1.         1.         0.30069599
 0.7097561  0.00523046 1.         0.0975675  0.8489862  0.84939505
 1.         1.         1.         0.22251856 0.67079208 0.
 1.         0.         0.80952799 0.80387066 1.         1.
 1.         0.28128689 0.67447307 0.03490451]
deleted_not_scaled [1.20000000e+01 4.11010906e-01 1.55950980e+04 3.98064900e+06
 3.84000000e+03 2.16000000e+03 1.00000000e+00 4.44340000e+01
 9.72000000e-01 8.13610000e+01 1.20000000e+01 3.48433829e-01
 1.75835570e+04 4.49479700e+06 3.84000000e+03 2.16000000e+03
 1.00000000e+00 2.37730000e+01 8.78000000e-01 4.85000000e-01
 1.20000000e+01 4.79657318e-01 1.63718320e+04 4.14412000e+06
 3.84000000e+03 2.16000000e+03 1.00000000e+00 2.17230000e+01
 8.62000000e-01 0.00000000e+00 1.20000000e+01 0.00000000e+00
 1.62520940e+04 4.11990600e+06 3.84000000e+03 2.16000000e+03
 1.00000000e+00 2.29280000e+01 8.58000000e-01 3.29900000e+00
 2.77000000e+02]
deleted_idx_col 239
query_origi 910
query_idx 464
deleted_scaled [1.         0.         0.83135178 0.82470449 1.         1.
 1.         0.20296065 0.6627907  0.01278756 1.         0.
 0.85695795 0.85140387 1.         1.         1.         0.29047831
 0.62682927 0.03420831 1.         0.         0.83254117 0.8358783
 1.         1.         1.         0.34220511 0.66831683 0.00101587
 1.         0.         0.82969011 0.82679415 1.         1.
 1.         0.44299507 0.81498829 0.3603555 ]
deleted_not_scaled [1.2000000e+01 0.0000000e+00 1.6682610e+04 4.2248710e+06 3.8400000e+03
 2.1600000e+03 1.0000000e+00 2.3094000e+01 8.5500000e-01 1.2340000e+00
 1.2000000e+01 0.0000000e+00 1.7187012e+04 4.3590560e+06 3.8400000e+03
 2.1600000e+03 1.0000000e+00 2.3428000e+01 8.4400000e-01 3.1720000e+00
 1.2000000e+01 0.0000000e+00 1.6060929e+04 4.0794760e+06 3.8400000e+03
 2.1600000e+03 1.0000000e+00 2.6076000e+01 8.6100000e-01 9.2000000e-02
 1.2000000e+01 0.0000000e+00 1.6648868e+04 4.2350560e+06 3.8400000e+03
 2.1600000e+03 1.0000000e+00 2.8271000e+01 9.1800000e-01 3.4059000e+01
 4.6000000e+01]
deleted_idx_col 464
query_origi 517
query_idx 18
deleted_scaled [0.16666667 0.         0.01576577 0.01555924 0.05454545 0.05454545
 0.         0.04070353 0.40930233 0.19353368 0.         0.
 0.00168346 0.00166233 0.         0.         0.         0.16164668
 0.47804878 0.         0.08333333 0.87573434 0.01265964 0.0127111
 0.01818182 0.01818182 0.         0.05389057 0.35643564 0.03267339
 0.         0.         0.00097433 0.00097288 0.         0.
 0.         0.14037105 0.54332553 0.        ]
deleted_not_scaled [2.00000000e+00 0.00000000e+00 6.37584000e+02 1.61787000e+05
 5.12000000e+02 2.88000000e+02 0.00000000e+00 1.55200000e+01
 7.46000000e-01 1.86760000e+01 0.00000000e+00 0.00000000e+00
 3.65091000e+02 9.27790000e+04 3.20000000e+02 1.80000000e+02
 0.00000000e+00 1.90780000e+01 7.83000000e-01 0.00000000e+00
 1.00000000e+00 4.30524906e+00 5.60585000e+02 1.42669000e+05
 3.84000000e+02 2.16000000e+02 0.00000000e+00 1.55900000e+01
 7.35000000e-01 2.95900000e+00 0.00000000e+00 0.00000000e+00
 3.40421000e+02 8.67650000e+04 3.20000000e+02 1.80000000e+02
 0.00000000e+00 1.82720000e+01 8.02000000e-01 0.00000000e+00
 1.45000000e+02]
deleted_idx_col 18
query_origi 406
query_idx 938
deleted_scaled [0.5        0.         0.09966353 0.09987669 0.27272727 0.27272727
 0.         0.46157801 0.79534884 0.74629016 0.5        0.
 0.10795789 0.10703399 0.27272727 0.27272727 0.         0.15065897
 0.4195122  0.2618683  0.5        0.05950068 0.11274607 0.11295487
 0.27272727 0.27272727 0.         0.79136651 0.94554455 0.89967205
 0.5        0.         0.10808982 0.10750192 0.27272727 0.27272727
 0.         0.26391453 0.74473068 0.2171613 ]
deleted_not_scaled [6.00000000e+00 0.00000000e+00 2.28810500e+03 5.85183000e+05
 1.28000000e+03 7.20000000e+02 0.00000000e+00 3.51660000e+01
 9.12000000e-01 7.20170000e+01 6.00000000e+00 0.00000000e+00
 2.45534400e+03 6.21816000e+05 1.28000000e+03 7.20000000e+02
 0.00000000e+00 1.87070000e+01 7.59000000e-01 2.42820000e+01
 6.00000000e+00 2.92514804e-01 2.45277800e+03 6.22086000e+05
 1.28000000e+03 7.20000000e+02 0.00000000e+00 4.24120000e+01
 9.73000000e-01 8.14770000e+01 6.00000000e+00 0.00000000e+00
 2.44836600e+03 6.21885000e+05 1.28000000e+03 7.20000000e+02
 0.00000000e+00 2.23540000e+01 8.88000000e-01 2.05250000e+01
 1.88000000e+02]
deleted_idx_col 938
query_origi 41
query_idx 608
deleted_scaled [4.16666667e-01 0.00000000e+00 7.85581134e-02 7.84498189e-02
 1.81818182e-01 1.71717172e-01 0.00000000e+00 5.34415904e-01
 9.00000000e-01 6.87502591e-01 0.00000000e+00 0.00000000e+00
 5.41832306e-04 6.11073091e-04 0.00000000e+00 0.00000000e+00
 0.00000000e+00 3.40411669e-01 8.26829268e-01 2.16444147e-02
 3.33333333e-01 0.00000000e+00 4.34313343e-02 4.39676889e-02
 9.09090909e-02 9.09090909e-02 0.00000000e+00 5.39868023e-01
 7.79702970e-01 6.53500878e-01 5.00000000e-01 0.00000000e+00
 1.08444407e-01 1.07488188e-01 2.72727273e-01 2.72727273e-01
 0.00000000e+00 1.53536515e-01 4.42622951e-01 2.56911601e-01]
deleted_not_scaled [5.000000e+00 0.000000e+00 1.872898e+03 4.775890e+05 9.600000e+02
 5.200000e+02 0.000000e+00 3.856600e+01 9.570000e-01 6.634400e+01
 0.000000e+00 0.000000e+00 3.426370e+02 8.750100e+04 3.200000e+02
 1.800000e+02 0.000000e+00 2.511400e+01 9.260000e-01 2.007000e+00
 4.000000e+00 0.000000e+00 1.142342e+03 2.921540e+05 6.400000e+02
 3.600000e+02 0.000000e+00 3.326500e+01 9.060000e-01 5.918300e+01
 6.000000e+00 0.000000e+00 2.455344e+03 6.218160e+05 1.280000e+03
 7.200000e+02 0.000000e+00 1.870700e+01 7.590000e-01 2.428200e+01
 1.860000e+02]
deleted_idx_col 608
query_origi 390
query_idx 278
deleted_scaled [1.         0.08277144 0.87045928 0.86437509 1.         1.
 1.         0.01330363 0.39302326 0.19535751 1.         0.20553617
 0.7297719  0.7261321  1.         1.         1.         0.06092107
 0.1195122  0.08718159 1.         0.16105805 0.83533066 0.83994269
 1.         1.         1.         0.14270003 0.06683168 0.09525965
 1.         0.         0.82837435 0.82672388 1.         1.
 1.         0.19043007 0.15690867 0.09270486]
deleted_not_scaled [1.20000000e+01 3.88900856e-01 1.74519720e+04 4.42407500e+06
 3.84000000e+03 2.16000000e+03 1.00000000e+00 1.42410000e+01
 7.39000000e-01 1.88520000e+01 1.20000000e+01 6.74476903e-01
 1.46854600e+04 3.73010700e+06 3.84000000e+03 2.16000000e+03
 1.00000000e+00 1.56770000e+01 6.36000000e-01 8.08400000e+00
 1.20000000e+01 7.91786966e-01 1.61136660e+04 4.09891400e+06
 3.84000000e+03 2.16000000e+03 1.00000000e+00 1.88200000e+01
 6.18000000e-01 8.62700000e+00 1.20000000e+01 0.00000000e+00
 1.66229750e+04 4.23470300e+06 3.84000000e+03 2.16000000e+03
 1.00000000e+00 1.99260000e+01 6.37000000e-01 8.76200000e+00
 2.35000000e+02]
deleted_idx_col 278
query_origi 751
query_idx 570
deleted_scaled [6.66666667e-01 0.00000000e+00 2.05540252e-01 2.04221608e-01
 4.54545455e-01 4.54545455e-01 0.00000000e+00 2.07609418e-01
 7.06976744e-01 1.76891192e-02 6.66666667e-01 0.00000000e+00
 2.05010187e-01 2.04189237e-01 4.54545455e-01 4.54545455e-01
 0.00000000e+00 3.49622390e-01 7.09756098e-01 1.63999310e-01
 6.66666667e-01 1.57276910e-02 2.15312561e-01 2.16705990e-01
 4.54545455e-01 4.54545455e-01 0.00000000e+00 1.24800660e-01
 4.85148515e-01 6.84606296e-04 6.66666667e-01 0.00000000e+00
 2.02894633e-01 2.02699020e-01 4.54545455e-01 4.54545455e-01
 0.00000000e+00 1.88916800e-01 5.57377049e-01 5.64989684e-03]
deleted_not_scaled [8.00000000e+00 0.00000000e+00 4.37101800e+03 1.10914600e+06
 1.92000000e+03 1.08000000e+03 0.00000000e+00 2.33110000e+01
 8.74000000e-01 1.70700000e+00 8.00000000e+00 0.00000000e+00
 4.36421200e+03 1.10960100e+06 1.92000000e+03 1.08000000e+03
 0.00000000e+00 2.54250000e+01 8.78000000e-01 1.52070000e+01
 8.00000000e+00 7.73198264e-02 4.39185800e+03 1.11827700e+06
 1.92000000e+03 1.08000000e+03 0.00000000e+00 1.81690000e+01
 7.87000000e-01 6.20000000e-02 8.00000000e+00 0.00000000e+00
 4.31404700e+03 1.10008200e+06 1.92000000e+03 1.08000000e+03
 0.00000000e+00 1.98760000e+01 8.08000000e-01 5.34000000e-01
 1.98000000e+02]
deleted_idx_col 570
query_origi 459
query_idx 601
deleted_scaled [0.00000000e+00 4.44900492e-01 1.99044345e-03 1.93768655e-03
 0.00000000e+00 0.00000000e+00 0.00000000e+00 1.56665738e-01
 2.97674419e-01 8.08290155e-04 0.00000000e+00 3.86872509e-01
 2.78212103e-03 2.83308463e-03 0.00000000e+00 0.00000000e+00
 0.00000000e+00 4.59943729e-02 2.65853659e-01 6.69175851e-02
 0.00000000e+00 6.46239054e-02 1.12834352e-03 1.18159662e-03
 0.00000000e+00 0.00000000e+00 0.00000000e+00 1.33049216e-01
 4.55445545e-01 7.17732407e-04 0.00000000e+00 0.00000000e+00
 3.76941519e-03 3.61619842e-03 0.00000000e+00 0.00000000e+00
 0.00000000e+00 5.91840441e-01 7.93911007e-01 8.66000106e-02]
deleted_not_scaled [0.00000000e+00 2.09036079e+00 3.66582000e+02 9.33870000e+04
 3.20000000e+02 1.80000000e+02 0.00000000e+00 2.09330000e+01
 6.98000000e-01 7.80000000e-02 0.00000000e+00 1.26954086e+00
 3.86700000e+02 9.86570000e+04 3.20000000e+02 1.80000000e+02
 0.00000000e+00 1.51730000e+01 6.96000000e-01 6.20500000e+00
 0.00000000e+00 3.17701381e-01 3.42579000e+02 8.75290000e+04
 3.20000000e+02 1.80000000e+02 0.00000000e+00 1.84690000e+01
 7.75000000e-01 6.50000000e-02 0.00000000e+00 0.00000000e+00
 3.95426000e+02 1.00043000e+05 3.20000000e+02 1.80000000e+02
 0.00000000e+00 3.31890000e+01 9.09000000e-01 8.18500000e+00
 2.38000000e+02]
deleted_idx_col 601
query_origi 396
query_idx 876
deleted_scaled [0.33333333 0.         0.04242865 0.04252873 0.09090909 0.09090909
 0.         0.47271792 0.92093023 0.5284456  0.33333333 0.
 0.04275996 0.04235087 0.09090909 0.09090909 0.         0.57837998
 0.90487805 0.50998641 0.33333333 0.         0.04512634 0.04515953
 0.09090909 0.09090909 0.         0.4480066  0.81188119 0.23658669
 0.33333333 0.         0.04302542 0.04275774 0.09090909 0.09090909
 0.         0.56759783 0.9882904  0.31099825]
deleted_not_scaled [4.000000e+00 0.000000e+00 1.162123e+03 2.972130e+05 6.400000e+02
 3.600000e+02 0.000000e+00 3.568600e+01 9.660000e-01 5.099500e+01
 4.000000e+00 0.000000e+00 1.173002e+03 2.970630e+05 6.400000e+02
 3.600000e+02 0.000000e+00 3.314900e+01 9.580000e-01 4.728900e+01
 4.000000e+00 0.000000e+00 1.174387e+03 2.978540e+05 6.400000e+02
 3.600000e+02 0.000000e+00 2.992400e+01 9.190000e-01 2.142600e+01
 4.000000e+00 0.000000e+00 1.167952e+03 2.966600e+05 6.400000e+02
 3.600000e+02 0.000000e+00 3.238800e+01 9.920000e-01 2.939400e+01
 3.000000e+01]
deleted_idx_col 876
query_origi 128
query_idx 909
deleted_scaled [0.         0.         0.00177802 0.00159934 0.         0.
 0.         0.74395338 0.99302326 0.67647668 0.41666667 0.
 0.07778687 0.07714758 0.18181818 0.17171717 0.         0.70451651
 0.99756098 0.84936264 0.58333333 0.         0.14651206 0.14688933
 0.27272727 0.27272727 0.         1.         1.         0.7411084
 0.58333333 0.         0.14046088 0.13979051 0.27272727 0.27272727
 0.         0.93323447 1.         0.86506904]
deleted_not_scaled [0.000000e+00 0.000000e+00 3.624030e+02 9.168800e+04 3.200000e+02
 1.800000e+02 0.000000e+00 4.834700e+01 9.970000e-01 6.528000e+01
 5.000000e+00 0.000000e+00 1.861927e+03 4.717660e+05 9.600000e+02
 5.200000e+02 0.000000e+00 3.740800e+01 9.960000e-01 7.875800e+01
 7.000000e+00 0.000000e+00 3.091144e+03 7.843780e+05 1.280000e+03
 7.200000e+02 0.000000e+00 5.000000e+01 9.950000e-01 6.711700e+01
 7.000000e+00 0.000000e+00 3.085402e+03 7.840780e+05 1.280000e+03
 7.200000e+02 0.000000e+00 4.446900e+01 9.970000e-01 8.176200e+01
 0.000000e+00]
deleted_idx_col 909
query_origi 743
query_idx 776
deleted_scaled [0.33333333 0.         0.04289426 0.04244131 0.09090909 0.09090909
 0.         0.48019452 0.98837209 0.66275648 0.33333333 0.
 0.04260438 0.04231303 0.09090909 0.09090909 0.         0.75761884
 0.98780488 0.5705843  0.41666667 0.         0.08116086 0.08148166
 0.18181818 0.17171717 0.         0.72205114 1.         0.766483
 0.41666667 0.         0.07852075 0.07826417 0.18181818 0.17171717
 0.         0.72325293 0.61124122 0.54498228]
deleted_not_scaled [4.000000e+00 0.000000e+00 1.171283e+03 2.967740e+05 6.400000e+02
 3.600000e+02 0.000000e+00 3.603500e+01 9.950000e-01 6.395600e+01
 4.000000e+00 0.000000e+00 1.169942e+03 2.968730e+05 6.400000e+02
 3.600000e+02 0.000000e+00 3.920100e+01 9.920000e-01 5.290800e+01
 5.000000e+00 0.000000e+00 1.855641e+03 4.715650e+05 9.600000e+02
 5.200000e+02 0.000000e+00 3.989100e+01 9.950000e-01 6.941500e+01
 5.000000e+00 0.000000e+00 1.866471e+03 4.750170e+05 9.600000e+02
 5.200000e+02 0.000000e+00 3.753100e+01 8.310000e-01 5.150900e+01
 1.000000e+00]
deleted_idx_col 776
query_origi 606
query_idx 927
deleted_scaled [0.5        0.         0.10943561 0.10855665 0.27272727 0.27272727
 0.         0.02635018 0.39767442 0.31365803 0.41666667 0.
 0.07057009 0.07019832 0.18181818 0.17171717 0.         0.10460536
 0.29512195 0.28174406 0.41666667 0.         0.08108438 0.08150173
 0.18181818 0.17171717 0.         0.30296948 0.48267327 0.38032088
 0.41666667 0.         0.07772992 0.0775678  0.18181818 0.17171717
 0.         0.1938198  0.26932084 0.30303126]
deleted_not_scaled [6.000000e+00 0.000000e+00 2.480351e+03 6.287690e+05 1.280000e+03
 7.200000e+02 0.000000e+00 1.485000e+01 7.410000e-01 3.026800e+01
 5.000000e+00 0.000000e+00 1.719984e+03 4.368760e+05 9.600000e+02
 5.200000e+02 0.000000e+00 1.715200e+01 7.080000e-01 2.612500e+01
 5.000000e+00 0.000000e+00 1.854195e+03 4.716610e+05 9.600000e+02
 5.200000e+02 0.000000e+00 2.464900e+01 7.860000e-01 3.444300e+01
 5.000000e+00 0.000000e+00 1.850908e+03 4.715190e+05 9.600000e+02
 5.200000e+02 0.000000e+00 2.003800e+01 6.850000e-01 2.864100e+01
 1.070000e+02]
deleted_idx_col 927
query_origi 350
query_idx 126
deleted_scaled [0.25       0.47445009 0.02792583 0.02756075 0.05454545 0.05454545
 0.         0.4191178  0.90232558 0.45438342 0.25       0.51816528
 0.0277933  0.027568   0.05454545 0.05454545 0.         0.48873093
 0.81219512 0.20646852 0.08333333 0.20352387 0.00964366 0.00962423
 0.01818182 0.01818182 0.         0.5183118  0.99009901 0.00888884
 0.         0.         0.00439454 0.0043474  0.         0.
 0.         0.58605974 0.8852459  0.01143734]
deleted_not_scaled [3.00000000e+00 2.22919928e+00 8.76809000e+02 2.22052000e+05
 5.12000000e+02 2.88000000e+02 0.00000000e+00 3.31840000e+01
 9.58000000e-01 4.38480000e+01 3.00000000e+00 1.70038445e+00
 8.78631000e+02 2.22843000e+05 5.12000000e+02 2.88000000e+02
 0.00000000e+00 3.01220000e+01 9.20000000e-01 1.91450000e+01
 1.00000000e+00 1.00055567e+00 5.03566000e+02 1.27906000e+05
 3.84000000e+02 2.16000000e+02 0.00000000e+00 3.24810000e+01
 9.91000000e-01 8.05000000e-01 0.00000000e+00 0.00000000e+00
 4.07728000e+02 1.03716000e+05 3.20000000e+02 1.80000000e+02
 0.00000000e+00 3.29980000e+01 9.48000000e-01 1.08100000e+00
 3.10000000e+01]
deleted_idx_col 126
query_origi 134
query_idx 314
deleted_scaled [0.91666667 0.         0.5694608  0.5677316  1.         1.
 0.         0.14096275 0.52790698 0.04617617 0.91666667 0.
 0.56853325 0.56769945 1.         1.         0.         0.17731379
 0.25853659 0.00321377 0.91666667 0.         0.59109311 0.59645015
 1.         1.         0.         0.45980203 0.6460396  0.66362643
 0.91666667 0.         0.58818782 0.58908579 1.         1.
 0.         0.32002663 0.38875878 0.31787547]
deleted_not_scaled [1.1000000e+01 0.0000000e+00 1.1530428e+04 2.9344940e+06 3.8400000e+03
 2.1600000e+03 0.0000000e+00 2.0200000e+01 7.9700000e-01 4.4560000e+00
 1.1000000e+01 0.0000000e+00 1.1514146e+04 2.9346680e+06 3.8400000e+03
 2.1600000e+03 0.0000000e+00 1.9607000e+01 6.9300000e-01 2.9800000e-01
 1.1000000e+01 0.0000000e+00 1.1496211e+04 2.9344080e+06 3.8400000e+03
 2.1600000e+03 0.0000000e+00 3.0353000e+01 8.5200000e-01 6.0100000e+01
 1.1000000e+01 0.0000000e+00 1.1896301e+04 3.0409920e+06 3.8400000e+03
 2.1600000e+03 0.0000000e+00 2.4208000e+01 7.3600000e-01 3.0044000e+01
 1.9000000e+01]
deleted_idx_col 314
query_origi 830
query_idx 322
deleted_scaled [0.91666667 0.         0.60343919 0.60252174 1.         1.
 0.         0.18070224 0.57674419 0.03459067 0.91666667 0.
 0.5329311  0.53295951 1.         1.         0.         0.90199911
 0.93658537 0.86317753 0.91666667 0.         0.62654479 0.63317562
 1.         1.         0.         0.27902117 0.71287129 0.00510142
 0.91666667 0.         0.53756534 0.53296534 1.         1.
 0.         0.24493811 0.68618267 0.        ]
deleted_not_scaled [1.1000000e+01 0.0000000e+00 1.2198885e+04 3.1091910e+06 3.8400000e+03
 2.1600000e+03 0.0000000e+00 2.2055000e+01 8.1800000e-01 3.3380000e+00
 1.1000000e+01 0.0000000e+00 1.0813907e+04 2.7602500e+06 3.8400000e+03
 2.1600000e+03 0.0000000e+00 4.4076000e+01 9.7100000e-01 8.0039000e+01
 1.1000000e+01 0.0000000e+00 1.2166446e+04 3.1100480e+06 3.8400000e+03
 2.1600000e+03 0.0000000e+00 2.3778000e+01 8.7900000e-01 4.6200000e-01
 1.1000000e+01 0.0000000e+00 1.0900092e+04 2.7590860e+06 3.8400000e+03
 2.1600000e+03 0.0000000e+00 2.1727000e+01 8.6300000e-01 0.0000000e+00
 2.7600000e+02]
deleted_idx_col 322
query_origi 81
query_idx 377
deleted_scaled [0.91666667 0.         0.55408038 0.55491161 1.         1.
 0.         0.56423659 0.89767442 0.92324352 0.91666667 0.
 0.54045365 0.53584199 1.         1.         0.         0.11103213
 0.55853659 0.06168712 0.91666667 0.         0.63165619 0.63289188
 1.         1.         0.         0.12719274 0.17821782 0.07808929
 0.91666667 0.         0.5727449  0.56958201 1.         1.
 0.         0.2093157  0.55503513 0.05887954]
deleted_not_scaled [1.1000000e+01 0.0000000e+00 1.1227849e+04 2.8701190e+06 3.8400000e+03
 2.1600000e+03 0.0000000e+00 3.9958000e+01 9.5600000e-01 8.9093000e+01
 1.1000000e+01 0.0000000e+00 1.0961864e+04 2.7747220e+06 3.8400000e+03
 2.1600000e+03 0.0000000e+00 1.7369000e+01 8.1600000e-01 5.7200000e+00
 1.1000000e+01 0.0000000e+00 1.2263080e+04 3.1086910e+06 3.8400000e+03
 2.1600000e+03 0.0000000e+00 1.8256000e+01 6.6300000e-01 7.0720000e+00
 1.1000000e+01 0.0000000e+00 1.1592397e+04 2.9430200e+06 3.8400000e+03
 2.1600000e+03 0.0000000e+00 2.0550000e+01 8.0700000e-01 5.5650000e+00
 2.4800000e+02]
deleted_idx_col 377
query_origi 735
query_idx 990
deleted_scaled [0.83333333 0.         0.39508559 0.39346269 0.63636364 0.63636364
 0.         0.17748881 0.39302326 0.06048705 0.83333333 0.
 0.39435417 0.39338408 0.63636364 0.63636364 0.         0.22005035
 0.2902439  0.04885361 0.83333333 0.         0.41032742 0.41363158
 0.63636364 0.63636364 0.         0.3502612  0.57920792 0.23415744
 0.91666667 0.         0.62083964 0.62116076 1.         1.
 0.         0.12526861 0.3911007  0.10814156]
deleted_not_scaled [1.0000000e+01 0.0000000e+00 8.0999440e+03 2.0594110e+06 2.5600000e+03
 1.4400000e+03 0.0000000e+00 2.1905000e+01 7.3900000e-01 5.8370000e+00
 1.0000000e+01 0.0000000e+00 8.0883140e+03 2.0594870e+06 2.5600000e+03
 1.4400000e+03 0.0000000e+00 2.1050000e+01 7.0600000e-01 4.5300000e+00
 1.0000000e+01 0.0000000e+00 8.0787290e+03 2.0600760e+06 2.5600000e+03
 1.4400000e+03 0.0000000e+00 2.6369000e+01 8.2500000e-01 2.1206000e+01
 1.1000000e+01 0.0000000e+00 1.2538862e+04 3.2021120e+06 3.8400000e+03
 2.1600000e+03 0.0000000e+00 1.7773000e+01 7.3700000e-01 1.0221000e+01
 2.8200000e+02]
deleted_idx_col 990
