query_origi 8
query_idx 12
deleted_scaled [1.66666667e-01 0.00000000e+00 1.81388678e-02 1.81228457e-02
 5.45454545e-02 5.45454545e-02 0.00000000e+00 5.45834315e-01
 8.81395349e-01 5.06466321e-01 8.33333333e-02 4.45394773e-01
 8.67475709e-03 8.77252386e-03 1.81818182e-02 1.81818182e-02
 0.00000000e+00 3.05641937e-01 7.53658537e-01 0.00000000e+00
 8.33333333e-02 0.00000000e+00 1.12787805e-02 1.11681894e-02
 1.81818182e-02 1.81818182e-02 0.00000000e+00 2.25570525e-01
 7.10396040e-01 0.00000000e+00 0.00000000e+00 0.00000000e+00
 1.92873890e-03 1.82750903e-03 0.00000000e+00 0.00000000e+00
 0.00000000e+00 2.79561757e-01 7.21311475e-01 2.11606623e-05]
deleted_not_scaled [2.00000000e+00 0.00000000e+00 6.84270000e+02 1.74660000e+05
 5.12000000e+02 2.88000000e+02 0.00000000e+00 3.90990000e+01
 9.49000000e-01 4.88740000e+01 1.00000000e+00 1.46158451e+00
 5.02599000e+02 1.28477000e+05 3.84000000e+02 2.16000000e+02
 0.00000000e+00 2.39400000e+01 8.96000000e-01 0.00000000e+00
 1.00000000e+00 0.00000000e+00 5.34479000e+02 1.35290000e+05
 3.84000000e+02 2.16000000e+02 0.00000000e+00 2.18340000e+01
 8.78000000e-01 0.00000000e+00 0.00000000e+00 0.00000000e+00
 3.59203000e+02 9.10580000e+04 3.20000000e+02 1.80000000e+02
 0.00000000e+00 2.28710000e+01 8.78000000e-01 2.00000000e-03
 2.77000000e+02]
deleted_idx_col 12
query_origi 634
query_idx 96
deleted_scaled [1.         0.06823407 0.83214581 0.82673936 1.         1.
 1.         0.31262452 0.58372093 0.07807254 1.         0.16071157
 0.83067575 0.82653571 1.         1.         1.         0.36306827
 0.48292683 0.00786187 1.         0.13351528 0.86354877 0.86831774
 1.         1.         1.         0.15515535 0.34405941 0.07892848
 1.         0.         0.8283464  0.82669601 1.         1.
 1.         0.25550074 0.54098361 0.13796752]
deleted_not_scaled [1.20000000e+01 3.20597144e-01 1.66982310e+04 4.23508900e+06
 3.84000000e+03 2.16000000e+03 1.00000000e+00 2.82130000e+01
 8.21000000e-01 7.53400000e+00 1.20000000e+01 5.27382807e-01
 1.66700820e+04 4.23420100e+06 3.84000000e+03 2.16000000e+03
 1.00000000e+00 2.58790000e+01 7.85000000e-01 7.29000000e-01
 1.20000000e+01 6.56382343e-01 1.66471460e+04 4.23461800e+06
 3.84000000e+03 2.16000000e+03 1.00000000e+00 1.92730000e+01
 7.30000000e-01 7.14800000e+00 1.20000000e+01 0.00000000e+00
 1.66224250e+04 4.23456300e+06 3.84000000e+03 2.16000000e+03
 1.00000000e+00 2.20760000e+01 8.01000000e-01 1.30400000e+01
 7.70000000e+01]
deleted_idx_col 96
query_origi 424
query_idx 447
deleted_scaled [0.41666667 0.         0.07626492 0.07624986 0.18181818 0.17171717
 0.         0.05998415 0.26976744 0.00592746 0.41666667 0.
 0.07720106 0.07739535 0.18181818 0.17171717 0.         0.18311861
 0.26829268 0.01847378 0.5        0.         0.11298563 0.11293814
 0.27272727 0.27272727 0.         0.10478416 0.43811881 0.22693595
 0.58333333 0.         0.14092483 0.13986735 0.27272727 0.27272727
 0.         0.20120456 0.70257611 0.13476168]
deleted_not_scaled [5.000000e+00 0.000000e+00 1.827784e+03 4.665420e+05 9.600000e+02
 5.200000e+02 0.000000e+00 1.642000e+01 6.860000e-01 5.720000e-01
 5.000000e+00 0.000000e+00 1.850405e+03 4.730100e+05 9.600000e+02
 5.200000e+02 0.000000e+00 1.980300e+01 6.970000e-01 1.713000e+00
 6.000000e+00 0.000000e+00 2.457307e+03 6.220060e+05 1.280000e+03
 7.200000e+02 0.000000e+00 1.744100e+01 7.680000e-01 2.055200e+01
 7.000000e+00 0.000000e+00 3.094532e+03 7.844640e+05 1.280000e+03
 7.200000e+02 0.000000e+00 2.028200e+01 8.700000e-01 1.273700e+01
 1.490000e+02]
deleted_idx_col 447
query_origi 830
query_idx 565
deleted_scaled [0.25       0.         0.03174126 0.03160699 0.05454545 0.05454545
 0.         0.12817327 0.60930233 0.16746114 0.16666667 0.
 0.01596186 0.01598948 0.05454545 0.05454545 0.         0.18122316
 0.60487805 0.19491836 0.25       0.         0.02733086 0.02764635
 0.05454545 0.05454545 0.         0.17970855 0.63118812 0.1939313
 0.25       0.         0.02889511 0.02902912 0.05454545 0.05454545
 0.         0.30292667 0.67213115 0.24516743]
deleted_not_scaled [3.00000e+00 0.00000e+00 9.51870e+02 2.42370e+05 5.12000e+02 2.88000e+02
 0.00000e+00 1.96030e+01 8.32000e-01 1.61600e+01 2.00000e+00 0.00000e+00
 6.45925e+02 1.64711e+05 5.12000e+02 2.88000e+02 0.00000e+00 1.97390e+01
 8.35000e-01 1.80740e+01 3.00000e+00 0.00000e+00 8.37953e+02 2.14097e+05
 5.12000e+02 2.88000e+02 0.00000e+00 2.01660e+01 8.46000e-01 1.75630e+01
 3.00000e+00 0.00000e+00 8.89879e+02 2.27698e+05 5.12000e+02 2.88000e+02
 0.00000e+00 2.36430e+01 8.57000e-01 2.31720e+01 2.68000e+02]
deleted_idx_col 565
query_origi 194
query_idx 519
deleted_scaled [0.5        0.         0.0916337  0.09183101 0.27272727 0.27272727
 0.         0.18554382 0.67674419 0.27235233 0.5        0.
 0.10792759 0.10700392 0.27272727 0.27272727 0.         0.16700726
 0.58292683 0.20474301 0.5        0.         0.11314966 0.11335946
 0.27272727 0.27272727 0.         0.11811933 0.53712871 0.25097446
 0.5        0.         0.10757425 0.10698891 0.27272727 0.27272727
 0.         0.45143912 0.78220141 0.49192192]
deleted_not_scaled [6.000000e+00 0.000000e+00 2.130134e+03 5.447820e+05 1.280000e+03
 7.200000e+02 0.000000e+00 2.228100e+01 8.610000e-01 2.628200e+01
 6.000000e+00 0.000000e+00 2.454748e+03 6.216650e+05 1.280000e+03
 7.200000e+02 0.000000e+00 1.925900e+01 8.260000e-01 1.898500e+01
 6.000000e+00 0.000000e+00 2.460408e+03 6.240210e+05 1.280000e+03
 7.200000e+02 0.000000e+00 1.792600e+01 8.080000e-01 2.272900e+01
 6.000000e+00 0.000000e+00 2.438220e+03 6.193080e+05 1.280000e+03
 7.200000e+02 0.000000e+00 2.855000e+01 9.040000e-01 4.649400e+01
 6.000000e+01]
deleted_idx_col 519
query_origi 90
query_idx 753
deleted_scaled [0.16666667 0.         0.01814822 0.01809815 0.05454545 0.05454545
 0.         0.0458236  0.21395349 0.38260104 0.16666667 0.
 0.01781152 0.01790516 0.05454545 0.05454545 0.         0.58735377
 0.78292683 0.51133447 0.25       0.1072546  0.02864079 0.02903704
 0.05454545 0.05454545 0.         0.09747044 0.13861386 0.3198326
 0.16666667 0.         0.02132192 0.0210504  0.05454545 0.05454545
 0.         0.08849611 0.26932084 0.28936148]
deleted_not_scaled [2.00000000e+00 0.00000000e+00 6.84454000e+02 1.74536000e+05
 5.12000000e+02 2.88000000e+02 0.00000000e+00 1.57590000e+01
 6.62000000e-01 3.69210000e+01 2.00000000e+00 0.00000000e+00
 6.82305000e+02 1.74329000e+05 5.12000000e+02 2.88000000e+02
 0.00000000e+00 3.34520000e+01 9.08000000e-01 4.74140000e+01
 3.00000000e+00 5.27280643e-01 8.62718000e+02 2.20748000e+05
 5.12000000e+02 2.88000000e+02 0.00000000e+00 1.71750000e+01
 6.47000000e-01 2.89650000e+01 2.00000000e+00 0.00000000e+00
 7.40845000e+02 1.87619000e+05 5.12000000e+02 2.88000000e+02
 0.00000000e+00 1.65580000e+01 6.85000000e-01 2.73490000e+01
 1.41000000e+02]
deleted_idx_col 753
query_origi 507
query_idx 520
deleted_scaled [0.16666667 0.         0.01820551 0.01812125 0.05454545 0.05454545
 0.         0.14927483 0.26976744 0.27471503 0.25       0.
 0.02923576 0.02927215 0.05454545 0.05454545 0.         0.04309196
 0.23170732 0.40155943 0.25       0.         0.02695838 0.02727019
 0.05454545 0.05454545 0.         0.13112455 0.43069307 0.19242958
 0.25       0.         0.03242193 0.03201545 0.05454545 0.05454545
 0.         0.68790291 0.82669789 0.58768449]
deleted_not_scaled [2.00000e+00 0.00000e+00 6.85581e+02 1.74652e+05 5.12000e+02 2.88000e+02
 0.00000e+00 2.05880e+01 6.86000e-01 2.65100e+01 3.00000e+00 0.00000e+00
 9.07002e+02 2.31399e+05 5.12000e+02 2.88000e+02 0.00000e+00 1.50750e+01
 6.82000e-01 3.72350e+01 3.00000e+00 0.00000e+00 8.30911e+02 2.12298e+05
 5.12000e+02 2.88000e+02 0.00000e+00 1.83990e+01 7.65000e-01 1.74270e+01
 3.00000e+00 0.00000e+00 9.59284e+02 2.42699e+05 5.12000e+02 2.88000e+02
 0.00000e+00 3.63630e+01 9.23000e-01 5.55450e+01 2.38000e+02]
deleted_idx_col 520
query_origi 939
query_idx 965
deleted_scaled [0.58333333 0.         0.1406007  0.13966259 0.27272727 0.27272727
 0.         0.19259196 0.4627907  0.22415544 0.58333333 0.
 0.13998004 0.139341   0.27272727 0.27272727 0.         0.6931734
 0.86585366 0.76803701 0.58333333 0.         0.14599449 0.14685337
 0.27272727 0.27272727 0.         0.17629915 0.4950495  0.31979948
 0.58333333 0.         0.1399728  0.13976383 0.27272727 0.27272727
 0.         0.20417058 0.46604215 0.33129133]
deleted_not_scaled [7.000000e+00 0.000000e+00 3.093462e+03 7.849660e+05 1.280000e+03
 7.200000e+02 0.000000e+00 2.261000e+01 7.690000e-01 2.163100e+01
 7.000000e+00 0.000000e+00 3.085170e+03 7.840190e+05 1.280000e+03
 7.200000e+02 0.000000e+00 3.702500e+01 9.420000e-01 7.121700e+01
 7.000000e+00 0.000000e+00 3.081359e+03 7.842060e+05 1.280000e+03
 7.200000e+02 0.000000e+00 2.004200e+01 7.910000e-01 2.896200e+01
 7.000000e+00 0.000000e+00 3.075797e+03 7.839440e+05 1.280000e+03
 7.200000e+02 0.000000e+00 2.038000e+01 7.690000e-01 3.131200e+01
 8.500000e+01]
deleted_idx_col 965
query_origi 707
query_idx 787
deleted_scaled [0.41666667 0.         0.07723066 0.07739953 0.18181818 0.17171717
 0.         0.55843099 0.88139535 0.85380311 0.5        0.
 0.1079645  0.10704057 0.27272727 0.27272727 0.         0.45262846
 0.56829268 0.42710782 0.5        0.         0.11274983 0.11295863
 0.27272727 0.27272727 0.         0.22680781 0.11138614 0.36018021
 0.5        0.         0.10809861 0.10751068 0.27272727 0.27272727
 0.         0.24953845 0.15456674 0.32557795]
deleted_not_scaled [5.000000e+00 0.000000e+00 1.846783e+03 4.723150e+05 9.600000e+02
 5.200000e+02 0.000000e+00 3.968700e+01 9.490000e-01 8.239200e+01
 6.000000e+00 0.000000e+00 2.455474e+03 6.218490e+05 1.280000e+03
 7.200000e+02 0.000000e+00 2.890300e+01 8.200000e-01 3.960400e+01
 6.000000e+00 0.000000e+00 2.452849e+03 6.221040e+05 1.280000e+03
 7.200000e+02 0.000000e+00 2.187900e+01 6.360000e-01 3.261900e+01
 6.000000e+00 0.000000e+00 2.448539e+03 6.219290e+05 1.280000e+03
 7.200000e+02 0.000000e+00 2.187900e+01 6.360000e-01 3.077200e+01
 9.000000e+01]
deleted_idx_col 787
query_origi 731
query_idx 630
deleted_scaled [1.         0.         0.8275702  0.82674055 1.         1.
 1.         0.27228518 0.58372093 0.22115026 1.         0.
 0.90362401 0.90408065 1.         1.         1.         0.12287872
 0.36097561 0.11227703 1.         0.         0.85407914 0.86353009
 1.         1.         1.         0.22760517 0.58415842 0.0165741
 1.         0.         0.75991337 0.75383712 1.         1.
 1.         0.2296238  0.36065574 0.06032905]
deleted_not_scaled [1.2000000e+01 0.0000000e+00 1.6608215e+04 4.2350950e+06 3.8400000e+03
 2.1600000e+03 1.0000000e+00 2.6330000e+01 8.2100000e-01 2.1341000e+01
 1.2000000e+01 0.0000000e+00 1.8104861e+04 4.6235290e+06 3.8400000e+03
 2.1600000e+03 1.0000000e+00 1.7769000e+01 7.3500000e-01 1.0411000e+01
 1.2000000e+01 0.0000000e+00 1.6468117e+04 4.2117210e+06 3.8400000e+03
 2.1600000e+03 1.0000000e+00 2.1908000e+01 8.2700000e-01 1.5010000e+00
 1.2000000e+01 0.0000000e+00 1.5275719e+04 3.8685760e+06 3.8400000e+03
 2.1600000e+03 1.0000000e+00 2.1221000e+01 7.2400000e-01 5.7020000e+00
 2.8400000e+02]
deleted_idx_col 630
query_origi 731
query_idx 775
deleted_scaled [0.25       0.         0.02576206 0.02551772 0.05454545 0.05454545
 0.         0.24842006 0.73953488 0.12557513 0.33333333 0.
 0.04256803 0.0423933  0.09090909 0.09090909 0.         0.3805716
 0.76585366 0.25173091 0.33333333 0.         0.04485181 0.04512879
 0.09090909 0.09090909 0.         0.21710201 0.67574257 0.23368263
 0.33333333 0.         0.04284411 0.0428091  0.09090909 0.09090909
 0.         0.16385703 0.70725995 0.1507803 ]
deleted_not_scaled [3.000000e+00 0.000000e+00 8.342410e+02 2.117930e+05 5.120000e+02
 2.880000e+02 0.000000e+00 2.521600e+01 8.880000e-01 1.211800e+01
 4.000000e+00 0.000000e+00 1.169227e+03 2.972760e+05 6.400000e+02
 3.600000e+02 0.000000e+00 2.647000e+01 9.010000e-01 2.334200e+01
 4.000000e+00 0.000000e+00 1.169197e+03 2.977070e+05 6.400000e+02
 3.600000e+02 0.000000e+00 2.152600e+01 8.640000e-01 2.116300e+01
 4.000000e+00 0.000000e+00 1.164384e+03 2.969180e+05 6.400000e+02
 3.600000e+02 0.000000e+00 1.904800e+01 8.720000e-01 1.425100e+01
 1.680000e+02]
deleted_idx_col 775
query_origi 599
query_idx 533
deleted_scaled [1.         0.         0.76665657 0.76818717 1.         1.
 1.         0.18922856 0.72790698 0.00740933 0.91666667 0.
 0.54689285 0.54250324 1.         1.         0.         0.16845846
 0.28536585 0.03594461 0.91666667 0.         0.59503549 0.59649657
 1.         1.         0.         0.22449821 0.69554455 0.46112651
 1.         0.         0.91607831 0.91151432 1.         1.
 1.         0.45255894 0.79859485 0.24036396]
deleted_not_scaled [1.2000000e+01 0.0000000e+00 1.5409861e+04 3.9410720e+06 3.8400000e+03
 2.1600000e+03 1.0000000e+00 2.2453000e+01 8.8300000e-01 7.1500000e-01
 1.1000000e+01 0.0000000e+00 1.1088513e+04 2.8081660e+06 3.8400000e+03
 2.1600000e+03 0.0000000e+00 1.9308000e+01 7.0400000e-01 3.3330000e+00
 1.1000000e+01 0.0000000e+00 1.1570744e+04 2.9346300e+06 3.8400000e+03
 2.1600000e+03 0.0000000e+00 2.1795000e+01 8.7200000e-01 4.1761000e+01
 1.2000000e+01 0.0000000e+00 1.8348917e+04 4.6606250e+06 3.8400000e+03
 2.1600000e+03 1.0000000e+00 2.8587000e+01 9.1100000e-01 2.2718000e+01
 1.7300000e+02]
deleted_idx_col 533
query_origi 588
query_idx 373
deleted_scaled [0.83333333 0.         0.39724957 0.39440206 0.63636364 0.63636364
 0.         0.31131772 0.68372093 0.40968912 0.83333333 0.
 0.39458148 0.39240194 0.63636364 0.63636364 0.         0.37396713
 0.52195122 0.38926515 0.83333333 0.         0.41139949 0.41344214
 0.63636364 0.63636364 0.         0.30646137 0.49257426 0.00171152
 0.91666667 0.         0.56930731 0.5678837  1.         1.
 0.         0.36191399 0.68618267 0.21547902]
deleted_not_scaled [1.0000000e+01 0.0000000e+00 8.1425160e+03 2.0641280e+06 2.5600000e+03
 1.4400000e+03 0.0000000e+00 2.8152000e+01 8.6400000e-01 3.9535000e+01
 1.0000000e+01 0.0000000e+00 8.0927850e+03 2.0545560e+06 2.5600000e+03
 1.4400000e+03 0.0000000e+00 2.6247000e+01 8.0100000e-01 3.6095000e+01
 1.0000000e+01 0.0000000e+00 8.0989970e+03 2.0591700e+06 2.5600000e+03
 1.4400000e+03 0.0000000e+00 2.4776000e+01 7.9000000e-01 1.5500000e-01
 1.1000000e+01 0.0000000e+00 1.1524748e+04 2.9344890e+06 3.8400000e+03
 2.1600000e+03 0.0000000e+00 2.5592000e+01 8.6300000e-01 2.0366000e+01
 9.0000000e+00]
deleted_idx_col 373
query_origi 402
query_idx 644
deleted_scaled [1.         0.         0.84942477 0.84475686 1.         1.
 1.         0.05490692 0.4        0.01918135 1.         0.
 0.81720118 0.81394478 1.         1.         1.         0.82508515
 0.91707317 0.87264629 0.91666667 0.         0.58312113 0.58692357
 1.         1.         0.         0.21836679 0.5        0.02188532
 1.         0.         0.80826757 0.80746456 1.         1.
 1.         0.23122787 0.49180328 0.02946622]
deleted_not_scaled [1.2000000e+01 0.0000000e+00 1.7038160e+04 4.3255630e+06 3.8400000e+03
 2.1600000e+03 1.0000000e+00 1.6183000e+01 7.4200000e-01 1.8510000e+00
 1.2000000e+01 0.0000000e+00 1.6405058e+04 4.1709860e+06 3.8400000e+03
 2.1600000e+03 1.0000000e+00 4.1479000e+01 9.6300000e-01 8.0917000e+01
 1.1000000e+01 0.0000000e+00 1.1345496e+04 2.8888470e+06 3.8400000e+03
 2.1600000e+03 0.0000000e+00 2.1572000e+01 7.9300000e-01 1.9820000e+00
 1.2000000e+01 0.0000000e+00 1.6227290e+04 4.1379590e+06 3.8400000e+03
 2.1600000e+03 1.0000000e+00 2.1274000e+01 7.8000000e-01 2.7850000e+00
 1.5300000e+02]
deleted_idx_col 644
query_origi 450
query_idx 737
deleted_scaled [1.         0.         0.80946818 0.80380117 1.         1.
 1.         0.19940444 0.66976744 0.03418653 0.91666667 0.
 0.57094706 0.56780681 1.         1.         0.         0.58963424
 0.9097561  0.51528158 1.         0.         0.86394278 0.86827864
 1.         1.         1.         0.22708276 0.35643564 0.06525844
 0.91666667 0.         0.56931249 0.56788887 1.         1.
 0.         0.22441815 0.31147541 0.04756917]
deleted_not_scaled [1.2000000e+01 0.0000000e+00 1.6252094e+04 4.1199060e+06 3.8400000e+03
 2.1600000e+03 1.0000000e+00 2.2928000e+01 8.5800000e-01 3.2990000e+00
 1.1000000e+01 0.0000000e+00 1.1561622e+04 2.9352070e+06 3.8400000e+03
 2.1600000e+03 0.0000000e+00 3.3529000e+01 9.6000000e-01 4.7780000e+01
 1.2000000e+01 0.0000000e+00 1.6654595e+04 4.2344310e+06 3.8400000e+03
 2.1600000e+03 1.0000000e+00 2.1889000e+01 7.3500000e-01 5.9100000e+00
 1.1000000e+01 0.0000000e+00 1.1524850e+04 2.9345150e+06 3.8400000e+03
 2.1600000e+03 0.0000000e+00 2.1049000e+01 7.0300000e-01 4.4960000e+00
 2.8000000e+02]
deleted_idx_col 737
query_origi 874
query_idx 437
deleted_scaled [0.91666667 0.         0.56423791 0.56366187 1.         1.
 0.         0.13397888 0.55116279 0.00568912 0.91666667 0.
 0.56739798 0.5677104  1.         1.         0.         0.44116689
 0.7902439  0.14615103 1.         0.         0.85729083 0.86677712
 1.         1.         1.         0.27613418 0.67079208 0.00986054
 1.         0.         0.83732691 0.83064227 1.         1.
 1.         0.18095699 0.57845433 0.        ]
deleted_not_scaled [1.1000000e+01 0.0000000e+00 1.1427678e+04 2.9140580e+06 3.8400000e+03
 2.1600000e+03 0.0000000e+00 1.9874000e+01 8.0700000e-01 5.4900000e-01
 1.1000000e+01 0.0000000e+00 1.1491817e+04 2.9347230e+06 3.8400000e+03
 2.1600000e+03 0.0000000e+00 2.8516000e+01 9.1100000e-01 1.3552000e+01
 1.2000000e+01 0.0000000e+00 1.6528836e+04 4.2272500e+06 3.8400000e+03
 2.1600000e+03 1.0000000e+00 2.3673000e+01 8.6200000e-01 8.9300000e-01
 1.2000000e+01 0.0000000e+00 1.6799154e+04 4.2543860e+06 3.8400000e+03
 2.1600000e+03 1.0000000e+00 1.9613000e+01 8.1700000e-01 0.0000000e+00
 2.0100000e+02]
deleted_idx_col 437
query_origi 595
query_idx 512
deleted_scaled [1.         0.         0.82901309 0.82652548 1.         1.
 1.         0.19274192 0.41395349 0.1333057  0.91666667 0.
 0.568473   0.5676393  1.         1.         0.         0.75205094
 0.86097561 0.90601342 0.91666667 0.         0.59103572 0.59639223
 1.         1.         0.         0.12930987 0.20792079 0.11357839
 1.         0.         0.8818089  0.8831312  1.         1.
 1.         0.05456857 0.16627635 0.16620642]
deleted_not_scaled [1.2000000e+01 0.0000000e+00 1.6636601e+04 4.2340150e+06 3.8400000e+03
 2.1600000e+03 1.0000000e+00 2.2617000e+01 7.4800000e-01 1.2864000e+01
 1.1000000e+01 0.0000000e+00 1.1512961e+04 2.9343660e+06 3.8400000e+03
 2.1600000e+03 0.0000000e+00 3.9013000e+01 9.4000000e-01 8.4011000e+01
 1.1000000e+01 0.0000000e+00 1.1495126e+04 2.9341310e+06 3.8400000e+03
 2.1600000e+03 0.0000000e+00 1.8333000e+01 6.7500000e-01 1.0286000e+01
 1.2000000e+01 0.0000000e+00 1.7674523e+04 4.5180500e+06 3.8400000e+03
 2.1600000e+03 1.0000000e+00 1.5437000e+01 6.4100000e-01 1.5709000e+01
 1.3200000e+02]
deleted_idx_col 512
query_origi 820
query_idx 133
deleted_scaled [1.         0.06425106 0.83882684 0.83840531 1.         1.
 1.         0.02911373 0.18837209 0.11798964 1.         0.24353603
 0.81394855 0.81477355 1.         1.         1.         0.14337332
 0.3804878  0.02266894 1.         0.02986542 1.         1.
 1.         1.         1.         0.77165246 0.88366337 1.
 1.         0.         0.8058257  0.79979121 1.         1.
 1.         0.08680125 0.52459016 0.11470137]
deleted_not_scaled [1.20000000e+01 3.01883015e-01 1.68296670e+04 4.29366900e+06
 3.84000000e+03 2.16000000e+03 1.00000000e+00 1.49790000e+01
 6.51000000e-01 1.13860000e+01 1.20000000e+01 7.99175276e-01
 1.63410840e+04 4.17514700e+06 3.84000000e+03 2.16000000e+03
 1.00000000e+00 1.84610000e+01 7.43000000e-01 2.10200000e+00
 1.20000000e+01 1.46823144e-01 1.92268370e+04 4.86439000e+06
 3.84000000e+03 2.16000000e+03 1.00000000e+00 4.16950000e+01
 9.48000000e-01 9.05630000e+01 1.20000000e+01 0.00000000e+00
 1.61792360e+04 4.09941400e+06 3.84000000e+03 2.16000000e+03
 1.00000000e+00 1.65020000e+01 7.94000000e-01 1.08410000e+01
 2.39000000e+02]
deleted_idx_col 133
query_origi 692
query_idx 120
deleted_scaled [1.         0.5972508  0.74957697 0.7506986  1.         1.
 1.         0.03065618 0.33488372 0.00432124 1.         0.32004784
 0.83226825 0.82520959 1.         1.         1.         0.34201096
 0.60487805 0.00143433 1.         0.10205953 0.86653995 0.86826944
 1.         1.         1.         0.45444047 0.68564356 0.28951117
 1.         0.         0.89262551 0.88773182 1.         1.
 1.         0.27266124 0.71662763 0.00135428]
deleted_not_scaled [1.20000000e+01 2.80617727e+00 1.50738540e+04 3.85325400e+06
 3.84000000e+03 2.16000000e+03 1.00000000e+00 1.50510000e+01
 7.14000000e-01 4.17000000e-01 1.20000000e+01 1.05025247e+00
 1.67014040e+04 4.22754300e+06 3.84000000e+03 2.16000000e+03
 1.00000000e+00 2.51680000e+01 8.35000000e-01 1.33000000e-01
 1.20000000e+01 5.01740855e-01 1.67036960e+04 4.23438700e+06
 3.84000000e+03 2.16000000e+03 1.00000000e+00 3.01580000e+01
 8.68000000e-01 2.62190000e+01 1.20000000e+01 0.00000000e+00
 1.78873850e+04 4.54116000e+06 3.84000000e+03 2.16000000e+03
 1.00000000e+00 2.26430000e+01 8.76000000e-01 1.28000000e-01
 2.63000000e+02]
deleted_idx_col 120
query_origi 933
query_idx 136
deleted_scaled [1.         0.13702574 0.73168158 0.72984487 1.         1.
 1.         0.13072259 0.54418605 0.02379275 1.         0.1752333
 0.84922882 0.84838974 1.         1.         1.         0.84901525
 0.92439024 0.80133943 1.         0.08607532 0.86664902 0.87492828
 1.         1.         1.         0.31525983 0.78712871 0.07957996
 1.         0.         0.78058984 0.78215615 1.         1.
 1.         0.75058261 0.81498829 0.77810929]
deleted_not_scaled [1.20000000e+01 6.43814147e-01 1.47217980e+04 3.74853800e+06
 3.84000000e+03 2.16000000e+03 1.00000000e+00 1.97220000e+01
 8.04000000e-01 2.29600000e+00 1.20000000e+01 5.75036547e-01
 1.70349920e+04 4.34392300e+06 3.84000000e+03 2.16000000e+03
 1.00000000e+00 4.22870000e+01 9.66000000e-01 7.43050000e+01
 1.20000000e+01 4.23159964e-01 1.67057580e+04 4.26623300e+06
 3.84000000e+03 2.16000000e+03 1.00000000e+00 2.50960000e+01
 9.09000000e-01 7.20700000e+00 1.20000000e+01 0.00000000e+00
 1.56826150e+04 4.01082900e+06 3.84000000e+03 2.16000000e+03
 1.00000000e+00 3.84340000e+01 9.18000000e-01 7.35430000e+01
 1.85000000e+02]
deleted_idx_col 136
query_origi 557
query_idx 106
deleted_scaled [1.         0.23232535 0.83033836 0.82660254 1.         1.
 1.         0.33996015 0.69767442 0.26689119 1.         0.36934205
 0.82902778 0.82655284 1.         1.         1.         0.33271139
 0.4902439  0.02833078 1.         0.07581307 0.91456992 0.92146387
 1.         1.         1.         0.23194941 0.55693069 0.03692457
 1.         0.         0.77614265 0.77614806 1.         1.
 1.         0.93217518 0.94145199 0.86082632]
deleted_not_scaled [1.20000000e+01 1.09157850e+00 1.66626730e+04 4.23440200e+06
 3.84000000e+03 2.16000000e+03 1.00000000e+00 2.94890000e+01
 8.70000000e-01 2.57550000e+01 1.20000000e+01 1.21201380e+00
 1.66376690e+04 4.23428700e+06 3.84000000e+03 2.16000000e+03
 1.00000000e+00 2.48540000e+01 7.88000000e-01 2.62700000e+00
 1.20000000e+01 3.72709115e-01 1.76117310e+04 4.48879000e+06
 3.84000000e+03 2.16000000e+03 1.00000000e+00 2.20660000e+01
 8.16000000e-01 3.34400000e+00 1.20000000e+01 0.00000000e+00
 1.55950980e+04 3.98064900e+06 3.84000000e+03 2.16000000e+03
 1.00000000e+00 4.44340000e+01 9.72000000e-01 8.13610000e+01
 2.74000000e+02]
deleted_idx_col 106
query_origi 471
query_idx 283
deleted_scaled [1.66666667e-01 5.51426342e-01 1.89933382e-02 1.87330278e-02
 5.45454545e-02 5.45454545e-02 0.00000000e+00 2.71214036e-02
 4.16279070e-01 2.91398964e-01 8.33333333e-02 3.63596874e-01
 6.90700186e-03 6.85087028e-03 1.81818182e-02 1.81818182e-02
 0.00000000e+00 1.08958981e-01 3.63414634e-01 7.41970968e-03
 0.00000000e+00 1.90908032e-01 2.32507951e-03 2.30443750e-03
 0.00000000e+00 0.00000000e+00 0.00000000e+00 3.11190542e-01
 5.04950495e-01 3.42303148e-04 0.00000000e+00 0.00000000e+00
 2.17686916e-03 2.16454310e-03 0.00000000e+00 0.00000000e+00
 0.00000000e+00 2.05169335e-01 3.37236534e-01 9.41649474e-04]
deleted_not_scaled [2.00000000e+00 2.59087150e+00 7.01080000e+02 1.77724000e+05
 5.12000000e+02 2.88000000e+02 0.00000000e+00 1.48860000e+01
 7.49000000e-01 2.81200000e+01 1.00000000e+00 1.19316074e+00
 4.67830000e+02 1.18829000e+05 3.84000000e+02 2.16000000e+02
 0.00000000e+00 1.72990000e+01 7.36000000e-01 6.88000000e-01
 0.00000000e+00 9.38534199e-01 3.65204000e+02 9.28990000e+04
 3.20000000e+02 1.80000000e+02 0.00000000e+00 2.49480000e+01
 7.95000000e-01 3.10000000e-02 0.00000000e+00 0.00000000e+00
 3.64086000e+02 9.27510000e+04 3.20000000e+02 1.80000000e+02
 0.00000000e+00 2.04130000e+01 7.14000000e-01 8.90000000e-02
 1.07000000e+02]
deleted_idx_col 283
query_origi 297
query_idx 108
deleted_scaled [1.         0.47907371 0.85437287 0.85095805 1.         1.
 1.         0.10848561 0.57906977 0.05373057 1.         0.41945903
 0.73161943 0.72980312 1.         1.         1.         0.18071968
 0.52926829 0.02476112 1.         0.10424979 0.88406366 0.89117288
 1.         1.         1.         0.78792961 0.92821782 0.82047856
 1.         0.         0.83258098 0.83300071 1.         1.
 1.         0.34690233 0.79391101 0.07625245]
deleted_not_scaled [1.20000000e+01 2.25092335e+00 1.71355040e+04 4.35670200e+06
 3.84000000e+03 2.16000000e+03 1.00000000e+00 1.86840000e+01
 8.19000000e-01 5.18500000e+00 1.20000000e+01 1.37647510e+00
 1.47217980e+04 3.74853800e+06 3.84000000e+03 2.16000000e+03
 1.00000000e+00 1.97220000e+01 8.04000000e-01 2.29600000e+00
 1.20000000e+01 5.12508516e-01 1.70349920e+04 4.34392300e+06
 3.84000000e+03 2.16000000e+03 1.00000000e+00 4.22870000e+01
 9.66000000e-01 7.43050000e+01 1.20000000e+01 0.00000000e+00
 1.67057580e+04 4.26623300e+06 3.84000000e+03 2.16000000e+03
 1.00000000e+00 2.50960000e+01 9.09000000e-01 7.20700000e+00
 1.84000000e+02]
deleted_idx_col 108
query_origi 807
query_idx 443
deleted_scaled [1.         0.22060351 0.82906738 0.82657964 1.         1.
 1.         0.24066497 0.50697674 0.0272228  1.         0.18718031
 0.87855188 0.87724382 1.         1.         1.         0.25014068
 0.55853659 0.03606324 1.         0.0770712  0.80790131 0.81521405
 1.         1.         1.         0.84696178 0.94306931 0.89839118
 1.         0.         0.87718645 0.8785021  1.         1.
 1.         0.30686117 0.72131148 0.00513146]
deleted_not_scaled [1.20000000e+01 1.03650351e+00 1.66376690e+04 4.23428700e+06
 3.84000000e+03 2.16000000e+03 1.00000000e+00 2.48540000e+01
 7.88000000e-01 2.62700000e+00 1.20000000e+01 6.14241244e-01
 1.76117310e+04 4.48879000e+06 3.84000000e+03 2.16000000e+03
 1.00000000e+00 2.20660000e+01 8.16000000e-01 3.34400000e+00
 1.20000000e+01 3.78894259e-01 1.55950980e+04 3.98064900e+06
 3.84000000e+03 2.16000000e+03 1.00000000e+00 4.44340000e+01
 9.72000000e-01 8.13610000e+01 1.20000000e+01 0.00000000e+00
 1.75835570e+04 4.49479700e+06 3.84000000e+03 2.16000000e+03
 1.00000000e+00 2.37730000e+01 8.78000000e-01 4.85000000e-01
 2.75000000e+02]
deleted_idx_col 443
query_origi 351
query_idx 239
deleted_scaled [1.         0.08747722 0.77607237 0.77606875 1.         1.
 1.         0.66012554 0.93488372 0.84311917 1.         0.1061797
 0.87711943 0.87844027 1.         1.         1.         0.30069599
 0.7097561  0.00523046 1.         0.0975675  0.8489862  0.84939505
 1.         1.         1.         0.22251856 0.67079208 0.
 1.         0.         0.80952799 0.80387066 1.         1.
 1.         0.28128689 0.67447307 0.03490451]
deleted_not_scaled [1.20000000e+01 4.11010906e-01 1.55950980e+04 3.98064900e+06
 3.84000000e+03 2.16000000e+03 1.00000000e+00 4.44340000e+01
 9.72000000e-01 8.13610000e+01 1.20000000e+01 3.48433829e-01
 1.75835570e+04 4.49479700e+06 3.84000000e+03 2.16000000e+03
 1.00000000e+00 2.37730000e+01 8.78000000e-01 4.85000000e-01
 1.20000000e+01 4.79657318e-01 1.63718320e+04 4.14412000e+06
 3.84000000e+03 2.16000000e+03 1.00000000e+00 2.17230000e+01
 8.62000000e-01 0.00000000e+00 1.20000000e+01 0.00000000e+00
 1.62520940e+04 4.11990600e+06 3.84000000e+03 2.16000000e+03
 1.00000000e+00 2.29280000e+01 8.58000000e-01 3.29900000e+00
 2.77000000e+02]
deleted_idx_col 239
query_origi 592
query_idx 312
deleted_scaled [0.33333333 0.         0.04247389 0.04237141 0.09090909 0.09090909
 0.         0.14618994 0.47674419 0.29516062 0.33333333 0.83156016
 0.04217135 0.04225845 0.09090909 0.09090909 0.         0.2620465
 0.59512195 0.37342277 0.33333333 0.11874465 0.04449869 0.04504683
 0.09090909 0.09090909 0.         0.67640913 0.86138614 0.77012687
 0.25       0.         0.03006629 0.02972609 0.05454545 0.05454545
 0.         0.44556763 0.56440281 0.40759668]
deleted_not_scaled [4.00000000e+00 0.00000000e+00 1.16301300e+03 2.96423000e+05
 6.40000000e+02 3.60000000e+02 0.00000000e+00 2.04440000e+01
 7.75000000e-01 2.84830000e+01 4.00000000e+00 2.72880492e+00
 1.16142500e+03 2.96599000e+05 6.40000000e+02 3.60000000e+02
 0.00000000e+00 2.24680000e+01 8.31000000e-01 3.46260000e+01
 4.00000000e+00 5.83767579e-01 1.16252100e+03 2.97315000e+05
 6.40000000e+02 3.60000000e+02 0.00000000e+00 3.82310000e+01
 9.39000000e-01 6.97450000e+01 3.00000000e+00 0.00000000e+00
 9.12927000e+02 2.31199000e+05 5.12000000e+02 2.88000000e+02
 0.00000000e+00 2.83560000e+01 8.11000000e-01 3.85240000e+01
 8.80000000e+01]
deleted_idx_col 312
query_origi 630
query_idx 730
deleted_scaled [0.5        0.         0.10781958 0.10719549 0.27272727 0.27272727
 0.         0.54420617 0.86046512 0.85033161 0.16666667 0.
 0.01802491 0.01796491 0.05454545 0.05454545 0.         0.17390789
 0.7097561  0.30905032 0.5        0.         0.11212768 0.11290907
 0.27272727 0.27272727 0.         0.20395931 0.69059406 0.25133885
 0.08333333 0.         0.00918143 0.00919269 0.01818182 0.01818182
 0.         0.18940105 0.66744731 0.        ]
deleted_not_scaled [6.000000e+00 0.000000e+00 2.448559e+03 6.219340e+05 1.280000e+03
 7.200000e+02 0.000000e+00 3.902300e+01 9.400000e-01 8.205700e+01
 2.000000e+00 0.000000e+00 6.865020e+02 1.746290e+05 5.120000e+02
 2.880000e+02 0.000000e+00 1.949200e+01 8.780000e-01 2.865700e+01
 6.000000e+00 0.000000e+00 2.441087e+03 6.218670e+05 1.280000e+03
 7.200000e+02 0.000000e+00 2.104800e+01 8.700000e-01 2.276200e+01
 1.000000e+00 0.000000e+00 5.019300e+02 1.280550e+05 3.840000e+02
 2.160000e+02 0.000000e+00 1.989200e+01 8.550000e-01 0.000000e+00
 2.210000e+02]
deleted_idx_col 730
query_origi 790
query_idx 815
deleted_scaled [0.58333333 0.         0.1414263  0.14172196 0.27272727 0.27272727
 0.         0.10745731 0.50232558 0.26032124 0.66666667 0.
 0.20594941 0.20425178 0.45454545 0.45454545 0.         0.12305642
 0.59268293 0.00433535 0.41666667 0.         0.08144512 0.08157261
 0.18181818 0.17171717 0.         0.06879296 0.42821782 0.01387984
 0.58333333 0.         0.14061368 0.13986576 0.27272727 0.27272727
 0.         0.77748857 0.86885246 0.8893509 ]
deleted_not_scaled [7.000000e+00 0.000000e+00 3.109704e+03 7.953070e+05 1.280000e+03
 7.200000e+02 0.000000e+00 1.863600e+01 7.860000e-01 2.512100e+01
 8.000000e+00 0.000000e+00 4.382685e+03 1.109915e+06 1.920000e+03
 1.080000e+03 0.000000e+00 1.777500e+01 8.300000e-01 4.020000e-01
 5.000000e+00 0.000000e+00 1.861015e+03 4.720000e+05 9.600000e+02
 5.200000e+02 0.000000e+00 1.613200e+01 7.640000e-01 1.257000e+00
 7.000000e+00 0.000000e+00 3.088409e+03 7.844560e+05 1.280000e+03
 7.200000e+02 0.000000e+00 3.932300e+01 9.410000e-01 8.405700e+01
 2.180000e+02]
deleted_idx_col 815
query_origi 695
query_idx 912
deleted_scaled [8.33333333e-02 8.80775096e-02 9.11004792e-03 8.87950338e-03
 1.81818182e-02 1.81818182e-02 0.00000000e+00 8.55416783e-02
 5.00000000e-01 4.14507772e-05 8.33333333e-02 7.19024832e-01
 8.83160729e-03 8.71555942e-03 1.81818182e-02 1.81818182e-02
 0.00000000e+00 2.00296165e-01 7.14634146e-01 0.00000000e+00
 8.33333333e-02 0.00000000e+00 1.11735735e-02 1.11464435e-02
 1.81818182e-02 1.81818182e-02 0.00000000e+00 6.61259280e-02
 4.13366337e-01 6.62522222e-05 0.00000000e+00 0.00000000e+00
 1.25472708e-03 1.20977912e-03 0.00000000e+00 0.00000000e+00
 0.00000000e+00 5.84879392e-01 7.98594848e-01 4.06284717e-03]
deleted_not_scaled [1.00000000e+00 4.13831353e-01 5.06646000e+02 1.28245000e+05
 3.84000000e+02 2.16000000e+02 0.00000000e+00 1.76130000e+01
 7.85000000e-01 4.00000000e-03 1.00000000e+00 2.35951479e+00
 5.05684000e+02 1.28191000e+05 3.84000000e+02 2.16000000e+02
 0.00000000e+00 2.03830000e+01 8.80000000e-01 0.00000000e+00
 1.00000000e+00 0.00000000e+00 5.32490000e+02 1.35186000e+05
 3.84000000e+02 2.16000000e+02 0.00000000e+00 1.60350000e+01
 7.58000000e-01 6.00000000e-03 0.00000000e+00 0.00000000e+00
 3.45939000e+02 8.79550000e+04 3.20000000e+02 1.80000000e+02
 0.00000000e+00 3.29590000e+01 9.11000000e-01 3.84000000e-01
 1.51000000e+02]
deleted_idx_col 912
query_origi 594
query_idx 286
deleted_scaled [0.25       0.         0.02766461 0.02758366 0.05454545 0.05454545
 0.         0.18068082 0.62790698 0.19866321 0.25       0.55712957
 0.02737008 0.02742917 0.05454545 0.05454545 0.         0.76013624
 0.88536585 0.54079762 0.25       0.         0.02899063 0.02934546
 0.05454545 0.05454545 0.         0.2816882  0.74752475 0.16436072
 0.08333333 0.         0.01083541 0.010633   0.01818182 0.01818182
 0.         0.24817651 0.72131148 0.        ]
deleted_not_scaled [3.00000000e+00 0.00000000e+00 8.71670000e+02 2.22167000e+05
 5.12000000e+02 2.88000000e+02 0.00000000e+00 2.20540000e+01
 8.40000000e-01 1.91710000e+01 3.00000000e+00 1.82824766e+00
 8.70307000e+02 2.22146000e+05 5.12000000e+02 2.88000000e+02
 0.00000000e+00 3.92860000e+01 9.50000000e-01 5.01460000e+01
 3.00000000e+00 0.00000000e+00 8.69332000e+02 2.22223000e+05
 5.12000000e+02 2.88000000e+02 0.00000000e+00 2.38750000e+01
 8.93000000e-01 1.48850000e+01 1.00000000e+00 0.00000000e+00
 5.34479000e+02 1.35290000e+05 3.84000000e+02 2.16000000e+02
 0.00000000e+00 2.18340000e+01 8.78000000e-01 0.00000000e+00
 2.76000000e+02]
deleted_idx_col 286
query_origi 391
query_idx 87
deleted_scaled [0.33333333 0.         0.04271295 0.04246481 0.09090909 0.09090909
 0.         0.04243878 0.2627907  0.53626943 0.33333333 0.
 0.04236267 0.04227578 0.09090909 0.09090909 0.         0.0472975
 0.18292683 0.45081207 0.33333333 0.57993451 0.04469927 0.04506669
 0.09090909 0.09090909 0.         0.05908716 0.16831683 0.42403631
 0.16666667 0.         0.01834721 0.01840469 0.05454545 0.05454545
 0.         0.59980025 0.79156909 0.50165582]
deleted_not_scaled [4.00000000e+00 0.00000000e+00 1.16771600e+03 2.96892000e+05
 6.40000000e+02 3.60000000e+02 0.00000000e+00 1.56010000e+01
 6.83000000e-01 5.17500000e+01 4.00000000e+00 0.00000000e+00
 1.16518800e+03 2.96686000e+05 6.40000000e+02 3.60000000e+02
 0.00000000e+00 1.52170000e+01 6.62000000e-01 4.18020000e+01
 4.00000000e+00 2.85105013e+00 1.16631300e+03 2.97410000e+05
 6.40000000e+02 3.60000000e+02 0.00000000e+00 1.57790000e+01
 6.59000000e-01 3.84020000e+01 2.00000000e+00 0.00000000e+00
 6.82305000e+02 1.74329000e+05 5.12000000e+02 2.88000000e+02
 0.00000000e+00 3.34520000e+01 9.08000000e-01 4.74140000e+01
 1.39000000e+02]
deleted_idx_col 87
query_origi 690
query_idx 253
deleted_scaled [0.33333333 0.         0.04209225 0.04176023 0.09090909 0.09090909
 0.         0.24670623 0.73255814 0.14727461 0.41666667 0.
 0.07788307 0.07756784 0.18181818 0.17171717 0.         0.37817266
 0.76341463 0.28097837 0.41666667 0.92733004 0.08087217 0.08138505
 0.18181818 0.17171717 0.         0.21663459 0.66584158 0.24650243
 0.33333333 0.         0.04284411 0.0428091  0.09090909 0.09090909
 0.         0.16385703 0.70725995 0.1507803 ]
deleted_not_scaled [4.00000000e+00 0.00000000e+00 1.15550500e+03 2.93354000e+05
 6.40000000e+02 3.60000000e+02 0.00000000e+00 2.51360000e+01
 8.85000000e-01 1.42120000e+01 5.00000000e+00 0.00000000e+00
 1.86381900e+03 4.73876000e+05 9.60000000e+02 5.20000000e+02
 0.00000000e+00 2.63890000e+01 9.00000000e-01 2.60540000e+01
 5.00000000e+00 4.55890174e+00 1.85018300e+03 4.71103000e+05
 9.60000000e+02 5.20000000e+02 0.00000000e+00 2.15090000e+01
 8.60000000e-01 2.23240000e+01 4.00000000e+00 0.00000000e+00
 1.16438400e+03 2.96918000e+05 6.40000000e+02 3.60000000e+02
 0.00000000e+00 1.90480000e+01 8.72000000e-01 1.42510000e+01
 1.68000000e+02]
deleted_idx_col 253
query_origi 712
query_idx 139
deleted_scaled [0.         0.         0.00264571 0.0026578  0.         0.
 0.         0.25825318 0.71162791 0.         0.         0.
 0.00113415 0.00104488 0.         0.         0.         0.22188657
 0.58780488 0.         0.         1.         0.00271311 0.00262644
 0.         0.         0.         0.16442123 0.44059406 0.
 0.33333333 0.         0.04270036 0.04240538 0.09090909 0.09090909
 0.         0.51902182 0.76112412 0.34770142]
deleted_not_scaled [0.0000000e+00 0.0000000e+00 3.7947300e+02 9.7003000e+04 3.2000000e+02
 1.8000000e+02 0.0000000e+00 2.5675000e+01 8.7600000e-01 0.0000000e+00
 0.0000000e+00 0.0000000e+00 3.5428700e+02 8.9679000e+04 3.2000000e+02
 1.8000000e+02 0.0000000e+00 2.1112000e+01 8.2800000e-01 0.0000000e+00
 0.0000000e+00 4.9161588e+00 3.7254000e+02 9.4439000e+04 3.2000000e+02
 1.8000000e+02 0.0000000e+00 1.9610000e+01 7.6900000e-01 0.0000000e+00
 4.0000000e+00 0.0000000e+00 1.1615550e+03 2.9489000e+05 6.4000000e+02
 3.6000000e+02 0.0000000e+00 3.0783000e+01 8.9500000e-01 3.2863000e+01
 3.7000000e+01]
deleted_idx_col 139
query_origi 350
query_idx 728
deleted_scaled [1.         0.14989766 0.82726094 0.82725813 1.         1.
 1.         0.35780544 0.65581395 0.62954404 1.         0.20043295
 0.86086248 0.86216039 1.         1.         1.         0.31298682
 0.35853659 0.32488191 1.         0.20890517 0.8814356  0.88186459
 1.         1.         1.         0.08405279 0.09653465 0.13379636
 1.         0.         0.83517672 0.82934291 1.         1.
 1.         0.040707   0.         0.03547585]
deleted_not_scaled [1.20000000e+01 7.04292735e-01 1.66021310e+04 4.23769400e+06
 3.84000000e+03 2.16000000e+03 1.00000000e+00 3.03220000e+01
 8.52000000e-01 6.07510000e+01 1.20000000e+01 6.57730426e-01
 1.72638080e+04 4.41306100e+06 3.84000000e+03 2.16000000e+03
 1.00000000e+00 2.41880000e+01 7.34000000e-01 3.01250000e+01
 1.20000000e+01 1.02701098e+00 1.69853070e+04 4.29940600e+06
 3.84000000e+03 2.16000000e+03 1.00000000e+00 1.66870000e+01
 6.30000000e-01 1.21170000e+01 1.20000000e+01 0.00000000e+00
 1.67568400e+04 4.24785900e+06 3.84000000e+03 2.16000000e+03
 1.00000000e+00 1.49790000e+01 5.70000000e-01 3.35300000e+00
 2.10000000e+01]
deleted_idx_col 728
query_origi 867
query_idx 124
deleted_scaled [1.         0.12677032 0.82910474 0.82661688 1.         1.
 1.         0.56871398 0.85116279 0.89611399 1.         0.24914555
 0.82782809 0.82659765 1.         1.         1.         0.15080705
 0.28292683 0.10299161 1.         0.06847295 0.9410102  0.9495236
 1.         1.         1.         0.08982678 0.29207921 0.05558561
 1.         0.         0.74965558 0.75078689 1.         1.
 1.         0.04288611 0.33723653 0.004412  ]
deleted_not_scaled [1.20000000e+01 5.95629156e-01 1.66384040e+04 4.23447400e+06
 3.84000000e+03 2.16000000e+03 1.00000000e+00 4.01670000e+01
 9.36000000e-01 8.64750000e+01 1.20000000e+01 8.17583181e-01
 1.66140730e+04 4.23451200e+06 3.84000000e+03 2.16000000e+03
 1.00000000e+00 1.87120000e+01 7.03000000e-01 9.55000000e+00
 1.20000000e+01 3.36623877e-01 1.81116000e+04 4.62298600e+06
 3.84000000e+03 2.16000000e+03 1.00000000e+00 1.68970000e+01
 7.09000000e-01 5.03400000e+00 1.20000000e+01 0.00000000e+00
 1.50738540e+04 3.85325400e+06 3.84000000e+03 2.16000000e+03
 1.00000000e+00 1.50510000e+01 7.14000000e-01 4.17000000e-01
 2.60000000e+02]
deleted_idx_col 124
query_origi 245
query_idx 574
deleted_scaled [0.91666667 0.         0.57000759 0.5697133  1.         1.
 0.         0.02924227 0.2        0.11596891 0.91666667 0.
 0.56505575 0.56565212 1.         1.         0.         0.14295869
 0.38780488 0.02176304 1.         0.         1.         1.
 1.         1.         1.         0.77165246 0.88366337 1.
 0.91666667 0.         0.54587625 0.54175749 1.         1.
 0.         0.08686178 0.52693208 0.11360102]
deleted_not_scaled [1.1000000e+01 0.0000000e+00 1.1541185e+04 2.9444450e+06 3.8400000e+03
 2.1600000e+03 0.0000000e+00 1.4985000e+01 6.5600000e-01 1.1191000e+01
 1.1000000e+01 0.0000000e+00 1.1445749e+04 2.9243890e+06 3.8400000e+03
 2.1600000e+03 0.0000000e+00 1.8447000e+01 7.4600000e-01 2.0180000e+00
 1.2000000e+01 0.0000000e+00 1.9226837e+04 4.8643900e+06 3.8400000e+03
 2.1600000e+03 1.0000000e+00 4.1695000e+01 9.4800000e-01 9.0563000e+01
 1.1000000e+01 0.0000000e+00 1.1063644e+04 2.8032510e+06 3.8400000e+03
 2.1600000e+03 0.0000000e+00 1.6504000e+01 7.9500000e-01 1.0737000e+01
 2.3900000e+02]
deleted_idx_col 574
query_origi 789
query_idx 591
deleted_scaled [1.         0.         0.76665657 0.76818717 1.         1.
 1.         0.18922856 0.72790698 0.00740933 1.         0.
 0.79403992 0.78769891 1.         1.         1.         0.16825115
 0.28292683 0.03631128 1.         0.         0.86615514 0.86832025
 1.         1.         1.         0.22449821 0.69554455 0.46608438
 0.91666667 0.         0.62020841 0.61710043 1.         1.
 0.         0.45268    0.80093677 0.2389462 ]
deleted_not_scaled [1.2000000e+01 0.0000000e+00 1.5409861e+04 3.9410720e+06 3.8400000e+03
 2.1600000e+03 1.0000000e+00 2.2453000e+01 8.8300000e-01 7.1500000e-01
 1.2000000e+01 0.0000000e+00 1.5949512e+04 4.0392140e+06 3.8400000e+03
 2.1600000e+03 1.0000000e+00 1.9301000e+01 7.0300000e-01 3.3670000e+00
 1.2000000e+01 0.0000000e+00 1.6696421e+04 4.2346300e+06 3.8400000e+03
 2.1600000e+03 1.0000000e+00 2.1795000e+01 8.7200000e-01 4.2210000e+01
 1.1000000e+01 0.0000000e+00 1.2526440e+04 3.1817160e+06 3.8400000e+03
 2.1600000e+03 0.0000000e+00 2.8591000e+01 9.1200000e-01 2.2584000e+01
 1.7300000e+02]
deleted_idx_col 591
query_origi 44
query_idx 863
deleted_scaled [1.         0.         0.82340708 0.82093586 1.         1.
 1.         0.1952484  0.44418605 0.11318135 1.         0.
 0.82168724 0.82046621 1.         1.         1.         0.24398045
 0.27804878 0.0834286  1.         0.         0.93754144 0.94602355
 1.         1.         1.         0.47159747 0.70792079 0.47770061
 0.91666667 0.         0.52203562 0.52283799 1.         1.
 0.         0.38137466 0.56206089 0.12170555]
deleted_not_scaled [1.2000000e+01 0.0000000e+00 1.6526314e+04 4.2059470e+06 3.8400000e+03
 2.1600000e+03 1.0000000e+00 2.2734000e+01 7.6100000e-01 1.0922000e+01
 1.2000000e+01 0.0000000e+00 1.6493292e+04 4.2037280e+06 3.8400000e+03
 2.1600000e+03 1.0000000e+00 2.1858000e+01 7.0100000e-01 7.7360000e+00
 1.2000000e+01 0.0000000e+00 1.8046021e+04 4.6062470e+06 3.8400000e+03
 2.1600000e+03 1.0000000e+00 3.0782000e+01 8.7700000e-01 4.3262000e+01
 1.1000000e+01 0.0000000e+00 1.0594480e+04 2.7082140e+06 3.8400000e+03
 2.1600000e+03 0.0000000e+00 2.6235000e+01 8.1000000e-01 1.1503000e+01
 1.1700000e+02]
deleted_idx_col 863
query_origi 230
query_idx 389
deleted_scaled [1.         0.09432611 0.77393624 0.77315824 1.         1.
 1.         0.04698044 0.17906977 0.13473575 1.         0.16570031
 0.82573672 0.82657256 1.         1.         1.         0.81297201
 0.88292683 1.         1.         0.16040825 0.85837178 0.86830247
 1.         1.         1.         0.09408853 0.09158416 0.10117819
 1.         0.         0.90574023 0.89851791 1.         1.
 1.         0.08495506 0.21311475 0.09197482]
deleted_not_scaled [1.20000000e+01 4.43190329e-01 1.55530740e+04 3.96603400e+06
 3.84000000e+03 2.16000000e+03 1.00000000e+00 1.58130000e+01
 6.47000000e-01 1.30020000e+01 1.20000000e+01 5.43753595e-01
 1.65729390e+04 4.23438600e+06 3.84000000e+03 2.16000000e+03
 1.00000000e+00 4.10700000e+01 9.49000000e-01 9.27260000e+01
 1.20000000e+01 7.88592439e-01 1.65492720e+04 4.23454500e+06
 3.84000000e+03 2.16000000e+03 1.00000000e+00 1.70520000e+01
 6.28000000e-01 9.16300000e+00 1.20000000e+01 0.00000000e+00
 1.81454720e+04 4.59534100e+06 3.84000000e+03 2.16000000e+03
 1.00000000e+00 1.64410000e+01 6.61000000e-01 8.69300000e+00
 1.41000000e+02]
deleted_idx_col 389
query_origi 802
query_idx 802
deleted_scaled [1.         0.53981463 0.769784   0.76323303 1.         1.
 1.         0.         0.4        0.16212435 1.         0.1349734
 0.87042927 0.86435412 1.         1.         1.         0.01839183
 0.37073171 0.20330867 1.         0.14043041 0.75978655 0.76282694
 1.         1.         1.         0.05628265 0.11138614 0.08926383
 1.         0.         0.80249375 0.79969167 1.         1.
 1.         0.15695651 0.11241218 0.09127652]
deleted_not_scaled [1.20000000e+01 2.53631397e+00 1.54713870e+04 3.91619500e+06
 3.84000000e+03 2.16000000e+03 1.00000000e+00 1.36200000e+01
 7.42000000e-01 1.56450000e+01 1.20000000e+01 4.42921755e-01
 1.74519720e+04 4.42407500e+06 3.84000000e+03 2.16000000e+03
 1.00000000e+00 1.42410000e+01 7.39000000e-01 1.88520000e+01
 1.20000000e+01 6.90378186e-01 1.46854600e+04 3.73010700e+06
 3.84000000e+03 2.16000000e+03 1.00000000e+00 1.56770000e+01
 6.36000000e-01 8.08400000e+00 1.20000000e+01 0.00000000e+00
 1.61136660e+04 4.09891400e+06 3.84000000e+03 2.16000000e+03
 1.00000000e+00 1.88200000e+01 6.18000000e-01 8.62700000e+00
 2.34000000e+02]
deleted_idx_col 802
query_origi 73
query_idx 202
deleted_scaled [1.         0.13298641 0.88110854 0.87627045 1.         1.
 1.         0.13738512 0.60697674 0.056      1.         0.0773543
 0.85433914 0.85093501 1.         1.         1.         0.14997779
 0.56585366 0.05591743 1.         0.09417204 0.76170863 0.76668077
 1.         1.         1.         0.16750069 0.52722772 0.02535252
 1.         0.         0.84931105 0.84846685 1.         1.
 1.         0.8671953  0.92740047 0.78617151]
deleted_not_scaled [1.20000000e+01 6.24835419e-01 1.76614750e+04 4.48380700e+06
 3.84000000e+03 2.16000000e+03 1.00000000e+00 2.00330000e+01
 8.31000000e-01 5.40400000e+00 1.20000000e+01 2.53841894e-01
 1.71355040e+04 4.35670200e+06 3.84000000e+03 2.16000000e+03
 1.00000000e+00 1.86840000e+01 8.19000000e-01 5.18500000e+00
 1.20000000e+01 4.62964701e-01 1.47217980e+04 3.74853800e+06
 3.84000000e+03 2.16000000e+03 1.00000000e+00 1.97220000e+01
 8.04000000e-01 2.29600000e+00 1.20000000e+01 0.00000000e+00
 1.70349920e+04 4.34392300e+06 3.84000000e+03 2.16000000e+03
 1.00000000e+00 4.22870000e+01 9.66000000e-01 7.43050000e+01
 1.83000000e+02]
deleted_idx_col 202
query_origi 43
query_idx 37
deleted_scaled [3.33333333e-01 0.00000000e+00 4.29811859e-02 4.24691902e-02
 9.09090909e-02 9.09090909e-02 0.00000000e+00 8.07429465e-02
 5.86046512e-01 3.35181347e-01 0.00000000e+00 0.00000000e+00
 2.08964134e-03 2.02024588e-03 0.00000000e+00 0.00000000e+00
 0.00000000e+00 1.49888938e-01 3.02439024e-01 2.55807433e-02
 0.00000000e+00 2.90383218e-01 3.64992576e-03 3.59580906e-03
 0.00000000e+00 0.00000000e+00 0.00000000e+00 1.97745395e-01
 6.01485149e-01 1.76672593e-04 0.00000000e+00 0.00000000e+00
 2.12590159e-03 2.07754730e-03 0.00000000e+00 0.00000000e+00
 0.00000000e+00 3.24384855e-01 7.07259953e-01 1.47066603e-03]
deleted_not_scaled [4.00000000e+00 0.00000000e+00 1.17299300e+03 2.96914000e+05
 6.40000000e+02 3.60000000e+02 0.00000000e+00 1.73890000e+01
 8.22000000e-01 3.23450000e+01 0.00000000e+00 0.00000000e+00
 3.73080000e+02 9.45760000e+04 3.20000000e+02 1.80000000e+02
 0.00000000e+00 1.86810000e+01 7.11000000e-01 2.37200000e+00
 0.00000000e+00 1.42757001e+00 3.90251000e+02 9.90750000e+04
 3.20000000e+02 1.80000000e+02 0.00000000e+00 2.08220000e+01
 8.34000000e-01 1.60000000e-02 0.00000000e+00 0.00000000e+00
 3.63083000e+02 9.23140000e+04 3.20000000e+02 1.80000000e+02
 0.00000000e+00 2.43520000e+01 8.72000000e-01 1.39000000e-01
 2.49000000e+02]
deleted_idx_col 37
query_origi 926
query_idx 137
deleted_scaled [1.00000000e+00 8.70172709e-02 8.06616356e-01 8.00565653e-01
 1.00000000e+00 1.00000000e+00 1.00000000e+00 9.60817498e-02
 5.09302326e-01 4.35233161e-04 1.00000000e+00 1.00000000e+00
 8.51369048e-01 8.46276079e-01 1.00000000e+00 1.00000000e+00
 1.00000000e+00 2.44069303e-01 6.07317073e-01 6.25498781e-04
 1.00000000e+00 6.34026088e-02 9.12655992e-01 9.16779299e-01
 1.00000000e+00 1.00000000e+00 1.00000000e+00 2.52213363e-01
 7.15346535e-01 0.00000000e+00 1.00000000e+00 0.00000000e+00
 8.70025326e-01 8.67424174e-01 1.00000000e+00 1.00000000e+00
 1.00000000e+00 2.02263854e-01 6.04215457e-01 1.98487013e-02]
deleted_not_scaled [1.20000000e+01 4.08849832e-01 1.61959900e+04 4.10365900e+06
 3.84000000e+03 2.16000000e+03 1.00000000e+00 1.81050000e+01
 7.89000000e-01 4.20000000e-02 1.20000000e+01 3.28154840e+00
 1.70770870e+04 4.33331100e+06 3.84000000e+03 2.16000000e+03
 1.00000000e+00 2.18610000e+01 8.36000000e-01 5.80000000e-02
 1.20000000e+01 3.11697293e-01 1.75755470e+04 4.46638600e+06
 3.84000000e+03 2.16000000e+03 1.00000000e+00 2.28030000e+01
 8.80000000e-01 0.00000000e+00 1.20000000e+01 0.00000000e+00
 1.74426320e+04 4.43915000e+06 3.84000000e+03 2.16000000e+03
 1.00000000e+00 2.03170000e+01 8.28000000e-01 1.87600000e+00
 2.12000000e+02]
deleted_idx_col 137
query_origi 392
query_idx 677
deleted_scaled [0.33333333 0.         0.03758008 0.03759092 0.09090909 0.09090909
 0.         0.24492813 0.81162791 0.25013472 0.33333333 0.
 0.04120112 0.04137311 0.09090909 0.09090909 0.         0.58181549
 0.77804878 0.6382568  0.33333333 0.         0.04500008 0.04494103
 0.09090909 0.09090909 0.         0.13843827 0.43069307 0.24864459
 0.41666667 0.         0.0782589  0.07767889 0.18181818 0.17171717
 0.         0.85642081 0.94145199 0.82056816]
deleted_not_scaled [4.000000e+00 0.000000e+00 1.066737e+03 2.724180e+05 6.400000e+02
 3.600000e+02 0.000000e+00 2.505300e+01 9.190000e-01 2.413800e+01
 4.000000e+00 0.000000e+00 1.142342e+03 2.921540e+05 6.400000e+02
 3.600000e+02 0.000000e+00 3.326500e+01 9.060000e-01 5.918300e+01
 4.000000e+00 0.000000e+00 1.172000e+03 2.968090e+05 6.400000e+02
 3.600000e+02 0.000000e+00 1.866500e+01 7.650000e-01 2.251800e+01
 5.000000e+00 0.000000e+00 1.861318e+03 4.720770e+05 9.600000e+02
 5.200000e+02 0.000000e+00 4.193100e+01 9.720000e-01 7.755600e+01
 1.870000e+02]
deleted_idx_col 677
query_origi 24
query_idx 463
deleted_scaled [1.         0.         0.83411185 0.82660971 1.         1.
 1.         0.23646608 0.55813953 0.04356477 0.91666667 0.
 0.57196982 0.56767057 1.         1.         0.         0.26779209
 0.4804878  0.01467765 1.         0.         0.86579768 0.86839803
 1.         1.         1.         0.24844652 0.42574257 0.02938286
 0.91666667 0.         0.57037356 0.5677981  1.         1.
 0.         0.71626161 0.88056206 0.68819764]
deleted_not_scaled [1.2000000e+01 0.0000000e+00 1.6736909e+04 4.2344380e+06 3.8400000e+03
 2.1600000e+03 1.0000000e+00 2.4658000e+01 8.1000000e-01 4.2040000e+00
 1.1000000e+01 0.0000000e+00 1.1581738e+04 2.9345230e+06 3.8400000e+03
 2.1600000e+03 0.0000000e+00 2.2662000e+01 7.8400000e-01 1.3610000e+00
 1.2000000e+01 0.0000000e+00 1.6689663e+04 4.2350020e+06 3.8400000e+03
 2.1600000e+03 1.0000000e+00 2.2666000e+01 7.6300000e-01 2.6610000e+00
 1.1000000e+01 0.0000000e+00 1.1545731e+04 2.9340590e+06 3.8400000e+03
 2.1600000e+03 0.0000000e+00 3.7300000e+01 9.4600000e-01 6.5045000e+01
 8.3000000e+01]
deleted_idx_col 463
query_origi 440
query_idx 707
deleted_scaled [0.         0.         0.00200468 0.00196099 0.         0.
 0.         0.32468562 0.60465116 0.00490155 0.         0.
 0.00156082 0.00162149 0.         0.         0.         0.14974086
 0.31463415 0.02619546 0.         0.         0.00222114 0.00229482
 0.         0.         0.         0.05424801 0.22524752 0.11750936
 0.16666667 0.         0.01869341 0.01842539 0.05454545 0.05454545
 0.         0.03531975 0.28103044 0.47242237]
deleted_not_scaled [0.00000e+00 0.00000e+00 3.66862e+02 9.35040e+04 3.20000e+02 1.80000e+02
 0.00000e+00 2.87760e+01 8.30000e-01 4.73000e-01 0.00000e+00 0.00000e+00
 3.62679e+02 9.25740e+04 3.20000e+02 1.80000e+02 0.00000e+00 1.86760e+01
 7.16000e-01 2.42900e+00 0.00000e+00 0.00000e+00 3.63239e+02 9.28530e+04
 3.20000e+02 1.80000e+02 0.00000e+00 1.56030e+01 6.82000e-01 1.06420e+01
 2.00000e+00 0.00000e+00 6.89118e+02 1.74433e+05 5.12000e+02 2.88000e+02
 0.00000e+00 1.48010e+01 6.90000e-01 4.46510e+01 1.33000e+02]
deleted_idx_col 707
query_origi 265
query_idx 65
deleted_scaled [1.         0.10036835 0.89921788 0.89248847 1.         1.
 1.         0.30009212 0.69302326 0.13670466 1.         0.08248772
 0.84367342 0.83862611 1.         1.         1.         0.37331556
 0.64390244 0.05530272 1.         0.11789518 0.78246899 0.78639196
 1.         1.         1.         0.27957108 0.5990099  0.17665051
 1.         0.         0.90116733 0.89892322 1.         1.
 1.         0.56211979 0.85714286 0.66179971]
deleted_not_scaled [1.20000000e+01 4.71579758e-01 1.80177400e+04 4.56524500e+06
 3.84000000e+03 2.16000000e+03 1.00000000e+00 2.76280000e+01
 8.68000000e-01 1.31920000e+01 1.20000000e+01 2.70687457e-01
 1.69257260e+04 4.29490300e+06 3.84000000e+03 2.16000000e+03
 1.00000000e+00 2.62250000e+01 8.51000000e-01 5.12800000e+00
 1.20000000e+01 5.79591429e-01 1.51142850e+04 3.84280700e+06
 3.84000000e+03 2.16000000e+03 1.00000000e+00 2.37980000e+01
 8.33000000e-01 1.59980000e+01 1.20000000e+01 0.00000000e+00
 1.80554810e+04 4.59737700e+06 3.84000000e+03 2.16000000e+03
 1.00000000e+00 3.22070000e+01 9.36000000e-01 6.25500000e+01
 6.90000000e+01]
deleted_idx_col 65
query_origi 681
query_idx 559
deleted_scaled [0.33333333 0.         0.04262232 0.04243255 0.09090909 0.09090909
 0.         0.14353349 0.54186047 0.21453886 0.         0.
 0.00176572 0.00179896 0.         0.         0.         0.19354361
 0.36829268 0.         0.         0.         0.0022707  0.00231636
 0.         0.         0.         0.38567501 0.46287129 0.
 0.33333333 0.         0.04774366 0.04786063 0.09090909 0.09090909
 0.         0.32807724 0.41920375 0.36567741]
deleted_not_scaled [4.000000e+00 0.000000e+00 1.165933e+03 2.967300e+05 6.400000e+02
 3.600000e+02 0.000000e+00 2.032000e+01 8.030000e-01 2.070300e+01
 0.000000e+00 0.000000e+00 3.667090e+02 9.346500e+04 3.200000e+02
 1.800000e+02 0.000000e+00 2.015500e+01 7.380000e-01 0.000000e+00
 0.000000e+00 0.000000e+00 3.641760e+02 9.295600e+04 3.200000e+02
 1.800000e+02 0.000000e+00 2.765700e+01 7.780000e-01 0.000000e+00
 4.000000e+00 0.000000e+00 1.260803e+03 3.222930e+05 6.400000e+02
 3.600000e+02 0.000000e+00 2.447400e+01 7.490000e-01 3.456200e+01
 1.900000e+01]
deleted_idx_col 559
query_origi 916
query_idx 985
deleted_scaled [1.         0.         0.8391727  0.83581721 1.         1.
 1.         0.27110692 0.75348837 0.07134715 1.         0.
 0.81964783 0.81761062 1.         1.         1.         0.23290389
 0.64634146 0.0192287  1.         0.         0.93898233 0.9465327
 1.         1.         1.         0.148584   0.67574257 0.00816007
 1.         0.         0.84919321 0.84962069 1.         1.
 1.         0.19651342 0.68618267 0.        ]
deleted_not_scaled [1.2000000e+01 0.0000000e+00 1.6836471e+04 4.2806730e+06 3.8400000e+03
 2.1600000e+03 1.0000000e+00 2.6275000e+01 8.9400000e-01 6.8850000e+00
 1.2000000e+01 0.0000000e+00 1.6453180e+04 4.1893910e+06 3.8400000e+03
 2.1600000e+03 1.0000000e+00 2.1484000e+01 8.5200000e-01 1.7830000e+00
 1.2000000e+01 0.0000000e+00 1.8073262e+04 4.6086820e+06 3.8400000e+03
 2.1600000e+03 1.0000000e+00 1.9034000e+01 8.6400000e-01 7.3900000e-01
 1.2000000e+01 0.0000000e+00 1.7032673e+04 4.3497190e+06 3.8400000e+03
 2.1600000e+03 1.0000000e+00 2.0127000e+01 8.6300000e-01 0.0000000e+00
 1.6900000e+02]
deleted_idx_col 985
query_origi 758
query_idx 19
deleted_scaled [1.         0.31695068 0.83632016 0.83381122 1.         1.
 1.         0.72317316 0.57906977 0.37598964 1.         0.19686446
 0.94830237 0.94688763 1.         1.         1.         0.15213979
 0.36829268 0.05822531 1.         0.23782077 0.73190416 0.73853134
 1.         1.         1.         0.03621116 0.40841584 0.17934477
 1.         0.         0.8317718  0.83302181 1.         1.
 1.         0.08849611 0.56674473 0.50249167]
deleted_not_scaled [1.20000000e+01 1.48918978e+00 1.67803530e+04 4.27060000e+06
 3.84000000e+03 2.16000000e+03 1.00000000e+00 4.73770000e+01
 8.19000000e-01 3.62830000e+01 1.20000000e+01 6.46020246e-01
 1.89836150e+04 4.83844900e+06 3.84000000e+03 2.16000000e+03
 1.00000000e+00 1.87570000e+01 7.38000000e-01 5.39900000e+00
 1.20000000e+01 1.16916468e+00 1.41583270e+04 3.61391300e+06
 3.84000000e+03 2.16000000e+03 1.00000000e+00 1.49470000e+01
 7.56000000e-01 1.62420000e+01 1.20000000e+01 0.00000000e+00
 1.66898340e+04 4.26633900e+06 3.84000000e+03 2.16000000e+03
 1.00000000e+00 1.65580000e+01 8.12000000e-01 4.74930000e+01
 4.00000000e+00]
deleted_idx_col 19
