query_origi 8
query_idx 12
deleted_scaled [1.66666667e-01 0.00000000e+00 1.81388678e-02 1.81228457e-02
 5.45454545e-02 5.45454545e-02 0.00000000e+00 5.45834315e-01
 8.81395349e-01 5.06466321e-01 8.33333333e-02 4.45394773e-01
 8.67475709e-03 8.77252386e-03 1.81818182e-02 1.81818182e-02
 0.00000000e+00 3.05641937e-01 7.53658537e-01 0.00000000e+00
 8.33333333e-02 0.00000000e+00 1.12787805e-02 1.11681894e-02
 1.81818182e-02 1.81818182e-02 0.00000000e+00 2.25570525e-01
 7.10396040e-01 0.00000000e+00 0.00000000e+00 0.00000000e+00
 1.92873890e-03 1.82750903e-03 0.00000000e+00 0.00000000e+00
 0.00000000e+00 2.79561757e-01 7.21311475e-01 2.11606623e-05]
deleted_not_scaled [2.00000000e+00 0.00000000e+00 6.84270000e+02 1.74660000e+05
 5.12000000e+02 2.88000000e+02 0.00000000e+00 3.90990000e+01
 9.49000000e-01 4.88740000e+01 1.00000000e+00 1.46158451e+00
 5.02599000e+02 1.28477000e+05 3.84000000e+02 2.16000000e+02
 0.00000000e+00 2.39400000e+01 8.96000000e-01 0.00000000e+00
 1.00000000e+00 0.00000000e+00 5.34479000e+02 1.35290000e+05
 3.84000000e+02 2.16000000e+02 0.00000000e+00 2.18340000e+01
 8.78000000e-01 0.00000000e+00 0.00000000e+00 0.00000000e+00
 3.59203000e+02 9.10580000e+04 3.20000000e+02 1.80000000e+02
 0.00000000e+00 2.28710000e+01 8.78000000e-01 2.00000000e-03
 2.77000000e+02]
deleted_idx_col 12
query_origi 634
query_idx 96
deleted_scaled [1.         0.06823407 0.83214581 0.82673936 1.         1.
 1.         0.31262452 0.58372093 0.07807254 1.         0.16071157
 0.83067575 0.82653571 1.         1.         1.         0.36306827
 0.48292683 0.00786187 1.         0.13351528 0.86354877 0.86831774
 1.         1.         1.         0.15515535 0.34405941 0.07892848
 1.         0.         0.8283464  0.82669601 1.         1.
 1.         0.25550074 0.54098361 0.13796752]
deleted_not_scaled [1.20000000e+01 3.20597144e-01 1.66982310e+04 4.23508900e+06
 3.84000000e+03 2.16000000e+03 1.00000000e+00 2.82130000e+01
 8.21000000e-01 7.53400000e+00 1.20000000e+01 5.27382807e-01
 1.66700820e+04 4.23420100e+06 3.84000000e+03 2.16000000e+03
 1.00000000e+00 2.58790000e+01 7.85000000e-01 7.29000000e-01
 1.20000000e+01 6.56382343e-01 1.66471460e+04 4.23461800e+06
 3.84000000e+03 2.16000000e+03 1.00000000e+00 1.92730000e+01
 7.30000000e-01 7.14800000e+00 1.20000000e+01 0.00000000e+00
 1.66224250e+04 4.23456300e+06 3.84000000e+03 2.16000000e+03
 1.00000000e+00 2.20760000e+01 8.01000000e-01 1.30400000e+01
 7.70000000e+01]
deleted_idx_col 96
query_origi 424
query_idx 447
deleted_scaled [0.41666667 0.         0.07626492 0.07624986 0.18181818 0.17171717
 0.         0.05998415 0.26976744 0.00592746 0.41666667 0.
 0.07720106 0.07739535 0.18181818 0.17171717 0.         0.18311861
 0.26829268 0.01847378 0.5        0.         0.11298563 0.11293814
 0.27272727 0.27272727 0.         0.10478416 0.43811881 0.22693595
 0.58333333 0.         0.14092483 0.13986735 0.27272727 0.27272727
 0.         0.20120456 0.70257611 0.13476168]
deleted_not_scaled [5.000000e+00 0.000000e+00 1.827784e+03 4.665420e+05 9.600000e+02
 5.200000e+02 0.000000e+00 1.642000e+01 6.860000e-01 5.720000e-01
 5.000000e+00 0.000000e+00 1.850405e+03 4.730100e+05 9.600000e+02
 5.200000e+02 0.000000e+00 1.980300e+01 6.970000e-01 1.713000e+00
 6.000000e+00 0.000000e+00 2.457307e+03 6.220060e+05 1.280000e+03
 7.200000e+02 0.000000e+00 1.744100e+01 7.680000e-01 2.055200e+01
 7.000000e+00 0.000000e+00 3.094532e+03 7.844640e+05 1.280000e+03
 7.200000e+02 0.000000e+00 2.028200e+01 8.700000e-01 1.273700e+01
 1.490000e+02]
deleted_idx_col 447
query_origi 830
query_idx 565
deleted_scaled [0.25       0.         0.03174126 0.03160699 0.05454545 0.05454545
 0.         0.12817327 0.60930233 0.16746114 0.16666667 0.
 0.01596186 0.01598948 0.05454545 0.05454545 0.         0.18122316
 0.60487805 0.19491836 0.25       0.         0.02733086 0.02764635
 0.05454545 0.05454545 0.         0.17970855 0.63118812 0.1939313
 0.25       0.         0.02889511 0.02902912 0.05454545 0.05454545
 0.         0.30292667 0.67213115 0.24516743]
deleted_not_scaled [3.00000e+00 0.00000e+00 9.51870e+02 2.42370e+05 5.12000e+02 2.88000e+02
 0.00000e+00 1.96030e+01 8.32000e-01 1.61600e+01 2.00000e+00 0.00000e+00
 6.45925e+02 1.64711e+05 5.12000e+02 2.88000e+02 0.00000e+00 1.97390e+01
 8.35000e-01 1.80740e+01 3.00000e+00 0.00000e+00 8.37953e+02 2.14097e+05
 5.12000e+02 2.88000e+02 0.00000e+00 2.01660e+01 8.46000e-01 1.75630e+01
 3.00000e+00 0.00000e+00 8.89879e+02 2.27698e+05 5.12000e+02 2.88000e+02
 0.00000e+00 2.36430e+01 8.57000e-01 2.31720e+01 2.68000e+02]
deleted_idx_col 565
query_origi 194
query_idx 519
deleted_scaled [0.5        0.         0.0916337  0.09183101 0.27272727 0.27272727
 0.         0.18554382 0.67674419 0.27235233 0.5        0.
 0.10792759 0.10700392 0.27272727 0.27272727 0.         0.16700726
 0.58292683 0.20474301 0.5        0.         0.11314966 0.11335946
 0.27272727 0.27272727 0.         0.11811933 0.53712871 0.25097446
 0.5        0.         0.10757425 0.10698891 0.27272727 0.27272727
 0.         0.45143912 0.78220141 0.49192192]
deleted_not_scaled [6.000000e+00 0.000000e+00 2.130134e+03 5.447820e+05 1.280000e+03
 7.200000e+02 0.000000e+00 2.228100e+01 8.610000e-01 2.628200e+01
 6.000000e+00 0.000000e+00 2.454748e+03 6.216650e+05 1.280000e+03
 7.200000e+02 0.000000e+00 1.925900e+01 8.260000e-01 1.898500e+01
 6.000000e+00 0.000000e+00 2.460408e+03 6.240210e+05 1.280000e+03
 7.200000e+02 0.000000e+00 1.792600e+01 8.080000e-01 2.272900e+01
 6.000000e+00 0.000000e+00 2.438220e+03 6.193080e+05 1.280000e+03
 7.200000e+02 0.000000e+00 2.855000e+01 9.040000e-01 4.649400e+01
 6.000000e+01]
deleted_idx_col 519
query_origi 90
query_idx 753
deleted_scaled [0.16666667 0.         0.01814822 0.01809815 0.05454545 0.05454545
 0.         0.0458236  0.21395349 0.38260104 0.16666667 0.
 0.01781152 0.01790516 0.05454545 0.05454545 0.         0.58735377
 0.78292683 0.51133447 0.25       0.1072546  0.02864079 0.02903704
 0.05454545 0.05454545 0.         0.09747044 0.13861386 0.3198326
 0.16666667 0.         0.02132192 0.0210504  0.05454545 0.05454545
 0.         0.08849611 0.26932084 0.28936148]
deleted_not_scaled [2.00000000e+00 0.00000000e+00 6.84454000e+02 1.74536000e+05
 5.12000000e+02 2.88000000e+02 0.00000000e+00 1.57590000e+01
 6.62000000e-01 3.69210000e+01 2.00000000e+00 0.00000000e+00
 6.82305000e+02 1.74329000e+05 5.12000000e+02 2.88000000e+02
 0.00000000e+00 3.34520000e+01 9.08000000e-01 4.74140000e+01
 3.00000000e+00 5.27280643e-01 8.62718000e+02 2.20748000e+05
 5.12000000e+02 2.88000000e+02 0.00000000e+00 1.71750000e+01
 6.47000000e-01 2.89650000e+01 2.00000000e+00 0.00000000e+00
 7.40845000e+02 1.87619000e+05 5.12000000e+02 2.88000000e+02
 0.00000000e+00 1.65580000e+01 6.85000000e-01 2.73490000e+01
 1.41000000e+02]
deleted_idx_col 753
query_origi 507
query_idx 520
deleted_scaled [0.16666667 0.         0.01820551 0.01812125 0.05454545 0.05454545
 0.         0.14927483 0.26976744 0.27471503 0.25       0.
 0.02923576 0.02927215 0.05454545 0.05454545 0.         0.04309196
 0.23170732 0.40155943 0.25       0.         0.02695838 0.02727019
 0.05454545 0.05454545 0.         0.13112455 0.43069307 0.19242958
 0.25       0.         0.03242193 0.03201545 0.05454545 0.05454545
 0.         0.68790291 0.82669789 0.58768449]
deleted_not_scaled [2.00000e+00 0.00000e+00 6.85581e+02 1.74652e+05 5.12000e+02 2.88000e+02
 0.00000e+00 2.05880e+01 6.86000e-01 2.65100e+01 3.00000e+00 0.00000e+00
 9.07002e+02 2.31399e+05 5.12000e+02 2.88000e+02 0.00000e+00 1.50750e+01
 6.82000e-01 3.72350e+01 3.00000e+00 0.00000e+00 8.30911e+02 2.12298e+05
 5.12000e+02 2.88000e+02 0.00000e+00 1.83990e+01 7.65000e-01 1.74270e+01
 3.00000e+00 0.00000e+00 9.59284e+02 2.42699e+05 5.12000e+02 2.88000e+02
 0.00000e+00 3.63630e+01 9.23000e-01 5.55450e+01 2.38000e+02]
deleted_idx_col 520
query_origi 939
query_idx 965
deleted_scaled [0.58333333 0.         0.1406007  0.13966259 0.27272727 0.27272727
 0.         0.19259196 0.4627907  0.22415544 0.58333333 0.
 0.13998004 0.139341   0.27272727 0.27272727 0.         0.6931734
 0.86585366 0.76803701 0.58333333 0.         0.14599449 0.14685337
 0.27272727 0.27272727 0.         0.17629915 0.4950495  0.31979948
 0.58333333 0.         0.1399728  0.13976383 0.27272727 0.27272727
 0.         0.20417058 0.46604215 0.33129133]
deleted_not_scaled [7.000000e+00 0.000000e+00 3.093462e+03 7.849660e+05 1.280000e+03
 7.200000e+02 0.000000e+00 2.261000e+01 7.690000e-01 2.163100e+01
 7.000000e+00 0.000000e+00 3.085170e+03 7.840190e+05 1.280000e+03
 7.200000e+02 0.000000e+00 3.702500e+01 9.420000e-01 7.121700e+01
 7.000000e+00 0.000000e+00 3.081359e+03 7.842060e+05 1.280000e+03
 7.200000e+02 0.000000e+00 2.004200e+01 7.910000e-01 2.896200e+01
 7.000000e+00 0.000000e+00 3.075797e+03 7.839440e+05 1.280000e+03
 7.200000e+02 0.000000e+00 2.038000e+01 7.690000e-01 3.131200e+01
 8.500000e+01]
deleted_idx_col 965
query_origi 707
query_idx 787
deleted_scaled [0.41666667 0.         0.07723066 0.07739953 0.18181818 0.17171717
 0.         0.55843099 0.88139535 0.85380311 0.5        0.
 0.1079645  0.10704057 0.27272727 0.27272727 0.         0.45262846
 0.56829268 0.42710782 0.5        0.         0.11274983 0.11295863
 0.27272727 0.27272727 0.         0.22680781 0.11138614 0.36018021
 0.5        0.         0.10809861 0.10751068 0.27272727 0.27272727
 0.         0.24953845 0.15456674 0.32557795]
deleted_not_scaled [5.000000e+00 0.000000e+00 1.846783e+03 4.723150e+05 9.600000e+02
 5.200000e+02 0.000000e+00 3.968700e+01 9.490000e-01 8.239200e+01
 6.000000e+00 0.000000e+00 2.455474e+03 6.218490e+05 1.280000e+03
 7.200000e+02 0.000000e+00 2.890300e+01 8.200000e-01 3.960400e+01
 6.000000e+00 0.000000e+00 2.452849e+03 6.221040e+05 1.280000e+03
 7.200000e+02 0.000000e+00 2.187900e+01 6.360000e-01 3.261900e+01
 6.000000e+00 0.000000e+00 2.448539e+03 6.219290e+05 1.280000e+03
 7.200000e+02 0.000000e+00 2.187900e+01 6.360000e-01 3.077200e+01
 9.000000e+01]
deleted_idx_col 787
query_origi 731
query_idx 630
deleted_scaled [1.         0.         0.8275702  0.82674055 1.         1.
 1.         0.27228518 0.58372093 0.22115026 1.         0.
 0.90362401 0.90408065 1.         1.         1.         0.12287872
 0.36097561 0.11227703 1.         0.         0.85407914 0.86353009
 1.         1.         1.         0.22760517 0.58415842 0.0165741
 1.         0.         0.75991337 0.75383712 1.         1.
 1.         0.2296238  0.36065574 0.06032905]
deleted_not_scaled [1.2000000e+01 0.0000000e+00 1.6608215e+04 4.2350950e+06 3.8400000e+03
 2.1600000e+03 1.0000000e+00 2.6330000e+01 8.2100000e-01 2.1341000e+01
 1.2000000e+01 0.0000000e+00 1.8104861e+04 4.6235290e+06 3.8400000e+03
 2.1600000e+03 1.0000000e+00 1.7769000e+01 7.3500000e-01 1.0411000e+01
 1.2000000e+01 0.0000000e+00 1.6468117e+04 4.2117210e+06 3.8400000e+03
 2.1600000e+03 1.0000000e+00 2.1908000e+01 8.2700000e-01 1.5010000e+00
 1.2000000e+01 0.0000000e+00 1.5275719e+04 3.8685760e+06 3.8400000e+03
 2.1600000e+03 1.0000000e+00 2.1221000e+01 7.2400000e-01 5.7020000e+00
 2.8400000e+02]
deleted_idx_col 630
query_origi 731
query_idx 775
deleted_scaled [0.25       0.         0.02576206 0.02551772 0.05454545 0.05454545
 0.         0.24842006 0.73953488 0.12557513 0.33333333 0.
 0.04256803 0.0423933  0.09090909 0.09090909 0.         0.3805716
 0.76585366 0.25173091 0.33333333 0.         0.04485181 0.04512879
 0.09090909 0.09090909 0.         0.21710201 0.67574257 0.23368263
 0.33333333 0.         0.04284411 0.0428091  0.09090909 0.09090909
 0.         0.16385703 0.70725995 0.1507803 ]
deleted_not_scaled [3.000000e+00 0.000000e+00 8.342410e+02 2.117930e+05 5.120000e+02
 2.880000e+02 0.000000e+00 2.521600e+01 8.880000e-01 1.211800e+01
 4.000000e+00 0.000000e+00 1.169227e+03 2.972760e+05 6.400000e+02
 3.600000e+02 0.000000e+00 2.647000e+01 9.010000e-01 2.334200e+01
 4.000000e+00 0.000000e+00 1.169197e+03 2.977070e+05 6.400000e+02
 3.600000e+02 0.000000e+00 2.152600e+01 8.640000e-01 2.116300e+01
 4.000000e+00 0.000000e+00 1.164384e+03 2.969180e+05 6.400000e+02
 3.600000e+02 0.000000e+00 1.904800e+01 8.720000e-01 1.425100e+01
 1.680000e+02]
deleted_idx_col 775
query_origi 245
query_idx 574
deleted_scaled [0.91666667 0.         0.57000759 0.5697133  1.         1.
 0.         0.02924227 0.2        0.11596891 0.91666667 0.
 0.56505575 0.56565212 1.         1.         0.         0.14295869
 0.38780488 0.02176304 1.         0.         1.         1.
 1.         1.         1.         0.77165246 0.88366337 1.
 0.91666667 0.         0.54587625 0.54175749 1.         1.
 0.         0.08686178 0.52693208 0.11360102]
deleted_not_scaled [1.1000000e+01 0.0000000e+00 1.1541185e+04 2.9444450e+06 3.8400000e+03
 2.1600000e+03 0.0000000e+00 1.4985000e+01 6.5600000e-01 1.1191000e+01
 1.1000000e+01 0.0000000e+00 1.1445749e+04 2.9243890e+06 3.8400000e+03
 2.1600000e+03 0.0000000e+00 1.8447000e+01 7.4600000e-01 2.0180000e+00
 1.2000000e+01 0.0000000e+00 1.9226837e+04 4.8643900e+06 3.8400000e+03
 2.1600000e+03 1.0000000e+00 4.1695000e+01 9.4800000e-01 9.0563000e+01
 1.1000000e+01 0.0000000e+00 1.1063644e+04 2.8032510e+06 3.8400000e+03
 2.1600000e+03 0.0000000e+00 1.6504000e+01 7.9500000e-01 1.0737000e+01
 2.3900000e+02]
deleted_idx_col 574
query_origi 24
query_idx 463
deleted_scaled [1.         0.         0.83411185 0.82660971 1.         1.
 1.         0.23646608 0.55813953 0.04356477 0.91666667 0.
 0.57196982 0.56767057 1.         1.         0.         0.26779209
 0.4804878  0.01467765 1.         0.         0.86579768 0.86839803
 1.         1.         1.         0.24844652 0.42574257 0.02938286
 0.91666667 0.         0.57037356 0.5677981  1.         1.
 0.         0.71626161 0.88056206 0.68819764]
deleted_not_scaled [1.2000000e+01 0.0000000e+00 1.6736909e+04 4.2344380e+06 3.8400000e+03
 2.1600000e+03 1.0000000e+00 2.4658000e+01 8.1000000e-01 4.2040000e+00
 1.1000000e+01 0.0000000e+00 1.1581738e+04 2.9345230e+06 3.8400000e+03
 2.1600000e+03 0.0000000e+00 2.2662000e+01 7.8400000e-01 1.3610000e+00
 1.2000000e+01 0.0000000e+00 1.6689663e+04 4.2350020e+06 3.8400000e+03
 2.1600000e+03 1.0000000e+00 2.2666000e+01 7.6300000e-01 2.6610000e+00
 1.1000000e+01 0.0000000e+00 1.1545731e+04 2.9340590e+06 3.8400000e+03
 2.1600000e+03 0.0000000e+00 3.7300000e+01 9.4600000e-01 6.5045000e+01
 8.3000000e+01]
deleted_idx_col 463
query_origi 400
query_idx 644
deleted_scaled [1.         0.         0.84942477 0.84475686 1.         1.
 1.         0.05490692 0.4        0.01918135 1.         0.
 0.81720118 0.81394478 1.         1.         1.         0.82508515
 0.91707317 0.87264629 0.91666667 0.         0.58312113 0.58692357
 1.         1.         0.         0.21836679 0.5        0.02188532
 1.         0.         0.80826757 0.80746456 1.         1.
 1.         0.23122787 0.49180328 0.02946622]
deleted_not_scaled [1.2000000e+01 0.0000000e+00 1.7038160e+04 4.3255630e+06 3.8400000e+03
 2.1600000e+03 1.0000000e+00 1.6183000e+01 7.4200000e-01 1.8510000e+00
 1.2000000e+01 0.0000000e+00 1.6405058e+04 4.1709860e+06 3.8400000e+03
 2.1600000e+03 1.0000000e+00 4.1479000e+01 9.6300000e-01 8.0917000e+01
 1.1000000e+01 0.0000000e+00 1.1345496e+04 2.8888470e+06 3.8400000e+03
 2.1600000e+03 0.0000000e+00 2.1572000e+01 7.9300000e-01 1.9820000e+00
 1.2000000e+01 0.0000000e+00 1.6227290e+04 4.1379590e+06 3.8400000e+03
 2.1600000e+03 1.0000000e+00 2.1274000e+01 7.8000000e-01 2.7850000e+00
 1.5300000e+02]
deleted_idx_col 644
query_origi 342
query_idx 957
deleted_scaled [1.         0.18976334 0.80946818 0.80380117 1.         1.
 1.         0.19940444 0.66976744 0.03418653 1.         0.3064278
 0.82021595 0.81571784 1.         1.         1.         0.58951577
 0.90731707 0.5181826  1.         0.19234975 0.86394278 0.86827864
 1.         1.         1.         0.22708276 0.35643564 0.06525844
 1.         0.         0.82875013 0.82668506 1.         1.
 1.         0.22453921 0.30679157 0.04882823]
deleted_not_scaled [1.20000000e+01 8.91601261e-01 1.62520940e+04 4.11990600e+06
 3.84000000e+03 2.16000000e+03 1.00000000e+00 2.29280000e+01
 8.58000000e-01 3.29900000e+00 1.20000000e+01 1.00555766e+00
 1.64643540e+04 4.17988800e+06 3.84000000e+03 2.16000000e+03
 1.00000000e+00 3.35250000e+01 9.59000000e-01 4.80490000e+01
 1.20000000e+01 9.45621899e-01 1.66545950e+04 4.23443100e+06
 3.84000000e+03 2.16000000e+03 1.00000000e+00 2.18890000e+01
 7.35000000e-01 5.91000000e+00 1.20000000e+01 0.00000000e+00
 1.66303700e+04 4.23450800e+06 3.84000000e+03 2.16000000e+03
 1.00000000e+00 2.10530000e+01 7.01000000e-01 4.61500000e+00
 2.80000000e+02]
deleted_idx_col 957
query_origi 347
query_idx 69
deleted_scaled [1.00000000e+00 1.57995516e-01 8.14310149e-01 8.15121005e-01
 1.00000000e+00 1.00000000e+00 1.00000000e+00 1.28216114e-01
 6.23255814e-01 1.78238342e-03 1.00000000e+00 1.35624886e-01
 8.60383283e-01 8.52659283e-01 1.00000000e+00 1.00000000e+00
 1.00000000e+00 2.80171776e-01 6.80487805e-01 9.70601557e-03
 1.00000000e+00 8.92664432e-02 8.39685141e-01 8.40934848e-01
 1.00000000e+00 1.00000000e+00 1.00000000e+00 1.23040968e-01
 4.90099010e-01 4.63765555e-04 1.00000000e+00 0.00000000e+00
 8.51450111e-01 8.46354269e-01 1.00000000e+00 1.00000000e+00
 1.00000000e+00 2.48993675e-01 6.22950820e-01 6.13659208e-04]
deleted_not_scaled [1.20000000e+01 7.42340453e-01 1.63473500e+04 4.17674800e+06
 3.84000000e+03 2.16000000e+03 1.00000000e+00 1.96050000e+01
 8.38000000e-01 1.72000000e-01 1.20000000e+01 4.45059628e-01
 1.72543830e+04 4.36535900e+06 3.84000000e+03 2.16000000e+03
 1.00000000e+00 2.30800000e+01 8.66000000e-01 9.00000000e-01
 1.20000000e+01 4.38848010e-01 1.61959900e+04 4.10365900e+06
 3.84000000e+03 2.16000000e+03 1.00000000e+00 1.81050000e+01
 7.89000000e-01 4.20000000e-02 1.20000000e+01 0.00000000e+00
 1.70770870e+04 4.33331100e+06 3.84000000e+03 2.16000000e+03
 1.00000000e+00 2.18610000e+01 8.36000000e-01 5.80000000e-02
 2.10000000e+02]
deleted_idx_col 69
query_origi 198
query_idx 39
deleted_scaled [0.16666667 0.82242784 0.01774259 0.01769289 0.05454545 0.05454545
 0.         0.19179931 0.58139535 0.10154404 0.08333333 0.
 0.01113225 0.01120606 0.01818182 0.01818182 0.         0.53638383
 0.82682927 0.03057395 0.         0.         0.00126783 0.00134051
 0.         0.         0.         0.24212263 0.68316832 0.
 0.         0.         0.00163833 0.00152153 0.         0.
 0.         0.17402621 0.6323185  0.        ]
deleted_not_scaled [2.00000000e+00 3.86416949e+00 6.76474000e+02 1.72501000e+05
 5.12000000e+02 2.88000000e+02 0.00000000e+00 2.25730000e+01
 8.20000000e-01 9.79900000e+00 1.00000000e+00 0.00000000e+00
 5.50934000e+02 1.40695000e+05 3.84000000e+02 2.16000000e+02
 0.00000000e+00 3.17310000e+01 9.26000000e-01 2.83500000e+00
 0.00000000e+00 0.00000000e+00 3.45216000e+02 8.82890000e+04
 3.20000000e+02 1.80000000e+02 0.00000000e+00 2.24360000e+01
 8.67000000e-01 0.00000000e+00 0.00000000e+00 0.00000000e+00
 3.53488000e+02 8.95210000e+04 3.20000000e+02 1.80000000e+02
 0.00000000e+00 1.93840000e+01 8.40000000e-01 0.00000000e+00
 5.80000000e+01]
deleted_idx_col 39
query_origi 945
query_idx 318
deleted_scaled [0.83333333 0.         0.39533695 0.39351128 0.63636364 0.63636364
 0.         0.21455044 0.54418605 0.04798964 0.83333333 0.
 0.39758731 0.39640618 0.63636364 0.63636364 0.         0.27066489
 0.43414634 0.11444471 0.83333333 0.         0.40735719 0.41042783
 0.63636364 0.63636364 0.         0.22601045 0.28465347 0.0822963
 0.83333333 0.         0.3937597  0.39377425 0.63636364 0.63636364
 0.         0.52023244 0.7236534  0.44751627]
deleted_not_scaled [1.000000e+01 0.000000e+00 8.104889e+03 2.059655e+06 2.560000e+03
 1.440000e+03 0.000000e+00 2.363500e+01 8.040000e-01 4.631000e+00
 1.000000e+01 0.000000e+00 8.151905e+03 2.074660e+06 2.560000e+03
 1.440000e+03 0.000000e+00 2.275900e+01 7.650000e-01 1.061200e+01
 1.000000e+01 0.000000e+00 8.022575e+03 2.044754e+06 2.560000e+03
 1.440000e+03 0.000000e+00 2.185000e+01 7.060000e-01 7.453000e+00
 1.000000e+01 0.000000e+00 8.070115e+03 2.059897e+06 2.560000e+03
 1.440000e+03 0.000000e+00 3.082300e+01 8.790000e-01 4.229700e+01
 1.160000e+02]
deleted_idx_col 318
query_origi 339
query_idx 833
deleted_scaled [0.91666667 0.         0.53092306 0.53171991 1.         1.
 0.         0.14458322 0.2        0.16870466 0.91666667 0.
 0.59613527 0.59105666 1.         1.         0.         0.20130312
 0.44634146 0.19893018 0.91666667 0.         0.61108371 0.61227614
 1.         1.         0.         0.03329667 0.3539604  0.06264148
 0.91666667 0.         0.55141535 0.54864588 1.         1.
 0.         0.1043552  0.27166276 0.06096387]
deleted_not_scaled [1.1000000e+01 0.0000000e+00 1.0772275e+04 2.7536630e+06 3.8400000e+03
 2.1600000e+03 0.0000000e+00 2.0369000e+01 6.5600000e-01 1.6280000e+01
 1.1000000e+01 0.0000000e+00 1.2057035e+04 3.0519370e+06 3.8400000e+03
 2.1600000e+03 0.0000000e+00 2.0417000e+01 7.7000000e-01 1.8446000e+01
 1.1000000e+01 0.0000000e+00 1.1874145e+04 3.0100960e+06 3.8400000e+03
 2.1600000e+03 0.0000000e+00 1.4841000e+01 7.3400000e-01 5.6730000e+00
 1.1000000e+01 0.0000000e+00 1.1172649e+04 2.8378530e+06 3.8400000e+03
 2.1600000e+03 0.0000000e+00 1.7082000e+01 6.8600000e-01 5.7620000e+00
 1.0500000e+02]
deleted_idx_col 833
query_origi 652
query_idx 360
deleted_scaled [0.91666667 0.         0.56266295 0.56208842 1.         1.
 0.         0.16407807 0.49302326 0.02728497 0.91666667 0.
 0.56736015 0.56767256 1.         1.         0.         0.25277654
 0.43414634 0.06363911 0.91666667 0.         0.59001057 0.59655762
 1.         1.         0.         0.57954358 0.73514851 0.36495037
 0.91666667 0.         0.60068316 0.59585832 1.         1.
 0.         0.43763809 0.69086651 0.10380363]
deleted_not_scaled [1.1000000e+01 0.0000000e+00 1.1396694e+04 2.9061570e+06 3.8400000e+03
 2.1600000e+03 0.0000000e+00 2.1279000e+01 7.8200000e-01 2.6330000e+00
 1.1000000e+01 0.0000000e+00 1.1491073e+04 2.9345330e+06 3.8400000e+03
 2.1600000e+03 0.0000000e+00 2.2155000e+01 7.6500000e-01 5.9010000e+00
 1.1000000e+01 0.0000000e+00 1.1475745e+04 2.9349220e+06 3.8400000e+03
 2.1600000e+03 0.0000000e+00 3.4708000e+01 8.8800000e-01 3.3051000e+01
 1.1000000e+01 0.0000000e+00 1.2142199e+04 3.0750120e+06 3.8400000e+03
 2.1600000e+03 0.0000000e+00 2.8094000e+01 8.6500000e-01 9.8110000e+00
 1.5600000e+02]
deleted_idx_col 360
query_origi 883
query_idx 814
deleted_scaled [0.16666667 0.         0.01850119 0.01826145 0.05454545 0.05454545
 0.         0.35352086 0.81395349 0.19865285 0.5        0.
 0.10755643 0.10700133 0.27272727 0.27272727 0.         0.54669036
 0.99268293 0.44505317 0.         0.         0.00457436 0.00456622
 0.         0.         0.         0.53252681 0.88366337 0.01193644
 0.         0.         0.         0.         0.         0.
 0.         0.43055598 0.73067916 0.        ]
deleted_not_scaled [2.000000e+00 0.000000e+00 6.913980e+02 1.753560e+05 5.120000e+02
 2.880000e+02 0.000000e+00 3.012200e+01 9.200000e-01 1.917000e+01
 6.000000e+00 0.000000e+00 2.447448e+03 6.216520e+05 1.280000e+03
 7.200000e+02 0.000000e+00 3.207900e+01 9.940000e-01 4.126800e+01
 0.000000e+00 0.000000e+00 4.077280e+02 1.037160e+05 3.200000e+02
 1.800000e+02 0.000000e+00 3.299800e+01 9.480000e-01 1.081000e+00
 0.000000e+00 0.000000e+00 3.212470e+02 8.187800e+04 3.200000e+02
 1.800000e+02 0.000000e+00 2.786000e+01 8.820000e-01 0.000000e+00
 3.200000e+01]
deleted_idx_col 814
query_origi 113
query_idx 150
deleted_scaled [1.         0.15432864 0.82025759 0.81574632 1.         1.
 1.         0.42642302 0.90465116 0.4979171  1.         0.19418479
 0.82988835 0.82658152 1.         1.         1.         0.24489856
 0.36097561 0.06373617 1.         0.09398806 0.86266141 0.86829474
 1.         1.         1.         0.20409678 0.27227723 0.050959
 1.         0.         0.82762432 0.82680191 1.         1.
 1.         0.38424987 0.58782201 0.22579485]
deleted_not_scaled [1.20000000e+01 7.25111676e-01 1.64643540e+04 4.17988800e+06
 3.84000000e+03 2.16000000e+03 1.00000000e+00 3.35250000e+01
 9.59000000e-01 4.80490000e+01 1.20000000e+01 6.37226772e-01
 1.66545950e+04 4.23443100e+06 3.84000000e+03 2.16000000e+03
 1.00000000e+00 2.18890000e+01 7.35000000e-01 5.91000000e+00
 1.20000000e+01 4.62060206e-01 1.66303700e+04 4.23450800e+06
 3.84000000e+03 2.16000000e+03 1.00000000e+00 2.10530000e+01
 7.01000000e-01 4.61500000e+00 1.20000000e+01 0.00000000e+00
 1.66082150e+04 4.23509500e+06 3.84000000e+03 2.16000000e+03
 1.00000000e+00 2.63300000e+01 8.21000000e-01 2.13410000e+01
 2.81000000e+02]
deleted_idx_col 150
query_origi 593
query_idx 312
deleted_scaled [0.33333333 0.         0.04247389 0.04237141 0.09090909 0.09090909
 0.         0.14618994 0.47674419 0.29516062 0.33333333 0.83156016
 0.04217135 0.04225845 0.09090909 0.09090909 0.         0.2620465
 0.59512195 0.37342277 0.33333333 0.11874465 0.04449869 0.04504683
 0.09090909 0.09090909 0.         0.67640913 0.86138614 0.77012687
 0.25       0.         0.03006629 0.02972609 0.05454545 0.05454545
 0.         0.44556763 0.56440281 0.40759668]
deleted_not_scaled [4.00000000e+00 0.00000000e+00 1.16301300e+03 2.96423000e+05
 6.40000000e+02 3.60000000e+02 0.00000000e+00 2.04440000e+01
 7.75000000e-01 2.84830000e+01 4.00000000e+00 2.72880492e+00
 1.16142500e+03 2.96599000e+05 6.40000000e+02 3.60000000e+02
 0.00000000e+00 2.24680000e+01 8.31000000e-01 3.46260000e+01
 4.00000000e+00 5.83767579e-01 1.16252100e+03 2.97315000e+05
 6.40000000e+02 3.60000000e+02 0.00000000e+00 3.82310000e+01
 9.39000000e-01 6.97450000e+01 3.00000000e+00 0.00000000e+00
 9.12927000e+02 2.31199000e+05 5.12000000e+02 2.88000000e+02
 0.00000000e+00 2.83560000e+01 8.11000000e-01 3.85240000e+01
 8.80000000e+01]
deleted_idx_col 312
query_origi 187
query_idx 104
deleted_scaled [0.41666667 0.96208746 0.07950545 0.07911377 0.18181818 0.17171717
 0.         0.21917779 0.62790698 0.31003109 0.25       0.04787334
 0.02987424 0.02981869 0.05454545 0.05454545 0.         0.54275137
 0.84634146 0.5697539  0.08333333 0.         0.00701189 0.00707662
 0.01818182 0.01818182 0.         0.35732747 0.76485149 0.00500204
 0.         0.         0.00211767 0.00215061 0.         0.
 0.         0.36463787 0.76346604 0.        ]
deleted_not_scaled [5.00000000e+00 4.52035891e+00 1.89153500e+03 4.80923000e+05
 9.60000000e+02 5.20000000e+02 0.00000000e+00 2.38510000e+01
 8.40000000e-01 2.99180000e+01 3.00000000e+00 1.57098684e-01
 9.19560000e+02 2.34143000e+05 5.12000000e+02 2.88000000e+02
 0.00000000e+00 3.19460000e+01 9.34000000e-01 5.28310000e+01
 1.00000000e+00 0.00000000e+00 4.53811000e+02 1.15722000e+05
 3.84000000e+02 2.16000000e+02 0.00000000e+00 2.66260000e+01
 9.00000000e-01 4.53000000e-01 0.00000000e+00 0.00000000e+00
 3.62921000e+02 9.26810000e+04 3.20000000e+02 1.80000000e+02
 0.00000000e+00 2.56820000e+01 8.96000000e-01 0.00000000e+00
 7.10000000e+01]
deleted_idx_col 104
query_origi 401
query_idx 876
deleted_scaled [0.33333333 0.         0.04242865 0.04252873 0.09090909 0.09090909
 0.         0.47271792 0.92093023 0.5284456  0.33333333 0.
 0.04275996 0.04235087 0.09090909 0.09090909 0.         0.57837998
 0.90487805 0.50998641 0.33333333 0.         0.04512634 0.04515953
 0.09090909 0.09090909 0.         0.4480066  0.81188119 0.23658669
 0.33333333 0.         0.04302542 0.04275774 0.09090909 0.09090909
 0.         0.56759783 0.9882904  0.31099825]
deleted_not_scaled [4.000000e+00 0.000000e+00 1.162123e+03 2.972130e+05 6.400000e+02
 3.600000e+02 0.000000e+00 3.568600e+01 9.660000e-01 5.099500e+01
 4.000000e+00 0.000000e+00 1.173002e+03 2.970630e+05 6.400000e+02
 3.600000e+02 0.000000e+00 3.314900e+01 9.580000e-01 4.728900e+01
 4.000000e+00 0.000000e+00 1.174387e+03 2.978540e+05 6.400000e+02
 3.600000e+02 0.000000e+00 2.992400e+01 9.190000e-01 2.142600e+01
 4.000000e+00 0.000000e+00 1.167952e+03 2.966600e+05 6.400000e+02
 3.600000e+02 0.000000e+00 3.238800e+01 9.920000e-01 2.939400e+01
 3.000000e+01]
deleted_idx_col 876
query_origi 128
query_idx 909
deleted_scaled [0.         0.         0.00177802 0.00159934 0.         0.
 0.         0.74395338 0.99302326 0.67647668 0.41666667 0.
 0.07778687 0.07714758 0.18181818 0.17171717 0.         0.70451651
 0.99756098 0.84936264 0.58333333 0.         0.14651206 0.14688933
 0.27272727 0.27272727 0.         1.         1.         0.7411084
 0.58333333 0.         0.14046088 0.13979051 0.27272727 0.27272727
 0.         0.93323447 1.         0.86506904]
deleted_not_scaled [0.000000e+00 0.000000e+00 3.624030e+02 9.168800e+04 3.200000e+02
 1.800000e+02 0.000000e+00 4.834700e+01 9.970000e-01 6.528000e+01
 5.000000e+00 0.000000e+00 1.861927e+03 4.717660e+05 9.600000e+02
 5.200000e+02 0.000000e+00 3.740800e+01 9.960000e-01 7.875800e+01
 7.000000e+00 0.000000e+00 3.091144e+03 7.843780e+05 1.280000e+03
 7.200000e+02 0.000000e+00 5.000000e+01 9.950000e-01 6.711700e+01
 7.000000e+00 0.000000e+00 3.085402e+03 7.840780e+05 1.280000e+03
 7.200000e+02 0.000000e+00 4.446900e+01 9.970000e-01 8.176200e+01
 0.000000e+00]
deleted_idx_col 909
query_origi 856
query_idx 638
deleted_scaled [0.         0.         0.00177802 0.00159934 0.         0.
 0.         0.74395338 0.99302326 0.67647668 0.08333333 0.
 0.00881    0.0086815  0.01818182 0.01818182 0.         0.58394788
 0.99268293 0.16319048 0.25       0.         0.02925595 0.02927081
 0.05454545 0.05454545 0.         0.69477591 0.99009901 0.52422071
 0.33333333 0.         0.04297882 0.04274042 0.09090909 0.09090909
 0.         0.67858116 0.98594848 0.51712427]
deleted_not_scaled [0.000000e+00 0.000000e+00 3.624030e+02 9.168800e+04 3.200000e+02
 1.800000e+02 0.000000e+00 4.834700e+01 9.970000e-01 6.528000e+01
 1.000000e+00 0.000000e+00 5.052590e+02 1.280200e+05 3.840000e+02
 2.160000e+02 0.000000e+00 3.333700e+01 9.940000e-01 1.513200e+01
 3.000000e+00 0.000000e+00 8.743480e+02 2.218660e+05 5.120000e+02
 2.880000e+02 0.000000e+00 3.889900e+01 9.910000e-01 4.747500e+01
 4.000000e+00 0.000000e+00 1.167035e+03 2.965730e+05 6.400000e+02
 3.600000e+02 0.000000e+00 3.605500e+01 9.910000e-01 4.887600e+01
 0.000000e+00]
deleted_idx_col 638
query_origi 244
query_idx 920
deleted_scaled [0.25       0.         0.02414634 0.02415039 0.05454545 0.05454545
 0.         0.24529232 0.81627907 0.23650777 0.25       0.
 0.02634046 0.02648428 0.05454545 0.05454545 0.         0.55409448
 0.77073171 0.55578802 0.25       0.         0.02933328 0.0292568
 0.05454545 0.05454545 0.         0.1383008  0.43811881 0.23738171
 0.25       0.         0.0281685  0.02790853 0.05454545 0.05454545
 0.         0.78336007 0.92505855 0.60648574]
deleted_not_scaled [3.00000e+00 0.00000e+00 8.02455e+02 2.04927e+05 5.12000e+02 2.88000e+02
 0.00000e+00 2.50700e+01 9.21000e-01 2.28230e+01 3.00000e+00 0.00000e+00
 8.50056e+02 2.17402e+05 5.12000e+02 2.88000e+02 0.00000e+00 3.23290e+01
 9.03000e-01 5.15360e+01 3.00000e+00 0.00000e+00 8.75810e+02 2.21799e+05
 5.12000e+02 2.88000e+02 0.00000e+00 1.86600e+01 7.68000e-01 2.14980e+01
 3.00000e+00 0.00000e+00 8.75580e+02 2.22069e+05 5.12000e+02 2.88000e+02
 0.00000e+00 3.95170e+01 9.65000e-01 5.73220e+01 1.87000e+02]
deleted_idx_col 920
query_origi 235
query_idx 347
deleted_scaled [0.5        0.         0.10415497 0.10419954 0.27272727 0.27272727
 0.         0.24499239 0.8        0.26843523 0.5        0.
 0.09945498 0.09973757 0.27272727 0.27272727 0.         0.63811639
 0.79268293 0.77666458 0.5        0.02409523 0.1128818  0.11289841
 0.27272727 0.27272727 0.         0.13959307 0.41584158 0.26812274
 0.5        0.         0.10831402 0.10754194 0.27272727 0.27272727
 0.         0.87097848 0.94379391 0.86205364]
deleted_not_scaled [6.00000000e+00 0.00000000e+00 2.37646500e+03 6.06890000e+05
 1.28000000e+03 7.20000000e+02 0.00000000e+00 2.50560000e+01
 9.14000000e-01 2.59040000e+01 6.00000000e+00 0.00000000e+00
 2.28810500e+03 5.85183000e+05 1.28000000e+03 7.20000000e+02
 0.00000000e+00 3.51660000e+01 9.12000000e-01 7.20170000e+01
 6.00000000e+00 1.18455954e-01 2.45534400e+03 6.21816000e+05
 1.28000000e+03 7.20000000e+02 0.00000000e+00 1.87070000e+01
 7.59000000e-01 2.42820000e+01 6.00000000e+00 0.00000000e+00
 2.45277800e+03 6.22086000e+05 1.28000000e+03 7.20000000e+02
 0.00000000e+00 4.24120000e+01 9.73000000e-01 8.14770000e+01
 1.87000000e+02]
deleted_idx_col 347
query_origi 100
query_idx 734
deleted_scaled [0.41666667 0.01867679 0.07788694 0.07736268 0.18181818 0.17171717
 0.         0.38081364 0.70232558 0.51622798 0.41666667 0.
 0.07860432 0.07828627 0.18181818 0.17171717 0.         0.30937361
 0.46829268 0.25328387 0.33333333 0.         0.04400196 0.0443035
 0.09090909 0.09090909 0.         0.24146274 0.43069307 0.20055652
 0.33333333 0.         0.04553884 0.04553145 0.09090909 0.09090909
 0.         0.63869132 0.73302108 0.5788605 ]
deleted_not_scaled [5.00000000e+00 8.77527082e-02 1.85969400e+03 4.72130000e+05
 9.60000000e+02 5.20000000e+02 0.00000000e+00 3.13960000e+01
 8.72000000e-01 4.98160000e+01 5.00000000e+00 0.00000000e+00
 1.87800500e+03 4.77483000e+05 9.60000000e+02 5.20000000e+02
 0.00000000e+00 2.40660000e+01 7.79000000e-01 2.34860000e+01
 4.00000000e+00 0.00000000e+00 1.15313000e+03 2.93760000e+05
 6.40000000e+02 3.60000000e+02 0.00000000e+00 2.24120000e+01
 7.65000000e-01 1.81630000e+01 4.00000000e+00 0.00000000e+00
 1.21741400e+03 3.10593000e+05 6.40000000e+02 3.60000000e+02
 0.00000000e+00 3.47370000e+01 8.83000000e-01 5.47110000e+01
 1.23000000e+02]
deleted_idx_col 734
query_origi 455
query_idx 478
deleted_scaled [0.         0.         0.00201637 0.00186301 0.         0.
 0.         0.39028257 0.98139535 0.15226943 0.         0.
 0.00177686 0.00172785 0.         0.         0.         0.68662817
 0.98292683 0.39396717 0.25       0.         0.02912509 0.02920787
 0.05454545 0.05454545 0.         0.5965906  0.98762376 0.40075969
 0.58333333 0.         0.14053655 0.14009628 0.27272727 0.27272727
 0.         1.         0.60421546 0.55613395]
deleted_not_scaled [0.000000e+00 0.000000e+00 3.670920e+02 9.301200e+04 3.200000e+02
 1.800000e+02 0.000000e+00 3.183800e+01 9.920000e-01 1.469400e+01
 0.000000e+00 0.000000e+00 3.669280e+02 9.310800e+04 3.200000e+02
 1.800000e+02 0.000000e+00 3.680400e+01 9.900000e-01 3.653100e+01
 3.000000e+00 0.000000e+00 8.718740e+02 2.215650e+05 5.120000e+02
 2.880000e+02 0.000000e+00 3.532800e+01 9.900000e-01 3.629400e+01
 7.000000e+00 0.000000e+00 3.086891e+03 7.856140e+05 1.280000e+03
 7.200000e+02 0.000000e+00 4.667500e+01 8.280000e-01 5.256300e+01
 1.000000e+00]
deleted_idx_col 478
query_origi 224
query_idx 210
deleted_scaled [0.00000000e+00 7.95328552e-01 1.91409517e-03 1.84329154e-03
 0.00000000e+00 0.00000000e+00 0.00000000e+00 1.41776816e-01
 5.69767442e-01 2.07253886e-04 0.00000000e+00 3.72674463e-01
 1.60434629e-03 1.63782726e-03 0.00000000e+00 0.00000000e+00
 0.00000000e+00 2.06367540e-01 4.82926829e-01 1.72551388e-04
 0.00000000e+00 0.00000000e+00 2.23452429e-03 2.28938265e-03
 0.00000000e+00 0.00000000e+00 0.00000000e+00 2.43607369e-01
 5.91584158e-01 0.00000000e+00 0.00000000e+00 0.00000000e+00
 2.26289917e-03 2.32320592e-03 0.00000000e+00 0.00000000e+00
 0.00000000e+00 6.19442511e-01 7.91569087e-01 5.11876422e-02]
deleted_not_scaled [0.00000000e+00 3.73684375e+00 3.65080000e+02 9.29130000e+04
 3.20000000e+02 1.80000000e+02 0.00000000e+00 2.02380000e+01
 8.15000000e-01 2.00000000e-02 0.00000000e+00 1.22294929e+00
 3.63535000e+02 9.26560000e+04 3.20000000e+02 1.80000000e+02
 0.00000000e+00 2.05880000e+01 7.85000000e-01 1.60000000e-02
 0.00000000e+00 0.00000000e+00 3.63492000e+02 9.28270000e+04
 3.20000000e+02 1.80000000e+02 0.00000000e+00 2.24900000e+01
 8.30000000e-01 0.00000000e+00 0.00000000e+00 0.00000000e+00
 3.65779000e+02 9.35480000e+04 3.20000000e+02 1.80000000e+02
 0.00000000e+00 3.41010000e+01 9.08000000e-01 4.83800000e+00
 8.70000000e+01]
deleted_idx_col 210
query_origi 4
query_idx 191
deleted_scaled [0.00000000e+00 9.67075496e-01 1.01148767e-03 9.69241566e-04
 0.00000000e+00 0.00000000e+00 0.00000000e+00 1.16304977e-01
 4.34883721e-01 2.29637306e-02 0.00000000e+00 0.00000000e+00
 1.60587158e-03 1.66650865e-03 0.00000000e+00 0.00000000e+00
 0.00000000e+00 1.02087961e-01 4.09756098e-01 1.74276902e-02
 0.00000000e+00 0.00000000e+00 2.57040378e-03 2.64777171e-03
 0.00000000e+00 0.00000000e+00 0.00000000e+00 4.20126478e-02
 3.91089109e-01 1.76672593e-04 0.00000000e+00 0.00000000e+00
 2.22458456e-03 2.09407053e-03 0.00000000e+00 0.00000000e+00
 0.00000000e+00 3.62912745e-01 6.90866511e-01 0.00000000e+00]
deleted_not_scaled [0.00000000e+00 4.54379515e+00 3.47323000e+02 8.85240000e+04
 3.20000000e+02 1.80000000e+02 0.00000000e+00 1.90490000e+01
 7.57000000e-01 2.21600000e+00 0.00000000e+00 0.00000000e+00
 3.63565000e+02 9.28000000e+04 3.20000000e+02 1.80000000e+02
 0.00000000e+00 1.70670000e+01 7.55000000e-01 1.61600000e+00
 0.00000000e+00 0.00000000e+00 3.69842000e+02 9.45410000e+04
 3.20000000e+02 1.80000000e+02 0.00000000e+00 1.51580000e+01
 7.49000000e-01 1.60000000e-02 0.00000000e+00 0.00000000e+00
 3.65025000e+02 9.23970000e+04 3.20000000e+02 1.80000000e+02
 0.00000000e+00 2.56250000e+01 8.65000000e-01 0.00000000e+00
 2.61000000e+02]
deleted_idx_col 191
query_origi 337
query_idx 728
deleted_scaled [1.         0.14989766 0.82726094 0.82725813 1.         1.
 1.         0.35780544 0.65581395 0.62954404 1.         0.20043295
 0.86086248 0.86216039 1.         1.         1.         0.31298682
 0.35853659 0.32488191 1.         0.20890517 0.8814356  0.88186459
 1.         1.         1.         0.08405279 0.09653465 0.13379636
 1.         0.         0.83517672 0.82934291 1.         1.
 1.         0.040707   0.         0.03547585]
deleted_not_scaled [1.20000000e+01 7.04292735e-01 1.66021310e+04 4.23769400e+06
 3.84000000e+03 2.16000000e+03 1.00000000e+00 3.03220000e+01
 8.52000000e-01 6.07510000e+01 1.20000000e+01 6.57730426e-01
 1.72638080e+04 4.41306100e+06 3.84000000e+03 2.16000000e+03
 1.00000000e+00 2.41880000e+01 7.34000000e-01 3.01250000e+01
 1.20000000e+01 1.02701098e+00 1.69853070e+04 4.29940600e+06
 3.84000000e+03 2.16000000e+03 1.00000000e+00 1.66870000e+01
 6.30000000e-01 1.21170000e+01 1.20000000e+01 0.00000000e+00
 1.67568400e+04 4.24785900e+06 3.84000000e+03 2.16000000e+03
 1.00000000e+00 1.49790000e+01 5.70000000e-01 3.35300000e+00
 2.10000000e+01]
deleted_idx_col 728
query_origi 306
query_idx 617
deleted_scaled [0.58333333 0.         0.139815   0.13949451 0.27272727 0.27272727
 0.         0.22603312 0.68837209 0.28928497 0.58333333 0.
 0.13941187 0.1393876  0.27272727 0.27272727 0.         0.45801866
 0.75121951 0.36579816 0.5        0.         0.11189939 0.11306129
 0.27272727 0.27272727 0.         0.33750344 0.66089109 0.3137374
 0.5        0.         0.10863877 0.10755866 0.27272727 0.27272727
 0.         0.76114524 0.92037471 0.75051579]
deleted_not_scaled [7.000000e+00 0.000000e+00 3.078005e+03 7.841220e+05 1.280000e+03
 7.200000e+02 0.000000e+00 2.417100e+01 8.660000e-01 2.791600e+01
 7.000000e+00 0.000000e+00 3.073995e+03 7.842530e+05 1.280000e+03
 7.200000e+02 0.000000e+00 2.908500e+01 8.950000e-01 3.391900e+01
 6.000000e+00 0.000000e+00 2.436771e+03 6.225950e+05 1.280000e+03
 7.200000e+02 0.000000e+00 2.590500e+01 8.580000e-01 2.841300e+01
 6.000000e+00 0.000000e+00 2.459169e+03 6.221700e+05 1.280000e+03
 7.200000e+02 0.000000e+00 3.878300e+01 9.630000e-01 7.093500e+01
 6.500000e+01]
deleted_idx_col 617
query_origi 294
query_idx 605
deleted_scaled [1.         0.         0.82832047 0.82666249 1.         1.
 1.         0.13509287 0.15581395 0.09079793 1.         0.
 0.83878951 0.83838033 1.         1.         1.         0.04024878
 0.15609756 0.12279188 1.         0.         0.8473598  0.85588264
 1.         1.         1.         0.13282925 0.37623762 0.02321036
 1.         0.         0.96068993 0.95207885 1.         1.
 1.         0.84927817 0.8852459  0.95818653]
deleted_not_scaled [1.2000000e+01 0.0000000e+00 1.6622975e+04 4.2347030e+06 3.8400000e+03
 2.1600000e+03 1.0000000e+00 1.9926000e+01 6.3700000e-01 8.7620000e+00
 1.2000000e+01 0.0000000e+00 1.6829667e+04 4.2936690e+06 3.8400000e+03
 2.1600000e+03 1.0000000e+00 1.4979000e+01 6.5100000e-01 1.1386000e+01
 1.2000000e+01 0.0000000e+00 1.6341084e+04 4.1751470e+06 3.8400000e+03
 2.1600000e+03 1.0000000e+00 1.8461000e+01 7.4300000e-01 2.1020000e+00
 1.2000000e+01 0.0000000e+00 1.9226837e+04 4.8643900e+06 3.8400000e+03
 2.1600000e+03 1.0000000e+00 4.1695000e+01 9.4800000e-01 9.0563000e+01
 2.3800000e+02]
deleted_idx_col 605
query_origi 314
query_idx 285
deleted_scaled [1.         0.11657769 0.86343681 0.86084862 1.         1.
 1.         0.1373637  0.49767442 0.03002073 1.         0.1872807
 0.79338125 0.79220348 1.         1.         1.         0.19958537
 0.42926829 0.08076483 1.         0.12093879 0.86000447 0.86822051
 1.         1.         1.         0.24363486 0.57425743 0.21731833
 1.         0.         0.82510531 0.82675772 1.         1.
 1.         0.86313974 0.92271663 1.        ]
deleted_not_scaled [1.20000000e+01 5.47739179e-01 1.73138190e+04 4.40636700e+06
 3.84000000e+03 2.16000000e+03 1.00000000e+00 2.00320000e+01
 7.84000000e-01 2.89700000e+00 1.20000000e+01 6.14570693e-01
 1.59365570e+04 4.06183000e+06 3.84000000e+03 2.16000000e+03
 1.00000000e+00 2.03590000e+01 7.63000000e-01 7.48900000e+00
 1.20000000e+01 5.94554275e-01 1.65801390e+04 4.23415300e+06
 3.84000000e+03 2.16000000e+03 1.00000000e+00 2.24910000e+01
 8.23000000e-01 1.96810000e+01 1.20000000e+01 0.00000000e+00
 1.65586430e+04 4.23487300e+06 3.84000000e+03 2.16000000e+03
 1.00000000e+00 4.21530000e+01 9.64000000e-01 9.45150000e+01
 8.70000000e+01]
deleted_idx_col 285
query_origi 564
query_idx 624
deleted_scaled [0.08333333 0.01183957 0.00838022 0.00814346 0.01818182 0.01818182
 0.         0.13185801 0.63023256 0.00419689 0.08333333 0.
 0.00880634 0.00867792 0.01818182 0.01818182 0.         0.70484229
 0.89756098 0.29052262 0.         0.         0.00236369 0.00229545
 0.         0.         0.         0.27253231 0.73019802 0.00200965
 0.08333333 0.         0.00932178 0.00924505 0.01818182 0.01818182
 0.         0.36494053 0.74004684 0.0263027 ]
deleted_not_scaled [1.00000000e+00 5.56281232e-02 4.92288000e+02 1.24549000e+05
 3.84000000e+02 2.16000000e+02 0.00000000e+00 1.97750000e+01
 8.41000000e-01 4.05000000e-01 1.00000000e+00 0.00000000e+00
 5.05187000e+02 1.28002000e+05 3.84000000e+02 2.16000000e+02
 0.00000000e+00 3.74190000e+01 9.55000000e-01 2.69390000e+01
 0.00000000e+00 0.00000000e+00 3.65934000e+02 9.28560000e+04
 3.20000000e+02 1.80000000e+02 0.00000000e+00 2.35420000e+01
 8.86000000e-01 1.82000000e-01 1.00000000e+00 0.00000000e+00
 5.04692000e+02 1.28318000e+05 3.84000000e+02 2.16000000e+02
 0.00000000e+00 2.56920000e+01 8.86000000e-01 2.48600000e+00
 1.96000000e+02]
deleted_idx_col 624
query_origi 856
query_idx 368
deleted_scaled [0.16666667 0.         0.01787129 0.0179229  0.05454545 0.05454545
 0.         0.46809058 0.91860465 0.46659067 0.16666667 0.
 0.01816712 0.01795216 0.05454545 0.05454545 0.         0.57864653
 0.90487805 0.46658974 0.08333333 0.         0.00984471 0.00978628
 0.01818182 0.01818182 0.         0.4582898  0.81435644 0.09108576
 0.08333333 0.         0.00926456 0.00916303 0.01818182 0.01818182
 0.         0.57041252 0.98594848 0.00851717]
deleted_not_scaled [2.00000e+00 0.00000e+00 6.79006e+02 1.73656e+05 5.12000e+02 2.88000e+02
 0.00000e+00 3.54700e+01 9.65000e-01 4.50260e+01 2.00000e+00 0.00000e+00
 6.89299e+02 1.74565e+05 5.12000e+02 2.88000e+02 0.00000e+00 3.31580e+01
 9.58000e-01 4.32650e+01 1.00000e+00 0.00000e+00 5.07367e+02 1.28681e+05
 3.84000e+02 2.16000e+02 0.00000e+00 3.02980e+01 9.20000e-01 8.24900e+00
 1.00000e+00 0.00000e+00 5.03566e+02 1.27906e+05 3.84000e+02 2.16000e+02
 0.00000e+00 3.24810e+01 9.91000e-01 8.05000e-01 3.00000e+01]
deleted_idx_col 368
query_origi 752
query_idx 576
deleted_scaled [1.         0.06115029 0.89878098 0.89160645 1.         1.
 1.         0.30956104 0.67674419 0.10363731 1.         0.
 0.85764433 0.85208585 1.         1.         1.         0.44030801
 0.66097561 0.05037422 1.         0.03807429 0.7701391  0.77322169
 1.         1.         1.         0.26510861 0.43564356 0.10487727
 1.         0.         0.82951134 0.82661598 1.         1.
 1.         0.39329923 0.66510539 0.05872084]
deleted_not_scaled [1.20000000e+01 2.87314052e-01 1.80091450e+04 4.56081600e+06
 3.84000000e+03 2.16000000e+03 1.00000000e+00 2.80700000e+01
 8.61000000e-01 1.00010000e+01 1.20000000e+01 0.00000000e+00
 1.72005120e+04 4.36248000e+06 3.84000000e+03 2.16000000e+03
 1.00000000e+00 2.84870000e+01 8.58000000e-01 4.67100000e+00
 1.20000000e+01 1.87179246e-01 1.48811810e+04 3.77982000e+06
 3.84000000e+03 2.16000000e+03 1.00000000e+00 2.32720000e+01
 7.67000000e-01 9.49800000e+00 1.20000000e+01 0.00000000e+00
 1.66453500e+04 4.23416100e+06 3.84000000e+03 2.16000000e+03
 1.00000000e+00 2.66290000e+01 8.54000000e-01 5.55000000e+00
 1.59000000e+02]
deleted_idx_col 576
query_origi 335
query_idx 237
deleted_scaled [1.         0.15847189 0.83512497 0.82928245 1.         1.
 1.         0.02911373 0.         0.03474611 1.         0.25996863
 0.77903919 0.77476539 1.         1.         1.         0.08861247
 0.2902439  0.03839268 1.         0.09232453 0.89841978 0.9029303
 1.         1.         1.         0.11737696 0.44059406 0.02445811
 1.         0.         0.79574769 0.79376421 1.         1.
 1.         0.45219576 0.81498829 0.36661906]
deleted_not_scaled [1.20000000e+01 7.44578712e-01 1.67568400e+04 4.24785900e+06
 3.84000000e+03 2.16000000e+03 1.00000000e+00 1.49790000e+01
 5.70000000e-01 3.35300000e+00 1.20000000e+01 8.53099655e-01
 1.56544710e+04 3.97427900e+06 3.84000000e+03 2.16000000e+03
 1.00000000e+00 1.66120000e+01 7.06000000e-01 3.56000000e+00
 1.20000000e+01 4.53882070e-01 1.73064030e+04 4.40015300e+06
 3.84000000e+03 2.16000000e+03 1.00000000e+00 1.78990000e+01
 7.69000000e-01 2.21500000e+00 1.20000000e+01 0.00000000e+00
 1.59809090e+04 4.06913900e+06 3.84000000e+03 2.16000000e+03
 1.00000000e+00 2.85750000e+01 9.18000000e-01 3.46510000e+01
 2.40000000e+01]
deleted_idx_col 237
query_origi 83
query_idx 5
deleted_scaled [0.00000000e+00 8.23167636e-01 1.94459382e-03 1.86460012e-03
 0.00000000e+00 0.00000000e+00 0.00000000e+00 1.26309475e-01
 7.18604651e-01 7.70984456e-03 0.00000000e+00 0.00000000e+00
 1.72235256e-03 1.74657755e-03 0.00000000e+00 0.00000000e+00
 0.00000000e+00 2.22538131e-01 7.09756098e-01 5.50007549e-04
 0.00000000e+00 0.00000000e+00 2.27371904e-03 2.30987397e-03
 0.00000000e+00 0.00000000e+00 0.00000000e+00 1.73137201e-01
 6.58415842e-01 0.00000000e+00 0.00000000e+00 0.00000000e+00
 2.30492327e-03 2.34709493e-03 0.00000000e+00 0.00000000e+00
 0.00000000e+00 9.71520232e-02 5.73770492e-01 1.89387928e-03]
deleted_not_scaled [0.00000000e+00 3.86764542e+00 3.65680000e+02 9.30200000e+04
 3.20000000e+02 1.80000000e+02 0.00000000e+00 1.95160000e+01
 8.79000000e-01 7.44000000e-01 0.00000000e+00 0.00000000e+00
 3.65856000e+02 9.32020000e+04 3.20000000e+02 1.80000000e+02
 0.00000000e+00 2.11340000e+01 8.78000000e-01 5.10000000e-02
 0.00000000e+00 0.00000000e+00 3.64233000e+02 9.29250000e+04
 3.20000000e+02 1.80000000e+02 0.00000000e+00 1.99270000e+01
 8.57000000e-01 0.00000000e+00 0.00000000e+00 0.00000000e+00
 3.66606000e+02 9.36680000e+04 3.20000000e+02 1.80000000e+02
 0.00000000e+00 1.68440000e+01 8.15000000e-01 1.79000000e-01
 2.22000000e+02]
deleted_idx_col 5
query_origi 231
query_idx 997
deleted_scaled [0.         0.         0.0018717  0.00187356 0.         0.
 0.         0.36054757 0.71860465 0.0181658  0.5        0.
 0.10671219 0.10706905 0.27272727 0.27272727 0.         0.10250259
 0.12195122 0.35351466 0.         0.         0.00359936 0.00349419
 0.         0.         0.         0.08430025 0.27475248 0.02666652
 0.         0.         0.00135463 0.00127468 0.         0.
 0.         0.05871493 0.43793911 0.        ]
deleted_not_scaled [0.000000e+00 0.000000e+00 3.642460e+02 9.306500e+04 3.200000e+02
 1.800000e+02 0.000000e+00 3.045000e+01 8.790000e-01 1.753000e+00
 6.000000e+00 0.000000e+00 2.430843e+03 6.219920e+05 1.280000e+03
 7.200000e+02 0.000000e+00 1.708100e+01 6.370000e-01 3.278000e+01
 0.000000e+00 0.000000e+00 3.892950e+02 9.858900e+04 3.200000e+02
 1.800000e+02 0.000000e+00 1.669600e+01 7.020000e-01 2.415000e+00
 0.000000e+00 0.000000e+00 3.479050e+02 8.828100e+04 3.200000e+02
 1.800000e+02 0.000000e+00 1.557400e+01 7.570000e-01 0.000000e+00
 1.420000e+02]
deleted_idx_col 997
query_origi 668
query_idx 449
deleted_scaled [0.91666667 0.         0.57024644 0.56765274 1.         1.
 0.         0.11133486 0.42093023 0.0480829  1.         0.
 0.83767651 0.83517558 1.         1.         1.         0.05585666
 0.3        0.05618705 0.91666667 0.         0.65641675 0.66136478
 1.         1.         0.         0.12301347 0.47029703 0.
 0.91666667 0.         0.50594339 0.50595523 1.         1.
 0.         0.08326019 0.2529274  0.01077078]
deleted_not_scaled [1.1000000e+01 0.0000000e+00 1.1545884e+04 2.9340980e+06 3.8400000e+03
 2.1600000e+03 0.0000000e+00 1.8817000e+01 7.5100000e-01 4.6400000e+00
 1.2000000e+01 0.0000000e+00 1.6807776e+04 4.2775790e+06 3.8400000e+03
 2.1600000e+03 1.0000000e+00 1.5506000e+01 7.1000000e-01 5.2100000e+00
 1.1000000e+01 0.0000000e+00 1.2731193e+04 3.2448630e+06 3.8400000e+03
 2.1600000e+03 0.0000000e+00 1.8104000e+01 7.8100000e-01 0.0000000e+00
 1.1000000e+01 0.0000000e+00 1.0277798e+04 2.6234080e+06 3.8400000e+03
 2.1600000e+03 0.0000000e+00 1.6385000e+01 6.7800000e-01 1.0180000e+00
 1.4600000e+02]
deleted_idx_col 449
query_origi 55
query_idx 538
deleted_scaled [1.         0.         0.72983448 0.72617442 1.         1.
 1.         0.04406693 0.15348837 0.08377202 1.         0.
 0.80238597 0.79958974 1.         1.         1.         0.15400563
 0.07560976 0.09303755 0.91666667 0.         0.59234787 0.59651183
 1.         1.         0.         0.1737421  0.12376238 0.09514923
 1.         0.         0.83887743 0.83846254 1.         1.
 1.         0.040707   0.18969555 0.12046765]
deleted_not_scaled [1.2000000e+01 0.0000000e+00 1.4685460e+04 3.7301070e+06 3.8400000e+03
 2.1600000e+03 1.0000000e+00 1.5677000e+01 6.3600000e-01 8.0840000e+00
 1.2000000e+01 0.0000000e+00 1.6113666e+04 4.0989140e+06 3.8400000e+03
 2.1600000e+03 1.0000000e+00 1.8820000e+01 6.1800000e-01 8.6270000e+00
 1.1000000e+01 0.0000000e+00 1.1519933e+04 2.9347030e+06 3.8400000e+03
 2.1600000e+03 0.0000000e+00 1.9949000e+01 6.4100000e-01 8.6170000e+00
 1.2000000e+01 0.0000000e+00 1.6829667e+04 4.2936690e+06 3.8400000e+03
 2.1600000e+03 1.0000000e+00 1.4979000e+01 6.5100000e-01 1.1386000e+01
 2.3600000e+02]
deleted_idx_col 538
query_origi 43
query_idx 9
deleted_scaled [1.         0.07339868 0.91099752 0.9032732  1.         1.
 1.         0.20349622 0.44883721 0.01954404 1.         0.17645214
 0.75532888 0.75004979 1.         1.         1.         0.27575892
 0.4        0.02995923 1.         0.76382005 0.86529905 0.86833384
 1.         1.         1.         0.4805609  0.69059406 0.4244559
 1.         0.         0.8909513  0.88739956 1.         1.
 1.         0.31031143 0.44496487 0.00627414]
deleted_not_scaled [1.20000000e+01 3.44862994e-01 1.82494810e+04 4.61940000e+06
 3.84000000e+03 2.16000000e+03 1.00000000e+00 2.31190000e+01
 7.63000000e-01 1.88600000e+00 1.20000000e+01 5.79036254e-01
 1.51881260e+04 3.85019000e+06 3.84000000e+03 2.16000000e+03
 1.00000000e+00 2.29310000e+01 7.51000000e-01 2.77800000e+00
 1.20000000e+01 3.75506067e+00 1.66802360e+04 4.23469500e+06
 3.84000000e+03 2.16000000e+03 1.00000000e+00 3.11080000e+01
 8.70000000e-01 3.84400000e+01 1.20000000e+01 0.00000000e+00
 1.78544380e+04 4.53949100e+06 3.84000000e+03 2.16000000e+03
 1.00000000e+00 2.38870000e+01 7.60000000e-01 5.93000000e-01
 1.21000000e+02]
deleted_idx_col 9
query_origi 431
query_idx 252
deleted_scaled [1.         0.03074584 0.90113629 0.89888741 1.         1.
 1.         0.39818762 0.85116279 0.64818653 1.         0.06277161
 0.80491856 0.80412558 1.         1.         1.         0.37885384
 0.74634146 0.10037099 1.         0.48443365 0.86114551 0.86937241
 1.         1.         1.         0.32095133 0.72524752 0.0187825
 1.         0.         0.82152747 0.82317297 1.         1.
 1.         0.33410006 0.71662763 0.00300481]
deleted_not_scaled [1.20000000e+01 1.44459029e-01 1.80554810e+04 4.59737700e+06
 3.84000000e+03 2.16000000e+03 1.00000000e+00 3.22070000e+01
 9.36000000e-01 6.25500000e+01 1.20000000e+01 2.05988070e-01
 1.61634780e+04 4.12168700e+06 3.84000000e+03 2.16000000e+03
 1.00000000e+00 2.64120000e+01 8.93000000e-01 9.30700000e+00
 1.20000000e+01 2.38155277e+00 1.66017110e+04 4.23966200e+06
 3.84000000e+03 2.16000000e+03 1.00000000e+00 2.53030000e+01
 8.84000000e-01 1.70100000e+00 1.20000000e+01 0.00000000e+00
 1.64882340e+04 4.21686600e+06 3.84000000e+03 2.16000000e+03
 1.00000000e+00 2.46730000e+01 8.76000000e-01 2.84000000e-01
 7.20000000e+01]
deleted_idx_col 252
query_origi 330
query_idx 239
deleted_scaled [1.         0.08747722 0.77607237 0.77606875 1.         1.
 1.         0.66012554 0.93488372 0.84311917 1.         0.1061797
 0.87711943 0.87844027 1.         1.         1.         0.30069599
 0.7097561  0.00523046 1.         0.0975675  0.8489862  0.84939505
 1.         1.         1.         0.22251856 0.67079208 0.
 1.         0.         0.80952799 0.80387066 1.         1.
 1.         0.28128689 0.67447307 0.03490451]
deleted_not_scaled [1.20000000e+01 4.11010906e-01 1.55950980e+04 3.98064900e+06
 3.84000000e+03 2.16000000e+03 1.00000000e+00 4.44340000e+01
 9.72000000e-01 8.13610000e+01 1.20000000e+01 3.48433829e-01
 1.75835570e+04 4.49479700e+06 3.84000000e+03 2.16000000e+03
 1.00000000e+00 2.37730000e+01 8.78000000e-01 4.85000000e-01
 1.20000000e+01 4.79657318e-01 1.63718320e+04 4.14412000e+06
 3.84000000e+03 2.16000000e+03 1.00000000e+00 2.17230000e+01
 8.62000000e-01 0.00000000e+00 1.20000000e+01 0.00000000e+00
 1.62520940e+04 4.11990600e+06 3.84000000e+03 2.16000000e+03
 1.00000000e+00 2.29280000e+01 8.58000000e-01 3.29900000e+00
 2.77000000e+02]
deleted_idx_col 239
query_origi 413
query_idx 276
deleted_scaled [1.         0.06716159 0.74426721 0.74165461 1.         1.
 1.         0.37228732 0.79302326 0.26194819 1.         0.13374015
 0.82824257 0.82659765 1.         1.         1.         0.27928328
 0.59512195 0.02146108 1.         0.28045092 0.86465262 0.87247727
 1.         1.         1.         0.27385208 0.61633663 0.0140013
 1.         0.         0.8216354  0.82287078 1.         1.
 1.         0.45870282 0.76580796 0.13249749]
deleted_not_scaled [1.20000000e+01 3.15558078e-01 1.49693950e+04 3.80784000e+06
 3.84000000e+03 2.16000000e+03 1.00000000e+00 3.09980000e+01
 9.11000000e-01 2.52780000e+01 1.20000000e+01 4.38874786e-01
 1.66222250e+04 4.23451200e+06 3.84000000e+03 2.16000000e+03
 1.00000000e+00 2.30500000e+01 8.31000000e-01 1.99000000e+00
 1.20000000e+01 1.37874126e+00 1.66680150e+04 4.25451100e+06
 3.84000000e+03 2.16000000e+03 1.00000000e+00 2.35900000e+01
 8.40000000e-01 1.26800000e+00 1.20000000e+01 0.00000000e+00
 1.64903580e+04 4.21534800e+06 3.84000000e+03 2.16000000e+03
 1.00000000e+00 2.87900000e+01 8.97000000e-01 1.25230000e+01
 1.77000000e+02]
deleted_idx_col 276
query_origi 144
query_idx 695
deleted_scaled [0.         0.         0.00208179 0.00191877 0.         0.
 0.         0.41404057 0.89767442 0.11804145 0.         0.01524078
 0.00198246 0.00192305 0.         0.         0.         0.49566119
 0.81219512 0.08899338 0.         0.38037985 0.00235343 0.00230423
 0.         0.         0.         0.51534232 0.98762376 0.
 0.         0.         0.00439454 0.0043474  0.         0.
 0.         0.58605974 0.8852459  0.01143734]
deleted_not_scaled [0.00000000e+00 0.00000000e+00 3.68379000e+02 9.32920000e+04
 3.20000000e+02 1.80000000e+02 0.00000000e+00 3.29470000e+01
 9.56000000e-01 1.13910000e+01 0.00000000e+00 5.00133462e-02
 3.70972000e+02 9.40880000e+04 3.20000000e+02 1.80000000e+02
 0.00000000e+00 3.03560000e+01 9.20000000e-01 8.25200000e+00
 0.00000000e+00 1.87000774e+00 3.65740000e+02 9.28980000e+04
 3.20000000e+02 1.80000000e+02 0.00000000e+00 3.23730000e+01
 9.90000000e-01 0.00000000e+00 0.00000000e+00 0.00000000e+00
 4.07728000e+02 1.03716000e+05 3.20000000e+02 1.80000000e+02
 0.00000000e+00 3.29980000e+01 9.48000000e-01 1.08100000e+00
 3.10000000e+01]
deleted_idx_col 695
