query_origi 8
query_idx 12
deleted_scaled [1.66666667e-01 0.00000000e+00 1.81388678e-02 1.81228457e-02
 5.45454545e-02 5.45454545e-02 0.00000000e+00 5.45834315e-01
 8.81395349e-01 5.06466321e-01 8.33333333e-02 4.45394773e-01
 8.67475709e-03 8.77252386e-03 1.81818182e-02 1.81818182e-02
 0.00000000e+00 3.05641937e-01 7.53658537e-01 0.00000000e+00
 8.33333333e-02 0.00000000e+00 1.12787805e-02 1.11681894e-02
 1.81818182e-02 1.81818182e-02 0.00000000e+00 2.25570525e-01
 7.10396040e-01 0.00000000e+00 0.00000000e+00 0.00000000e+00
 1.92873890e-03 1.82750903e-03 0.00000000e+00 0.00000000e+00
 0.00000000e+00 2.79561757e-01 7.21311475e-01 2.11606623e-05]
deleted_not_scaled [2.00000000e+00 0.00000000e+00 6.84270000e+02 1.74660000e+05
 5.12000000e+02 2.88000000e+02 0.00000000e+00 3.90990000e+01
 9.49000000e-01 4.88740000e+01 1.00000000e+00 1.46158451e+00
 5.02599000e+02 1.28477000e+05 3.84000000e+02 2.16000000e+02
 0.00000000e+00 2.39400000e+01 8.96000000e-01 0.00000000e+00
 1.00000000e+00 0.00000000e+00 5.34479000e+02 1.35290000e+05
 3.84000000e+02 2.16000000e+02 0.00000000e+00 2.18340000e+01
 8.78000000e-01 0.00000000e+00 0.00000000e+00 0.00000000e+00
 3.59203000e+02 9.10580000e+04 3.20000000e+02 1.80000000e+02
 0.00000000e+00 2.28710000e+01 8.78000000e-01 2.00000000e-03
 2.77000000e+02]
deleted_idx_col 12
query_origi 634
query_idx 96
deleted_scaled [1.         0.06823407 0.83214581 0.82673936 1.         1.
 1.         0.31262452 0.58372093 0.07807254 1.         0.16071157
 0.83067575 0.82653571 1.         1.         1.         0.36306827
 0.48292683 0.00786187 1.         0.13351528 0.86354877 0.86831774
 1.         1.         1.         0.15515535 0.34405941 0.07892848
 1.         0.         0.8283464  0.82669601 1.         1.
 1.         0.25550074 0.54098361 0.13796752]
deleted_not_scaled [1.20000000e+01 3.20597144e-01 1.66982310e+04 4.23508900e+06
 3.84000000e+03 2.16000000e+03 1.00000000e+00 2.82130000e+01
 8.21000000e-01 7.53400000e+00 1.20000000e+01 5.27382807e-01
 1.66700820e+04 4.23420100e+06 3.84000000e+03 2.16000000e+03
 1.00000000e+00 2.58790000e+01 7.85000000e-01 7.29000000e-01
 1.20000000e+01 6.56382343e-01 1.66471460e+04 4.23461800e+06
 3.84000000e+03 2.16000000e+03 1.00000000e+00 1.92730000e+01
 7.30000000e-01 7.14800000e+00 1.20000000e+01 0.00000000e+00
 1.66224250e+04 4.23456300e+06 3.84000000e+03 2.16000000e+03
 1.00000000e+00 2.20760000e+01 8.01000000e-01 1.30400000e+01
 7.70000000e+01]
deleted_idx_col 96
query_origi 424
query_idx 447
deleted_scaled [0.41666667 0.         0.07626492 0.07624986 0.18181818 0.17171717
 0.         0.05998415 0.26976744 0.00592746 0.41666667 0.
 0.07720106 0.07739535 0.18181818 0.17171717 0.         0.18311861
 0.26829268 0.01847378 0.5        0.         0.11298563 0.11293814
 0.27272727 0.27272727 0.         0.10478416 0.43811881 0.22693595
 0.58333333 0.         0.14092483 0.13986735 0.27272727 0.27272727
 0.         0.20120456 0.70257611 0.13476168]
deleted_not_scaled [5.000000e+00 0.000000e+00 1.827784e+03 4.665420e+05 9.600000e+02
 5.200000e+02 0.000000e+00 1.642000e+01 6.860000e-01 5.720000e-01
 5.000000e+00 0.000000e+00 1.850405e+03 4.730100e+05 9.600000e+02
 5.200000e+02 0.000000e+00 1.980300e+01 6.970000e-01 1.713000e+00
 6.000000e+00 0.000000e+00 2.457307e+03 6.220060e+05 1.280000e+03
 7.200000e+02 0.000000e+00 1.744100e+01 7.680000e-01 2.055200e+01
 7.000000e+00 0.000000e+00 3.094532e+03 7.844640e+05 1.280000e+03
 7.200000e+02 0.000000e+00 2.028200e+01 8.700000e-01 1.273700e+01
 1.490000e+02]
deleted_idx_col 447
query_origi 830
query_idx 565
deleted_scaled [0.25       0.         0.03174126 0.03160699 0.05454545 0.05454545
 0.         0.12817327 0.60930233 0.16746114 0.16666667 0.
 0.01596186 0.01598948 0.05454545 0.05454545 0.         0.18122316
 0.60487805 0.19491836 0.25       0.         0.02733086 0.02764635
 0.05454545 0.05454545 0.         0.17970855 0.63118812 0.1939313
 0.25       0.         0.02889511 0.02902912 0.05454545 0.05454545
 0.         0.30292667 0.67213115 0.24516743]
deleted_not_scaled [3.00000e+00 0.00000e+00 9.51870e+02 2.42370e+05 5.12000e+02 2.88000e+02
 0.00000e+00 1.96030e+01 8.32000e-01 1.61600e+01 2.00000e+00 0.00000e+00
 6.45925e+02 1.64711e+05 5.12000e+02 2.88000e+02 0.00000e+00 1.97390e+01
 8.35000e-01 1.80740e+01 3.00000e+00 0.00000e+00 8.37953e+02 2.14097e+05
 5.12000e+02 2.88000e+02 0.00000e+00 2.01660e+01 8.46000e-01 1.75630e+01
 3.00000e+00 0.00000e+00 8.89879e+02 2.27698e+05 5.12000e+02 2.88000e+02
 0.00000e+00 2.36430e+01 8.57000e-01 2.31720e+01 2.68000e+02]
deleted_idx_col 565
query_origi 194
query_idx 519
deleted_scaled [0.5        0.         0.0916337  0.09183101 0.27272727 0.27272727
 0.         0.18554382 0.67674419 0.27235233 0.5        0.
 0.10792759 0.10700392 0.27272727 0.27272727 0.         0.16700726
 0.58292683 0.20474301 0.5        0.         0.11314966 0.11335946
 0.27272727 0.27272727 0.         0.11811933 0.53712871 0.25097446
 0.5        0.         0.10757425 0.10698891 0.27272727 0.27272727
 0.         0.45143912 0.78220141 0.49192192]
deleted_not_scaled [6.000000e+00 0.000000e+00 2.130134e+03 5.447820e+05 1.280000e+03
 7.200000e+02 0.000000e+00 2.228100e+01 8.610000e-01 2.628200e+01
 6.000000e+00 0.000000e+00 2.454748e+03 6.216650e+05 1.280000e+03
 7.200000e+02 0.000000e+00 1.925900e+01 8.260000e-01 1.898500e+01
 6.000000e+00 0.000000e+00 2.460408e+03 6.240210e+05 1.280000e+03
 7.200000e+02 0.000000e+00 1.792600e+01 8.080000e-01 2.272900e+01
 6.000000e+00 0.000000e+00 2.438220e+03 6.193080e+05 1.280000e+03
 7.200000e+02 0.000000e+00 2.855000e+01 9.040000e-01 4.649400e+01
 6.000000e+01]
deleted_idx_col 519
query_origi 90
query_idx 753
deleted_scaled [0.16666667 0.         0.01814822 0.01809815 0.05454545 0.05454545
 0.         0.0458236  0.21395349 0.38260104 0.16666667 0.
 0.01781152 0.01790516 0.05454545 0.05454545 0.         0.58735377
 0.78292683 0.51133447 0.25       0.1072546  0.02864079 0.02903704
 0.05454545 0.05454545 0.         0.09747044 0.13861386 0.3198326
 0.16666667 0.         0.02132192 0.0210504  0.05454545 0.05454545
 0.         0.08849611 0.26932084 0.28936148]
deleted_not_scaled [2.00000000e+00 0.00000000e+00 6.84454000e+02 1.74536000e+05
 5.12000000e+02 2.88000000e+02 0.00000000e+00 1.57590000e+01
 6.62000000e-01 3.69210000e+01 2.00000000e+00 0.00000000e+00
 6.82305000e+02 1.74329000e+05 5.12000000e+02 2.88000000e+02
 0.00000000e+00 3.34520000e+01 9.08000000e-01 4.74140000e+01
 3.00000000e+00 5.27280643e-01 8.62718000e+02 2.20748000e+05
 5.12000000e+02 2.88000000e+02 0.00000000e+00 1.71750000e+01
 6.47000000e-01 2.89650000e+01 2.00000000e+00 0.00000000e+00
 7.40845000e+02 1.87619000e+05 5.12000000e+02 2.88000000e+02
 0.00000000e+00 1.65580000e+01 6.85000000e-01 2.73490000e+01
 1.41000000e+02]
deleted_idx_col 753
query_origi 507
query_idx 520
deleted_scaled [0.16666667 0.         0.01820551 0.01812125 0.05454545 0.05454545
 0.         0.14927483 0.26976744 0.27471503 0.25       0.
 0.02923576 0.02927215 0.05454545 0.05454545 0.         0.04309196
 0.23170732 0.40155943 0.25       0.         0.02695838 0.02727019
 0.05454545 0.05454545 0.         0.13112455 0.43069307 0.19242958
 0.25       0.         0.03242193 0.03201545 0.05454545 0.05454545
 0.         0.68790291 0.82669789 0.58768449]
deleted_not_scaled [2.00000e+00 0.00000e+00 6.85581e+02 1.74652e+05 5.12000e+02 2.88000e+02
 0.00000e+00 2.05880e+01 6.86000e-01 2.65100e+01 3.00000e+00 0.00000e+00
 9.07002e+02 2.31399e+05 5.12000e+02 2.88000e+02 0.00000e+00 1.50750e+01
 6.82000e-01 3.72350e+01 3.00000e+00 0.00000e+00 8.30911e+02 2.12298e+05
 5.12000e+02 2.88000e+02 0.00000e+00 1.83990e+01 7.65000e-01 1.74270e+01
 3.00000e+00 0.00000e+00 9.59284e+02 2.42699e+05 5.12000e+02 2.88000e+02
 0.00000e+00 3.63630e+01 9.23000e-01 5.55450e+01 2.38000e+02]
deleted_idx_col 520
query_origi 939
query_idx 965
deleted_scaled [0.58333333 0.         0.1406007  0.13966259 0.27272727 0.27272727
 0.         0.19259196 0.4627907  0.22415544 0.58333333 0.
 0.13998004 0.139341   0.27272727 0.27272727 0.         0.6931734
 0.86585366 0.76803701 0.58333333 0.         0.14599449 0.14685337
 0.27272727 0.27272727 0.         0.17629915 0.4950495  0.31979948
 0.58333333 0.         0.1399728  0.13976383 0.27272727 0.27272727
 0.         0.20417058 0.46604215 0.33129133]
deleted_not_scaled [7.000000e+00 0.000000e+00 3.093462e+03 7.849660e+05 1.280000e+03
 7.200000e+02 0.000000e+00 2.261000e+01 7.690000e-01 2.163100e+01
 7.000000e+00 0.000000e+00 3.085170e+03 7.840190e+05 1.280000e+03
 7.200000e+02 0.000000e+00 3.702500e+01 9.420000e-01 7.121700e+01
 7.000000e+00 0.000000e+00 3.081359e+03 7.842060e+05 1.280000e+03
 7.200000e+02 0.000000e+00 2.004200e+01 7.910000e-01 2.896200e+01
 7.000000e+00 0.000000e+00 3.075797e+03 7.839440e+05 1.280000e+03
 7.200000e+02 0.000000e+00 2.038000e+01 7.690000e-01 3.131200e+01
 8.500000e+01]
deleted_idx_col 965
query_origi 707
query_idx 787
deleted_scaled [0.41666667 0.         0.07723066 0.07739953 0.18181818 0.17171717
 0.         0.55843099 0.88139535 0.85380311 0.5        0.
 0.1079645  0.10704057 0.27272727 0.27272727 0.         0.45262846
 0.56829268 0.42710782 0.5        0.         0.11274983 0.11295863
 0.27272727 0.27272727 0.         0.22680781 0.11138614 0.36018021
 0.5        0.         0.10809861 0.10751068 0.27272727 0.27272727
 0.         0.24953845 0.15456674 0.32557795]
deleted_not_scaled [5.000000e+00 0.000000e+00 1.846783e+03 4.723150e+05 9.600000e+02
 5.200000e+02 0.000000e+00 3.968700e+01 9.490000e-01 8.239200e+01
 6.000000e+00 0.000000e+00 2.455474e+03 6.218490e+05 1.280000e+03
 7.200000e+02 0.000000e+00 2.890300e+01 8.200000e-01 3.960400e+01
 6.000000e+00 0.000000e+00 2.452849e+03 6.221040e+05 1.280000e+03
 7.200000e+02 0.000000e+00 2.187900e+01 6.360000e-01 3.261900e+01
 6.000000e+00 0.000000e+00 2.448539e+03 6.219290e+05 1.280000e+03
 7.200000e+02 0.000000e+00 2.187900e+01 6.360000e-01 3.077200e+01
 9.000000e+01]
deleted_idx_col 787
query_origi 731
query_idx 630
deleted_scaled [1.         0.         0.8275702  0.82674055 1.         1.
 1.         0.27228518 0.58372093 0.22115026 1.         0.
 0.90362401 0.90408065 1.         1.         1.         0.12287872
 0.36097561 0.11227703 1.         0.         0.85407914 0.86353009
 1.         1.         1.         0.22760517 0.58415842 0.0165741
 1.         0.         0.75991337 0.75383712 1.         1.
 1.         0.2296238  0.36065574 0.06032905]
deleted_not_scaled [1.2000000e+01 0.0000000e+00 1.6608215e+04 4.2350950e+06 3.8400000e+03
 2.1600000e+03 1.0000000e+00 2.6330000e+01 8.2100000e-01 2.1341000e+01
 1.2000000e+01 0.0000000e+00 1.8104861e+04 4.6235290e+06 3.8400000e+03
 2.1600000e+03 1.0000000e+00 1.7769000e+01 7.3500000e-01 1.0411000e+01
 1.2000000e+01 0.0000000e+00 1.6468117e+04 4.2117210e+06 3.8400000e+03
 2.1600000e+03 1.0000000e+00 2.1908000e+01 8.2700000e-01 1.5010000e+00
 1.2000000e+01 0.0000000e+00 1.5275719e+04 3.8685760e+06 3.8400000e+03
 2.1600000e+03 1.0000000e+00 2.1221000e+01 7.2400000e-01 5.7020000e+00
 2.8400000e+02]
deleted_idx_col 630
query_origi 731
query_idx 775
deleted_scaled [0.25       0.         0.02576206 0.02551772 0.05454545 0.05454545
 0.         0.24842006 0.73953488 0.12557513 0.33333333 0.
 0.04256803 0.0423933  0.09090909 0.09090909 0.         0.3805716
 0.76585366 0.25173091 0.33333333 0.         0.04485181 0.04512879
 0.09090909 0.09090909 0.         0.21710201 0.67574257 0.23368263
 0.33333333 0.         0.04284411 0.0428091  0.09090909 0.09090909
 0.         0.16385703 0.70725995 0.1507803 ]
deleted_not_scaled [3.000000e+00 0.000000e+00 8.342410e+02 2.117930e+05 5.120000e+02
 2.880000e+02 0.000000e+00 2.521600e+01 8.880000e-01 1.211800e+01
 4.000000e+00 0.000000e+00 1.169227e+03 2.972760e+05 6.400000e+02
 3.600000e+02 0.000000e+00 2.647000e+01 9.010000e-01 2.334200e+01
 4.000000e+00 0.000000e+00 1.169197e+03 2.977070e+05 6.400000e+02
 3.600000e+02 0.000000e+00 2.152600e+01 8.640000e-01 2.116300e+01
 4.000000e+00 0.000000e+00 1.164384e+03 2.969180e+05 6.400000e+02
 3.600000e+02 0.000000e+00 1.904800e+01 8.720000e-01 1.425100e+01
 1.680000e+02]
deleted_idx_col 775
query_origi 598
query_idx 512
deleted_scaled [1.         0.         0.82901309 0.82652548 1.         1.
 1.         0.19274192 0.41395349 0.1333057  0.91666667 0.
 0.568473   0.5676393  1.         1.         0.         0.75205094
 0.86097561 0.90601342 0.91666667 0.         0.59103572 0.59639223
 1.         1.         0.         0.12930987 0.20792079 0.11357839
 1.         0.         0.8818089  0.8831312  1.         1.
 1.         0.05456857 0.16627635 0.16620642]
deleted_not_scaled [1.2000000e+01 0.0000000e+00 1.6636601e+04 4.2340150e+06 3.8400000e+03
 2.1600000e+03 1.0000000e+00 2.2617000e+01 7.4800000e-01 1.2864000e+01
 1.1000000e+01 0.0000000e+00 1.1512961e+04 2.9343660e+06 3.8400000e+03
 2.1600000e+03 0.0000000e+00 3.9013000e+01 9.4000000e-01 8.4011000e+01
 1.1000000e+01 0.0000000e+00 1.1495126e+04 2.9341310e+06 3.8400000e+03
 2.1600000e+03 0.0000000e+00 1.8333000e+01 6.7500000e-01 1.0286000e+01
 1.2000000e+01 0.0000000e+00 1.7674523e+04 4.5180500e+06 3.8400000e+03
 2.1600000e+03 1.0000000e+00 1.5437000e+01 6.4100000e-01 1.5709000e+01
 1.3200000e+02]
deleted_idx_col 512
query_origi 281
query_idx 111
deleted_scaled [1.         0.07833125 0.83252841 0.83294155 1.         1.
 1.         0.24584931 0.78837209 0.07468394 1.         0.18551408
 0.78047011 0.78204529 1.         1.         1.         0.73490301
 0.80731707 0.79312167 1.         0.1099702  0.86740816 0.86826546
 1.         1.         1.         0.14162772 0.3960396  0.03271756
 1.         0.         0.86940528 0.86376975 1.         1.
 1.         0.97085439 0.96252927 0.94812464]
deleted_not_scaled [1.20000000e+01 3.68038646e-01 1.67057580e+04 4.26623300e+06
 3.84000000e+03 2.16000000e+03 1.00000000e+00 2.50960000e+01
 9.09000000e-01 7.20700000e+00 1.20000000e+01 6.08773441e-01
 1.56826150e+04 4.01082900e+06 3.84000000e+03 2.16000000e+03
 1.00000000e+00 3.84340000e+01 9.18000000e-01 7.35430000e+01
 1.20000000e+01 5.40630960e-01 1.67201100e+04 4.23436800e+06
 3.84000000e+03 2.16000000e+03 1.00000000e+00 1.87810000e+01
 7.51000000e-01 2.96300000e+00 1.20000000e+01 0.00000000e+00
 1.74304300e+04 4.42079300e+06 3.84000000e+03 2.16000000e+03
 1.00000000e+00 4.57120000e+01 9.81000000e-01 8.96120000e+01
 1.87000000e+02]
deleted_idx_col 111
query_origi 475
query_idx 30
deleted_scaled [1.         0.16851943 0.80243174 0.79962071 1.         1.
 1.         0.11139913 0.11162791 0.08939896 1.         0.26336434
 0.8282807  0.8266357  1.         1.         1.         0.18676144
 0.12195122 0.09449345 1.         0.41632058 0.87320311 0.88066501
 1.         1.         1.         0.03709101 0.14851485 0.12572463
 1.         0.         0.81405003 0.81486776 1.         1.
 1.         0.14609122 0.40515222 0.02223986]
deleted_not_scaled [1.20000000e+01 7.91786966e-01 1.61136660e+04 4.09891400e+06
 3.84000000e+03 2.16000000e+03 1.00000000e+00 1.88200000e+01
 6.18000000e-01 8.62700000e+00 1.20000000e+01 8.64242835e-01
 1.66229750e+04 4.23470300e+06 3.84000000e+03 2.16000000e+03
 1.00000000e+00 1.99260000e+01 6.37000000e-01 8.76200000e+00
 1.20000000e+01 2.04669810e+00 1.68296670e+04 4.29366900e+06
 3.84000000e+03 2.16000000e+03 1.00000000e+00 1.49790000e+01
 6.51000000e-01 1.13860000e+01 1.20000000e+01 0.00000000e+00
 1.63410840e+04 4.17514700e+06 3.84000000e+03 2.16000000e+03
 1.00000000e+00 1.84610000e+01 7.43000000e-01 2.10200000e+00
 2.37000000e+02]
deleted_idx_col 30
query_origi 446
query_idx 228
deleted_scaled [8.33333333e-02 0.00000000e+00 9.03588537e-03 8.91913335e-03
 1.81818182e-02 1.81818182e-02 0.00000000e+00 2.29567900e-01
 7.02325581e-01 3.82383420e-03 8.33333333e-02 7.94770513e-01
 6.32225818e-03 6.33719443e-03 1.81818182e-02 1.81818182e-02
 0.00000000e+00 1.79446172e-01 5.41463415e-01 0.00000000e+00
 0.00000000e+00 0.00000000e+00 4.04964881e-03 4.10098291e-03
 0.00000000e+00 0.00000000e+00 0.00000000e+00 1.56310146e-01
 4.08415842e-01 3.87575500e-03 0.00000000e+00 0.00000000e+00
 3.13885030e-04 3.54154527e-04 0.00000000e+00 0.00000000e+00
 0.00000000e+00 1.68911353e-01 3.79391101e-01 0.00000000e+00]
deleted_not_scaled [1.00000000e+00 0.00000000e+00 5.05187000e+02 1.28444000e+05
 3.84000000e+02 2.16000000e+02 0.00000000e+00 2.43360000e+01
 8.72000000e-01 3.69000000e-01 1.00000000e+00 2.60807791e+00
 4.56329000e+02 1.16250000e+05 3.84000000e+02 2.16000000e+02
 0.00000000e+00 1.96790000e+01 8.09000000e-01 0.00000000e+00
 0.00000000e+00 0.00000000e+00 3.97808000e+02 1.01491000e+05
 3.20000000e+02 1.80000000e+02 0.00000000e+00 1.93150000e+01
 7.56000000e-01 3.51000000e-01 0.00000000e+00 0.00000000e+00
 3.27424000e+02 8.36570000e+04 3.20000000e+02 1.80000000e+02
 0.00000000e+00 1.92150000e+01 7.32000000e-01 0.00000000e+00
 2.52000000e+02]
deleted_idx_col 228
query_origi 633
query_idx 194
deleted_scaled [0.00000000e+00 8.47904596e-01 3.76134747e-03 3.58521798e-03
 0.00000000e+00 0.00000000e+00 0.00000000e+00 3.15966495e-01
 7.23255814e-01 2.38341969e-02 0.00000000e+00 0.00000000e+00
 4.69787981e-05 0.00000000e+00 0.00000000e+00 0.00000000e+00
 0.00000000e+00 4.52509996e-01 7.07317073e-01 3.30004529e-03
 0.00000000e+00 0.00000000e+00 2.43652803e-03 2.38765736e-03
 0.00000000e+00 0.00000000e+00 0.00000000e+00 2.67885620e-01
 4.87623762e-01 0.00000000e+00 0.00000000e+00 0.00000000e+00
 2.20715497e-03 2.16752923e-03 0.00000000e+00 0.00000000e+00
 0.00000000e+00 4.00593202e-01 7.16627635e-01 5.34306724e-03]
deleted_not_scaled [0.0000000e+00 3.9838718e+00 4.0142100e+02 1.0166000e+05 3.2000000e+02
 1.8000000e+02 0.0000000e+00 2.8369000e+01 8.8100000e-01 2.3000000e+00
 0.0000000e+00 0.0000000e+00 3.3290400e+02 8.4433000e+04 3.2000000e+02
 1.8000000e+02 0.0000000e+00 2.8899000e+01 8.7700000e-01 3.0600000e-01
 0.0000000e+00 0.0000000e+00 3.6731100e+02 9.3297000e+04 3.2000000e+02
 1.8000000e+02 0.0000000e+00 2.3373000e+01 7.8800000e-01 0.0000000e+00
 0.0000000e+00 0.0000000e+00 3.6468200e+02 9.2766000e+04 3.2000000e+02
 1.8000000e+02 0.0000000e+00 2.6870000e+01 8.7600000e-01 5.0500000e-01
 1.5900000e+02]
deleted_idx_col 194
query_origi 890
query_idx 167
deleted_scaled [0.41666667 0.06337857 0.07725928 0.0773822  0.18181818 0.17171717
 0.         0.21819233 0.73255814 0.18036269 0.41666667 0.90235882
 0.07788922 0.07715634 0.18181818 0.17171717 0.         0.24045609
 0.68292683 0.17633673 0.33333333 0.         0.04324652 0.04324506
 0.09090909 0.09090909 0.         0.2537256  0.68564356 0.16940693
 0.25       0.         0.02783083 0.02761629 0.05454545 0.05454545
 0.         0.59698556 0.90163934 0.48559488]
deleted_not_scaled [5.00000000e+00 2.97783617e-01 1.84734600e+03 4.72228000e+05
 9.60000000e+02 5.20000000e+02 0.00000000e+00 2.38050000e+01
 8.85000000e-01 1.74050000e+01 5.00000000e+00 2.96113414e+00
 1.86394000e+03 4.71810000e+05 9.60000000e+02 5.20000000e+02
 0.00000000e+00 2.17390000e+01 8.67000000e-01 1.63510000e+01
 4.00000000e+00 0.00000000e+00 1.13884800e+03 2.88698000e+05
 6.40000000e+02 3.60000000e+02 0.00000000e+00 2.28580000e+01
 8.68000000e-01 1.53420000e+01 3.00000000e+00 0.00000000e+00
 8.68935000e+02 2.20601000e+05 5.12000000e+02 2.88000000e+02
 0.00000000e+00 3.33590000e+01 9.55000000e-01 4.58960000e+01
 2.78000000e+02]
deleted_idx_col 167
query_origi 630
query_idx 158
deleted_scaled [0.         0.04357984 0.00136548 0.00119925 0.         0.
 0.         0.16050044 0.6        0.         0.         0.04205748
 0.00206219 0.00199296 0.         0.         0.         0.17740264
 0.44390244 0.         0.         0.6808652  0.00208832 0.00202864
 0.         0.         0.         0.4737421  0.76485149 0.
 0.         0.         0.00266713 0.00261664 0.         0.
 0.         0.53255047 0.75175644 0.        ]
deleted_not_scaled [0.00000000e+00 2.04759462e-01 3.54287000e+02 8.96790000e+04
 3.20000000e+02 1.80000000e+02 0.00000000e+00 2.11120000e+01
 8.28000000e-01 0.00000000e+00 0.00000000e+00 1.38013655e-01
 3.72540000e+02 9.44390000e+04 3.20000000e+02 1.80000000e+02
 0.00000000e+00 1.96100000e+01 7.69000000e-01 0.00000000e+00
 0.00000000e+00 3.34724145e+00 3.60728000e+02 9.15800000e+04
 3.20000000e+02 1.80000000e+02 0.00000000e+00 3.08600000e+01
 9.00000000e-01 0.00000000e+00 0.00000000e+00 0.00000000e+00
 3.73734000e+02 9.50220000e+04 3.20000000e+02 1.80000000e+02
 0.00000000e+00 3.12300000e+01 8.91000000e-01 0.00000000e+00
 3.80000000e+01]
deleted_idx_col 158
query_origi 722
query_idx 139
deleted_scaled [0.         0.         0.00264571 0.0026578  0.         0.
 0.         0.25825318 0.71162791 0.         0.         0.
 0.00113415 0.00104488 0.         0.         0.         0.22188657
 0.58780488 0.         0.         1.         0.00271311 0.00262644
 0.         0.         0.         0.16442123 0.44059406 0.
 0.33333333 0.         0.04270036 0.04240538 0.09090909 0.09090909
 0.         0.51902182 0.76112412 0.34770142]
deleted_not_scaled [0.0000000e+00 0.0000000e+00 3.7947300e+02 9.7003000e+04 3.2000000e+02
 1.8000000e+02 0.0000000e+00 2.5675000e+01 8.7600000e-01 0.0000000e+00
 0.0000000e+00 0.0000000e+00 3.5428700e+02 8.9679000e+04 3.2000000e+02
 1.8000000e+02 0.0000000e+00 2.1112000e+01 8.2800000e-01 0.0000000e+00
 0.0000000e+00 4.9161588e+00 3.7254000e+02 9.4439000e+04 3.2000000e+02
 1.8000000e+02 0.0000000e+00 1.9610000e+01 7.6900000e-01 0.0000000e+00
 4.0000000e+00 0.0000000e+00 1.1615550e+03 2.9489000e+05 6.4000000e+02
 3.6000000e+02 0.0000000e+00 3.0783000e+01 8.9500000e-01 3.2863000e+01
 3.7000000e+01]
deleted_idx_col 139
query_origi 862
query_idx 638
deleted_scaled [0.         0.         0.00177802 0.00159934 0.         0.
 0.         0.74395338 0.99302326 0.67647668 0.08333333 0.
 0.00881    0.0086815  0.01818182 0.01818182 0.         0.58394788
 0.99268293 0.16319048 0.25       0.         0.02925595 0.02927081
 0.05454545 0.05454545 0.         0.69477591 0.99009901 0.52422071
 0.33333333 0.         0.04297882 0.04274042 0.09090909 0.09090909
 0.         0.67858116 0.98594848 0.51712427]
deleted_not_scaled [0.000000e+00 0.000000e+00 3.624030e+02 9.168800e+04 3.200000e+02
 1.800000e+02 0.000000e+00 4.834700e+01 9.970000e-01 6.528000e+01
 1.000000e+00 0.000000e+00 5.052590e+02 1.280200e+05 3.840000e+02
 2.160000e+02 0.000000e+00 3.333700e+01 9.940000e-01 1.513200e+01
 3.000000e+00 0.000000e+00 8.743480e+02 2.218660e+05 5.120000e+02
 2.880000e+02 0.000000e+00 3.889900e+01 9.910000e-01 4.747500e+01
 4.000000e+00 0.000000e+00 1.167035e+03 2.965730e+05 6.400000e+02
 3.600000e+02 0.000000e+00 3.605500e+01 9.910000e-01 4.887600e+01
 0.000000e+00]
deleted_idx_col 638
query_origi 296
query_idx 108
deleted_scaled [1.         0.47907371 0.85437287 0.85095805 1.         1.
 1.         0.10848561 0.57906977 0.05373057 1.         0.41945903
 0.73161943 0.72980312 1.         1.         1.         0.18071968
 0.52926829 0.02476112 1.         0.10424979 0.88406366 0.89117288
 1.         1.         1.         0.78792961 0.92821782 0.82047856
 1.         0.         0.83258098 0.83300071 1.         1.
 1.         0.34690233 0.79391101 0.07625245]
deleted_not_scaled [1.20000000e+01 2.25092335e+00 1.71355040e+04 4.35670200e+06
 3.84000000e+03 2.16000000e+03 1.00000000e+00 1.86840000e+01
 8.19000000e-01 5.18500000e+00 1.20000000e+01 1.37647510e+00
 1.47217980e+04 3.74853800e+06 3.84000000e+03 2.16000000e+03
 1.00000000e+00 1.97220000e+01 8.04000000e-01 2.29600000e+00
 1.20000000e+01 5.12508516e-01 1.70349920e+04 4.34392300e+06
 3.84000000e+03 2.16000000e+03 1.00000000e+00 4.22870000e+01
 9.66000000e-01 7.43050000e+01 1.20000000e+01 0.00000000e+00
 1.67057580e+04 4.26623300e+06 3.84000000e+03 2.16000000e+03
 1.00000000e+00 2.50960000e+01 9.09000000e-01 7.20700000e+00
 1.84000000e+02]
deleted_idx_col 108
query_origi 43
query_idx 37
deleted_scaled [3.33333333e-01 0.00000000e+00 4.29811859e-02 4.24691902e-02
 9.09090909e-02 9.09090909e-02 0.00000000e+00 8.07429465e-02
 5.86046512e-01 3.35181347e-01 0.00000000e+00 0.00000000e+00
 2.08964134e-03 2.02024588e-03 0.00000000e+00 0.00000000e+00
 0.00000000e+00 1.49888938e-01 3.02439024e-01 2.55807433e-02
 0.00000000e+00 2.90383218e-01 3.64992576e-03 3.59580906e-03
 0.00000000e+00 0.00000000e+00 0.00000000e+00 1.97745395e-01
 6.01485149e-01 1.76672593e-04 0.00000000e+00 0.00000000e+00
 2.12590159e-03 2.07754730e-03 0.00000000e+00 0.00000000e+00
 0.00000000e+00 3.24384855e-01 7.07259953e-01 1.47066603e-03]
deleted_not_scaled [4.00000000e+00 0.00000000e+00 1.17299300e+03 2.96914000e+05
 6.40000000e+02 3.60000000e+02 0.00000000e+00 1.73890000e+01
 8.22000000e-01 3.23450000e+01 0.00000000e+00 0.00000000e+00
 3.73080000e+02 9.45760000e+04 3.20000000e+02 1.80000000e+02
 0.00000000e+00 1.86810000e+01 7.11000000e-01 2.37200000e+00
 0.00000000e+00 1.42757001e+00 3.90251000e+02 9.90750000e+04
 3.20000000e+02 1.80000000e+02 0.00000000e+00 2.08220000e+01
 8.34000000e-01 1.60000000e-02 0.00000000e+00 0.00000000e+00
 3.63083000e+02 9.23140000e+04 3.20000000e+02 1.80000000e+02
 0.00000000e+00 2.43520000e+01 8.72000000e-01 1.39000000e-01
 2.49000000e+02]
deleted_idx_col 37
query_origi 188
query_idx 104
deleted_scaled [0.41666667 0.96208746 0.07950545 0.07911377 0.18181818 0.17171717
 0.         0.21917779 0.62790698 0.31003109 0.25       0.04787334
 0.02987424 0.02981869 0.05454545 0.05454545 0.         0.54275137
 0.84634146 0.5697539  0.08333333 0.         0.00701189 0.00707662
 0.01818182 0.01818182 0.         0.35732747 0.76485149 0.00500204
 0.         0.         0.00211767 0.00215061 0.         0.
 0.         0.36463787 0.76346604 0.        ]
deleted_not_scaled [5.00000000e+00 4.52035891e+00 1.89153500e+03 4.80923000e+05
 9.60000000e+02 5.20000000e+02 0.00000000e+00 2.38510000e+01
 8.40000000e-01 2.99180000e+01 3.00000000e+00 1.57098684e-01
 9.19560000e+02 2.34143000e+05 5.12000000e+02 2.88000000e+02
 0.00000000e+00 3.19460000e+01 9.34000000e-01 5.28310000e+01
 1.00000000e+00 0.00000000e+00 4.53811000e+02 1.15722000e+05
 3.84000000e+02 2.16000000e+02 0.00000000e+00 2.66260000e+01
 9.00000000e-01 4.53000000e-01 0.00000000e+00 0.00000000e+00
 3.62921000e+02 9.26810000e+04 3.20000000e+02 1.80000000e+02
 0.00000000e+00 2.56820000e+01 8.96000000e-01 0.00000000e+00
 7.10000000e+01]
deleted_idx_col 104
query_origi 215
query_idx 215
deleted_scaled [0.         0.26687991 0.00185371 0.00184648 0.         0.
 0.         0.05499261 0.51162791 0.         0.         0.38049263
 0.00169795 0.00179498 0.         0.         0.         0.62093884
 0.9097561  0.10690637 0.         0.25961798 0.00249302 0.00238661
 0.         0.         0.         0.53112455 0.90346535 0.12577984
 0.         0.         0.00252678 0.00243071 0.         0.
 0.         0.50609848 0.81967213 0.08730889]
deleted_not_scaled [0.00000000e+00 1.25393275e+00 3.63892000e+02 9.29290000e+04
 3.20000000e+02 1.80000000e+02 0.00000000e+00 1.61870000e+01
 7.90000000e-01 0.00000000e+00 0.00000000e+00 1.24860500e+00
 3.65376000e+02 9.34450000e+04 3.20000000e+02 1.80000000e+02
 0.00000000e+00 3.45860000e+01 9.60000000e-01 9.91300000e+00
 0.00000000e+00 1.27632323e+00 3.68379000e+02 9.32920000e+04
 3.20000000e+02 1.80000000e+02 0.00000000e+00 3.29470000e+01
 9.56000000e-01 1.13910000e+01 0.00000000e+00 0.00000000e+00
 3.70972000e+02 9.40880000e+04 3.20000000e+02 1.80000000e+02
 0.00000000e+00 3.03560000e+01 9.20000000e-01 8.25200000e+00
 2.90000000e+01]
deleted_idx_col 215
query_origi 411
query_idx 117
deleted_scaled [1.         0.13612961 0.83026796 0.82653245 1.         1.
 1.         0.50765869 0.87209302 0.682      1.         0.21609109
 0.86340518 0.86082711 1.         1.         1.         0.18990078
 0.4804878  0.03124259 1.         0.20391727 0.82596259 0.83218861
 1.         1.         1.         0.18501512 0.42574257 0.08269382
 1.         0.         0.82619764 0.82661438 1.         1.
 1.         0.26806089 0.59250585 0.2082315 ]
deleted_not_scaled [1.20000000e+01 6.39603697e-01 1.66612880e+04 4.23405000e+06
 3.84000000e+03 2.16000000e+03 1.00000000e+00 3.73170000e+01
 9.45000000e-01 6.58130000e+01 1.20000000e+01 7.09113370e-01
 1.73138190e+04 4.40636700e+06 3.84000000e+03 2.16000000e+03
 1.00000000e+00 2.00320000e+01 7.84000000e-01 2.89700000e+00
 1.20000000e+01 1.00248969e+00 1.59365570e+04 4.06183000e+06
 3.84000000e+03 2.16000000e+03 1.00000000e+00 2.03590000e+01
 7.63000000e-01 7.48900000e+00 1.20000000e+01 0.00000000e+00
 1.65801390e+04 4.23415300e+06 3.84000000e+03 2.16000000e+03
 1.00000000e+00 2.24910000e+01 8.23000000e-01 1.96810000e+01
 8.60000000e+01]
deleted_idx_col 117
query_origi 434
query_idx 3
deleted_scaled [1.00000000e+00 2.01403903e-01 8.27778199e-01 8.28188938e-01
 1.00000000e+00 1.00000000e+00 1.00000000e+00 3.18858587e-01
 7.90697674e-01 1.42124352e-01 1.00000000e+00 6.40755227e-01
 8.23494402e-01 8.25151235e-01 1.00000000e+00 1.00000000e+00
 1.00000000e+00 2.97734340e-01 6.70731707e-01 9.63052434e-03
 1.00000000e+00 2.27116934e-01 8.71589144e-01 8.72451130e-01
 1.00000000e+00 1.00000000e+00 1.00000000e+00 1.64503712e-01
 5.59405941e-01 0.00000000e+00 1.00000000e+00 0.00000000e+00
 8.98285498e-01 8.92465427e-01 1.00000000e+00 1.00000000e+00
 1.00000000e+00 2.02082261e-01 6.06557377e-01 3.27990266e-04]
deleted_not_scaled [1.20000000e+01 9.46294352e-01 1.66123070e+04 4.24236800e+06
 3.84000000e+03 2.16000000e+03 1.00000000e+00 2.85040000e+01
 9.10000000e-01 1.37150000e+01 1.20000000e+01 2.10266929e+00
 1.65288360e+04 4.22725000e+06 3.84000000e+03 2.16000000e+03
 1.00000000e+00 2.36730000e+01 8.62000000e-01 8.93000000e-01
 1.20000000e+01 1.11654291e+00 1.67991540e+04 4.25438600e+06
 3.84000000e+03 2.16000000e+03 1.00000000e+00 1.96130000e+01
 8.17000000e-01 0.00000000e+00 1.20000000e+01 0.00000000e+00
 1.79987690e+04 4.56493800e+06 3.84000000e+03 2.16000000e+03
 1.00000000e+00 2.03110000e+01 8.29000000e-01 3.10000000e-02
 2.02000000e+02]
deleted_idx_col 3
query_origi 166
query_idx 35
deleted_scaled [0.5        0.         0.10749721 0.1072395  0.27272727 0.27272727
 0.         0.13894899 0.21162791 0.07843523 0.5        0.8228571
 0.10854324 0.10853598 0.27272727 0.27272727 0.         0.04113727
 0.2        0.11051916 0.5        0.         0.11019492 0.11133981
 0.27272727 0.27272727 0.         0.1308496  0.40841584 0.01450924
 0.41666667 0.         0.08592848 0.08504905 0.18181818 0.17171717
 0.         0.7475258  0.84777518 0.7975771 ]
deleted_not_scaled [6.0000000e+00 0.0000000e+00 2.4422170e+03 6.2215500e+05 1.2800000e+03
 7.2000000e+02 0.0000000e+00 2.0106000e+01 6.6100000e-01 7.5690000e+00
 6.0000000e+00 2.7002454e+00 2.4668570e+03 6.2935700e+05 1.2800000e+03
 7.2000000e+02 0.0000000e+00 1.5009000e+01 6.6900000e-01 1.0248000e+01
 6.0000000e+00 0.0000000e+00 2.4045470e+03 6.1436200e+05 1.2800000e+03
 7.2000000e+02 0.0000000e+00 1.8389000e+01 7.5600000e-01 1.3140000e+00
 5.0000000e+00 0.0000000e+00 2.0122490e+03 5.0909900e+05 9.6000000e+02
 5.2000000e+02 0.0000000e+00 3.8333000e+01 9.3200000e-01 7.5383000e+01
 2.3800000e+02]
deleted_idx_col 35
query_origi 590
query_idx 312
deleted_scaled [0.33333333 0.         0.04247389 0.04237141 0.09090909 0.09090909
 0.         0.14618994 0.47674419 0.29516062 0.33333333 0.83156016
 0.04217135 0.04225845 0.09090909 0.09090909 0.         0.2620465
 0.59512195 0.37342277 0.33333333 0.11874465 0.04449869 0.04504683
 0.09090909 0.09090909 0.         0.67640913 0.86138614 0.77012687
 0.25       0.         0.03006629 0.02972609 0.05454545 0.05454545
 0.         0.44556763 0.56440281 0.40759668]
deleted_not_scaled [4.00000000e+00 0.00000000e+00 1.16301300e+03 2.96423000e+05
 6.40000000e+02 3.60000000e+02 0.00000000e+00 2.04440000e+01
 7.75000000e-01 2.84830000e+01 4.00000000e+00 2.72880492e+00
 1.16142500e+03 2.96599000e+05 6.40000000e+02 3.60000000e+02
 0.00000000e+00 2.24680000e+01 8.31000000e-01 3.46260000e+01
 4.00000000e+00 5.83767579e-01 1.16252100e+03 2.97315000e+05
 6.40000000e+02 3.60000000e+02 0.00000000e+00 3.82310000e+01
 9.39000000e-01 6.97450000e+01 3.00000000e+00 0.00000000e+00
 9.12927000e+02 2.31199000e+05 5.12000000e+02 2.88000000e+02
 0.00000000e+00 2.83560000e+01 8.11000000e-01 3.85240000e+01
 8.80000000e+01]
deleted_idx_col 312
query_origi 129
query_idx 909
deleted_scaled [0.         0.         0.00177802 0.00159934 0.         0.
 0.         0.74395338 0.99302326 0.67647668 0.41666667 0.
 0.07778687 0.07714758 0.18181818 0.17171717 0.         0.70451651
 0.99756098 0.84936264 0.58333333 0.         0.14651206 0.14688933
 0.27272727 0.27272727 0.         1.         1.         0.7411084
 0.58333333 0.         0.14046088 0.13979051 0.27272727 0.27272727
 0.         0.93323447 1.         0.86506904]
deleted_not_scaled [0.000000e+00 0.000000e+00 3.624030e+02 9.168800e+04 3.200000e+02
 1.800000e+02 0.000000e+00 4.834700e+01 9.970000e-01 6.528000e+01
 5.000000e+00 0.000000e+00 1.861927e+03 4.717660e+05 9.600000e+02
 5.200000e+02 0.000000e+00 3.740800e+01 9.960000e-01 7.875800e+01
 7.000000e+00 0.000000e+00 3.091144e+03 7.843780e+05 1.280000e+03
 7.200000e+02 0.000000e+00 5.000000e+01 9.950000e-01 6.711700e+01
 7.000000e+00 0.000000e+00 3.085402e+03 7.840780e+05 1.280000e+03
 7.200000e+02 0.000000e+00 4.446900e+01 9.970000e-01 8.176200e+01
 0.000000e+00]
deleted_idx_col 909
query_origi 851
query_idx 260
deleted_scaled [0.00000000e+00 3.54925767e-01 2.06709672e-03 2.06912264e-03
 0.00000000e+00 0.00000000e+00 0.00000000e+00 2.61616573e-01
 6.81395349e-01 1.65803109e-03 3.33333333e-01 0.00000000e+00
 4.27099811e-02 4.22429171e-02 9.09090909e-02 9.09090909e-02
 0.00000000e+00 6.85561972e-01 8.80487805e-01 5.28546470e-01
 0.00000000e+00 0.00000000e+00 4.22150274e-03 4.12753800e-03
 0.00000000e+00 0.00000000e+00 0.00000000e+00 4.07451196e-01
 7.25247525e-01 0.00000000e+00 0.00000000e+00 0.00000000e+00
 5.30967246e-04 4.55881882e-04 0.00000000e+00 0.00000000e+00
 0.00000000e+00 3.96749493e-01 6.97892272e-01 0.00000000e+00]
deleted_not_scaled [0.00000000e+00 1.66761539e+00 3.68090000e+02 9.40470000e+04
 3.20000000e+02 1.80000000e+02 0.00000000e+00 2.58320000e+01
 8.63000000e-01 1.60000000e-01 4.00000000e+00 0.00000000e+00
 1.17201900e+03 2.96521000e+05 6.40000000e+02 3.60000000e+02
 0.00000000e+00 3.67680000e+01 9.48000000e-01 4.90100000e+01
 0.00000000e+00 0.00000000e+00 4.01057000e+02 1.01618000e+05
 3.20000000e+02 1.80000000e+02 0.00000000e+00 2.84490000e+01
 8.84000000e-01 0.00000000e+00 0.00000000e+00 0.00000000e+00
 3.31696000e+02 8.41680000e+04 3.20000000e+02 1.80000000e+02
 0.00000000e+00 2.67430000e+01 8.68000000e-01 0.00000000e+00
 6.70000000e+01]
deleted_idx_col 260
query_origi 10
query_idx 25
deleted_scaled [0.         0.31220851 0.00177802 0.00159934 0.         0.
 0.         0.74395338 0.99302326 0.67647668 0.         0.44810769
 0.00178519 0.00170873 0.         0.         0.         0.53955279
 0.98780488 0.15846688 0.         0.29684603 0.00241627 0.00234814
 0.         0.         0.         0.63717349 0.98762376 0.40337665
 0.         0.         0.00223399 0.00217609 0.         0.
 0.         0.58739142 0.97189696 0.1361477 ]
deleted_not_scaled [0.00000000e+00 1.46690878e+00 3.62403000e+02 9.16880000e+04
 3.20000000e+02 1.80000000e+02 0.00000000e+00 4.83470000e+01
 9.97000000e-01 6.52800000e+01 0.00000000e+00 1.47048706e+00
 3.67092000e+02 9.30120000e+04 3.20000000e+02 1.80000000e+02
 0.00000000e+00 3.18380000e+01 9.92000000e-01 1.46940000e+01
 0.00000000e+00 1.45934220e+00 3.66928000e+02 9.31080000e+04
 3.20000000e+02 1.80000000e+02 0.00000000e+00 3.68040000e+01
 9.90000000e-01 3.65310000e+01 0.00000000e+00 0.00000000e+00
 3.65210000e+02 9.28090000e+04 3.20000000e+02 1.80000000e+02
 0.00000000e+00 3.30420000e+01 9.85000000e-01 1.28680000e+01
 0.00000000e+00]
deleted_idx_col 25
query_origi 559
query_idx 350
deleted_scaled [0.25       0.         0.02746129 0.02740223 0.05454545 0.05454545
 0.         0.16534202 0.52093023 0.24010363 0.16666667 0.17320701
 0.01772199 0.0177986  0.05454545 0.05454545 0.         0.25855175
 0.48536585 0.28492548 0.16666667 0.69222732 0.01917787 0.01944752
 0.05454545 0.05454545 0.         0.59265878 0.76485149 0.48710842
 0.08333333 0.         0.01187702 0.01167973 0.01818182 0.01818182
 0.         0.44429648 0.72599532 0.03708406]
deleted_not_scaled [3.00000000e+00 0.00000000e+00 8.67670000e+02 2.21256000e+05
 5.12000000e+02 2.88000000e+02 0.00000000e+00 2.13380000e+01
 7.94000000e-01 2.31700000e+01 2.00000000e+00 5.68387196e-01
 6.80544000e+02 1.73794000e+05 5.12000000e+02 2.88000000e+02
 0.00000000e+00 2.23500000e+01 7.86000000e-01 2.64200000e+01
 2.00000000e+00 3.40309944e+00 6.83816000e+02 1.74886000e+05
 5.12000000e+02 2.88000000e+02 0.00000000e+00 3.51850000e+01
 9.00000000e-01 4.41140000e+01 1.00000000e+00 0.00000000e+00
 5.54977000e+02 1.40548000e+05 3.84000000e+02 2.16000000e+02
 0.00000000e+00 2.83140000e+01 8.80000000e-01 3.50500000e+00
 1.56000000e+02]
deleted_idx_col 350
query_origi 431
query_idx 162
deleted_scaled [0.33333333 0.         0.04299547 0.04257095 0.09090909 0.09090909
 0.         0.26523704 0.75348837 0.2900829  0.         0.32544593
 0.00277821 0.0027329  0.         0.         0.         0.20530135
 0.64390244 0.03141514 0.         0.70662395 0.0026581  0.00262958
 0.         0.         0.         0.15639263 0.62128713 0.02559544
 0.         0.         0.00249167 0.00246953 0.         0.
 0.         0.18271239 0.58548009 0.        ]
deleted_not_scaled [4.00000000e+00 0.00000000e+00 1.17327400e+03 2.97425000e+05
 6.40000000e+02 3.60000000e+02 0.00000000e+00 2.60010000e+01
 8.94000000e-01 2.79930000e+01 0.00000000e+00 1.06796658e+00
 3.86623000e+02 9.81540000e+04 3.20000000e+02 1.80000000e+02
 0.00000000e+00 2.05520000e+01 8.51000000e-01 2.91300000e+00
 0.00000000e+00 3.47387555e+00 3.71500000e+02 9.44540000e+04
 3.20000000e+02 1.80000000e+02 0.00000000e+00 1.93180000e+01
 8.42000000e-01 2.31800000e+00 0.00000000e+00 0.00000000e+00
 3.70281000e+02 9.42830000e+04 3.20000000e+02 1.80000000e+02
 0.00000000e+00 1.96710000e+01 8.20000000e-01 0.00000000e+00
 1.82000000e+02]
deleted_idx_col 162
query_origi 378
query_idx 189
deleted_scaled [0.         0.31447739 0.         0.         0.         0.
 0.         0.11986118 0.37674419 0.         0.         0.44746025
 0.00165966 0.0017657  0.         0.         0.         0.26441582
 0.47073171 0.         0.         0.3328221  0.00243309 0.00233622
 0.         0.         0.         0.25787737 0.46287129 0.
 0.         0.         0.00321162 0.0031207  0.         0.
 0.         0.16882056 0.37236534 0.0005396 ]
deleted_not_scaled [0.00000000e+00 1.47756908e+00 3.27424000e+02 8.36570000e+04
 3.20000000e+02 1.80000000e+02 0.00000000e+00 1.92150000e+01
 7.32000000e-01 0.00000000e+00 0.00000000e+00 1.46836245e+00
 3.64623000e+02 9.32980000e+04 3.20000000e+02 1.80000000e+02
 0.00000000e+00 2.25480000e+01 7.80000000e-01 0.00000000e+00
 0.00000000e+00 1.63620628e+00 3.67246000e+02 9.30510000e+04
 3.20000000e+02 1.80000000e+02 0.00000000e+00 2.30090000e+01
 7.78000000e-01 0.00000000e+00 0.00000000e+00 0.00000000e+00
 3.84449000e+02 9.75540000e+04 3.20000000e+02 1.80000000e+02
 0.00000000e+00 1.92120000e+01 7.29000000e-01 5.10000000e-02
 2.55000000e+02]
deleted_idx_col 189
query_origi 542
query_idx 944
deleted_scaled [0.16666667 0.29291734 0.01814822 0.01809815 0.05454545 0.05454545
 0.         0.0458236  0.21395349 0.38260104 0.         0.02880283
 0.0016405  0.00171929 0.         0.         0.         0.49844514
 0.71219512 0.01890516 0.         0.         0.00227737 0.00237072
 0.         0.         0.         0.10266703 0.17326733 0.02467895
 0.         0.         0.00345787 0.00332674 0.         0.
 0.         0.09267274 0.30913349 0.0255515 ]
deleted_not_scaled [2.00000000e+00 1.37626936e+00 6.84454000e+02 1.74536000e+05
 5.12000000e+02 2.88000000e+02 0.00000000e+00 1.57590000e+01
 6.62000000e-01 3.69210000e+01 0.00000000e+00 9.45178814e-02
 3.64246000e+02 9.30650000e+04 3.20000000e+02 1.80000000e+02
 0.00000000e+00 3.04500000e+01 8.79000000e-01 1.75300000e+00
 0.00000000e+00 0.00000000e+00 3.64302000e+02 9.32160000e+04
 3.20000000e+02 1.80000000e+02 0.00000000e+00 1.73640000e+01
 6.61000000e-01 2.23500000e+00 0.00000000e+00 0.00000000e+00
 3.89295000e+02 9.85890000e+04 3.20000000e+02 1.80000000e+02
 0.00000000e+00 1.66960000e+01 7.02000000e-01 2.41500000e+00
 1.41000000e+02]
deleted_idx_col 944
query_origi 170
query_idx 107
deleted_scaled [0.16666667 0.23727145 0.02037732 0.02014378 0.05454545 0.05454545
 0.         0.18175197 0.6744186  0.06841451 0.08333333 0.68457256
 0.00706258 0.00701738 0.01818182 0.01818182 0.         0.27655857
 0.74390244 0.         0.08333333 0.         0.01133363 0.01137708
 0.01818182 0.01818182 0.         0.18201815 0.61881188 0.00218632
 0.         0.         0.00169667 0.00169413 0.         0.
 0.         0.64105203 0.82669789 0.05036238]
deleted_not_scaled [2.00000000e+00 1.11481770e+00 7.28307000e+02 1.84808000e+05
 5.12000000e+02 2.88000000e+02 0.00000000e+00 2.21040000e+01
 8.60000000e-01 6.60200000e+00 1.00000000e+00 2.24645799e+00
 4.70890000e+02 1.19665000e+05 3.84000000e+02 2.16000000e+02
 0.00000000e+00 2.29580000e+01 8.92000000e-01 0.00000000e+00
 1.00000000e+00 0.00000000e+00 5.35516000e+02 1.36289000e+05
 3.84000000e+02 2.16000000e+02 0.00000000e+00 2.02500000e+01
 8.41000000e-01 1.98000000e-01 0.00000000e+00 0.00000000e+00
 3.54636000e+02 9.03880000e+04 3.20000000e+02 1.80000000e+02
 0.00000000e+00 3.48150000e+01 9.23000000e-01 4.76000000e+00
 2.13000000e+02]
deleted_idx_col 107
query_origi 121
query_idx 130
deleted_scaled [0.         0.13012505 0.00190637 0.00184469 0.         0.
 0.         0.03603333 0.2372093  0.06710881 0.         0.18138309
 0.00179246 0.00183481 0.         0.         0.         0.06293499
 0.2        0.06253909 0.         0.12193019 0.00227441 0.00233915
 0.         0.         0.         0.46246907 0.71287129 0.01935669
 0.         0.         0.00218785 0.00225711 0.         0.
 0.         0.11289005 0.21311475 0.02364704]
deleted_not_scaled [0.00000000e+00 6.11391326e-01 3.64928000e+02 9.29200000e+04
 3.20000000e+02 1.80000000e+02 0.00000000e+00 1.53020000e+01
 6.72000000e-01 6.47600000e+00 0.00000000e+00 5.95217403e-01
 3.67235000e+02 9.36450000e+04 3.20000000e+02 1.80000000e+02
 0.00000000e+00 1.57450000e+01 6.69000000e-01 5.79900000e+00
 0.00000000e+00 5.99428200e-01 3.64246000e+02 9.30650000e+04
 3.20000000e+02 1.80000000e+02 0.00000000e+00 3.04500000e+01
 8.79000000e-01 1.75300000e+00 0.00000000e+00 0.00000000e+00
 3.64302000e+02 9.32160000e+04 3.20000000e+02 1.80000000e+02
 0.00000000e+00 1.73640000e+01 6.61000000e-01 2.23500000e+00
 1.40000000e+02]
deleted_idx_col 130
query_origi 459
query_idx 601
deleted_scaled [0.00000000e+00 4.44900492e-01 1.99044345e-03 1.93768655e-03
 0.00000000e+00 0.00000000e+00 0.00000000e+00 1.56665738e-01
 2.97674419e-01 8.08290155e-04 0.00000000e+00 3.86872509e-01
 2.78212103e-03 2.83308463e-03 0.00000000e+00 0.00000000e+00
 0.00000000e+00 4.59943729e-02 2.65853659e-01 6.69175851e-02
 0.00000000e+00 6.46239054e-02 1.12834352e-03 1.18159662e-03
 0.00000000e+00 0.00000000e+00 0.00000000e+00 1.33049216e-01
 4.55445545e-01 7.17732407e-04 0.00000000e+00 0.00000000e+00
 3.76941519e-03 3.61619842e-03 0.00000000e+00 0.00000000e+00
 0.00000000e+00 5.91840441e-01 7.93911007e-01 8.66000106e-02]
deleted_not_scaled [0.00000000e+00 2.09036079e+00 3.66582000e+02 9.33870000e+04
 3.20000000e+02 1.80000000e+02 0.00000000e+00 2.09330000e+01
 6.98000000e-01 7.80000000e-02 0.00000000e+00 1.26954086e+00
 3.86700000e+02 9.86570000e+04 3.20000000e+02 1.80000000e+02
 0.00000000e+00 1.51730000e+01 6.96000000e-01 6.20500000e+00
 0.00000000e+00 3.17701381e-01 3.42579000e+02 8.75290000e+04
 3.20000000e+02 1.80000000e+02 0.00000000e+00 1.84690000e+01
 7.75000000e-01 6.50000000e-02 0.00000000e+00 0.00000000e+00
 3.95426000e+02 1.00043000e+05 3.20000000e+02 1.80000000e+02
 0.00000000e+00 3.31890000e+01 9.09000000e-01 8.18500000e+00
 2.38000000e+02]
deleted_idx_col 601
query_origi 294
query_idx 331
deleted_scaled [0.83333333 0.         0.42081267 0.42101747 0.63636364 0.63636364
 0.         0.13948456 0.68604651 0.         0.83333333 0.
 0.37948253 0.3802966  0.63636364 0.63636364 0.         0.2616911
 0.72439024 0.00710696 0.83333333 0.         0.39537555 0.3957069
 0.63636364 0.63636364 0.         0.15606269 0.28465347 0.03642768
 0.83333333 0.         0.39632886 0.39371632 0.63636364 0.63636364
 0.         0.24696589 0.70491803 0.43784584]
deleted_not_scaled [1.000000e+01 0.000000e+00 8.606073e+03 2.197776e+06 2.560000e+03
 1.440000e+03 0.000000e+00 2.013100e+01 8.650000e-01 0.000000e+00
 1.000000e+01 0.000000e+00 7.795812e+03 1.993779e+06 2.560000e+03
 1.440000e+03 0.000000e+00 2.245600e+01 8.840000e-01 6.590000e-01
 1.000000e+01 0.000000e+00 7.796055e+03 1.974351e+06 2.560000e+03
 1.440000e+03 0.000000e+00 1.930600e+01 7.060000e-01 3.299000e+00
 1.000000e+01 0.000000e+00 8.120674e+03 2.059606e+06 2.560000e+03
 1.440000e+03 0.000000e+00 2.179400e+01 8.710000e-01 4.138300e+01
 1.720000e+02]
deleted_idx_col 331
query_origi 501
query_idx 980
deleted_scaled [0.91666667 0.         0.56917208 0.56773061 1.         1.
 0.         0.25647507 0.68139535 0.21104663 0.91666667 0.
 0.56819641 0.56764966 1.         1.         0.         0.34186288
 0.72439024 0.18952613 0.91666667 0.         0.59048467 0.59643656
 1.         1.         0.         0.24577949 0.69554455 0.19153517
 0.91666667 0.         0.56650557 0.56794302 1.         1.
 0.         0.33331316 0.73770492 0.26329154]
deleted_not_scaled [1.1000000e+01 0.0000000e+00 1.1524748e+04 2.9344890e+06 3.8400000e+03
 2.1600000e+03 0.0000000e+00 2.5592000e+01 8.6300000e-01 2.0366000e+01
 1.1000000e+01 0.0000000e+00 1.1507521e+04 2.9344180e+06 3.8400000e+03
 2.1600000e+03 0.0000000e+00 2.5163000e+01 8.8400000e-01 1.7574000e+01
 1.1000000e+01 0.0000000e+00 1.1484708e+04 2.9343430e+06 3.8400000e+03
 2.1600000e+03 0.0000000e+00 2.2569000e+01 8.7200000e-01 1.7346000e+01
 1.1000000e+01 0.0000000e+00 1.1469612e+04 2.9347870e+06 3.8400000e+03
 2.1600000e+03 0.0000000e+00 2.4647000e+01 8.8500000e-01 2.4885000e+01
 1.2000000e+01]
deleted_idx_col 980
query_origi 768
query_idx 586
deleted_scaled [0.16666667 0.         0.0179757  0.01801053 0.05454545 0.05454545
 0.         0.15304527 0.26744186 0.38876684 0.08333333 0.
 0.00996881 0.00980545 0.01818182 0.01818182 0.         0.20337628
 0.46341463 0.00143433 0.08333333 0.         0.00978155 0.00970975
 0.01818182 0.01818182 0.         0.03546879 0.40346535 0.04691762
 0.08333333 0.         0.00744863 0.00735602 0.01818182 0.01818182
 0.         0.11092279 0.38875878 0.00727927]
deleted_not_scaled [2.00000e+00 0.00000e+00 6.81060e+02 1.74096e+05 5.12000e+02 2.88000e+02
 0.00000e+00 2.07640e+01 6.85000e-01 3.75160e+01 1.00000e+00 0.00000e+00
 5.28051e+02 1.33663e+05 3.84000e+02 2.16000e+02 0.00000e+00 2.04870e+01
 7.77000e-01 1.33000e-01 1.00000e+00 0.00000e+00 5.06173e+02 1.28315e+05
 3.84000e+02 2.16000e+02 0.00000e+00 1.49200e+01 7.54000e-01 4.24900e+00
 1.00000e+00 0.00000e+00 4.67830e+02 1.18829e+05 3.84000e+02 2.16000e+02
 0.00000e+00 1.72990e+01 7.36000e-01 6.88000e-01 1.05000e+02]
deleted_idx_col 586
query_origi 649
query_idx 49
deleted_scaled [0.25       0.45986402 0.02461144 0.02435312 0.05454545 0.05454545
 0.         0.04055357 0.40465116 0.19439378 0.16666667 0.3414589
 0.0179428  0.01784899 0.05454545 0.05454545 0.         0.15735229
 0.44878049 0.26338891 0.08333333 0.         0.01265964 0.0127111
 0.01818182 0.01818182 0.         0.05389057 0.35643564 0.03267339
 0.         0.         0.00097433 0.00097288 0.         0.
 0.         0.14037105 0.54332553 0.        ]
deleted_not_scaled [3.00000000e+00 2.16066679e+00 8.11605000e+02 2.05945000e+05
 5.12000000e+02 2.88000000e+02 0.00000000e+00 1.55130000e+01
 7.44000000e-01 1.87590000e+01 2.00000000e+00 1.12051391e+00
 6.84887000e+02 1.74047000e+05 5.12000000e+02 2.88000000e+02
 0.00000000e+00 1.89330000e+01 7.71000000e-01 2.44230000e+01
 1.00000000e+00 0.00000000e+00 5.60585000e+02 1.42669000e+05
 3.84000000e+02 2.16000000e+02 0.00000000e+00 1.55900000e+01
 7.35000000e-01 2.95900000e+00 0.00000000e+00 0.00000000e+00
 3.40421000e+02 8.67650000e+04 3.20000000e+02 1.80000000e+02
 0.00000000e+00 1.82720000e+01 8.02000000e-01 0.00000000e+00
 1.45000000e+02]
deleted_idx_col 49
query_origi 831
query_idx 71
deleted_scaled [0.00000000e+00 4.29897981e-02 3.71524368e-03 3.63918643e-03
 0.00000000e+00 0.00000000e+00 0.00000000e+00 4.29315110e-02
 3.97674419e-01 2.56476684e-02 0.00000000e+00 9.15365866e-02
 4.29164540e-04 4.64479285e-04 0.00000000e+00 0.00000000e+00
 0.00000000e+00 1.37775803e-01 5.24390244e-01 0.00000000e+00
 0.00000000e+00 8.21490606e-02 1.91673468e-03 1.95922143e-03
 0.00000000e+00 0.00000000e+00 0.00000000e+00 8.23480891e-02
 2.77227723e-01 0.00000000e+00 0.00000000e+00 0.00000000e+00
 2.30995397e-03 2.36122926e-03 0.00000000e+00 0.00000000e+00
 0.00000000e+00 2.05623316e-01 3.34894614e-01 7.72364175e-04]
deleted_not_scaled [0.00000000e+00 2.01987163e-01 4.00514000e+02 1.01931000e+05
 3.20000000e+02 1.80000000e+02 0.00000000e+00 1.56240000e+01
 7.41000000e-01 2.47500000e+00 0.00000000e+00 3.00381739e-01
 3.40421000e+02 8.67650000e+04 3.20000000e+02 1.80000000e+02
 0.00000000e+00 1.82720000e+01 8.02000000e-01 0.00000000e+00
 0.00000000e+00 4.03857827e-01 3.57484000e+02 9.12480000e+04
 3.20000000e+02 1.80000000e+02 0.00000000e+00 1.66250000e+01
 7.03000000e-01 0.00000000e+00 0.00000000e+00 0.00000000e+00
 3.66705000e+02 9.37390000e+04 3.20000000e+02 1.80000000e+02
 0.00000000e+00 2.04280000e+01 7.13000000e-01 7.30000000e-02
 1.47000000e+02]
deleted_idx_col 71
query_origi 205
query_idx 490
deleted_scaled [8.33333333e-02 5.02185696e-01 9.06114842e-03 8.86874952e-03
 1.81818182e-02 1.81818182e-02 0.00000000e+00 1.44883138e-01
 7.20930233e-01 0.00000000e+00 8.33333333e-02 0.00000000e+00
 1.01945009e-02 1.01087981e-02 1.81818182e-02 1.81818182e-02
 0.00000000e+00 7.15237672e-02 4.17073171e-01 6.47067705e-05
 0.00000000e+00 0.00000000e+00 1.30606873e-03 1.27067115e-03
 0.00000000e+00 0.00000000e+00 0.00000000e+00 5.31454495e-01
 7.92079208e-01 4.24014222e-03 0.00000000e+00 0.00000000e+00
 2.26239101e-03 2.24078885e-03 0.00000000e+00 0.00000000e+00
 0.00000000e+00 2.46784298e-01 5.66744731e-01 9.20488811e-03]
deleted_not_scaled [1.00000000e+00 2.35951479e+00 5.05684000e+02 1.28191000e+05
 3.84000000e+02 2.16000000e+02 0.00000000e+00 2.03830000e+01
 8.80000000e-01 0.00000000e+00 1.00000000e+00 0.00000000e+00
 5.32490000e+02 1.35186000e+05 3.84000000e+02 2.16000000e+02
 0.00000000e+00 1.60350000e+01 7.58000000e-01 6.00000000e-03
 0.00000000e+00 0.00000000e+00 3.45939000e+02 8.79550000e+04
 3.20000000e+02 1.80000000e+02 0.00000000e+00 3.29590000e+01
 9.11000000e-01 3.84000000e-01 0.00000000e+00 0.00000000e+00
 3.65769000e+02 9.31340000e+04 3.20000000e+02 1.80000000e+02
 0.00000000e+00 2.17880000e+01 8.12000000e-01 8.70000000e-01
 1.52000000e+02]
deleted_idx_col 490
query_origi 661
query_idx 134
deleted_scaled [0.         0.16379271 0.00230082 0.00232164 0.         0.
 0.         0.11105636 0.55581395 0.00921244 0.08333333 0.22065431
 0.00722701 0.00709845 0.01818182 0.01818182 0.         0.1260773
 0.62682927 0.00307357 0.         0.         0.00272364 0.00264673
 0.         0.         0.         0.06796811 0.45544554 0.
 0.         0.         0.00205146 0.00198538 0.         0.
 0.         0.59171938 0.81498829 0.02473681]
deleted_not_scaled [0.00000000e+00 7.69578511e-01 3.72688000e+02 9.53150000e+04
 3.20000000e+02 1.80000000e+02 0.00000000e+00 1.88040000e+01
 8.09000000e-01 8.89000000e-01 1.00000000e+00 7.24087809e-01
 4.74124000e+02 1.20072000e+05 3.84000000e+02 2.16000000e+02
 0.00000000e+00 1.78770000e+01 8.44000000e-01 2.85000000e-01
 0.00000000e+00 0.00000000e+00 3.72739000e+02 9.45360000e+04
 3.20000000e+02 1.80000000e+02 0.00000000e+00 1.61020000e+01
 7.75000000e-01 0.00000000e+00 0.00000000e+00 0.00000000e+00
 3.61618000e+02 9.18510000e+04 3.20000000e+02 1.80000000e+02
 0.00000000e+00 3.31850000e+01 9.18000000e-01 2.33800000e+00
 2.18000000e+02]
deleted_idx_col 134
query_origi 308
query_idx 110
deleted_scaled [0.00000000e+00 3.21115770e-01 1.86814387e-03 1.85185480e-03
 0.00000000e+00 0.00000000e+00 0.00000000e+00 3.00713383e-01
 4.83720930e-01 0.00000000e+00 0.00000000e+00 3.32603276e-01
 3.16252727e-03 3.25255006e-03 0.00000000e+00 0.00000000e+00
 0.00000000e+00 3.16185399e-01 4.00000000e-01 0.00000000e+00
 0.00000000e+00 2.74974258e-01 1.55953874e-03 1.44296554e-03
 0.00000000e+00 0.00000000e+00 0.00000000e+00 9.46109431e-02
 2.30198020e-01 9.64080254e-02 0.00000000e+00 0.00000000e+00
 2.97070305e-03 2.86230118e-03 0.00000000e+00 0.00000000e+00
 0.00000000e+00 4.89089313e-02 1.38173302e-01 3.38570597e-04]
deleted_not_scaled [0.00000000e+00 1.50875944e+00 3.64176000e+02 9.29560000e+04
 3.20000000e+02 1.80000000e+02 0.00000000e+00 2.76570000e+01
 7.78000000e-01 0.00000000e+00 0.00000000e+00 1.09145375e+00
 3.94182000e+02 1.00763000e+05 3.20000000e+02 1.80000000e+02
 0.00000000e+00 2.42960000e+01 7.51000000e-01 0.00000000e+00
 0.00000000e+00 1.35181712e+00 3.50731000e+02 8.87790000e+04
 3.20000000e+02 1.80000000e+02 0.00000000e+00 1.70710000e+01
 6.84000000e-01 8.73100000e+00 0.00000000e+00 0.00000000e+00
 3.79708000e+02 9.62560000e+04 3.20000000e+02 1.80000000e+02
 0.00000000e+00 1.52500000e+01 6.29000000e-01 3.20000000e-02
 2.10000000e+01]
deleted_idx_col 110
query_origi 636
query_idx 188
deleted_scaled [1.         0.07694354 0.82910474 0.82661688 1.         1.
 1.         0.56871398 0.85116279 0.89611399 1.         0.23242167
 0.82782809 0.82659765 1.         1.         1.         0.15080705
 0.28292683 0.10299161 1.         0.07990841 0.9410102  0.9495236
 1.         1.         1.         0.08982678 0.29207921 0.05558561
 1.         0.         0.74965558 0.75078689 1.         1.
 1.         0.04288611 0.33723653 0.004412  ]
deleted_not_scaled [1.20000000e+01 3.61518484e-01 1.66384040e+04 4.23447400e+06
 3.84000000e+03 2.16000000e+03 1.00000000e+00 4.01670000e+01
 9.36000000e-01 8.64750000e+01 1.20000000e+01 7.62702965e-01
 1.66140730e+04 4.23451200e+06 3.84000000e+03 2.16000000e+03
 1.00000000e+00 1.87120000e+01 7.03000000e-01 9.55000000e+00
 1.20000000e+01 3.92842439e-01 1.81116000e+04 4.62298600e+06
 3.84000000e+03 2.16000000e+03 1.00000000e+00 1.68970000e+01
 7.09000000e-01 5.03400000e+00 1.20000000e+01 0.00000000e+00
 1.50738540e+04 3.85325400e+06 3.84000000e+03 2.16000000e+03
 1.00000000e+00 1.50510000e+01 7.14000000e-01 4.17000000e-01
 2.60000000e+02]
deleted_idx_col 188
query_origi 514
query_idx 439
deleted_scaled [1.         0.03640551 0.83189658 0.82940054 1.         1.
 1.         0.14089848 0.5255814  0.04721244 1.         0.02219106
 0.82507185 0.82384563 1.         1.         1.         0.17683992
 0.25365854 0.00344024 1.         0.03226093 0.86116773 0.86896091
 1.         1.         1.         0.45894968 0.6460396  0.67081479
 1.         0.         0.86093836 0.8622305  1.         1.
 1.         0.31942133 0.38407494 0.31873248]
deleted_not_scaled [1.20000000e+01 1.71050940e-01 1.66933280e+04 4.24845200e+06
 3.84000000e+03 2.16000000e+03 1.00000000e+00 2.01970000e+01
 7.96000000e-01 4.55600000e+00 1.20000000e+01 7.28210451e-02
 1.65598620e+04 4.22069500e+06 3.84000000e+03 2.16000000e+03
 1.00000000e+00 1.95910000e+01 6.91000000e-01 3.19000000e-01
 1.20000000e+01 1.58599869e-01 1.66021310e+04 4.23769400e+06
 3.84000000e+03 2.16000000e+03 1.00000000e+00 3.03220000e+01
 8.52000000e-01 6.07510000e+01 1.20000000e+01 0.00000000e+00
 1.72638080e+04 4.41306100e+06 3.84000000e+03 2.16000000e+03
 1.00000000e+00 2.41880000e+01 7.34000000e-01 3.01250000e+01
 1.90000000e+01]
deleted_idx_col 439
query_origi 844
query_idx 402
deleted_scaled [0.00000000e+00 0.00000000e+00 2.17150376e-04 1.01763394e-04
 0.00000000e+00 0.00000000e+00 0.00000000e+00 2.81132843e-01
 6.93023256e-01 0.00000000e+00 5.00000000e-01 0.00000000e+00
 1.07496896e-01 1.07063869e-01 2.72727273e-01 2.72727273e-01
 0.00000000e+00 3.02295276e-01 6.14634146e-01 3.33380066e-01
 4.16666667e-01 0.00000000e+00 8.69201649e-02 8.74726504e-02
 1.81818182e-01 1.71717172e-01 0.00000000e+00 5.11905417e-01
 8.58910891e-01 7.51487914e-01 5.00000000e-01 0.00000000e+00
 1.00607749e-01 1.00514788e-01 2.72727273e-01 2.72727273e-01
 0.00000000e+00 3.88577828e-01 7.68149883e-01 2.77363381e-01]
deleted_not_scaled [0.000000e+00 0.000000e+00 3.316960e+02 8.416800e+04 3.200000e+02
 1.800000e+02 0.000000e+00 2.674300e+01 8.680000e-01 0.000000e+00
 6.000000e+00 0.000000e+00 2.446277e+03 6.219660e+05 1.280000e+03
 7.200000e+02 0.000000e+00 2.382700e+01 8.390000e-01 3.091300e+01
 5.000000e+00 0.000000e+00 1.964524e+03 5.002170e+05 9.600000e+02
 5.200000e+02 0.000000e+00 3.224800e+01 9.380000e-01 6.805700e+01
 6.000000e+00 0.000000e+00 2.301125e+03 5.867870e+05 1.280000e+03
 7.200000e+02 0.000000e+00 2.647300e+01 8.980000e-01 2.621500e+01
 7.000000e+01]
deleted_idx_col 402
query_origi 3
query_idx 579
deleted_scaled [0.         0.         0.00202364 0.00198907 0.         0.
 0.         0.04552368 0.23023256 0.06009326 0.33333333 0.
 0.04218782 0.04230387 0.09090909 0.09090909 0.         0.6339997
 0.81219512 0.65680607 0.         0.         0.00227737 0.00237072
 0.         0.         0.         0.10266703 0.17326733 0.02467895
 0.5        0.         0.11329918 0.11230481 0.27272727 0.27272727
 0.         0.08559063 0.23653396 0.3277046 ]
deleted_not_scaled [0.000000e+00 0.000000e+00 3.672350e+02 9.364500e+04 3.200000e+02
 1.800000e+02 0.000000e+00 1.574500e+01 6.690000e-01 5.799000e+00
 4.000000e+00 0.000000e+00 1.161749e+03 2.968270e+05 6.400000e+02
 3.600000e+02 0.000000e+00 3.502700e+01 9.200000e-01 6.090300e+01
 0.000000e+00 0.000000e+00 3.643020e+02 9.321600e+04 3.200000e+02
 1.800000e+02 0.000000e+00 1.736400e+01 6.610000e-01 2.235000e+00
 6.000000e+00 0.000000e+00 2.550882e+03 6.460110e+05 1.280000e+03
 7.200000e+02 0.000000e+00 1.646200e+01 6.710000e-01 3.097300e+01
 1.410000e+02]
deleted_idx_col 579
