query_origi 8
query_idx 12
deleted_scaled [1.66666667e-01 0.00000000e+00 1.81388678e-02 1.81228457e-02
 5.45454545e-02 5.45454545e-02 0.00000000e+00 5.45834315e-01
 8.81395349e-01 5.06466321e-01 8.33333333e-02 4.45394773e-01
 8.67475709e-03 8.77252386e-03 1.81818182e-02 1.81818182e-02
 0.00000000e+00 3.05641937e-01 7.53658537e-01 0.00000000e+00
 8.33333333e-02 0.00000000e+00 1.12787805e-02 1.11681894e-02
 1.81818182e-02 1.81818182e-02 0.00000000e+00 2.25570525e-01
 7.10396040e-01 0.00000000e+00 0.00000000e+00 0.00000000e+00
 1.92873890e-03 1.82750903e-03 0.00000000e+00 0.00000000e+00
 0.00000000e+00 2.79561757e-01 7.21311475e-01 2.11606623e-05]
deleted_not_scaled [2.00000000e+00 0.00000000e+00 6.84270000e+02 1.74660000e+05
 5.12000000e+02 2.88000000e+02 0.00000000e+00 3.90990000e+01
 9.49000000e-01 4.88740000e+01 1.00000000e+00 1.46158451e+00
 5.02599000e+02 1.28477000e+05 3.84000000e+02 2.16000000e+02
 0.00000000e+00 2.39400000e+01 8.96000000e-01 0.00000000e+00
 1.00000000e+00 0.00000000e+00 5.34479000e+02 1.35290000e+05
 3.84000000e+02 2.16000000e+02 0.00000000e+00 2.18340000e+01
 8.78000000e-01 0.00000000e+00 0.00000000e+00 0.00000000e+00
 3.59203000e+02 9.10580000e+04 3.20000000e+02 1.80000000e+02
 0.00000000e+00 2.28710000e+01 8.78000000e-01 2.00000000e-03
 2.77000000e+02]
deleted_idx_col 12
query_origi 634
query_idx 96
deleted_scaled [1.         0.06823407 0.83214581 0.82673936 1.         1.
 1.         0.31262452 0.58372093 0.07807254 1.         0.16071157
 0.83067575 0.82653571 1.         1.         1.         0.36306827
 0.48292683 0.00786187 1.         0.13351528 0.86354877 0.86831774
 1.         1.         1.         0.15515535 0.34405941 0.07892848
 1.         0.         0.8283464  0.82669601 1.         1.
 1.         0.25550074 0.54098361 0.13796752]
deleted_not_scaled [1.20000000e+01 3.20597144e-01 1.66982310e+04 4.23508900e+06
 3.84000000e+03 2.16000000e+03 1.00000000e+00 2.82130000e+01
 8.21000000e-01 7.53400000e+00 1.20000000e+01 5.27382807e-01
 1.66700820e+04 4.23420100e+06 3.84000000e+03 2.16000000e+03
 1.00000000e+00 2.58790000e+01 7.85000000e-01 7.29000000e-01
 1.20000000e+01 6.56382343e-01 1.66471460e+04 4.23461800e+06
 3.84000000e+03 2.16000000e+03 1.00000000e+00 1.92730000e+01
 7.30000000e-01 7.14800000e+00 1.20000000e+01 0.00000000e+00
 1.66224250e+04 4.23456300e+06 3.84000000e+03 2.16000000e+03
 1.00000000e+00 2.20760000e+01 8.01000000e-01 1.30400000e+01
 7.70000000e+01]
deleted_idx_col 96
query_origi 424
query_idx 447
deleted_scaled [0.41666667 0.         0.07626492 0.07624986 0.18181818 0.17171717
 0.         0.05998415 0.26976744 0.00592746 0.41666667 0.
 0.07720106 0.07739535 0.18181818 0.17171717 0.         0.18311861
 0.26829268 0.01847378 0.5        0.         0.11298563 0.11293814
 0.27272727 0.27272727 0.         0.10478416 0.43811881 0.22693595
 0.58333333 0.         0.14092483 0.13986735 0.27272727 0.27272727
 0.         0.20120456 0.70257611 0.13476168]
deleted_not_scaled [5.000000e+00 0.000000e+00 1.827784e+03 4.665420e+05 9.600000e+02
 5.200000e+02 0.000000e+00 1.642000e+01 6.860000e-01 5.720000e-01
 5.000000e+00 0.000000e+00 1.850405e+03 4.730100e+05 9.600000e+02
 5.200000e+02 0.000000e+00 1.980300e+01 6.970000e-01 1.713000e+00
 6.000000e+00 0.000000e+00 2.457307e+03 6.220060e+05 1.280000e+03
 7.200000e+02 0.000000e+00 1.744100e+01 7.680000e-01 2.055200e+01
 7.000000e+00 0.000000e+00 3.094532e+03 7.844640e+05 1.280000e+03
 7.200000e+02 0.000000e+00 2.028200e+01 8.700000e-01 1.273700e+01
 1.490000e+02]
deleted_idx_col 447
query_origi 830
query_idx 565
deleted_scaled [0.25       0.         0.03174126 0.03160699 0.05454545 0.05454545
 0.         0.12817327 0.60930233 0.16746114 0.16666667 0.
 0.01596186 0.01598948 0.05454545 0.05454545 0.         0.18122316
 0.60487805 0.19491836 0.25       0.         0.02733086 0.02764635
 0.05454545 0.05454545 0.         0.17970855 0.63118812 0.1939313
 0.25       0.         0.02889511 0.02902912 0.05454545 0.05454545
 0.         0.30292667 0.67213115 0.24516743]
deleted_not_scaled [3.00000e+00 0.00000e+00 9.51870e+02 2.42370e+05 5.12000e+02 2.88000e+02
 0.00000e+00 1.96030e+01 8.32000e-01 1.61600e+01 2.00000e+00 0.00000e+00
 6.45925e+02 1.64711e+05 5.12000e+02 2.88000e+02 0.00000e+00 1.97390e+01
 8.35000e-01 1.80740e+01 3.00000e+00 0.00000e+00 8.37953e+02 2.14097e+05
 5.12000e+02 2.88000e+02 0.00000e+00 2.01660e+01 8.46000e-01 1.75630e+01
 3.00000e+00 0.00000e+00 8.89879e+02 2.27698e+05 5.12000e+02 2.88000e+02
 0.00000e+00 2.36430e+01 8.57000e-01 2.31720e+01 2.68000e+02]
deleted_idx_col 565
query_origi 194
query_idx 519
deleted_scaled [0.5        0.         0.0916337  0.09183101 0.27272727 0.27272727
 0.         0.18554382 0.67674419 0.27235233 0.5        0.
 0.10792759 0.10700392 0.27272727 0.27272727 0.         0.16700726
 0.58292683 0.20474301 0.5        0.         0.11314966 0.11335946
 0.27272727 0.27272727 0.         0.11811933 0.53712871 0.25097446
 0.5        0.         0.10757425 0.10698891 0.27272727 0.27272727
 0.         0.45143912 0.78220141 0.49192192]
deleted_not_scaled [6.000000e+00 0.000000e+00 2.130134e+03 5.447820e+05 1.280000e+03
 7.200000e+02 0.000000e+00 2.228100e+01 8.610000e-01 2.628200e+01
 6.000000e+00 0.000000e+00 2.454748e+03 6.216650e+05 1.280000e+03
 7.200000e+02 0.000000e+00 1.925900e+01 8.260000e-01 1.898500e+01
 6.000000e+00 0.000000e+00 2.460408e+03 6.240210e+05 1.280000e+03
 7.200000e+02 0.000000e+00 1.792600e+01 8.080000e-01 2.272900e+01
 6.000000e+00 0.000000e+00 2.438220e+03 6.193080e+05 1.280000e+03
 7.200000e+02 0.000000e+00 2.855000e+01 9.040000e-01 4.649400e+01
 6.000000e+01]
deleted_idx_col 519
query_origi 90
query_idx 753
deleted_scaled [0.16666667 0.         0.01814822 0.01809815 0.05454545 0.05454545
 0.         0.0458236  0.21395349 0.38260104 0.16666667 0.
 0.01781152 0.01790516 0.05454545 0.05454545 0.         0.58735377
 0.78292683 0.51133447 0.25       0.1072546  0.02864079 0.02903704
 0.05454545 0.05454545 0.         0.09747044 0.13861386 0.3198326
 0.16666667 0.         0.02132192 0.0210504  0.05454545 0.05454545
 0.         0.08849611 0.26932084 0.28936148]
deleted_not_scaled [2.00000000e+00 0.00000000e+00 6.84454000e+02 1.74536000e+05
 5.12000000e+02 2.88000000e+02 0.00000000e+00 1.57590000e+01
 6.62000000e-01 3.69210000e+01 2.00000000e+00 0.00000000e+00
 6.82305000e+02 1.74329000e+05 5.12000000e+02 2.88000000e+02
 0.00000000e+00 3.34520000e+01 9.08000000e-01 4.74140000e+01
 3.00000000e+00 5.27280643e-01 8.62718000e+02 2.20748000e+05
 5.12000000e+02 2.88000000e+02 0.00000000e+00 1.71750000e+01
 6.47000000e-01 2.89650000e+01 2.00000000e+00 0.00000000e+00
 7.40845000e+02 1.87619000e+05 5.12000000e+02 2.88000000e+02
 0.00000000e+00 1.65580000e+01 6.85000000e-01 2.73490000e+01
 1.41000000e+02]
deleted_idx_col 753
query_origi 507
query_idx 520
deleted_scaled [0.16666667 0.         0.01820551 0.01812125 0.05454545 0.05454545
 0.         0.14927483 0.26976744 0.27471503 0.25       0.
 0.02923576 0.02927215 0.05454545 0.05454545 0.         0.04309196
 0.23170732 0.40155943 0.25       0.         0.02695838 0.02727019
 0.05454545 0.05454545 0.         0.13112455 0.43069307 0.19242958
 0.25       0.         0.03242193 0.03201545 0.05454545 0.05454545
 0.         0.68790291 0.82669789 0.58768449]
deleted_not_scaled [2.00000e+00 0.00000e+00 6.85581e+02 1.74652e+05 5.12000e+02 2.88000e+02
 0.00000e+00 2.05880e+01 6.86000e-01 2.65100e+01 3.00000e+00 0.00000e+00
 9.07002e+02 2.31399e+05 5.12000e+02 2.88000e+02 0.00000e+00 1.50750e+01
 6.82000e-01 3.72350e+01 3.00000e+00 0.00000e+00 8.30911e+02 2.12298e+05
 5.12000e+02 2.88000e+02 0.00000e+00 1.83990e+01 7.65000e-01 1.74270e+01
 3.00000e+00 0.00000e+00 9.59284e+02 2.42699e+05 5.12000e+02 2.88000e+02
 0.00000e+00 3.63630e+01 9.23000e-01 5.55450e+01 2.38000e+02]
deleted_idx_col 520
query_origi 939
query_idx 965
deleted_scaled [0.58333333 0.         0.1406007  0.13966259 0.27272727 0.27272727
 0.         0.19259196 0.4627907  0.22415544 0.58333333 0.
 0.13998004 0.139341   0.27272727 0.27272727 0.         0.6931734
 0.86585366 0.76803701 0.58333333 0.         0.14599449 0.14685337
 0.27272727 0.27272727 0.         0.17629915 0.4950495  0.31979948
 0.58333333 0.         0.1399728  0.13976383 0.27272727 0.27272727
 0.         0.20417058 0.46604215 0.33129133]
deleted_not_scaled [7.000000e+00 0.000000e+00 3.093462e+03 7.849660e+05 1.280000e+03
 7.200000e+02 0.000000e+00 2.261000e+01 7.690000e-01 2.163100e+01
 7.000000e+00 0.000000e+00 3.085170e+03 7.840190e+05 1.280000e+03
 7.200000e+02 0.000000e+00 3.702500e+01 9.420000e-01 7.121700e+01
 7.000000e+00 0.000000e+00 3.081359e+03 7.842060e+05 1.280000e+03
 7.200000e+02 0.000000e+00 2.004200e+01 7.910000e-01 2.896200e+01
 7.000000e+00 0.000000e+00 3.075797e+03 7.839440e+05 1.280000e+03
 7.200000e+02 0.000000e+00 2.038000e+01 7.690000e-01 3.131200e+01
 8.500000e+01]
deleted_idx_col 965
query_origi 707
query_idx 787
deleted_scaled [0.41666667 0.         0.07723066 0.07739953 0.18181818 0.17171717
 0.         0.55843099 0.88139535 0.85380311 0.5        0.
 0.1079645  0.10704057 0.27272727 0.27272727 0.         0.45262846
 0.56829268 0.42710782 0.5        0.         0.11274983 0.11295863
 0.27272727 0.27272727 0.         0.22680781 0.11138614 0.36018021
 0.5        0.         0.10809861 0.10751068 0.27272727 0.27272727
 0.         0.24953845 0.15456674 0.32557795]
deleted_not_scaled [5.000000e+00 0.000000e+00 1.846783e+03 4.723150e+05 9.600000e+02
 5.200000e+02 0.000000e+00 3.968700e+01 9.490000e-01 8.239200e+01
 6.000000e+00 0.000000e+00 2.455474e+03 6.218490e+05 1.280000e+03
 7.200000e+02 0.000000e+00 2.890300e+01 8.200000e-01 3.960400e+01
 6.000000e+00 0.000000e+00 2.452849e+03 6.221040e+05 1.280000e+03
 7.200000e+02 0.000000e+00 2.187900e+01 6.360000e-01 3.261900e+01
 6.000000e+00 0.000000e+00 2.448539e+03 6.219290e+05 1.280000e+03
 7.200000e+02 0.000000e+00 2.187900e+01 6.360000e-01 3.077200e+01
 9.000000e+01]
deleted_idx_col 787
query_origi 731
query_idx 630
deleted_scaled [1.         0.         0.8275702  0.82674055 1.         1.
 1.         0.27228518 0.58372093 0.22115026 1.         0.
 0.90362401 0.90408065 1.         1.         1.         0.12287872
 0.36097561 0.11227703 1.         0.         0.85407914 0.86353009
 1.         1.         1.         0.22760517 0.58415842 0.0165741
 1.         0.         0.75991337 0.75383712 1.         1.
 1.         0.2296238  0.36065574 0.06032905]
deleted_not_scaled [1.2000000e+01 0.0000000e+00 1.6608215e+04 4.2350950e+06 3.8400000e+03
 2.1600000e+03 1.0000000e+00 2.6330000e+01 8.2100000e-01 2.1341000e+01
 1.2000000e+01 0.0000000e+00 1.8104861e+04 4.6235290e+06 3.8400000e+03
 2.1600000e+03 1.0000000e+00 1.7769000e+01 7.3500000e-01 1.0411000e+01
 1.2000000e+01 0.0000000e+00 1.6468117e+04 4.2117210e+06 3.8400000e+03
 2.1600000e+03 1.0000000e+00 2.1908000e+01 8.2700000e-01 1.5010000e+00
 1.2000000e+01 0.0000000e+00 1.5275719e+04 3.8685760e+06 3.8400000e+03
 2.1600000e+03 1.0000000e+00 2.1221000e+01 7.2400000e-01 5.7020000e+00
 2.8400000e+02]
deleted_idx_col 630
query_origi 731
query_idx 775
deleted_scaled [0.25       0.         0.02576206 0.02551772 0.05454545 0.05454545
 0.         0.24842006 0.73953488 0.12557513 0.33333333 0.
 0.04256803 0.0423933  0.09090909 0.09090909 0.         0.3805716
 0.76585366 0.25173091 0.33333333 0.         0.04485181 0.04512879
 0.09090909 0.09090909 0.         0.21710201 0.67574257 0.23368263
 0.33333333 0.         0.04284411 0.0428091  0.09090909 0.09090909
 0.         0.16385703 0.70725995 0.1507803 ]
deleted_not_scaled [3.000000e+00 0.000000e+00 8.342410e+02 2.117930e+05 5.120000e+02
 2.880000e+02 0.000000e+00 2.521600e+01 8.880000e-01 1.211800e+01
 4.000000e+00 0.000000e+00 1.169227e+03 2.972760e+05 6.400000e+02
 3.600000e+02 0.000000e+00 2.647000e+01 9.010000e-01 2.334200e+01
 4.000000e+00 0.000000e+00 1.169197e+03 2.977070e+05 6.400000e+02
 3.600000e+02 0.000000e+00 2.152600e+01 8.640000e-01 2.116300e+01
 4.000000e+00 0.000000e+00 1.164384e+03 2.969180e+05 6.400000e+02
 3.600000e+02 0.000000e+00 1.904800e+01 8.720000e-01 1.425100e+01
 1.680000e+02]
deleted_idx_col 775
query_origi 469
query_idx 478
deleted_scaled [0.         0.         0.00201637 0.00186301 0.         0.
 0.         0.39028257 0.98139535 0.15226943 0.         0.
 0.00177686 0.00172785 0.         0.         0.         0.68662817
 0.98292683 0.39396717 0.25       0.         0.02912509 0.02920787
 0.05454545 0.05454545 0.         0.5965906  0.98762376 0.40075969
 0.58333333 0.         0.14053655 0.14009628 0.27272727 0.27272727
 0.         1.         0.60421546 0.55613395]
deleted_not_scaled [0.000000e+00 0.000000e+00 3.670920e+02 9.301200e+04 3.200000e+02
 1.800000e+02 0.000000e+00 3.183800e+01 9.920000e-01 1.469400e+01
 0.000000e+00 0.000000e+00 3.669280e+02 9.310800e+04 3.200000e+02
 1.800000e+02 0.000000e+00 3.680400e+01 9.900000e-01 3.653100e+01
 3.000000e+00 0.000000e+00 8.718740e+02 2.215650e+05 5.120000e+02
 2.880000e+02 0.000000e+00 3.532800e+01 9.900000e-01 3.629400e+01
 7.000000e+00 0.000000e+00 3.086891e+03 7.856140e+05 1.280000e+03
 7.200000e+02 0.000000e+00 4.667500e+01 8.280000e-01 5.256300e+01
 1.000000e+00]
deleted_idx_col 478
query_origi 512
query_idx 760
deleted_scaled [0.33333333 0.         0.0445079  0.04401317 0.09090909 0.09090909
 0.         0.32209345 0.5744186  0.47564767 0.41666667 0.
 0.07597799 0.07544303 0.18181818 0.17171717 0.         0.25031838
 0.13902439 0.33250652 0.5        0.         0.11252185 0.11292204
 0.27272727 0.27272727 0.         0.22680781 0.11138614 0.33978556
 0.08333333 0.         0.00951193 0.00944711 0.01818182 0.01818182
 0.         0.36696831 0.470726   0.        ]
deleted_not_scaled [4.000000e+00 0.000000e+00 1.203028e+03 3.046670e+05 6.400000e+02
 3.600000e+02 0.000000e+00 2.865500e+01 8.170000e-01 4.590000e+01
 5.000000e+00 0.000000e+00 1.826349e+03 4.632080e+05 9.600000e+02
 5.200000e+02 0.000000e+00 2.207200e+01 6.440000e-01 3.083200e+01
 6.000000e+00 0.000000e+00 2.448539e+03 6.219290e+05 1.280000e+03
 7.200000e+02 0.000000e+00 2.187900e+01 6.360000e-01 3.077200e+01
 1.000000e+00 0.000000e+00 5.084340e+02 1.293330e+05 3.840000e+02
 2.160000e+02 0.000000e+00 2.575900e+01 7.710000e-01 0.000000e+00
 9.100000e+01]
deleted_idx_col 760
query_origi 489
query_idx 875
deleted_scaled [0.91666667 0.         0.5946721  0.59346798 1.         1.
 0.         0.22569035 0.67906977 0.05239378 0.91666667 0.
 0.55976951 0.5595139  1.         1.         0.         0.4566563
 0.74390244 0.12308306 0.91666667 0.         0.55396208 0.55954841
 1.         1.         0.         0.33736596 0.6509901  0.18025021
 1.         0.         0.83336674 0.82588099 1.         1.
 1.         0.78239157 0.93208431 0.73912077]
deleted_not_scaled [1.1000000e+01 0.0000000e+00 1.2026410e+04 3.0637280e+06 3.8400000e+03
 2.1600000e+03 0.0000000e+00 2.4155000e+01 8.6200000e-01 5.0560000e+00
 1.1000000e+01 0.0000000e+00 1.1341777e+04 2.8935710e+06 3.8400000e+03
 2.1600000e+03 0.0000000e+00 2.9039000e+01 8.9200000e-01 1.1413000e+01
 1.1000000e+01 0.0000000e+00 1.0794227e+04 2.7579250e+06 3.8400000e+03
 2.1600000e+03 0.0000000e+00 2.5900000e+01 8.5400000e-01 1.6324000e+01
 1.2000000e+01 0.0000000e+00 1.6721221e+04 4.2304690e+06 3.8400000e+03
 2.1600000e+03 1.0000000e+00 3.9485000e+01 9.6800000e-01 6.9858000e+01
 6.5000000e+01]
deleted_idx_col 875
query_origi 914
query_idx 187
deleted_scaled [0.33333333 0.         0.04253001 0.04257235 0.09090909 0.09090909
 0.         0.06827481 0.55348837 0.23474611 0.33333333 0.
 0.04274877 0.04228136 0.09090909 0.09090909 0.         0.10273952
 0.57073171 0.17382395 0.25       0.94608443 0.02900232 0.02894818
 0.05454545 0.05454545 0.         0.27415452 0.75990099 0.22964124
 0.08333333 0.         0.0095161  0.00938798 0.01818182 0.01818182
 0.         0.12348295 0.64168618 0.        ]
deleted_not_scaled [4.00000000e+00 0.00000000e+00 1.16411700e+03 2.97432000e+05
 6.40000000e+02 3.60000000e+02 0.00000000e+00 1.68070000e+01
 8.08000000e-01 2.26530000e+01 4.00000000e+00 0.00000000e+00
 1.17278200e+03 2.96714000e+05 6.40000000e+02 3.60000000e+02
 0.00000000e+00 1.70890000e+01 8.21000000e-01 1.61180000e+01
 3.00000000e+00 4.65110132e+00 8.69553000e+02 2.20323000e+05
 5.12000000e+02 2.88000000e+02 0.00000000e+00 2.36010000e+01
 8.98000000e-01 2.07970000e+01 1.00000000e+00 0.00000000e+00
 5.08516000e+02 1.29036000e+05 3.84000000e+02 2.16000000e+02
 0.00000000e+00 1.77140000e+01 8.44000000e-01 0.00000000e+00
 2.25000000e+02]
deleted_idx_col 187
query_origi 167
query_idx 35
deleted_scaled [0.5        0.         0.10749721 0.1072395  0.27272727 0.27272727
 0.         0.13894899 0.21162791 0.07843523 0.5        0.8228571
 0.10854324 0.10853598 0.27272727 0.27272727 0.         0.04113727
 0.2        0.11051916 0.5        0.         0.11019492 0.11133981
 0.27272727 0.27272727 0.         0.1308496  0.40841584 0.01450924
 0.41666667 0.         0.08592848 0.08504905 0.18181818 0.17171717
 0.         0.7475258  0.84777518 0.7975771 ]
deleted_not_scaled [6.0000000e+00 0.0000000e+00 2.4422170e+03 6.2215500e+05 1.2800000e+03
 7.2000000e+02 0.0000000e+00 2.0106000e+01 6.6100000e-01 7.5690000e+00
 6.0000000e+00 2.7002454e+00 2.4668570e+03 6.2935700e+05 1.2800000e+03
 7.2000000e+02 0.0000000e+00 1.5009000e+01 6.6900000e-01 1.0248000e+01
 6.0000000e+00 0.0000000e+00 2.4045470e+03 6.1436200e+05 1.2800000e+03
 7.2000000e+02 0.0000000e+00 1.8389000e+01 7.5600000e-01 1.3140000e+00
 5.0000000e+00 0.0000000e+00 2.0122490e+03 5.0909900e+05 9.6000000e+02
 5.2000000e+02 0.0000000e+00 3.8333000e+01 9.3200000e-01 7.5383000e+01
 2.3800000e+02]
deleted_idx_col 35
query_origi 319
query_idx 110
deleted_scaled [0.00000000e+00 3.21115770e-01 1.86814387e-03 1.85185480e-03
 0.00000000e+00 0.00000000e+00 0.00000000e+00 3.00713383e-01
 4.83720930e-01 0.00000000e+00 0.00000000e+00 3.32603276e-01
 3.16252727e-03 3.25255006e-03 0.00000000e+00 0.00000000e+00
 0.00000000e+00 3.16185399e-01 4.00000000e-01 0.00000000e+00
 0.00000000e+00 2.74974258e-01 1.55953874e-03 1.44296554e-03
 0.00000000e+00 0.00000000e+00 0.00000000e+00 9.46109431e-02
 2.30198020e-01 9.64080254e-02 0.00000000e+00 0.00000000e+00
 2.97070305e-03 2.86230118e-03 0.00000000e+00 0.00000000e+00
 0.00000000e+00 4.89089313e-02 1.38173302e-01 3.38570597e-04]
deleted_not_scaled [0.00000000e+00 1.50875944e+00 3.64176000e+02 9.29560000e+04
 3.20000000e+02 1.80000000e+02 0.00000000e+00 2.76570000e+01
 7.78000000e-01 0.00000000e+00 0.00000000e+00 1.09145375e+00
 3.94182000e+02 1.00763000e+05 3.20000000e+02 1.80000000e+02
 0.00000000e+00 2.42960000e+01 7.51000000e-01 0.00000000e+00
 0.00000000e+00 1.35181712e+00 3.50731000e+02 8.87790000e+04
 3.20000000e+02 1.80000000e+02 0.00000000e+00 1.70710000e+01
 6.84000000e-01 8.73100000e+00 0.00000000e+00 0.00000000e+00
 3.79708000e+02 9.62560000e+04 3.20000000e+02 1.80000000e+02
 0.00000000e+00 1.52500000e+01 6.29000000e-01 3.20000000e-02
 2.10000000e+01]
deleted_idx_col 110
query_origi 163
query_idx 626
deleted_scaled [0.25       0.         0.02839866 0.02809606 0.05454545 0.05454545
 0.         0.05332162 0.45813953 0.15275648 0.5        0.
 0.10761292 0.1070575  0.27272727 0.27272727 0.         0.7523471
 0.86097561 0.88494058 0.         0.         0.00235026 0.00232974
 0.         0.         0.         0.16183668 0.71287129 0.00821528
 0.41666667 0.         0.07775146 0.0775893  0.18181818 0.17171717
 0.         0.22438788 0.70491803 0.00777654]
deleted_not_scaled [3.000000e+00 0.000000e+00 8.861110e+02 2.247400e+05 5.120000e+02
 2.880000e+02 0.000000e+00 1.610900e+01 7.670000e-01 1.474100e+01
 6.000000e+00 0.000000e+00 2.448559e+03 6.219340e+05 1.280000e+03
 7.200000e+02 0.000000e+00 3.902300e+01 9.400000e-01 8.205700e+01
 0.000000e+00 0.000000e+00 3.656800e+02 9.302000e+04 3.200000e+02
 1.800000e+02 0.000000e+00 1.951600e+01 8.790000e-01 7.440000e-01
 5.000000e+00 0.000000e+00 1.851332e+03 4.716270e+05 9.600000e+02
 5.200000e+02 0.000000e+00 2.104800e+01 8.710000e-01 7.350000e-01
 2.200000e+02]
deleted_idx_col 626
query_origi 802
query_idx 589
deleted_scaled [0.00000000e+00 4.83354249e-01 3.45331112e-03 3.38786471e-03
 0.00000000e+00 0.00000000e+00 0.00000000e+00 3.77278862e-01
 8.27906977e-01 8.27150259e-02 0.00000000e+00 8.07903036e-01
 0.00000000e+00 4.42171532e-05 0.00000000e+00 0.00000000e+00
 0.00000000e+00 3.85695247e-01 7.63414634e-01 0.00000000e+00
 0.00000000e+00 0.00000000e+00 2.20432158e-03 2.25885476e-03
 0.00000000e+00 0.00000000e+00 0.00000000e+00 3.31372010e-01
 7.54950495e-01 0.00000000e+00 0.00000000e+00 0.00000000e+00
 2.28292032e-03 2.34331250e-03 0.00000000e+00 0.00000000e+00
 0.00000000e+00 3.42392785e-01 7.42388759e-01 0.00000000e+00]
deleted_not_scaled [0.00000000e+00 2.27103541e+00 3.95361000e+02 1.00669000e+05
 3.20000000e+02 1.80000000e+02 0.00000000e+00 3.12310000e+01
 9.26000000e-01 7.98200000e+00 0.00000000e+00 2.65117292e+00
 3.31980000e+02 8.46550000e+04 3.20000000e+02 1.80000000e+02
 0.00000000e+00 2.66430000e+01 9.00000000e-01 0.00000000e+00
 0.00000000e+00 0.00000000e+00 3.62921000e+02 9.26810000e+04
 3.20000000e+02 1.80000000e+02 0.00000000e+00 2.56820000e+01
 8.96000000e-01 0.00000000e+00 0.00000000e+00 0.00000000e+00
 3.66173000e+02 9.36490000e+04 3.20000000e+02 1.80000000e+02
 0.00000000e+00 2.49470000e+01 8.87000000e-01 0.00000000e+00
 7.20000000e+01]
deleted_idx_col 589
query_origi 892
query_idx 892
deleted_scaled [0.5        0.30478528 0.11797091 0.11815427 0.27272727 0.27272727
 0.         0.2326528  0.41627907 0.23030052 0.5        0.4351572
 0.09872188 0.09781432 0.27272727 0.27272727 0.         0.09272916
 0.13902439 0.12614585 0.41666667 0.         0.09060193 0.09070003
 0.18181818 0.17171717 0.         0.03857575 0.         0.27184391
 0.33333333 0.         0.03658674 0.03632483 0.09090909 0.09090909
 0.         0.09215823 0.37470726 0.23914723]
deleted_not_scaled [6.00000000e+00 1.43203080e+00 2.64826600e+03 6.76963000e+05
 1.28000000e+03 7.20000000e+02 0.00000000e+00 2.44800000e+01
 7.49000000e-01 2.22240000e+01 6.00000000e+00 1.42798942e+00
 2.27368600e+03 5.75527000e+05 1.28000000e+03 7.20000000e+02
 0.00000000e+00 1.67510000e+01 6.44000000e-01 1.16970000e+01
 5.00000000e+00 0.00000000e+00 2.03413000e+03 5.15652000e+05
 9.60000000e+02 5.20000000e+02 0.00000000e+00 1.50330000e+01
 5.91000000e-01 2.46190000e+01 4.00000000e+00 0.00000000e+00
 1.04124400e+03 2.64346000e+05 6.40000000e+02 3.60000000e+02
 0.00000000e+00 1.66790000e+01 7.30000000e-01 2.26030000e+01
 2.20000000e+01]
deleted_idx_col 892
query_origi 524
query_idx 18
deleted_scaled [0.16666667 0.         0.01576577 0.01555924 0.05454545 0.05454545
 0.         0.04070353 0.40930233 0.19353368 0.         0.
 0.00168346 0.00166233 0.         0.         0.         0.16164668
 0.47804878 0.         0.08333333 0.87573434 0.01265964 0.0127111
 0.01818182 0.01818182 0.         0.05389057 0.35643564 0.03267339
 0.         0.         0.00097433 0.00097288 0.         0.
 0.         0.14037105 0.54332553 0.        ]
deleted_not_scaled [2.00000000e+00 0.00000000e+00 6.37584000e+02 1.61787000e+05
 5.12000000e+02 2.88000000e+02 0.00000000e+00 1.55200000e+01
 7.46000000e-01 1.86760000e+01 0.00000000e+00 0.00000000e+00
 3.65091000e+02 9.27790000e+04 3.20000000e+02 1.80000000e+02
 0.00000000e+00 1.90780000e+01 7.83000000e-01 0.00000000e+00
 1.00000000e+00 4.30524906e+00 5.60585000e+02 1.42669000e+05
 3.84000000e+02 2.16000000e+02 0.00000000e+00 1.55900000e+01
 7.35000000e-01 2.95900000e+00 0.00000000e+00 0.00000000e+00
 3.40421000e+02 8.67650000e+04 3.20000000e+02 1.80000000e+02
 0.00000000e+00 1.82720000e+01 8.02000000e-01 0.00000000e+00
 1.45000000e+02]
deleted_idx_col 18
query_origi 732
query_idx 738
deleted_scaled [0.41666667 0.         0.07823142 0.07793762 0.18181818 0.17171717
 0.         0.51224319 0.60697674 0.53377202 0.41666667 0.21135092
 0.07912206 0.07903697 0.18181818 0.17171717 0.         0.15397601
 0.4195122  0.3409939  0.41666667 0.63500961 0.0780165  0.07874544
 0.18181818 0.17171717 0.         0.03607369 0.44059406 0.29104601
 0.33333333 0.         0.04272546 0.04283518 0.09090909 0.09090909
 0.         0.08713417 0.60187354 0.4217849 ]
deleted_not_scaled [5.0000000e+00 0.0000000e+00 1.8664710e+03 4.7501700e+05 9.6000000e+02
 5.2000000e+02 0.0000000e+00 3.7531000e+01 8.3100000e-01 5.1509000e+01
 5.0000000e+00 6.9355827e-01 1.8881880e+03 4.8125200e+05 9.6000000e+02
 5.2000000e+02 0.0000000e+00 1.8819000e+01 7.5900000e-01 3.1619000e+01
 5.0000000e+00 3.1218081e+00 1.7961950e+03 4.5847900e+05 9.6000000e+02
 5.2000000e+02 0.0000000e+00 1.4942000e+01 7.6900000e-01 2.6358000e+01
 4.0000000e+00 0.0000000e+00 1.1620490e+03 2.9704900e+05 6.4000000e+02
 3.6000000e+02 0.0000000e+00 1.6513000e+01 8.2700000e-01 3.9865000e+01
 4.0000000e+00]
deleted_idx_col 738
query_origi 757
query_idx 820
deleted_scaled [0.25       0.         0.02482798 0.02446683 0.05454545 0.05454545
 0.         0.0696673  0.20930233 0.41202073 0.5        0.
 0.11879357 0.11791699 0.27272727 0.27272727 0.         0.04140382
 0.         0.27071156 0.25       0.         0.02461161 0.02463266
 0.05454545 0.05454545 0.         0.08446522 0.35643564 0.23097733
 0.5        0.         0.11834274 0.11783631 0.27272727 0.27272727
 0.         0.1294755  0.47775176 0.22252553]
deleted_not_scaled [3.000000e+00 0.000000e+00 8.158650e+02 2.065160e+05 5.120000e+02
 2.880000e+02 0.000000e+00 1.687200e+01 6.600000e-01 3.976000e+01
 6.000000e+00 0.000000e+00 2.668465e+03 6.764560e+05 1.280000e+03
 7.200000e+02 0.000000e+00 1.501800e+01 5.870000e-01 2.510200e+01
 3.000000e+00 0.000000e+00 7.865440e+02 1.996840e+05 5.120000e+02
 2.880000e+02 0.000000e+00 1.670200e+01 7.350000e-01 2.091800e+01
 6.000000e+00 0.000000e+00 2.650135e+03 6.737970e+05 1.280000e+03
 7.200000e+02 0.000000e+00 1.791200e+01 7.740000e-01 2.103200e+01
 2.300000e+01]
deleted_idx_col 820
query_origi 452
query_idx 143
deleted_scaled [1.00000000e+00 2.08096526e-01 8.20943503e-01 8.20530396e-01
 1.00000000e+00 1.00000000e+00 1.00000000e+00 1.51202896e-01
 6.23255814e-01 5.07772021e-04 1.00000000e+00 4.49408683e-01
 8.31558079e-01 8.32399263e-01 1.00000000e+00 1.00000000e+00
 1.00000000e+00 1.89930401e-01 6.46341463e-01 2.04904773e-04
 1.00000000e+00 4.60546018e-01 8.62479351e-01 8.62462028e-01
 1.00000000e+00 1.00000000e+00 1.00000000e+00 1.70030245e-01
 5.81683168e-01 2.67658978e-02 1.00000000e+00 0.00000000e+00
 8.90061578e-01 8.83406318e-01 1.00000000e+00 1.00000000e+00
 1.00000000e+00 9.39287552e-01 9.50819672e-01 9.72268952e-01]
deleted_not_scaled [1.20000000e+01 9.77739579e-01 1.64778480e+04 4.20391100e+06
 3.84000000e+03 2.16000000e+03 1.00000000e+00 2.06780000e+01
 8.38000000e-01 4.90000000e-02 1.20000000e+01 1.47475634e+00
 1.66874360e+04 4.26364000e+06 3.84000000e+03 2.16000000e+03
 1.00000000e+00 2.00330000e+01 8.52000000e-01 1.90000000e-02
 1.20000000e+01 2.26411736e+00 1.66269280e+04 4.20661300e+06
 3.84000000e+03 2.16000000e+03 1.00000000e+00 1.98140000e+01
 8.26000000e-01 2.42400000e+00 1.20000000e+01 0.00000000e+00
 1.78369290e+04 4.51943200e+06 3.84000000e+03 2.16000000e+03
 1.00000000e+00 4.46690000e+01 9.76000000e-01 9.18940000e+01
 1.94000000e+02]
deleted_idx_col 143
query_origi 743
query_idx 555
deleted_scaled [0.5        0.         0.09524128 0.09506215 0.27272727 0.27272727
 0.         0.20692388 0.37674419 0.36376166 0.5        0.
 0.11806458 0.11811816 0.27272727 0.27272727 0.         0.28778321
 0.68780488 0.60741324 0.5        0.         0.1025466  0.10367397
 0.27272727 0.27272727 0.         0.13524883 0.6460396  0.35292559
 0.         0.         0.00331066 0.00317107 0.         0.
 0.         0.00187646 0.45667447 0.14029519]
deleted_not_scaled [6.000000e+00 0.000000e+00 2.201106e+03 5.610070e+05 1.280000e+03
 7.200000e+02 0.000000e+00 2.327900e+01 7.320000e-01 3.510300e+01
 6.000000e+00 0.000000e+00 2.654127e+03 6.774660e+05 1.280000e+03
 7.200000e+02 0.000000e+00 2.333700e+01 8.690000e-01 5.632300e+01
 6.000000e+00 0.000000e+00 2.259951e+03 5.777000e+05 1.280000e+03
 7.200000e+02 0.000000e+00 1.854900e+01 8.520000e-01 3.196200e+01
 0.000000e+00 0.000000e+00 3.863980e+02 9.780700e+04 3.200000e+02
 1.800000e+02 0.000000e+00 1.369600e+01 7.650000e-01 1.326000e+01
 2.310000e+02]
deleted_idx_col 555
query_origi 49
query_idx 604
deleted_scaled [0.33333333 0.         0.0382906  0.03835564 0.09090909 0.09090909
 0.         0.10608625 0.6627907  0.32275648 0.33333333 0.
 0.04485769 0.04440179 0.09090909 0.09090909 0.         0.00068118
 0.4097561  0.55729785 0.33333333 0.         0.04929923 0.04931049
 0.09090909 0.09090909 0.         0.01800935 0.41336634 0.66480792
 0.33333333 0.         0.03551718 0.03528645 0.09090909 0.09090909
 0.         0.06794589 0.22248244 0.33552346]
deleted_not_scaled [4.000000e+00 0.000000e+00 1.080715e+03 2.762580e+05 6.400000e+02
 3.600000e+02 0.000000e+00 1.857200e+01 8.550000e-01 3.114600e+01
 4.000000e+00 0.000000e+00 1.214261e+03 3.073600e+05 6.400000e+02
 3.600000e+02 0.000000e+00 1.364300e+01 7.550000e-01 5.167600e+01
 4.000000e+00 0.000000e+00 1.253278e+03 3.177060e+05 6.400000e+02
 3.600000e+02 0.000000e+00 1.428500e+01 7.580000e-01 6.020700e+01
 4.000000e+00 0.000000e+00 1.020196e+03 2.591300e+05 6.400000e+02
 3.600000e+02 0.000000e+00 1.587900e+01 6.650000e-01 3.171200e+01
 2.330000e+02]
deleted_idx_col 604
query_origi 303
query_idx 887
deleted_scaled [0.58333333 0.         0.11965138 0.11896957 0.27272727 0.27272727
 0.         0.0456308  0.19302326 0.35179275 0.66666667 0.
 0.20489915 0.20418724 0.45454545 0.45454545 0.         0.1562861
 0.11707317 0.08655609 0.66666667 0.17602953 0.21341043 0.21490526
 0.45454545 0.45454545 0.         0.1754193  0.15346535 0.0915937
 0.66666667 0.         0.20832591 0.2082349  0.45454545 0.45454545
 0.         0.04116098 0.22014052 0.11573824]
deleted_not_scaled [7.00000000e+00 0.00000000e+00 2.68132600e+03 6.81057000e+05
 1.28000000e+03 7.20000000e+02 0.00000000e+00 1.57500000e+01
 6.53000000e-01 3.39480000e+01 8.00000000e+00 0.00000000e+00
 4.36202800e+03 1.10959100e+06 1.92000000e+03 1.08000000e+03
 0.00000000e+00 1.88970000e+01 6.35000000e-01 8.02600000e+00
 8.00000000e+00 8.65389132e-01 4.35589700e+03 1.10966500e+06
 1.92000000e+03 1.08000000e+03 0.00000000e+00 2.00100000e+01
 6.53000000e-01 8.29500000e+00 8.00000000e+00 0.00000000e+00
 4.42093000e+03 1.12789000e+06 1.92000000e+03 1.08000000e+03
 0.00000000e+00 1.49940000e+01 6.64000000e-01 1.09390000e+01
 2.36000000e+02]
deleted_idx_col 887
query_origi 247
query_idx 920
deleted_scaled [0.25       0.         0.02414634 0.02415039 0.05454545 0.05454545
 0.         0.24529232 0.81627907 0.23650777 0.25       0.
 0.02634046 0.02648428 0.05454545 0.05454545 0.         0.55409448
 0.77073171 0.55578802 0.25       0.         0.02933328 0.0292568
 0.05454545 0.05454545 0.         0.1383008  0.43811881 0.23738171
 0.25       0.         0.0281685  0.02790853 0.05454545 0.05454545
 0.         0.78336007 0.92505855 0.60648574]
deleted_not_scaled [3.00000e+00 0.00000e+00 8.02455e+02 2.04927e+05 5.12000e+02 2.88000e+02
 0.00000e+00 2.50700e+01 9.21000e-01 2.28230e+01 3.00000e+00 0.00000e+00
 8.50056e+02 2.17402e+05 5.12000e+02 2.88000e+02 0.00000e+00 3.23290e+01
 9.03000e-01 5.15360e+01 3.00000e+00 0.00000e+00 8.75810e+02 2.21799e+05
 5.12000e+02 2.88000e+02 0.00000e+00 1.86600e+01 7.68000e-01 2.14980e+01
 3.00000e+00 0.00000e+00 8.75580e+02 2.22069e+05 5.12000e+02 2.88000e+02
 0.00000e+00 3.95170e+01 9.65000e-01 5.73220e+01 1.87000e+02]
deleted_idx_col 920
query_origi 1
query_idx 856
deleted_scaled [0.25       0.         0.02754064 0.02761134 0.05454545 0.05454545
 0.         0.50489513 0.83953488 0.60982383 0.25       0.
 0.029537   0.02923232 0.05454545 0.05454545 0.         0.43642825
 0.54634146 0.4154606  0.25       0.         0.02737302 0.0273601
 0.05454545 0.05454545 0.         0.24679681 0.16831683 0.26621247
 0.25       0.         0.0280718  0.02787767 0.05454545 0.05454545
 0.         0.2678793  0.20608899 0.23401576]
deleted_not_scaled [3.00000e+00 0.00000e+00 8.69231e+02 2.22306e+05 5.12000e+02 2.88000e+02
 0.00000e+00 3.71880e+01 9.31000e-01 5.88480e+01 3.00000e+00 0.00000e+00
 9.12927e+02 2.31199e+05 5.12000e+02 2.88000e+02 0.00000e+00 2.83560e+01
 8.11000e-01 3.85240e+01 3.00000e+00 0.00000e+00 8.38750e+02 2.12728e+05
 5.12000e+02 2.88000e+02 0.00000e+00 2.26060e+01 6.59000e-01 2.41090e+01
 3.00000e+00 0.00000e+00 8.73677e+02 2.21914e+05 5.12000e+02 2.88000e+02
 0.00000e+00 2.24850e+01 6.58000e-01 2.21180e+01 9.00000e+01]
deleted_idx_col 856
query_origi 9
query_idx 25
deleted_scaled [0.         0.31220851 0.00177802 0.00159934 0.         0.
 0.         0.74395338 0.99302326 0.67647668 0.         0.44810769
 0.00178519 0.00170873 0.         0.         0.         0.53955279
 0.98780488 0.15846688 0.         0.29684603 0.00241627 0.00234814
 0.         0.         0.         0.63717349 0.98762376 0.40337665
 0.         0.         0.00223399 0.00217609 0.         0.
 0.         0.58739142 0.97189696 0.1361477 ]
deleted_not_scaled [0.00000000e+00 1.46690878e+00 3.62403000e+02 9.16880000e+04
 3.20000000e+02 1.80000000e+02 0.00000000e+00 4.83470000e+01
 9.97000000e-01 6.52800000e+01 0.00000000e+00 1.47048706e+00
 3.67092000e+02 9.30120000e+04 3.20000000e+02 1.80000000e+02
 0.00000000e+00 3.18380000e+01 9.92000000e-01 1.46940000e+01
 0.00000000e+00 1.45934220e+00 3.66928000e+02 9.31080000e+04
 3.20000000e+02 1.80000000e+02 0.00000000e+00 3.68040000e+01
 9.90000000e-01 3.65310000e+01 0.00000000e+00 0.00000000e+00
 3.65210000e+02 9.28090000e+04 3.20000000e+02 1.80000000e+02
 0.00000000e+00 3.30420000e+01 9.85000000e-01 1.28680000e+01
 0.00000000e+00]
deleted_idx_col 25
query_origi 543
query_idx 944
deleted_scaled [0.16666667 0.29291734 0.01814822 0.01809815 0.05454545 0.05454545
 0.         0.0458236  0.21395349 0.38260104 0.         0.02880283
 0.0016405  0.00171929 0.         0.         0.         0.49844514
 0.71219512 0.01890516 0.         0.         0.00227737 0.00237072
 0.         0.         0.         0.10266703 0.17326733 0.02467895
 0.         0.         0.00345787 0.00332674 0.         0.
 0.         0.09267274 0.30913349 0.0255515 ]
deleted_not_scaled [2.00000000e+00 1.37626936e+00 6.84454000e+02 1.74536000e+05
 5.12000000e+02 2.88000000e+02 0.00000000e+00 1.57590000e+01
 6.62000000e-01 3.69210000e+01 0.00000000e+00 9.45178814e-02
 3.64246000e+02 9.30650000e+04 3.20000000e+02 1.80000000e+02
 0.00000000e+00 3.04500000e+01 8.79000000e-01 1.75300000e+00
 0.00000000e+00 0.00000000e+00 3.64302000e+02 9.32160000e+04
 3.20000000e+02 1.80000000e+02 0.00000000e+00 1.73640000e+01
 6.61000000e-01 2.23500000e+00 0.00000000e+00 0.00000000e+00
 3.89295000e+02 9.85890000e+04 3.20000000e+02 1.80000000e+02
 0.00000000e+00 1.66960000e+01 7.02000000e-01 2.41500000e+00
 1.41000000e+02]
deleted_idx_col 944
query_origi 641
query_idx 973
deleted_scaled [0.5        0.         0.10765906 0.10721839 0.27272727 0.27272727
 0.         0.25139784 0.48604651 0.32883938 0.         0.
 0.00180995 0.00183402 0.         0.         0.         0.33318525
 0.67317073 0.         0.41666667 0.         0.08138053 0.08209117
 0.18181818 0.17171717 0.         0.16403629 0.54950495 0.19533364
 0.16666667 0.         0.01825869 0.0183161  0.05454545 0.05454545
 0.         0.24872129 0.61358314 0.20415807]
deleted_not_scaled [6.000000e+00 0.000000e+00 2.445401e+03 6.220490e+05 1.280000e+03
 7.200000e+02 0.000000e+00 2.535500e+01 7.790000e-01 3.173300e+01
 0.000000e+00 0.000000e+00 3.675790e+02 9.364100e+04 3.200000e+02
 1.800000e+02 0.000000e+00 2.487000e+01 8.630000e-01 0.000000e+00
 5.000000e+00 0.000000e+00 1.859794e+03 4.744800e+05 9.600000e+02
 5.200000e+02 0.000000e+00 1.959600e+01 8.130000e-01 1.769000e+01
 2.000000e+00 0.000000e+00 6.805630e+02 1.738840e+05 5.120000e+02
 2.880000e+02 0.000000e+00 2.185200e+01 8.320000e-01 1.929600e+01
 9.400000e+01]
deleted_idx_col 973
query_origi 638
query_idx 183
deleted_scaled [2.50000000e-01 0.00000000e+00 3.24233164e-02 3.24075586e-02
 5.45454545e-02 5.45454545e-02 0.00000000e+00 1.76267701e-01
 6.16279070e-01 4.41378238e-01 1.66666667e-01 9.04023116e-01
 1.51458323e-02 1.52527269e-02 5.45454545e-02 5.45454545e-02
 0.00000000e+00 1.47519621e-01 6.60975610e-01 3.27502534e-01
 3.33333333e-01 1.64101163e-01 4.72354473e-02 4.71471896e-02
 9.09090909e-02 9.09090909e-02 0.00000000e+00 3.57437448e-04
 4.05940594e-01 5.70608306e-01 0.00000000e+00 0.00000000e+00
 2.89112656e-03 2.78326838e-03 0.00000000e+00 0.00000000e+00
 0.00000000e+00 2.28503980e-02 4.70725995e-01 1.68692800e-01]
deleted_not_scaled [3.00000000e+00 0.00000000e+00 9.65288000e+02 2.46390000e+05
 5.12000000e+02 2.88000000e+02 0.00000000e+00 2.18480000e+01
 8.35000000e-01 4.25930000e+01 2.00000000e+00 2.96659561e+00
 6.29875000e+02 1.61012000e+05 5.12000000e+02 2.88000000e+02
 0.00000000e+00 1.86010000e+01 8.58000000e-01 3.03680000e+01
 4.00000000e+00 8.06747378e-01 1.21426100e+03 3.07360000e+05
 6.40000000e+02 3.60000000e+02 0.00000000e+00 1.36430000e+01
 7.55000000e-01 5.16760000e+01 0.00000000e+00 0.00000000e+00
 3.78142000e+02 9.58590000e+04 3.20000000e+02 1.80000000e+02
 0.00000000e+00 1.43890000e+01 7.71000000e-01 1.59440000e+01
 2.32000000e+02]
deleted_idx_col 183
query_origi 3
query_idx 191
deleted_scaled [0.00000000e+00 9.67075496e-01 1.01148767e-03 9.69241566e-04
 0.00000000e+00 0.00000000e+00 0.00000000e+00 1.16304977e-01
 4.34883721e-01 2.29637306e-02 0.00000000e+00 0.00000000e+00
 1.60587158e-03 1.66650865e-03 0.00000000e+00 0.00000000e+00
 0.00000000e+00 1.02087961e-01 4.09756098e-01 1.74276902e-02
 0.00000000e+00 0.00000000e+00 2.57040378e-03 2.64777171e-03
 0.00000000e+00 0.00000000e+00 0.00000000e+00 4.20126478e-02
 3.91089109e-01 1.76672593e-04 0.00000000e+00 0.00000000e+00
 2.22458456e-03 2.09407053e-03 0.00000000e+00 0.00000000e+00
 0.00000000e+00 3.62912745e-01 6.90866511e-01 0.00000000e+00]
deleted_not_scaled [0.00000000e+00 4.54379515e+00 3.47323000e+02 8.85240000e+04
 3.20000000e+02 1.80000000e+02 0.00000000e+00 1.90490000e+01
 7.57000000e-01 2.21600000e+00 0.00000000e+00 0.00000000e+00
 3.63565000e+02 9.28000000e+04 3.20000000e+02 1.80000000e+02
 0.00000000e+00 1.70670000e+01 7.55000000e-01 1.61600000e+00
 0.00000000e+00 0.00000000e+00 3.69842000e+02 9.45410000e+04
 3.20000000e+02 1.80000000e+02 0.00000000e+00 1.51580000e+01
 7.49000000e-01 1.60000000e-02 0.00000000e+00 0.00000000e+00
 3.65025000e+02 9.23970000e+04 3.20000000e+02 1.80000000e+02
 0.00000000e+00 2.56250000e+01 8.65000000e-01 0.00000000e+00
 2.61000000e+02]
deleted_idx_col 191
query_origi 66
query_idx 962
deleted_scaled [0.         0.         0.00226661 0.00225035 0.         0.
 0.         0.05839885 0.54418605 0.06873575 0.33333333 0.
 0.04052699 0.04066962 0.09090909 0.09090909 0.         0.60456094
 0.7902439  0.71290684 0.41666667 0.         0.08459641 0.08453131
 0.18181818 0.17171717 0.         0.10316195 0.56930693 0.36289655
 0.25       0.         0.02923821 0.0289491  0.05454545 0.05454545
 0.         0.14699918 0.29274005 0.29313866]
deleted_not_scaled [0.000000e+00 0.000000e+00 3.720150e+02 9.495700e+04 3.200000e+02
 1.800000e+02 0.000000e+00 1.634600e+01 8.040000e-01 6.633000e+00
 4.000000e+00 0.000000e+00 1.129083e+03 2.886220e+05 6.400000e+02
 3.600000e+02 0.000000e+00 3.403300e+01 9.110000e-01 6.610500e+01
 5.000000e+00 0.000000e+00 1.920592e+03 4.861500e+05 9.600000e+02
 5.200000e+02 0.000000e+00 1.738200e+01 8.210000e-01 3.286500e+01
 3.000000e+00 0.000000e+00 8.966310e+02 2.272960e+05 5.120000e+02
 2.880000e+02 0.000000e+00 1.849100e+01 6.950000e-01 2.770600e+01
 2.470000e+02]
deleted_idx_col 962
query_origi 470
query_idx 931
deleted_scaled [0.00000000e+00 0.00000000e+00 6.97809074e-04 6.39058185e-04
 0.00000000e+00 0.00000000e+00 0.00000000e+00 2.98999550e-01
 6.90697674e-01 0.00000000e+00 0.00000000e+00 0.00000000e+00
 1.59407603e-03 1.63663220e-03 0.00000000e+00 0.00000000e+00
 0.00000000e+00 1.59129276e-01 5.58536585e-01 0.00000000e+00
 0.00000000e+00 0.00000000e+00 2.25568205e-03 2.31071035e-03
 0.00000000e+00 0.00000000e+00 0.00000000e+00 7.03051966e-02
 4.92574257e-01 0.00000000e+00 0.00000000e+00 0.00000000e+00
 2.24242067e-03 2.30270119e-03 0.00000000e+00 0.00000000e+00
 0.00000000e+00 6.34121243e-01 9.13348946e-01 1.04882823e-01]
deleted_not_scaled [0.00000e+00 0.00000e+00 3.41152e+02 8.68660e+04 3.20000e+02 1.80000e+02
 0.00000e+00 2.75770e+01 8.67000e-01 0.00000e+00 0.00000e+00 0.00000e+00
 3.63333e+02 9.26500e+04 3.20000e+02 1.80000e+02 0.00000e+00 1.89930e+01
 8.16000e-01 0.00000e+00 0.00000e+00 0.00000e+00 3.63892e+02 9.29290e+04
 3.20000e+02 1.80000e+02 0.00000e+00 1.61870e+01 7.90000e-01 0.00000e+00
 0.00000e+00 0.00000e+00 3.65376e+02 9.34450e+04 3.20000e+02 1.80000e+02
 0.00000e+00 3.45860e+01 9.60000e-01 9.91300e+00 2.70000e+01]
deleted_idx_col 931
query_origi 848
query_idx 717
deleted_scaled [0.25       0.         0.027471   0.02751993 0.05454545 0.05454545
 0.         0.04016796 0.22093023 0.46445596 0.25       0.
 0.02770661 0.02739452 0.05454545 0.05454545 0.         0.03476973
 0.24878049 0.48129974 0.25       0.         0.0293026  0.02927186
 0.05454545 0.05454545 0.         0.14063789 0.40841584 0.58452127
 0.25       0.         0.0280344  0.02781875 0.05454545 0.05454545
 0.         0.11164916 0.4028103  0.50949585]
deleted_not_scaled [3.00000e+00 0.00000e+00 8.67861e+02 2.21847e+05 5.12000e+02 2.88000e+02
 0.00000e+00 1.54950e+01 6.65000e-01 4.48200e+01 3.00000e+00 0.00000e+00
 8.76926e+02 2.21972e+05 5.12000e+02 2.88000e+02 0.00000e+00 1.47940e+01
 6.89000e-01 4.46290e+01 3.00000e+00 0.00000e+00 8.75230e+02 2.21871e+05
 5.12000e+02 2.88000e+02 0.00000e+00 1.87450e+01 7.56000e-01 5.29360e+01
 3.00000e+00 0.00000e+00 8.72941e+02 2.21618e+05 5.12000e+02 2.88000e+02
 0.00000e+00 1.73230e+01 7.42000e-01 4.81550e+01 1.35000e+02]
deleted_idx_col 717
query_origi 679
query_idx 673
deleted_scaled [0.08333333 0.         0.00892329 0.00879447 0.01818182 0.01818182
 0.         0.43081471 0.96976744 0.13334715 0.25       0.15851468
 0.02804466 0.02797173 0.05454545 0.05454545 0.         0.56961351
 0.60243902 0.51370705 0.25       0.         0.03102294 0.0312568
 0.05454545 0.05454545 0.         0.14522958 0.4480198  0.31993198
 0.08333333 0.         0.00893442 0.00895818 0.01818182 0.01818182
 0.         0.03940559 0.48711944 0.        ]
deleted_not_scaled [1.0000000e+00 0.0000000e+00 5.0297200e+02 1.2781800e+05 3.8400000e+02
 2.1600000e+02 0.0000000e+00 3.3730000e+01 9.8700000e-01 1.2868000e+01
 3.0000000e+00 5.2017359e-01 8.8357500e+02 2.2487000e+05 5.1200000e+02
 2.8800000e+02 0.0000000e+00 3.2853000e+01 8.3400000e-01 4.7634000e+01
 3.0000000e+00 0.0000000e+00 9.0775400e+02 2.3136400e+05 5.1200000e+02
 2.8800000e+02 0.0000000e+00 1.8912000e+01 7.7200000e-01 2.8974000e+01
 1.0000000e+00 0.0000000e+00 4.9706900e+02 1.2687700e+05 3.8400000e+02
 2.1600000e+02 0.0000000e+00 1.4936000e+01 7.7800000e-01 0.0000000e+00
 3.0000000e+00]
deleted_idx_col 673
query_origi 13
query_idx 528
deleted_scaled [0.33333333 0.         0.04267833 0.04240128 0.09090909 0.09090909
 0.         0.48062298 0.97906977 0.50648705 0.66666667 0.
 0.20648412 0.20587606 0.45454545 0.45454545 0.         0.94266252
 0.5804878  0.57192158 0.75       0.         0.28908085 0.29125991
 0.45454545 0.45454545 0.         0.14146274 0.38366337 0.36045626
 0.83333333 0.         0.35907899 0.35909438 0.63636364 0.63636364
 0.         0.03973851 0.44496487 0.16303232]
deleted_not_scaled [4.000000e+00 0.000000e+00 1.167035e+03 2.965730e+05 6.400000e+02
 3.600000e+02 0.000000e+00 3.605500e+01 9.910000e-01 4.887600e+01
 8.000000e+00 0.000000e+00 4.393202e+03 1.118070e+06 1.920000e+03
 1.080000e+03 0.000000e+00 4.544900e+01 8.250000e-01 5.303200e+01
 9.000000e+00 0.000000e+00 5.786491e+03 1.474832e+06 1.920000e+03
 1.080000e+03 0.000000e+00 1.877500e+01 7.460000e-01 3.264400e+01
 1.000000e+01 0.000000e+00 7.387627e+03 1.885692e+06 2.560000e+03
 1.440000e+03 0.000000e+00 1.494700e+01 7.600000e-01 1.540900e+01
 3.000000e+00]
deleted_idx_col 528
query_origi 423
query_idx 989
deleted_scaled [0.16666667 0.         0.01832923 0.01826185 0.05454545 0.05454545
 0.         0.1347501  0.35581395 0.16174093 0.16666667 0.
 0.0178943  0.01795396 0.05454545 0.05454545 0.         0.45040723
 0.51707317 0.37547182 0.16666667 0.         0.02207691 0.02235917
 0.05454545 0.05454545 0.         0.29747044 0.39356436 0.32712035
 0.25       0.         0.02513408 0.02481232 0.05454545 0.05454545
 0.         0.09799946 0.21077283 0.42067397]
deleted_not_scaled [2.00000e+00 0.00000e+00 6.88015e+02 1.75358e+05 5.12000e+02 2.88000e+02
 0.00000e+00 1.99100e+01 7.23000e-01 1.56080e+01 2.00000e+00 0.00000e+00
 6.83933e+02 1.74574e+05 5.12000e+02 2.88000e+02 0.00000e+00 2.88280e+01
 7.99000e-01 3.48160e+01 2.00000e+00 0.00000e+00 7.38624e+02 1.88811e+05
 5.12000e+02 2.88000e+02 0.00000e+00 2.44490e+01 7.50000e-01 2.96250e+01
 3.00000e+00 0.00000e+00 8.15865e+02 2.06516e+05 5.12000e+02 2.88000e+02
 0.00000e+00 1.68720e+01 6.60000e-01 3.97600e+01 2.00000e+01]
deleted_idx_col 989
query_origi 223
query_idx 389
deleted_scaled [1.         0.09432611 0.77393624 0.77315824 1.         1.
 1.         0.04698044 0.17906977 0.13473575 1.         0.16570031
 0.82573672 0.82657256 1.         1.         1.         0.81297201
 0.88292683 1.         1.         0.16040825 0.85837178 0.86830247
 1.         1.         1.         0.09408853 0.09158416 0.10117819
 1.         0.         0.90574023 0.89851791 1.         1.
 1.         0.08495506 0.21311475 0.09197482]
deleted_not_scaled [1.20000000e+01 4.43190329e-01 1.55530740e+04 3.96603400e+06
 3.84000000e+03 2.16000000e+03 1.00000000e+00 1.58130000e+01
 6.47000000e-01 1.30020000e+01 1.20000000e+01 5.43753595e-01
 1.65729390e+04 4.23438600e+06 3.84000000e+03 2.16000000e+03
 1.00000000e+00 4.10700000e+01 9.49000000e-01 9.27260000e+01
 1.20000000e+01 7.88592439e-01 1.65492720e+04 4.23454500e+06
 3.84000000e+03 2.16000000e+03 1.00000000e+00 1.70520000e+01
 6.28000000e-01 9.16300000e+00 1.20000000e+01 0.00000000e+00
 1.81454720e+04 4.59534100e+06 3.84000000e+03 2.16000000e+03
 1.00000000e+00 1.64410000e+01 6.61000000e-01 8.69300000e+00
 1.41000000e+02]
deleted_idx_col 389
query_origi 381
query_idx 87
deleted_scaled [0.33333333 0.         0.04271295 0.04246481 0.09090909 0.09090909
 0.         0.04243878 0.2627907  0.53626943 0.33333333 0.
 0.04236267 0.04227578 0.09090909 0.09090909 0.         0.0472975
 0.18292683 0.45081207 0.33333333 0.57993451 0.04469927 0.04506669
 0.09090909 0.09090909 0.         0.05908716 0.16831683 0.42403631
 0.16666667 0.         0.01834721 0.01840469 0.05454545 0.05454545
 0.         0.59980025 0.79156909 0.50165582]
deleted_not_scaled [4.00000000e+00 0.00000000e+00 1.16771600e+03 2.96892000e+05
 6.40000000e+02 3.60000000e+02 0.00000000e+00 1.56010000e+01
 6.83000000e-01 5.17500000e+01 4.00000000e+00 0.00000000e+00
 1.16518800e+03 2.96686000e+05 6.40000000e+02 3.60000000e+02
 0.00000000e+00 1.52170000e+01 6.62000000e-01 4.18020000e+01
 4.00000000e+00 2.85105013e+00 1.16631300e+03 2.97410000e+05
 6.40000000e+02 3.60000000e+02 0.00000000e+00 1.57790000e+01
 6.59000000e-01 3.84020000e+01 2.00000000e+00 0.00000000e+00
 6.82305000e+02 1.74329000e+05 5.12000000e+02 2.88000000e+02
 0.00000000e+00 3.34520000e+01 9.08000000e-01 4.74140000e+01
 1.39000000e+02]
deleted_idx_col 87
query_origi 648
query_idx 327
deleted_scaled [0.00000000e+00 7.16025054e-02 2.89864237e-03 2.76752621e-03
 0.00000000e+00 0.00000000e+00 0.00000000e+00 1.19796911e-01
 3.69767442e-01 5.28497409e-04 8.33333333e-02 7.93694008e-03
 7.14677676e-03 7.10123497e-03 1.81818182e-02 1.81818182e-02
 0.00000000e+00 2.85236191e-01 5.80487805e-01 3.64514807e-03
 0.00000000e+00 0.00000000e+00 3.43565051e-03 3.43125119e-03
 0.00000000e+00 0.00000000e+00 0.00000000e+00 5.13417652e-01
 7.37623762e-01 9.91022824e-02 0.00000000e+00 0.00000000e+00
 1.32505521e-03 1.32305283e-03 0.00000000e+00 0.00000000e+00
 0.00000000e+00 1.63887292e-01 4.37939110e-01 2.34460139e-02]
deleted_not_scaled [0.00000000e+00 3.36423701e-01 3.84449000e+02 9.75540000e+04
 3.20000000e+02 1.80000000e+02 0.00000000e+00 1.92120000e+01
 7.29000000e-01 5.10000000e-02 1.00000000e+00 2.60454530e-02
 4.72546000e+02 1.20086000e+05 3.84000000e+02 2.16000000e+02
 0.00000000e+00 2.32510000e+01 8.25000000e-01 3.38000000e-01
 0.00000000e+00 0.00000000e+00 3.86200000e+02 9.82880000e+04
 3.20000000e+02 1.80000000e+02 0.00000000e+00 3.23030000e+01
 8.89000000e-01 8.97500000e+00 0.00000000e+00 0.00000000e+00
 3.47323000e+02 8.85240000e+04 3.20000000e+02 1.80000000e+02
 0.00000000e+00 1.90490000e+01 7.57000000e-01 2.21600000e+00
 2.58000000e+02]
deleted_idx_col 327
query_origi 851
query_idx 368
deleted_scaled [0.16666667 0.         0.01787129 0.0179229  0.05454545 0.05454545
 0.         0.46809058 0.91860465 0.46659067 0.16666667 0.
 0.01816712 0.01795216 0.05454545 0.05454545 0.         0.57864653
 0.90487805 0.46658974 0.08333333 0.         0.00984471 0.00978628
 0.01818182 0.01818182 0.         0.4582898  0.81435644 0.09108576
 0.08333333 0.         0.00926456 0.00916303 0.01818182 0.01818182
 0.         0.57041252 0.98594848 0.00851717]
deleted_not_scaled [2.00000e+00 0.00000e+00 6.79006e+02 1.73656e+05 5.12000e+02 2.88000e+02
 0.00000e+00 3.54700e+01 9.65000e-01 4.50260e+01 2.00000e+00 0.00000e+00
 6.89299e+02 1.74565e+05 5.12000e+02 2.88000e+02 0.00000e+00 3.31580e+01
 9.58000e-01 4.32650e+01 1.00000e+00 0.00000e+00 5.07367e+02 1.28681e+05
 3.84000e+02 2.16000e+02 0.00000e+00 3.02980e+01 9.20000e-01 8.24900e+00
 1.00000e+00 0.00000e+00 5.03566e+02 1.27906e+05 3.84000e+02 2.16000e+02
 0.00000e+00 3.24810e+01 9.91000e-01 8.05000e-01 3.00000e+01]
deleted_idx_col 368
query_origi 232
query_idx 997
deleted_scaled [0.         0.         0.0018717  0.00187356 0.         0.
 0.         0.36054757 0.71860465 0.0181658  0.5        0.
 0.10671219 0.10706905 0.27272727 0.27272727 0.         0.10250259
 0.12195122 0.35351466 0.         0.         0.00359936 0.00349419
 0.         0.         0.         0.08430025 0.27475248 0.02666652
 0.         0.         0.00135463 0.00127468 0.         0.
 0.         0.05871493 0.43793911 0.        ]
deleted_not_scaled [0.000000e+00 0.000000e+00 3.642460e+02 9.306500e+04 3.200000e+02
 1.800000e+02 0.000000e+00 3.045000e+01 8.790000e-01 1.753000e+00
 6.000000e+00 0.000000e+00 2.430843e+03 6.219920e+05 1.280000e+03
 7.200000e+02 0.000000e+00 1.708100e+01 6.370000e-01 3.278000e+01
 0.000000e+00 0.000000e+00 3.892950e+02 9.858900e+04 3.200000e+02
 1.800000e+02 0.000000e+00 1.669600e+01 7.020000e-01 2.415000e+00
 0.000000e+00 0.000000e+00 3.479050e+02 8.828100e+04 3.200000e+02
 1.800000e+02 0.000000e+00 1.557400e+01 7.570000e-01 0.000000e+00
 1.420000e+02]
deleted_idx_col 997
query_origi 680
query_idx 559
deleted_scaled [0.33333333 0.         0.04262232 0.04243255 0.09090909 0.09090909
 0.         0.14353349 0.54186047 0.21453886 0.         0.
 0.00176572 0.00179896 0.         0.         0.         0.19354361
 0.36829268 0.         0.         0.         0.0022707  0.00231636
 0.         0.         0.         0.38567501 0.46287129 0.
 0.33333333 0.         0.04774366 0.04786063 0.09090909 0.09090909
 0.         0.32807724 0.41920375 0.36567741]
deleted_not_scaled [4.000000e+00 0.000000e+00 1.165933e+03 2.967300e+05 6.400000e+02
 3.600000e+02 0.000000e+00 2.032000e+01 8.030000e-01 2.070300e+01
 0.000000e+00 0.000000e+00 3.667090e+02 9.346500e+04 3.200000e+02
 1.800000e+02 0.000000e+00 2.015500e+01 7.380000e-01 0.000000e+00
 0.000000e+00 0.000000e+00 3.641760e+02 9.295600e+04 3.200000e+02
 1.800000e+02 0.000000e+00 2.765700e+01 7.780000e-01 0.000000e+00
 4.000000e+00 0.000000e+00 1.260803e+03 3.222930e+05 6.400000e+02
 3.600000e+02 0.000000e+00 2.447400e+01 7.490000e-01 3.456200e+01
 1.900000e+01]
deleted_idx_col 559
query_origi 747
query_idx 919
deleted_scaled [3.33333333e-01 0.00000000e+00 4.26473274e-02 4.25155911e-02
 9.09090909e-02 9.09090909e-02 0.00000000e+00 1.45354442e-01
 2.48837209e-01 3.03461140e-01 0.00000000e+00 0.00000000e+00
 2.78212103e-03 2.83308463e-03 0.00000000e+00 0.00000000e+00
 0.00000000e+00 4.59943729e-02 2.65853659e-01 6.69175851e-02
 0.00000000e+00 0.00000000e+00 1.12834352e-03 1.18159662e-03
 0.00000000e+00 0.00000000e+00 0.00000000e+00 1.33049216e-01
 4.55445545e-01 7.17732407e-04 3.33333333e-01 0.00000000e+00
 4.89245995e-02 4.83722528e-02 9.09090909e-02 9.09090909e-02
 0.00000000e+00 7.10571714e-01 8.36065574e-01 6.72401206e-01]
deleted_not_scaled [4.000000e+00 0.000000e+00 1.166425e+03 2.971470e+05 6.400000e+02
 3.600000e+02 0.000000e+00 2.040500e+01 6.770000e-01 2.928400e+01
 0.000000e+00 0.000000e+00 3.867000e+02 9.865700e+04 3.200000e+02
 1.800000e+02 0.000000e+00 1.517300e+01 6.960000e-01 6.205000e+00
 0.000000e+00 0.000000e+00 3.425790e+02 8.752900e+04 3.200000e+02
 1.800000e+02 0.000000e+00 1.846900e+01 7.750000e-01 6.500000e-02
 4.000000e+00 0.000000e+00 1.284043e+03 3.248630e+05 6.400000e+02
 3.600000e+02 0.000000e+00 3.711200e+01 9.270000e-01 6.355200e+01
 2.380000e+02]
deleted_idx_col 919
query_origi 221
query_idx 218
deleted_scaled [0.33333333 0.67834919 0.0421532  0.04205118 0.09090909 0.09090909
 0.         0.20116112 0.66511628 0.2261658  0.16666667 0.40412708
 0.01791621 0.01797587 0.05454545 0.05454545 0.         0.36712572
 0.66341463 0.24088174 0.08333333 0.         0.01014271 0.01029961
 0.01818182 0.01818182 0.         0.25251581 0.68564356 0.02593774
 0.         0.         0.00277684 0.00264173 0.         0.
 0.         0.21482401 0.63700234 0.        ]
deleted_not_scaled [4.00000000e+00 3.18721730e+00 1.15670400e+03 2.94815000e+05
 6.40000000e+02 3.60000000e+02 0.00000000e+00 2.30100000e+01
 8.56000000e-01 2.18250000e+01 2.00000000e+00 1.32616258e+00
 6.84364000e+02 1.74684000e+05 5.12000000e+02 2.88000000e+02
 0.00000000e+00 2.60160000e+01 8.59000000e-01 2.23360000e+01
 1.00000000e+00 0.00000000e+00 5.13001000e+02 1.31136000e+05
 3.84000000e+02 2.16000000e+02 0.00000000e+00 2.28140000e+01
 8.68000000e-01 2.34900000e+00 0.00000000e+00 0.00000000e+00
 3.75893000e+02 9.51480000e+04 3.20000000e+02 1.80000000e+02
 0.00000000e+00 2.07320000e+01 8.42000000e-01 0.00000000e+00
 1.63000000e+02]
deleted_idx_col 218
query_origi 150
query_idx 154
deleted_scaled [0.25       0.03754732 0.02794947 0.0277589  0.05454545 0.05454545
 0.         0.22916086 0.51162791 0.19887047 0.16666667 0.29669105
 0.01794895 0.01794041 0.05454545 0.05454545 0.         0.26160225
 0.44390244 0.17916226 0.16666667 0.00711434 0.02104282 0.02123905
 0.05454545 0.05454545 0.         0.54641188 0.68316832 0.45471109
 0.08333333 0.         0.00864497 0.00869321 0.01818182 0.01818182
 0.         0.37532157 0.5058548  0.        ]
deleted_not_scaled [3.00000000e+00 1.76415738e-01 8.77274000e+02 2.23047000e+05
 5.12000000e+02 2.88000000e+02 0.00000000e+00 2.43170000e+01
 7.90000000e-01 1.91910000e+01 2.00000000e+00 9.73606026e-01
 6.85008000e+02 1.74506000e+05 5.12000000e+02 2.88000000e+02
 0.00000000e+00 2.24530000e+01 7.69000000e-01 1.66130000e+01
 2.00000000e+00 3.49752098e-02 7.19074000e+02 1.83454000e+05
 5.12000000e+02 2.88000000e+02 0.00000000e+00 3.35030000e+01
 8.67000000e-01 4.11800000e+01 1.00000000e+00 0.00000000e+00
 4.91373000e+02 1.25546000e+05 3.84000000e+02 2.16000000e+02
 0.00000000e+00 2.60350000e+01 7.86000000e-01 0.00000000e+00
 1.24000000e+02]
deleted_idx_col 154
query_origi 730
query_idx 70
deleted_scaled [0.08333333 0.52650939 0.00642439 0.0063856  0.01818182 0.01818182
 0.         0.27862636 0.76744186 0.0046943  0.         0.14272386
 0.00157313 0.00164281 0.         0.         0.         0.35723382
 0.75365854 0.         0.         0.         0.00237633 0.00246126
 0.         0.         0.         0.31116305 0.73267327 0.
 0.         0.         0.00273111 0.00260569 0.         0.
 0.         0.27971308 0.51053864 0.        ]
deleted_not_scaled [1.00000000e+00 2.47379944e+00 4.53811000e+02 1.15722000e+05
 3.84000000e+02 2.16000000e+02 0.00000000e+00 2.66260000e+01
 9.00000000e-01 4.53000000e-01 0.00000000e+00 4.68355261e-01
 3.62921000e+02 9.26810000e+04 3.20000000e+02 1.80000000e+02
 0.00000000e+00 2.56820000e+01 8.96000000e-01 0.00000000e+00
 0.00000000e+00 0.00000000e+00 3.66173000e+02 9.36490000e+04
 3.20000000e+02 1.80000000e+02 0.00000000e+00 2.49470000e+01
 8.87000000e-01 0.00000000e+00 0.00000000e+00 0.00000000e+00
 3.74993000e+02 9.49670000e+04 3.20000000e+02 1.80000000e+02
 0.00000000e+00 2.28760000e+01 7.88000000e-01 0.00000000e+00
 7.30000000e+01]
deleted_idx_col 70
