query_origi 8
query_idx 12
deleted_scaled [1.66666667e-01 0.00000000e+00 1.81388678e-02 1.81228457e-02
 5.45454545e-02 5.45454545e-02 0.00000000e+00 5.45834315e-01
 8.81395349e-01 5.06466321e-01 8.33333333e-02 4.45394773e-01
 8.67475709e-03 8.77252386e-03 1.81818182e-02 1.81818182e-02
 0.00000000e+00 3.05641937e-01 7.53658537e-01 0.00000000e+00
 8.33333333e-02 0.00000000e+00 1.12787805e-02 1.11681894e-02
 1.81818182e-02 1.81818182e-02 0.00000000e+00 2.25570525e-01
 7.10396040e-01 0.00000000e+00 0.00000000e+00 0.00000000e+00
 1.92873890e-03 1.82750903e-03 0.00000000e+00 0.00000000e+00
 0.00000000e+00 2.79561757e-01 7.21311475e-01 2.11606623e-05]
deleted_not_scaled [2.00000000e+00 0.00000000e+00 6.84270000e+02 1.74660000e+05
 5.12000000e+02 2.88000000e+02 0.00000000e+00 3.90990000e+01
 9.49000000e-01 4.88740000e+01 1.00000000e+00 1.46158451e+00
 5.02599000e+02 1.28477000e+05 3.84000000e+02 2.16000000e+02
 0.00000000e+00 2.39400000e+01 8.96000000e-01 0.00000000e+00
 1.00000000e+00 0.00000000e+00 5.34479000e+02 1.35290000e+05
 3.84000000e+02 2.16000000e+02 0.00000000e+00 2.18340000e+01
 8.78000000e-01 0.00000000e+00 0.00000000e+00 0.00000000e+00
 3.59203000e+02 9.10580000e+04 3.20000000e+02 1.80000000e+02
 0.00000000e+00 2.28710000e+01 8.78000000e-01 2.00000000e-03
 2.77000000e+02]
deleted_idx_col 12
query_origi 634
query_idx 96
deleted_scaled [1.         0.06823407 0.83214581 0.82673936 1.         1.
 1.         0.31262452 0.58372093 0.07807254 1.         0.16071157
 0.83067575 0.82653571 1.         1.         1.         0.36306827
 0.48292683 0.00786187 1.         0.13351528 0.86354877 0.86831774
 1.         1.         1.         0.15515535 0.34405941 0.07892848
 1.         0.         0.8283464  0.82669601 1.         1.
 1.         0.25550074 0.54098361 0.13796752]
deleted_not_scaled [1.20000000e+01 3.20597144e-01 1.66982310e+04 4.23508900e+06
 3.84000000e+03 2.16000000e+03 1.00000000e+00 2.82130000e+01
 8.21000000e-01 7.53400000e+00 1.20000000e+01 5.27382807e-01
 1.66700820e+04 4.23420100e+06 3.84000000e+03 2.16000000e+03
 1.00000000e+00 2.58790000e+01 7.85000000e-01 7.29000000e-01
 1.20000000e+01 6.56382343e-01 1.66471460e+04 4.23461800e+06
 3.84000000e+03 2.16000000e+03 1.00000000e+00 1.92730000e+01
 7.30000000e-01 7.14800000e+00 1.20000000e+01 0.00000000e+00
 1.66224250e+04 4.23456300e+06 3.84000000e+03 2.16000000e+03
 1.00000000e+00 2.20760000e+01 8.01000000e-01 1.30400000e+01
 7.70000000e+01]
deleted_idx_col 96
query_origi 424
query_idx 447
deleted_scaled [0.41666667 0.         0.07626492 0.07624986 0.18181818 0.17171717
 0.         0.05998415 0.26976744 0.00592746 0.41666667 0.
 0.07720106 0.07739535 0.18181818 0.17171717 0.         0.18311861
 0.26829268 0.01847378 0.5        0.         0.11298563 0.11293814
 0.27272727 0.27272727 0.         0.10478416 0.43811881 0.22693595
 0.58333333 0.         0.14092483 0.13986735 0.27272727 0.27272727
 0.         0.20120456 0.70257611 0.13476168]
deleted_not_scaled [5.000000e+00 0.000000e+00 1.827784e+03 4.665420e+05 9.600000e+02
 5.200000e+02 0.000000e+00 1.642000e+01 6.860000e-01 5.720000e-01
 5.000000e+00 0.000000e+00 1.850405e+03 4.730100e+05 9.600000e+02
 5.200000e+02 0.000000e+00 1.980300e+01 6.970000e-01 1.713000e+00
 6.000000e+00 0.000000e+00 2.457307e+03 6.220060e+05 1.280000e+03
 7.200000e+02 0.000000e+00 1.744100e+01 7.680000e-01 2.055200e+01
 7.000000e+00 0.000000e+00 3.094532e+03 7.844640e+05 1.280000e+03
 7.200000e+02 0.000000e+00 2.028200e+01 8.700000e-01 1.273700e+01
 1.490000e+02]
deleted_idx_col 447
query_origi 830
query_idx 565
deleted_scaled [0.25       0.         0.03174126 0.03160699 0.05454545 0.05454545
 0.         0.12817327 0.60930233 0.16746114 0.16666667 0.
 0.01596186 0.01598948 0.05454545 0.05454545 0.         0.18122316
 0.60487805 0.19491836 0.25       0.         0.02733086 0.02764635
 0.05454545 0.05454545 0.         0.17970855 0.63118812 0.1939313
 0.25       0.         0.02889511 0.02902912 0.05454545 0.05454545
 0.         0.30292667 0.67213115 0.24516743]
deleted_not_scaled [3.00000e+00 0.00000e+00 9.51870e+02 2.42370e+05 5.12000e+02 2.88000e+02
 0.00000e+00 1.96030e+01 8.32000e-01 1.61600e+01 2.00000e+00 0.00000e+00
 6.45925e+02 1.64711e+05 5.12000e+02 2.88000e+02 0.00000e+00 1.97390e+01
 8.35000e-01 1.80740e+01 3.00000e+00 0.00000e+00 8.37953e+02 2.14097e+05
 5.12000e+02 2.88000e+02 0.00000e+00 2.01660e+01 8.46000e-01 1.75630e+01
 3.00000e+00 0.00000e+00 8.89879e+02 2.27698e+05 5.12000e+02 2.88000e+02
 0.00000e+00 2.36430e+01 8.57000e-01 2.31720e+01 2.68000e+02]
deleted_idx_col 565
query_origi 194
query_idx 519
deleted_scaled [0.5        0.         0.0916337  0.09183101 0.27272727 0.27272727
 0.         0.18554382 0.67674419 0.27235233 0.5        0.
 0.10792759 0.10700392 0.27272727 0.27272727 0.         0.16700726
 0.58292683 0.20474301 0.5        0.         0.11314966 0.11335946
 0.27272727 0.27272727 0.         0.11811933 0.53712871 0.25097446
 0.5        0.         0.10757425 0.10698891 0.27272727 0.27272727
 0.         0.45143912 0.78220141 0.49192192]
deleted_not_scaled [6.000000e+00 0.000000e+00 2.130134e+03 5.447820e+05 1.280000e+03
 7.200000e+02 0.000000e+00 2.228100e+01 8.610000e-01 2.628200e+01
 6.000000e+00 0.000000e+00 2.454748e+03 6.216650e+05 1.280000e+03
 7.200000e+02 0.000000e+00 1.925900e+01 8.260000e-01 1.898500e+01
 6.000000e+00 0.000000e+00 2.460408e+03 6.240210e+05 1.280000e+03
 7.200000e+02 0.000000e+00 1.792600e+01 8.080000e-01 2.272900e+01
 6.000000e+00 0.000000e+00 2.438220e+03 6.193080e+05 1.280000e+03
 7.200000e+02 0.000000e+00 2.855000e+01 9.040000e-01 4.649400e+01
 6.000000e+01]
deleted_idx_col 519
query_origi 90
query_idx 753
deleted_scaled [0.16666667 0.         0.01814822 0.01809815 0.05454545 0.05454545
 0.         0.0458236  0.21395349 0.38260104 0.16666667 0.
 0.01781152 0.01790516 0.05454545 0.05454545 0.         0.58735377
 0.78292683 0.51133447 0.25       0.1072546  0.02864079 0.02903704
 0.05454545 0.05454545 0.         0.09747044 0.13861386 0.3198326
 0.16666667 0.         0.02132192 0.0210504  0.05454545 0.05454545
 0.         0.08849611 0.26932084 0.28936148]
deleted_not_scaled [2.00000000e+00 0.00000000e+00 6.84454000e+02 1.74536000e+05
 5.12000000e+02 2.88000000e+02 0.00000000e+00 1.57590000e+01
 6.62000000e-01 3.69210000e+01 2.00000000e+00 0.00000000e+00
 6.82305000e+02 1.74329000e+05 5.12000000e+02 2.88000000e+02
 0.00000000e+00 3.34520000e+01 9.08000000e-01 4.74140000e+01
 3.00000000e+00 5.27280643e-01 8.62718000e+02 2.20748000e+05
 5.12000000e+02 2.88000000e+02 0.00000000e+00 1.71750000e+01
 6.47000000e-01 2.89650000e+01 2.00000000e+00 0.00000000e+00
 7.40845000e+02 1.87619000e+05 5.12000000e+02 2.88000000e+02
 0.00000000e+00 1.65580000e+01 6.85000000e-01 2.73490000e+01
 1.41000000e+02]
deleted_idx_col 753
query_origi 507
query_idx 520
deleted_scaled [0.16666667 0.         0.01820551 0.01812125 0.05454545 0.05454545
 0.         0.14927483 0.26976744 0.27471503 0.25       0.
 0.02923576 0.02927215 0.05454545 0.05454545 0.         0.04309196
 0.23170732 0.40155943 0.25       0.         0.02695838 0.02727019
 0.05454545 0.05454545 0.         0.13112455 0.43069307 0.19242958
 0.25       0.         0.03242193 0.03201545 0.05454545 0.05454545
 0.         0.68790291 0.82669789 0.58768449]
deleted_not_scaled [2.00000e+00 0.00000e+00 6.85581e+02 1.74652e+05 5.12000e+02 2.88000e+02
 0.00000e+00 2.05880e+01 6.86000e-01 2.65100e+01 3.00000e+00 0.00000e+00
 9.07002e+02 2.31399e+05 5.12000e+02 2.88000e+02 0.00000e+00 1.50750e+01
 6.82000e-01 3.72350e+01 3.00000e+00 0.00000e+00 8.30911e+02 2.12298e+05
 5.12000e+02 2.88000e+02 0.00000e+00 1.83990e+01 7.65000e-01 1.74270e+01
 3.00000e+00 0.00000e+00 9.59284e+02 2.42699e+05 5.12000e+02 2.88000e+02
 0.00000e+00 3.63630e+01 9.23000e-01 5.55450e+01 2.38000e+02]
deleted_idx_col 520
query_origi 939
query_idx 965
deleted_scaled [0.58333333 0.         0.1406007  0.13966259 0.27272727 0.27272727
 0.         0.19259196 0.4627907  0.22415544 0.58333333 0.
 0.13998004 0.139341   0.27272727 0.27272727 0.         0.6931734
 0.86585366 0.76803701 0.58333333 0.         0.14599449 0.14685337
 0.27272727 0.27272727 0.         0.17629915 0.4950495  0.31979948
 0.58333333 0.         0.1399728  0.13976383 0.27272727 0.27272727
 0.         0.20417058 0.46604215 0.33129133]
deleted_not_scaled [7.000000e+00 0.000000e+00 3.093462e+03 7.849660e+05 1.280000e+03
 7.200000e+02 0.000000e+00 2.261000e+01 7.690000e-01 2.163100e+01
 7.000000e+00 0.000000e+00 3.085170e+03 7.840190e+05 1.280000e+03
 7.200000e+02 0.000000e+00 3.702500e+01 9.420000e-01 7.121700e+01
 7.000000e+00 0.000000e+00 3.081359e+03 7.842060e+05 1.280000e+03
 7.200000e+02 0.000000e+00 2.004200e+01 7.910000e-01 2.896200e+01
 7.000000e+00 0.000000e+00 3.075797e+03 7.839440e+05 1.280000e+03
 7.200000e+02 0.000000e+00 2.038000e+01 7.690000e-01 3.131200e+01
 8.500000e+01]
deleted_idx_col 965
query_origi 707
query_idx 787
deleted_scaled [0.41666667 0.         0.07723066 0.07739953 0.18181818 0.17171717
 0.         0.55843099 0.88139535 0.85380311 0.5        0.
 0.1079645  0.10704057 0.27272727 0.27272727 0.         0.45262846
 0.56829268 0.42710782 0.5        0.         0.11274983 0.11295863
 0.27272727 0.27272727 0.         0.22680781 0.11138614 0.36018021
 0.5        0.         0.10809861 0.10751068 0.27272727 0.27272727
 0.         0.24953845 0.15456674 0.32557795]
deleted_not_scaled [5.000000e+00 0.000000e+00 1.846783e+03 4.723150e+05 9.600000e+02
 5.200000e+02 0.000000e+00 3.968700e+01 9.490000e-01 8.239200e+01
 6.000000e+00 0.000000e+00 2.455474e+03 6.218490e+05 1.280000e+03
 7.200000e+02 0.000000e+00 2.890300e+01 8.200000e-01 3.960400e+01
 6.000000e+00 0.000000e+00 2.452849e+03 6.221040e+05 1.280000e+03
 7.200000e+02 0.000000e+00 2.187900e+01 6.360000e-01 3.261900e+01
 6.000000e+00 0.000000e+00 2.448539e+03 6.219290e+05 1.280000e+03
 7.200000e+02 0.000000e+00 2.187900e+01 6.360000e-01 3.077200e+01
 9.000000e+01]
deleted_idx_col 787
query_origi 731
query_idx 630
deleted_scaled [1.         0.         0.8275702  0.82674055 1.         1.
 1.         0.27228518 0.58372093 0.22115026 1.         0.
 0.90362401 0.90408065 1.         1.         1.         0.12287872
 0.36097561 0.11227703 1.         0.         0.85407914 0.86353009
 1.         1.         1.         0.22760517 0.58415842 0.0165741
 1.         0.         0.75991337 0.75383712 1.         1.
 1.         0.2296238  0.36065574 0.06032905]
deleted_not_scaled [1.2000000e+01 0.0000000e+00 1.6608215e+04 4.2350950e+06 3.8400000e+03
 2.1600000e+03 1.0000000e+00 2.6330000e+01 8.2100000e-01 2.1341000e+01
 1.2000000e+01 0.0000000e+00 1.8104861e+04 4.6235290e+06 3.8400000e+03
 2.1600000e+03 1.0000000e+00 1.7769000e+01 7.3500000e-01 1.0411000e+01
 1.2000000e+01 0.0000000e+00 1.6468117e+04 4.2117210e+06 3.8400000e+03
 2.1600000e+03 1.0000000e+00 2.1908000e+01 8.2700000e-01 1.5010000e+00
 1.2000000e+01 0.0000000e+00 1.5275719e+04 3.8685760e+06 3.8400000e+03
 2.1600000e+03 1.0000000e+00 2.1221000e+01 7.2400000e-01 5.7020000e+00
 2.8400000e+02]
deleted_idx_col 630
query_origi 731
query_idx 775
deleted_scaled [0.25       0.         0.02576206 0.02551772 0.05454545 0.05454545
 0.         0.24842006 0.73953488 0.12557513 0.33333333 0.
 0.04256803 0.0423933  0.09090909 0.09090909 0.         0.3805716
 0.76585366 0.25173091 0.33333333 0.         0.04485181 0.04512879
 0.09090909 0.09090909 0.         0.21710201 0.67574257 0.23368263
 0.33333333 0.         0.04284411 0.0428091  0.09090909 0.09090909
 0.         0.16385703 0.70725995 0.1507803 ]
deleted_not_scaled [3.000000e+00 0.000000e+00 8.342410e+02 2.117930e+05 5.120000e+02
 2.880000e+02 0.000000e+00 2.521600e+01 8.880000e-01 1.211800e+01
 4.000000e+00 0.000000e+00 1.169227e+03 2.972760e+05 6.400000e+02
 3.600000e+02 0.000000e+00 2.647000e+01 9.010000e-01 2.334200e+01
 4.000000e+00 0.000000e+00 1.169197e+03 2.977070e+05 6.400000e+02
 3.600000e+02 0.000000e+00 2.152600e+01 8.640000e-01 2.116300e+01
 4.000000e+00 0.000000e+00 1.164384e+03 2.969180e+05 6.400000e+02
 3.600000e+02 0.000000e+00 1.904800e+01 8.720000e-01 1.425100e+01
 1.680000e+02]
deleted_idx_col 775
query_origi 768
query_idx 776
deleted_scaled [0.33333333 0.         0.04289426 0.04244131 0.09090909 0.09090909
 0.         0.48019452 0.98837209 0.66275648 0.33333333 0.
 0.04260438 0.04231303 0.09090909 0.09090909 0.         0.75761884
 0.98780488 0.5705843  0.41666667 0.         0.08116086 0.08148166
 0.18181818 0.17171717 0.         0.72205114 1.         0.766483
 0.41666667 0.         0.07852075 0.07826417 0.18181818 0.17171717
 0.         0.72325293 0.61124122 0.54498228]
deleted_not_scaled [4.000000e+00 0.000000e+00 1.171283e+03 2.967740e+05 6.400000e+02
 3.600000e+02 0.000000e+00 3.603500e+01 9.950000e-01 6.395600e+01
 4.000000e+00 0.000000e+00 1.169942e+03 2.968730e+05 6.400000e+02
 3.600000e+02 0.000000e+00 3.920100e+01 9.920000e-01 5.290800e+01
 5.000000e+00 0.000000e+00 1.855641e+03 4.715650e+05 9.600000e+02
 5.200000e+02 0.000000e+00 3.989100e+01 9.950000e-01 6.941500e+01
 5.000000e+00 0.000000e+00 1.866471e+03 4.750170e+05 9.600000e+02
 5.200000e+02 0.000000e+00 3.753100e+01 8.310000e-01 5.150900e+01
 1.000000e+00]
deleted_idx_col 776
query_origi 555
query_idx 546
deleted_scaled [0.25       0.         0.02720957 0.02730107 0.05454545 0.05454545
 0.         0.07615844 0.17906977 0.30015544 0.         0.
 0.00291406 0.00281954 0.         0.         0.         0.09110025
 0.2804878  0.02604448 0.         0.         0.00141006 0.00133884
 0.         0.         0.         0.05345065 0.41089109 0.
 0.         0.         0.00222794 0.00217012 0.         0.
 0.         0.16476499 0.49882904 0.        ]
deleted_not_scaled [3.00000e+00 0.00000e+00 8.62718e+02 2.20748e+05 5.12000e+02 2.88000e+02
 0.00000e+00 1.71750e+01 6.47000e-01 2.89650e+01 0.00000e+00 0.00000e+00
 3.89295e+02 9.85890e+04 3.20000e+02 1.80000e+02 0.00000e+00 1.66960e+01
 7.02000e-01 2.41500e+00 0.00000e+00 0.00000e+00 3.47905e+02 8.82810e+04
 3.20000e+02 1.80000e+02 0.00000e+00 1.55740e+01 7.57000e-01 0.00000e+00
 0.00000e+00 0.00000e+00 3.65091e+02 9.27790e+04 3.20000e+02 1.80000e+02
 0.00000e+00 1.90780e+01 7.83000e-01 0.00000e+00 1.43000e+02]
deleted_idx_col 546
query_origi 4
query_idx 191
deleted_scaled [0.00000000e+00 9.67075496e-01 1.01148767e-03 9.69241566e-04
 0.00000000e+00 0.00000000e+00 0.00000000e+00 1.16304977e-01
 4.34883721e-01 2.29637306e-02 0.00000000e+00 0.00000000e+00
 1.60587158e-03 1.66650865e-03 0.00000000e+00 0.00000000e+00
 0.00000000e+00 1.02087961e-01 4.09756098e-01 1.74276902e-02
 0.00000000e+00 0.00000000e+00 2.57040378e-03 2.64777171e-03
 0.00000000e+00 0.00000000e+00 0.00000000e+00 4.20126478e-02
 3.91089109e-01 1.76672593e-04 0.00000000e+00 0.00000000e+00
 2.22458456e-03 2.09407053e-03 0.00000000e+00 0.00000000e+00
 0.00000000e+00 3.62912745e-01 6.90866511e-01 0.00000000e+00]
deleted_not_scaled [0.00000000e+00 4.54379515e+00 3.47323000e+02 8.85240000e+04
 3.20000000e+02 1.80000000e+02 0.00000000e+00 1.90490000e+01
 7.57000000e-01 2.21600000e+00 0.00000000e+00 0.00000000e+00
 3.63565000e+02 9.28000000e+04 3.20000000e+02 1.80000000e+02
 0.00000000e+00 1.70670000e+01 7.55000000e-01 1.61600000e+00
 0.00000000e+00 0.00000000e+00 3.69842000e+02 9.45410000e+04
 3.20000000e+02 1.80000000e+02 0.00000000e+00 1.51580000e+01
 7.49000000e-01 1.60000000e-02 0.00000000e+00 0.00000000e+00
 3.65025000e+02 9.23970000e+04 3.20000000e+02 1.80000000e+02
 0.00000000e+00 2.56250000e+01 8.65000000e-01 0.00000000e+00
 2.61000000e+02]
deleted_idx_col 191
query_origi 529
query_idx 18
deleted_scaled [0.16666667 0.         0.01576577 0.01555924 0.05454545 0.05454545
 0.         0.04070353 0.40930233 0.19353368 0.         0.
 0.00168346 0.00166233 0.         0.         0.         0.16164668
 0.47804878 0.         0.08333333 0.87573434 0.01265964 0.0127111
 0.01818182 0.01818182 0.         0.05389057 0.35643564 0.03267339
 0.         0.         0.00097433 0.00097288 0.         0.
 0.         0.14037105 0.54332553 0.        ]
deleted_not_scaled [2.00000000e+00 0.00000000e+00 6.37584000e+02 1.61787000e+05
 5.12000000e+02 2.88000000e+02 0.00000000e+00 1.55200000e+01
 7.46000000e-01 1.86760000e+01 0.00000000e+00 0.00000000e+00
 3.65091000e+02 9.27790000e+04 3.20000000e+02 1.80000000e+02
 0.00000000e+00 1.90780000e+01 7.83000000e-01 0.00000000e+00
 1.00000000e+00 4.30524906e+00 5.60585000e+02 1.42669000e+05
 3.84000000e+02 2.16000000e+02 0.00000000e+00 1.55900000e+01
 7.35000000e-01 2.95900000e+00 0.00000000e+00 0.00000000e+00
 3.40421000e+02 8.67650000e+04 3.20000000e+02 1.80000000e+02
 0.00000000e+00 1.82720000e+01 8.02000000e-01 0.00000000e+00
 1.45000000e+02]
deleted_idx_col 18
query_origi 583
query_idx 853
deleted_scaled [5.83333333e-01 0.00000000e+00 1.40079834e-01 1.39528567e-01
 2.72727273e-01 2.72727273e-01 0.00000000e+00 1.25281176e-01
 7.11627907e-01 3.45409326e-01 0.00000000e+00 0.00000000e+00
 1.72235256e-03 1.74657755e-03 0.00000000e+00 0.00000000e+00
 0.00000000e+00 2.22538131e-01 7.09756098e-01 5.50007549e-04
 0.00000000e+00 0.00000000e+00 2.27371904e-03 2.30987397e-03
 0.00000000e+00 0.00000000e+00 0.00000000e+00 1.73137201e-01
 6.58415842e-01 0.00000000e+00 0.00000000e+00 0.00000000e+00
 2.30492327e-03 2.34709493e-03 0.00000000e+00 0.00000000e+00
 0.00000000e+00 9.71520232e-02 5.73770492e-01 1.89387928e-03]
deleted_not_scaled [7.000000e+00 0.000000e+00 3.083215e+03 7.842930e+05 1.280000e+03
 7.200000e+02 0.000000e+00 1.946800e+01 8.760000e-01 3.333200e+01
 0.000000e+00 0.000000e+00 3.658560e+02 9.320200e+04 3.200000e+02
 1.800000e+02 0.000000e+00 2.113400e+01 8.780000e-01 5.100000e-02
 0.000000e+00 0.000000e+00 3.642330e+02 9.292500e+04 3.200000e+02
 1.800000e+02 0.000000e+00 1.992700e+01 8.570000e-01 0.000000e+00
 0.000000e+00 0.000000e+00 3.666060e+02 9.366800e+04 3.200000e+02
 1.800000e+02 0.000000e+00 1.684400e+01 8.150000e-01 1.790000e-01
 2.220000e+02]
deleted_idx_col 853
query_origi 171
query_idx 444
deleted_scaled [0.         0.26325578 0.0019969  0.00195322 0.         0.
 0.         0.13999871 0.39069767 0.         0.         0.45977059
 0.00163694 0.00169758 0.         0.         0.         0.41572634
 0.46585366 0.         0.         0.22201353 0.00385785 0.00394876
 0.         0.         0.         0.29326368 0.3960396  0.
 0.         0.         0.00149823 0.00137382 0.         0.
 0.         0.10402228 0.26697892 0.09237687]
deleted_not_scaled [0.00000000e+00 1.23690484e+00 3.66709000e+02 9.34650000e+04
 3.20000000e+02 1.80000000e+02 0.00000000e+00 2.01550000e+01
 7.38000000e-01 0.00000000e+00 0.00000000e+00 1.50875944e+00
 3.64176000e+02 9.29560000e+04 3.20000000e+02 1.80000000e+02
 0.00000000e+00 2.76570000e+01 7.78000000e-01 0.00000000e+00
 0.00000000e+00 1.09145375e+00 3.94182000e+02 1.00763000e+05
 3.20000000e+02 1.80000000e+02 0.00000000e+00 2.42960000e+01
 7.51000000e-01 0.00000000e+00 0.00000000e+00 0.00000000e+00
 3.50731000e+02 8.87790000e+04 3.20000000e+02 1.80000000e+02
 0.00000000e+00 1.70710000e+01 6.84000000e-01 8.73100000e+00
 2.00000000e+01]
deleted_idx_col 444
query_origi 513
query_idx 23
deleted_scaled [0.41666667 0.04043739 0.0728355  0.072908   0.18181818 0.17171717
 0.         0.25626085 0.48604651 0.28976166 0.25       0.94242099
 0.03105126 0.03122747 0.05454545 0.05454545 0.         0.23755368
 0.4097561  0.29499817 0.16666667 0.         0.01689278 0.01681919
 0.05454545 0.05454545 0.         0.07195491 0.32673267 0.29760498
 0.08333333 0.         0.00941818 0.00929063 0.01818182 0.01818182
 0.         0.32483884 0.50117096 0.02713855]
deleted_not_scaled [5.00000000e+00 1.89994716e-01 1.76031700e+03 4.49761000e+05
 9.60000000e+02 5.20000000e+02 0.00000000e+00 2.55820000e+01
 7.79000000e-01 2.79620000e+01 3.00000000e+00 3.09260008e+00
 9.42710000e+02 2.41216000e+05 5.12000000e+02 2.88000000e+02
 0.00000000e+00 2.16410000e+01 7.55000000e-01 2.73540000e+01
 2.00000000e+00 0.00000000e+00 6.40615000e+02 1.62316000e+05
 5.12000000e+02 2.88000000e+02 0.00000000e+00 1.62470000e+01
 7.23000000e-01 2.69520000e+01 1.00000000e+00 0.00000000e+00
 5.06589000e+02 1.28547000e+05 3.84000000e+02 2.16000000e+02
 0.00000000e+00 2.43670000e+01 7.84000000e-01 2.56500000e+00
 1.27000000e+02]
deleted_idx_col 23
query_origi 471
query_idx 283
deleted_scaled [1.66666667e-01 5.51426342e-01 1.89933382e-02 1.87330278e-02
 5.45454545e-02 5.45454545e-02 0.00000000e+00 2.71214036e-02
 4.16279070e-01 2.91398964e-01 8.33333333e-02 3.63596874e-01
 6.90700186e-03 6.85087028e-03 1.81818182e-02 1.81818182e-02
 0.00000000e+00 1.08958981e-01 3.63414634e-01 7.41970968e-03
 0.00000000e+00 1.90908032e-01 2.32507951e-03 2.30443750e-03
 0.00000000e+00 0.00000000e+00 0.00000000e+00 3.11190542e-01
 5.04950495e-01 3.42303148e-04 0.00000000e+00 0.00000000e+00
 2.17686916e-03 2.16454310e-03 0.00000000e+00 0.00000000e+00
 0.00000000e+00 2.05169335e-01 3.37236534e-01 9.41649474e-04]
deleted_not_scaled [2.00000000e+00 2.59087150e+00 7.01080000e+02 1.77724000e+05
 5.12000000e+02 2.88000000e+02 0.00000000e+00 1.48860000e+01
 7.49000000e-01 2.81200000e+01 1.00000000e+00 1.19316074e+00
 4.67830000e+02 1.18829000e+05 3.84000000e+02 2.16000000e+02
 0.00000000e+00 1.72990000e+01 7.36000000e-01 6.88000000e-01
 0.00000000e+00 9.38534199e-01 3.65204000e+02 9.28990000e+04
 3.20000000e+02 1.80000000e+02 0.00000000e+00 2.49480000e+01
 7.95000000e-01 3.10000000e-02 0.00000000e+00 0.00000000e+00
 3.64086000e+02 9.27510000e+04 3.20000000e+02 1.80000000e+02
 0.00000000e+00 2.04130000e+01 7.14000000e-01 8.90000000e-02
 1.07000000e+02]
deleted_idx_col 283
query_origi 583
query_idx 225
deleted_scaled [0.00000000e+00 0.00000000e+00 2.17150376e-04 1.01763394e-04
 0.00000000e+00 0.00000000e+00 0.00000000e+00 2.81132843e-01
 6.93023256e-01 0.00000000e+00 0.00000000e+00 7.55108673e-01
 2.10250459e-03 2.08876255e-03 0.00000000e+00 0.00000000e+00
 0.00000000e+00 3.07270843e-01 6.29268293e-01 2.02747881e-03
 0.00000000e+00 4.61953224e-01 3.92021619e-03 3.92910671e-03
 0.00000000e+00 0.00000000e+00 0.00000000e+00 4.83942810e-01
 8.29207921e-01 8.81375396e-02 0.00000000e+00 0.00000000e+00
 5.45398741e-04 5.52831435e-04 0.00000000e+00 0.00000000e+00
 0.00000000e+00 3.93722950e-01 7.72833724e-01 0.00000000e+00]
deleted_not_scaled [0.00000000e+00 0.00000000e+00 3.31696000e+02 8.41680000e+04
 3.20000000e+02 1.80000000e+02 0.00000000e+00 2.67430000e+01
 8.68000000e-01 0.00000000e+00 0.00000000e+00 2.47792566e+00
 3.73333000e+02 9.49200000e+04 3.20000000e+02 1.80000000e+02
 0.00000000e+00 2.39950000e+01 8.45000000e-01 1.88000000e-01
 0.00000000e+00 2.27103541e+00 3.95361000e+02 1.00669000e+05
 3.20000000e+02 1.80000000e+02 0.00000000e+00 3.12310000e+01
 9.26000000e-01 7.98200000e+00 0.00000000e+00 0.00000000e+00
 3.31980000e+02 8.46550000e+04 3.20000000e+02 1.80000000e+02
 0.00000000e+00 2.66430000e+01 9.00000000e-01 0.00000000e+00
 7.00000000e+01]
deleted_idx_col 225
query_origi 720
query_idx 139
deleted_scaled [0.         0.         0.00264571 0.0026578  0.         0.
 0.         0.25825318 0.71162791 0.         0.         0.
 0.00113415 0.00104488 0.         0.         0.         0.22188657
 0.58780488 0.         0.         1.         0.00271311 0.00262644
 0.         0.         0.         0.16442123 0.44059406 0.
 0.33333333 0.         0.04270036 0.04240538 0.09090909 0.09090909
 0.         0.51902182 0.76112412 0.34770142]
deleted_not_scaled [0.0000000e+00 0.0000000e+00 3.7947300e+02 9.7003000e+04 3.2000000e+02
 1.8000000e+02 0.0000000e+00 2.5675000e+01 8.7600000e-01 0.0000000e+00
 0.0000000e+00 0.0000000e+00 3.5428700e+02 8.9679000e+04 3.2000000e+02
 1.8000000e+02 0.0000000e+00 2.1112000e+01 8.2800000e-01 0.0000000e+00
 0.0000000e+00 4.9161588e+00 3.7254000e+02 9.4439000e+04 3.2000000e+02
 1.8000000e+02 0.0000000e+00 1.9610000e+01 7.6900000e-01 0.0000000e+00
 4.0000000e+00 0.0000000e+00 1.1615550e+03 2.9489000e+05 6.4000000e+02
 3.6000000e+02 0.0000000e+00 3.0783000e+01 8.9500000e-01 3.2863000e+01
 3.7000000e+01]
deleted_idx_col 139
query_origi 239
query_idx 997
deleted_scaled [0.         0.         0.0018717  0.00187356 0.         0.
 0.         0.36054757 0.71860465 0.0181658  0.5        0.
 0.10671219 0.10706905 0.27272727 0.27272727 0.         0.10250259
 0.12195122 0.35351466 0.         0.         0.00359936 0.00349419
 0.         0.         0.         0.08430025 0.27475248 0.02666652
 0.         0.         0.00135463 0.00127468 0.         0.
 0.         0.05871493 0.43793911 0.        ]
deleted_not_scaled [0.000000e+00 0.000000e+00 3.642460e+02 9.306500e+04 3.200000e+02
 1.800000e+02 0.000000e+00 3.045000e+01 8.790000e-01 1.753000e+00
 6.000000e+00 0.000000e+00 2.430843e+03 6.219920e+05 1.280000e+03
 7.200000e+02 0.000000e+00 1.708100e+01 6.370000e-01 3.278000e+01
 0.000000e+00 0.000000e+00 3.892950e+02 9.858900e+04 3.200000e+02
 1.800000e+02 0.000000e+00 1.669600e+01 7.020000e-01 2.415000e+00
 0.000000e+00 0.000000e+00 3.479050e+02 8.828100e+04 3.200000e+02
 1.800000e+02 0.000000e+00 1.557400e+01 7.570000e-01 0.000000e+00
 1.420000e+02]
deleted_idx_col 997
query_origi 832
query_idx 269
deleted_scaled [0.00000000e+00 2.05439486e-02 7.69125080e-04 6.67536004e-04
 0.00000000e+00 0.00000000e+00 0.00000000e+00 1.92913301e-01
 6.95348837e-01 0.00000000e+00 0.00000000e+00 3.89883306e-01
 1.71320084e-03 1.71012828e-03 0.00000000e+00 0.00000000e+00
 0.00000000e+00 4.51739967e-01 6.56097561e-01 2.45885728e-03
 0.00000000e+00 0.00000000e+00 2.28546160e-03 2.29314636e-03
 0.00000000e+00 0.00000000e+00 0.00000000e+00 1.99505087e-01
 4.15841584e-01 1.55361461e-02 0.00000000e+00 0.00000000e+00
 2.23210520e-03 2.24696017e-03 0.00000000e+00 0.00000000e+00
 0.00000000e+00 1.51024485e-01 5.73770492e-01 0.00000000e+00]
deleted_not_scaled [0.00000000e+00 9.65255498e-02 3.42555000e+02 8.70090000e+04
 3.20000000e+02 1.80000000e+02 0.00000000e+00 2.26250000e+01
 8.69000000e-01 0.00000000e+00 0.00000000e+00 1.27942094e+00
 3.65676000e+02 9.30190000e+04 3.20000000e+02 1.80000000e+02
 0.00000000e+00 2.88730000e+01 8.56000000e-01 2.28000000e-01
 0.00000000e+00 0.00000000e+00 3.64455000e+02 9.28450000e+04
 3.20000000e+02 1.80000000e+02 0.00000000e+00 2.08860000e+01
 7.59000000e-01 1.40700000e+00 0.00000000e+00 0.00000000e+00
 3.65173000e+02 9.31650000e+04 3.20000000e+02 1.80000000e+02
 0.00000000e+00 1.86240000e+01 8.15000000e-01 0.00000000e+00
 2.06000000e+02]
deleted_idx_col 269
query_origi 450
query_idx 707
deleted_scaled [0.         0.         0.00200468 0.00196099 0.         0.
 0.         0.32468562 0.60465116 0.00490155 0.         0.
 0.00156082 0.00162149 0.         0.         0.         0.14974086
 0.31463415 0.02619546 0.         0.         0.00222114 0.00229482
 0.         0.         0.         0.05424801 0.22524752 0.11750936
 0.16666667 0.         0.01869341 0.01842539 0.05454545 0.05454545
 0.         0.03531975 0.28103044 0.47242237]
deleted_not_scaled [0.00000e+00 0.00000e+00 3.66862e+02 9.35040e+04 3.20000e+02 1.80000e+02
 0.00000e+00 2.87760e+01 8.30000e-01 4.73000e-01 0.00000e+00 0.00000e+00
 3.62679e+02 9.25740e+04 3.20000e+02 1.80000e+02 0.00000e+00 1.86760e+01
 7.16000e-01 2.42900e+00 0.00000e+00 0.00000e+00 3.63239e+02 9.28530e+04
 3.20000e+02 1.80000e+02 0.00000e+00 1.56030e+01 6.82000e-01 1.06420e+01
 2.00000e+00 0.00000e+00 6.89118e+02 1.74433e+05 5.12000e+02 2.88000e+02
 0.00000e+00 1.48010e+01 6.90000e-01 4.46510e+01 1.33000e+02]
deleted_idx_col 707
query_origi 229
query_idx 389
deleted_scaled [1.         0.09432611 0.77393624 0.77315824 1.         1.
 1.         0.04698044 0.17906977 0.13473575 1.         0.16570031
 0.82573672 0.82657256 1.         1.         1.         0.81297201
 0.88292683 1.         1.         0.16040825 0.85837178 0.86830247
 1.         1.         1.         0.09408853 0.09158416 0.10117819
 1.         0.         0.90574023 0.89851791 1.         1.
 1.         0.08495506 0.21311475 0.09197482]
deleted_not_scaled [1.20000000e+01 4.43190329e-01 1.55530740e+04 3.96603400e+06
 3.84000000e+03 2.16000000e+03 1.00000000e+00 1.58130000e+01
 6.47000000e-01 1.30020000e+01 1.20000000e+01 5.43753595e-01
 1.65729390e+04 4.23438600e+06 3.84000000e+03 2.16000000e+03
 1.00000000e+00 4.10700000e+01 9.49000000e-01 9.27260000e+01
 1.20000000e+01 7.88592439e-01 1.65492720e+04 4.23454500e+06
 3.84000000e+03 2.16000000e+03 1.00000000e+00 1.70520000e+01
 6.28000000e-01 9.16300000e+00 1.20000000e+01 0.00000000e+00
 1.81454720e+04 4.59534100e+06 3.84000000e+03 2.16000000e+03
 1.00000000e+00 1.64410000e+01 6.61000000e-01 8.69300000e+00
 1.41000000e+02]
deleted_idx_col 389
query_origi 170
query_idx 466
deleted_scaled [1.         0.20103526 0.8285214  0.82106849 1.         1.
 1.         0.1326935  0.59534884 0.02511917 1.         0.22433114
 0.89000158 0.88334698 1.         1.         1.         0.91956168
 0.94878049 0.99102733 1.         0.08616056 0.87090823 0.87352442
 1.         1.         1.         0.26601595 0.69306931 0.01971004
 1.         0.         0.76796172 0.76489475 1.         1.
 1.         0.3558609  0.71194379 0.16393165]
deleted_not_scaled [1.20000000e+01 9.44562300e-01 1.66269280e+04 4.20661300e+06
 3.84000000e+03 2.16000000e+03 1.00000000e+00 1.98140000e+01
 8.26000000e-01 2.42400000e+00 1.20000000e+01 7.36153500e-01
 1.78369290e+04 4.51943200e+06 3.84000000e+03 2.16000000e+03
 1.00000000e+00 4.46690000e+01 9.76000000e-01 9.18940000e+01
 1.20000000e+01 4.23579017e-01 1.67862810e+04 4.25951900e+06
 3.84000000e+03 2.16000000e+03 1.00000000e+00 2.33050000e+01
 8.71000000e-01 1.78500000e+00 1.20000000e+01 0.00000000e+00
 1.54341040e+04 3.92412100e+06 3.84000000e+03 2.16000000e+03
 1.00000000e+00 2.53920000e+01 8.74000000e-01 1.54940000e+01
 1.96000000e+02]
deleted_idx_col 466
query_origi 240
query_idx 574
deleted_scaled [0.91666667 0.         0.57000759 0.5697133  1.         1.
 0.         0.02924227 0.2        0.11596891 0.91666667 0.
 0.56505575 0.56565212 1.         1.         0.         0.14295869
 0.38780488 0.02176304 1.         0.         1.         1.
 1.         1.         1.         0.77165246 0.88366337 1.
 0.91666667 0.         0.54587625 0.54175749 1.         1.
 0.         0.08686178 0.52693208 0.11360102]
deleted_not_scaled [1.1000000e+01 0.0000000e+00 1.1541185e+04 2.9444450e+06 3.8400000e+03
 2.1600000e+03 0.0000000e+00 1.4985000e+01 6.5600000e-01 1.1191000e+01
 1.1000000e+01 0.0000000e+00 1.1445749e+04 2.9243890e+06 3.8400000e+03
 2.1600000e+03 0.0000000e+00 1.8447000e+01 7.4600000e-01 2.0180000e+00
 1.2000000e+01 0.0000000e+00 1.9226837e+04 4.8643900e+06 3.8400000e+03
 2.1600000e+03 1.0000000e+00 4.1695000e+01 9.4800000e-01 9.0563000e+01
 1.1000000e+01 0.0000000e+00 1.1063644e+04 2.8032510e+06 3.8400000e+03
 2.1600000e+03 0.0000000e+00 1.6504000e+01 7.9500000e-01 1.0737000e+01
 2.3900000e+02]
deleted_idx_col 574
query_origi 766
query_idx 995
deleted_scaled [0.91666667 0.         0.5682374  0.56765752 1.         1.
 0.         0.11298443 0.54186047 0.06062176 0.91666667 0.
 0.59659408 0.59691902 1.         1.         0.         0.07347845
 0.45365854 0.00140198 0.91666667 0.         0.59658355 0.60320288
 1.         1.         0.         0.60772615 0.92821782 0.48816846
 0.91666667 0.         0.59204006 0.58728316 1.         1.
 0.         0.58657426 0.90632319 0.4025816 ]
deleted_not_scaled [1.1000000e+01 0.0000000e+00 1.1506360e+04 2.9341220e+06 3.8400000e+03
 2.1600000e+03 0.0000000e+00 1.8894000e+01 8.0300000e-01 5.8500000e+00
 1.1000000e+01 0.0000000e+00 1.2066059e+04 3.0813700e+06 3.8400000e+03
 2.1600000e+03 0.0000000e+00 1.6101000e+01 7.7300000e-01 1.3000000e-01
 1.1000000e+01 0.0000000e+00 1.1600011e+04 2.9667030e+06 3.8400000e+03
 2.1600000e+03 0.0000000e+00 3.5733000e+01 9.6600000e-01 4.4210000e+01
 1.1000000e+01 0.0000000e+00 1.1972110e+04 3.0319370e+06 3.8400000e+03
 2.1600000e+03 0.0000000e+00 3.3015000e+01 9.5700000e-01 3.8050000e+01
 2.8000000e+01]
deleted_idx_col 995
query_origi 800
query_idx 443
deleted_scaled [1.         0.22060351 0.82906738 0.82657964 1.         1.
 1.         0.24066497 0.50697674 0.0272228  1.         0.18718031
 0.87855188 0.87724382 1.         1.         1.         0.25014068
 0.55853659 0.03606324 1.         0.0770712  0.80790131 0.81521405
 1.         1.         1.         0.84696178 0.94306931 0.89839118
 1.         0.         0.87718645 0.8785021  1.         1.
 1.         0.30686117 0.72131148 0.00513146]
deleted_not_scaled [1.20000000e+01 1.03650351e+00 1.66376690e+04 4.23428700e+06
 3.84000000e+03 2.16000000e+03 1.00000000e+00 2.48540000e+01
 7.88000000e-01 2.62700000e+00 1.20000000e+01 6.14241244e-01
 1.76117310e+04 4.48879000e+06 3.84000000e+03 2.16000000e+03
 1.00000000e+00 2.20660000e+01 8.16000000e-01 3.34400000e+00
 1.20000000e+01 3.78894259e-01 1.55950980e+04 3.98064900e+06
 3.84000000e+03 2.16000000e+03 1.00000000e+00 4.44340000e+01
 9.72000000e-01 8.13610000e+01 1.20000000e+01 0.00000000e+00
 1.75835570e+04 4.49479700e+06 3.84000000e+03 2.16000000e+03
 1.00000000e+00 2.37730000e+01 8.78000000e-01 4.85000000e-01
 2.75000000e+02]
deleted_idx_col 443
query_origi 56
query_idx 538
deleted_scaled [1.         0.         0.72983448 0.72617442 1.         1.
 1.         0.04406693 0.15348837 0.08377202 1.         0.
 0.80238597 0.79958974 1.         1.         1.         0.15400563
 0.07560976 0.09303755 0.91666667 0.         0.59234787 0.59651183
 1.         1.         0.         0.1737421  0.12376238 0.09514923
 1.         0.         0.83887743 0.83846254 1.         1.
 1.         0.040707   0.18969555 0.12046765]
deleted_not_scaled [1.2000000e+01 0.0000000e+00 1.4685460e+04 3.7301070e+06 3.8400000e+03
 2.1600000e+03 1.0000000e+00 1.5677000e+01 6.3600000e-01 8.0840000e+00
 1.2000000e+01 0.0000000e+00 1.6113666e+04 4.0989140e+06 3.8400000e+03
 2.1600000e+03 1.0000000e+00 1.8820000e+01 6.1800000e-01 8.6270000e+00
 1.1000000e+01 0.0000000e+00 1.1519933e+04 2.9347030e+06 3.8400000e+03
 2.1600000e+03 0.0000000e+00 1.9949000e+01 6.4100000e-01 8.6170000e+00
 1.2000000e+01 0.0000000e+00 1.6829667e+04 4.2936690e+06 3.8400000e+03
 2.1600000e+03 1.0000000e+00 1.4979000e+01 6.5100000e-01 1.1386000e+01
 2.3600000e+02]
deleted_idx_col 538
query_origi 298
query_idx 605
deleted_scaled [1.         0.         0.82832047 0.82666249 1.         1.
 1.         0.13509287 0.15581395 0.09079793 1.         0.
 0.83878951 0.83838033 1.         1.         1.         0.04024878
 0.15609756 0.12279188 1.         0.         0.8473598  0.85588264
 1.         1.         1.         0.13282925 0.37623762 0.02321036
 1.         0.         0.96068993 0.95207885 1.         1.
 1.         0.84927817 0.8852459  0.95818653]
deleted_not_scaled [1.2000000e+01 0.0000000e+00 1.6622975e+04 4.2347030e+06 3.8400000e+03
 2.1600000e+03 1.0000000e+00 1.9926000e+01 6.3700000e-01 8.7620000e+00
 1.2000000e+01 0.0000000e+00 1.6829667e+04 4.2936690e+06 3.8400000e+03
 2.1600000e+03 1.0000000e+00 1.4979000e+01 6.5100000e-01 1.1386000e+01
 1.2000000e+01 0.0000000e+00 1.6341084e+04 4.1751470e+06 3.8400000e+03
 2.1600000e+03 1.0000000e+00 1.8461000e+01 7.4300000e-01 2.1020000e+00
 1.2000000e+01 0.0000000e+00 1.9226837e+04 4.8643900e+06 3.8400000e+03
 2.1600000e+03 1.0000000e+00 4.1695000e+01 9.4800000e-01 9.0563000e+01
 2.3800000e+02]
deleted_idx_col 605
query_origi 143
query_idx 52
deleted_scaled [1.00000000e+00 1.33997678e-01 8.20943503e-01 8.20530396e-01
 1.00000000e+00 1.00000000e+00 1.00000000e+00 1.51202896e-01
 6.23255814e-01 5.07772021e-04 1.00000000e+00 1.71989494e-01
 8.31558079e-01 8.32399263e-01 1.00000000e+00 1.00000000e+00
 1.00000000e+00 1.89930401e-01 6.46341463e-01 2.04904773e-04
 1.00000000e+00 1.81686901e-01 8.62479351e-01 8.62462028e-01
 1.00000000e+00 1.00000000e+00 1.00000000e+00 1.70030245e-01
 5.81683168e-01 2.67658978e-02 1.00000000e+00 0.00000000e+00
 8.90061578e-01 8.83406318e-01 1.00000000e+00 1.00000000e+00
 1.00000000e+00 9.39287552e-01 9.50819672e-01 9.72268952e-01]
deleted_not_scaled [1.20000000e+01 6.29586836e-01 1.64778480e+04 4.20391100e+06
 3.84000000e+03 2.16000000e+03 1.00000000e+00 2.06780000e+01
 8.38000000e-01 4.90000000e-02 1.20000000e+01 5.64391847e-01
 1.66874360e+04 4.26364000e+06 3.84000000e+03 2.16000000e+03
 1.00000000e+00 2.00330000e+01 8.52000000e-01 1.90000000e-02
 1.20000000e+01 8.93201655e-01 1.66269280e+04 4.20661300e+06
 3.84000000e+03 2.16000000e+03 1.00000000e+00 1.98140000e+01
 8.26000000e-01 2.42400000e+00 1.20000000e+01 0.00000000e+00
 1.78369290e+04 4.51943200e+06 3.84000000e+03 2.16000000e+03
 1.00000000e+00 4.46690000e+01 9.76000000e-01 9.18940000e+01
 1.94000000e+02]
deleted_idx_col 52
query_origi 145
query_idx 180
deleted_scaled [1.         0.19766101 0.82876    0.82668718 1.         1.
 1.         0.17926691 0.4744186  0.         1.         0.60046983
 0.82741322 0.82659686 1.         1.         1.         0.2561232
 0.50487805 0.00447555 1.         0.22663164 0.91734022 0.92610181
 1.         1.         1.         0.48072587 0.81435644 0.2513278
 1.         0.         0.80517125 0.80678511 1.         1.
 1.         0.26076693 0.66744731 0.06363011]
deleted_not_scaled [1.20000000e+01 9.28708421e-01 1.66316220e+04 4.23482700e+06
 3.84000000e+03 2.16000000e+03 1.00000000e+00 2.19880000e+01
 7.74000000e-01 0.00000000e+00 1.20000000e+01 1.97047081e+00
 1.66059130e+04 4.23450800e+06 3.84000000e+03 2.16000000e+03
 1.00000000e+00 2.22680000e+01 7.94000000e-01 4.15000000e-01
 1.20000000e+01 1.11415715e+00 1.76641050e+04 4.51097100e+06
 3.84000000e+03 2.16000000e+03 1.00000000e+00 3.11140000e+01
 9.20000000e-01 2.27610000e+01 1.20000000e+01 0.00000000e+00
 1.61663570e+04 4.13454600e+06 3.84000000e+03 2.16000000e+03
 1.00000000e+00 2.22500000e+01 8.55000000e-01 6.01400000e+00
 5.70000000e+01]
deleted_idx_col 180
query_origi 806
query_idx 802
deleted_scaled [1.         0.53981463 0.769784   0.76323303 1.         1.
 1.         0.         0.4        0.16212435 1.         0.1349734
 0.87042927 0.86435412 1.         1.         1.         0.01839183
 0.37073171 0.20330867 1.         0.14043041 0.75978655 0.76282694
 1.         1.         1.         0.05628265 0.11138614 0.08926383
 1.         0.         0.80249375 0.79969167 1.         1.
 1.         0.15695651 0.11241218 0.09127652]
deleted_not_scaled [1.20000000e+01 2.53631397e+00 1.54713870e+04 3.91619500e+06
 3.84000000e+03 2.16000000e+03 1.00000000e+00 1.36200000e+01
 7.42000000e-01 1.56450000e+01 1.20000000e+01 4.42921755e-01
 1.74519720e+04 4.42407500e+06 3.84000000e+03 2.16000000e+03
 1.00000000e+00 1.42410000e+01 7.39000000e-01 1.88520000e+01
 1.20000000e+01 6.90378186e-01 1.46854600e+04 3.73010700e+06
 3.84000000e+03 2.16000000e+03 1.00000000e+00 1.56770000e+01
 6.36000000e-01 8.08400000e+00 1.20000000e+01 0.00000000e+00
 1.61136660e+04 4.09891400e+06 3.84000000e+03 2.16000000e+03
 1.00000000e+00 1.88200000e+01 6.18000000e-01 8.62700000e+00
 2.34000000e+02]
deleted_idx_col 802
query_origi 716
query_idx 6
deleted_scaled [1.         0.07892131 0.83326435 0.82660215 1.         1.
 1.         0.32528546 0.5627907  0.45451813 1.         0.10324475
 0.83201734 0.82662355 1.         1.         1.         0.23468088
 0.05609756 0.11319371 1.         0.06893017 0.86481797 0.86828679
 1.         1.         1.         0.21814682 0.0519802  0.10879719
 1.         0.         0.82959803 0.82670238 1.         1.
 1.         0.34139403 0.45667447 0.16276781]
deleted_not_scaled [1.20000000e+01 3.70811025e-01 1.67202360e+04 4.23440000e+06
 3.84000000e+03 2.16000000e+03 1.00000000e+00 2.88040000e+01
 8.12000000e-01 4.38610000e+01 1.20000000e+01 3.38802637e-01
 1.66964690e+04 4.23464200e+06 3.84000000e+03 2.16000000e+03
 1.00000000e+00 2.15440000e+01 6.10000000e-01 1.04960000e+01
 1.20000000e+01 3.38871678e-01 1.66711410e+04 4.23447000e+06
 3.84000000e+03 2.16000000e+03 1.00000000e+00 2.15640000e+01
 6.12000000e-01 9.85300000e+00 1.20000000e+01 0.00000000e+00
 1.66470560e+04 4.23459500e+06 3.84000000e+03 2.16000000e+03
 1.00000000e+00 2.49140000e+01 7.65000000e-01 1.53840000e+01
 9.10000000e+01]
deleted_idx_col 6
query_origi 632
query_idx 554
deleted_scaled [1.         0.         0.91099752 0.9032732  1.         1.
 1.         0.20349622 0.44883721 0.01954404 1.         0.
 0.75532888 0.75004979 1.         1.         1.         0.27575892
 0.4        0.02995923 1.         0.         0.86529905 0.86833384
 1.         1.         1.         0.4805609  0.69059406 0.4244559
 1.         0.         0.8909513  0.88739956 1.         1.
 1.         0.31031143 0.44496487 0.00627414]
deleted_not_scaled [1.2000000e+01 0.0000000e+00 1.8249481e+04 4.6194000e+06 3.8400000e+03
 2.1600000e+03 1.0000000e+00 2.3119000e+01 7.6300000e-01 1.8860000e+00
 1.2000000e+01 0.0000000e+00 1.5188126e+04 3.8501900e+06 3.8400000e+03
 2.1600000e+03 1.0000000e+00 2.2931000e+01 7.5100000e-01 2.7780000e+00
 1.2000000e+01 0.0000000e+00 1.6680236e+04 4.2346950e+06 3.8400000e+03
 2.1600000e+03 1.0000000e+00 3.1108000e+01 8.7000000e-01 3.8440000e+01
 1.2000000e+01 0.0000000e+00 1.7854438e+04 4.5394910e+06 3.8400000e+03
 2.1600000e+03 1.0000000e+00 2.3887000e+01 7.6000000e-01 5.9300000e-01
 1.2100000e+02]
deleted_idx_col 554
query_origi 927
query_idx 985
deleted_scaled [1.         0.         0.8391727  0.83581721 1.         1.
 1.         0.27110692 0.75348837 0.07134715 1.         0.
 0.81964783 0.81761062 1.         1.         1.         0.23290389
 0.64634146 0.0192287  1.         0.         0.93898233 0.9465327
 1.         1.         1.         0.148584   0.67574257 0.00816007
 1.         0.         0.84919321 0.84962069 1.         1.
 1.         0.19651342 0.68618267 0.        ]
deleted_not_scaled [1.2000000e+01 0.0000000e+00 1.6836471e+04 4.2806730e+06 3.8400000e+03
 2.1600000e+03 1.0000000e+00 2.6275000e+01 8.9400000e-01 6.8850000e+00
 1.2000000e+01 0.0000000e+00 1.6453180e+04 4.1893910e+06 3.8400000e+03
 2.1600000e+03 1.0000000e+00 2.1484000e+01 8.5200000e-01 1.7830000e+00
 1.2000000e+01 0.0000000e+00 1.8073262e+04 4.6086820e+06 3.8400000e+03
 2.1600000e+03 1.0000000e+00 1.9034000e+01 8.6400000e-01 7.3900000e-01
 1.2000000e+01 0.0000000e+00 1.7032673e+04 4.3497190e+06 3.8400000e+03
 2.1600000e+03 1.0000000e+00 2.0127000e+01 8.6300000e-01 0.0000000e+00
 1.6900000e+02]
deleted_idx_col 985
query_origi 784
query_idx 296
deleted_scaled [0.00000000e+00 2.70201851e-01 3.01306313e-03 2.98718379e-03
 0.00000000e+00 0.00000000e+00 0.00000000e+00 3.32697787e-02
 2.93023256e-01 6.43005181e-02 0.00000000e+00 9.68144737e-02
 5.38883421e-04 6.16650029e-04 0.00000000e+00 0.00000000e+00
 0.00000000e+00 1.43610247e-01 4.58536585e-01 7.00990014e-04
 0.00000000e+00 1.06194575e-01 3.92365433e-03 3.79821316e-03
 0.00000000e+00 0.00000000e+00 0.00000000e+00 5.37778389e-01
 7.87128713e-01 9.03790731e-02 0.00000000e+00 0.00000000e+00
 2.02096835e-03 1.91012518e-03 0.00000000e+00 0.00000000e+00
 0.00000000e+00 9.13410611e-02 5.71428571e-01 8.73935354e-02]
deleted_not_scaled [0.00000000e+00 1.26954086e+00 3.86700000e+02 9.86570000e+04
 3.20000000e+02 1.80000000e+02 0.00000000e+00 1.51730000e+01
 6.96000000e-01 6.20500000e+00 0.00000000e+00 3.17701381e-01
 3.42579000e+02 8.75290000e+04 3.20000000e+02 1.80000000e+02
 0.00000000e+00 1.84690000e+01 7.75000000e-01 6.50000000e-02
 0.00000000e+00 5.22069394e-01 3.95426000e+02 1.00043000e+05
 3.20000000e+02 1.80000000e+02 0.00000000e+00 3.31890000e+01
 9.09000000e-01 8.18500000e+00 0.00000000e+00 0.00000000e+00
 3.61018000e+02 9.14730000e+04 3.20000000e+02 1.80000000e+02
 0.00000000e+00 1.66520000e+01 8.14000000e-01 8.26000000e+00
 2.39000000e+02]
deleted_idx_col 296
query_origi 765
query_idx 307
deleted_scaled [0.         0.         0.00191608 0.001818   0.         0.
 0.         0.1440048  0.30465116 0.00134715 0.25       0.
 0.02736042 0.02728955 0.05454545 0.05454545 0.         0.26879905
 0.43658537 0.2951815  0.33333333 0.         0.04446537 0.04480051
 0.09090909 0.09090909 0.         0.53126203 0.73267327 0.61869638
 0.         0.         0.00210537 0.00212931 0.         0.
 0.         0.15259829 0.34192037 0.02569962]
deleted_not_scaled [0.000000e+00 0.000000e+00 3.651190e+02 9.278600e+04 3.200000e+02
 1.800000e+02 0.000000e+00 2.034200e+01 7.010000e-01 1.300000e-01
 3.000000e+00 0.000000e+00 8.701170e+02 2.214450e+05 5.120000e+02
 2.880000e+02 0.000000e+00 2.269600e+01 7.660000e-01 2.737100e+01
 4.000000e+00 0.000000e+00 1.161891e+03 2.961370e+05 6.400000e+02
 3.600000e+02 0.000000e+00 3.295200e+01 8.870000e-01 5.603100e+01
 0.000000e+00 0.000000e+00 3.626790e+02 9.257400e+04 3.200000e+02
 1.800000e+02 0.000000e+00 1.867600e+01 7.160000e-01 2.429000e+00
 1.310000e+02]
deleted_idx_col 307
query_origi 426
query_idx 703
deleted_scaled [0.83333333 0.         0.39249148 0.3934834  0.63636364 0.63636364
 0.         0.07363054 0.13953488 0.09451813 0.83333333 0.
 0.44122624 0.43767094 0.63636364 0.63636364 0.         0.0836369
 0.18780488 0.09242284 0.83333333 0.         0.36606485 0.36712067
 0.63636364 0.63636364 0.         0.05092109 0.34158416 0.00162318
 0.83333333 0.         0.39541378 0.39361359 0.63636364 0.63636364
 0.         0.15683545 0.42622951 0.04955827]
deleted_not_scaled [1.000000e+01 0.000000e+00 8.048910e+03 2.059515e+06 2.560000e+03
 1.440000e+03 0.000000e+00 1.705700e+01 6.300000e-01 9.121000e+00
 1.000000e+01 0.000000e+00 9.010215e+03 2.281837e+06 2.560000e+03
 1.440000e+03 0.000000e+00 1.644400e+01 6.640000e-01 8.570000e+00
 1.000000e+01 0.000000e+00 7.241919e+03 1.837637e+06 2.560000e+03
 1.440000e+03 0.000000e+00 1.548200e+01 7.290000e-01 1.470000e-01
 1.000000e+01 0.000000e+00 8.102666e+03 2.059090e+06 2.560000e+03
 1.440000e+03 0.000000e+00 1.881600e+01 7.520000e-01 4.684000e+00
 1.430000e+02]
deleted_idx_col 703
query_origi 435
query_idx 457
deleted_scaled [0.83333333 0.         0.39180892 0.39139894 0.63636364 0.63636364
 0.         0.13395745 0.55116279 0.00567876 0.83333333 0.
 0.39318961 0.3934273  0.63636364 0.63636364 0.         0.44101881
 0.7902439  0.14676574 0.83333333 0.         0.40903685 0.41359373
 0.63636364 0.63636364 0.         0.27627165 0.67574257 0.0098495
 0.83333333 0.         0.39945425 0.39621092 0.63636364 0.63636364
 0.         0.18104779 0.58313817 0.        ]
deleted_not_scaled [1.000000e+01 0.000000e+00 8.035482e+03 2.049048e+06 2.560000e+03
 1.440000e+03 0.000000e+00 1.987300e+01 8.070000e-01 5.480000e-01
 1.000000e+01 0.000000e+00 8.065409e+03 2.059704e+06 2.560000e+03
 1.440000e+03 0.000000e+00 2.851100e+01 9.110000e-01 1.360900e+01
 1.000000e+01 0.000000e+00 8.054330e+03 2.059895e+06 2.560000e+03
 1.440000e+03 0.000000e+00 2.367800e+01 8.640000e-01 8.920000e-01
 1.000000e+01 0.000000e+00 8.182179e+03 2.072137e+06 2.560000e+03
 1.440000e+03 0.000000e+00 1.961600e+01 8.190000e-01 0.000000e+00
 2.010000e+02]
deleted_idx_col 457
query_origi 387
query_idx 813
deleted_scaled [0.91666667 0.         0.60577595 0.60546471 1.         1.
 0.         0.11694766 0.3744186  0.01075648 0.91666667 0.
 0.49331358 0.49384406 1.         1.         0.         0.1548645
 0.3804878  0.03768091 0.91666667 0.         0.5896537  0.59649657
 1.         1.         0.         0.23368161 0.51732673 0.09551362
 0.91666667 0.         0.57217638 0.56786379 1.         1.
 0.         0.26539754 0.51288056 0.05523991]
deleted_not_scaled [1.1000000e+01 0.0000000e+00 1.2244856e+04 3.1239690e+06 3.8400000e+03
 2.1600000e+03 0.0000000e+00 1.9079000e+01 7.3100000e-01 1.0380000e+00
 1.1000000e+01 0.0000000e+00 1.0034692e+04 2.5638640e+06 3.8400000e+03
 2.1600000e+03 0.0000000e+00 1.8849000e+01 7.4300000e-01 3.4940000e+00
 1.1000000e+01 0.0000000e+00 1.1468998e+04 2.9346300e+06 3.8400000e+03
 2.1600000e+03 0.0000000e+00 2.2129000e+01 8.0000000e-01 8.6500000e+00
 1.1000000e+01 0.0000000e+00 1.1581209e+04 2.9343890e+06 3.8400000e+03
 2.1600000e+03 0.0000000e+00 2.2403000e+01 7.8900000e-01 5.2210000e+00
 2.5400000e+02]
deleted_idx_col 813
query_origi 741
query_idx 990
deleted_scaled [0.83333333 0.         0.39508559 0.39346269 0.63636364 0.63636364
 0.         0.17748881 0.39302326 0.06048705 0.83333333 0.
 0.39435417 0.39338408 0.63636364 0.63636364 0.         0.22005035
 0.2902439  0.04885361 0.83333333 0.         0.41032742 0.41363158
 0.63636364 0.63636364 0.         0.3502612  0.57920792 0.23415744
 0.91666667 0.         0.62083964 0.62116076 1.         1.
 0.         0.12526861 0.3911007  0.10814156]
deleted_not_scaled [1.0000000e+01 0.0000000e+00 8.0999440e+03 2.0594110e+06 2.5600000e+03
 1.4400000e+03 0.0000000e+00 2.1905000e+01 7.3900000e-01 5.8370000e+00
 1.0000000e+01 0.0000000e+00 8.0883140e+03 2.0594870e+06 2.5600000e+03
 1.4400000e+03 0.0000000e+00 2.1050000e+01 7.0600000e-01 4.5300000e+00
 1.0000000e+01 0.0000000e+00 8.0787290e+03 2.0600760e+06 2.5600000e+03
 1.4400000e+03 0.0000000e+00 2.6369000e+01 8.2500000e-01 2.1206000e+01
 1.1000000e+01 0.0000000e+00 1.2538862e+04 3.2021120e+06 3.8400000e+03
 2.1600000e+03 0.0000000e+00 1.7773000e+01 7.3700000e-01 1.0221000e+01
 2.8200000e+02]
deleted_idx_col 990
query_origi 128
query_idx 909
deleted_scaled [0.         0.         0.00177802 0.00159934 0.         0.
 0.         0.74395338 0.99302326 0.67647668 0.41666667 0.
 0.07778687 0.07714758 0.18181818 0.17171717 0.         0.70451651
 0.99756098 0.84936264 0.58333333 0.         0.14651206 0.14688933
 0.27272727 0.27272727 0.         1.         1.         0.7411084
 0.58333333 0.         0.14046088 0.13979051 0.27272727 0.27272727
 0.         0.93323447 1.         0.86506904]
deleted_not_scaled [0.000000e+00 0.000000e+00 3.624030e+02 9.168800e+04 3.200000e+02
 1.800000e+02 0.000000e+00 4.834700e+01 9.970000e-01 6.528000e+01
 5.000000e+00 0.000000e+00 1.861927e+03 4.717660e+05 9.600000e+02
 5.200000e+02 0.000000e+00 3.740800e+01 9.960000e-01 7.875800e+01
 7.000000e+00 0.000000e+00 3.091144e+03 7.843780e+05 1.280000e+03
 7.200000e+02 0.000000e+00 5.000000e+01 9.950000e-01 6.711700e+01
 7.000000e+00 0.000000e+00 3.085402e+03 7.840780e+05 1.280000e+03
 7.200000e+02 0.000000e+00 4.446900e+01 9.970000e-01 8.176200e+01
 0.000000e+00]
deleted_idx_col 909
query_origi 417
query_idx 95
deleted_scaled [0.         0.         0.00191608 0.001818   0.         0.
 0.         0.1440048  0.30465116 0.00134715 0.         0.
 0.00163836 0.0016446  0.         0.         0.         0.26805864
 0.43658537 0.         0.         0.32644886 0.00241278 0.00243094
 0.         0.         0.         0.41644212 0.59158416 0.00522288
 0.         0.         0.00210537 0.00212931 0.         0.
 0.         0.15259829 0.34192037 0.02569962]
deleted_not_scaled [0.00000000e+00 0.00000000e+00 3.65119000e+02 9.27860000e+04
 3.20000000e+02 1.80000000e+02 0.00000000e+00 2.03420000e+01
 7.01000000e-01 1.30000000e-01 0.00000000e+00 0.00000000e+00
 3.64204000e+02 9.26900000e+04 3.20000000e+02 1.80000000e+02
 0.00000000e+00 2.26710000e+01 7.66000000e-01 0.00000000e+00
 0.00000000e+00 1.60487443e+00 3.66862000e+02 9.35040000e+04
 3.20000000e+02 1.80000000e+02 0.00000000e+00 2.87760000e+01
 8.30000000e-01 4.73000000e-01 0.00000000e+00 0.00000000e+00
 3.62679000e+02 9.25740000e+04 3.20000000e+02 1.80000000e+02
 0.00000000e+00 1.86760000e+01 7.16000000e-01 2.42900000e+00
 1.31000000e+02]
deleted_idx_col 95
query_origi 760
query_idx 949
deleted_scaled [0.83333333 0.         0.394915   0.39188187 0.63636364 0.63636364
 0.         0.06180509 0.52790698 0.11022798 0.83333333 0.
 0.34736179 0.34526108 0.63636364 0.63636364 0.         0.19603139
 0.3        0.02606604 0.83333333 0.         0.43264283 0.434571
 0.63636364 0.63636364 0.         0.02295848 0.50742574 0.07931495
 0.83333333 0.         0.37930818 0.37816059 0.63636364 0.63636364
 0.         0.06555492 0.37002342 0.11848913]
deleted_not_scaled [1.000000e+01 0.000000e+00 8.096588e+03 2.051473e+06 2.560000e+03
 1.440000e+03 0.000000e+00 1.650500e+01 7.970000e-01 1.063700e+01
 1.000000e+01 0.000000e+00 7.164047e+03 1.817877e+06 2.560000e+03
 1.440000e+03 0.000000e+00 2.023900e+01 7.100000e-01 2.417000e+00
 1.000000e+01 0.000000e+00 8.500615e+03 2.160219e+06 2.560000e+03
 1.440000e+03 0.000000e+00 1.446500e+01 7.960000e-01 7.183000e+00
 1.000000e+01 0.000000e+00 7.785721e+03 1.981466e+06 2.560000e+03
 1.440000e+03 0.000000e+00 1.580000e+01 7.280000e-01 1.119900e+01
 2.420000e+02]
deleted_idx_col 949
query_origi 350
query_idx 583
deleted_scaled [0.33333333 0.         0.04258445 0.04242378 0.09090909 0.09090909
 0.         0.03421239 0.21395349 0.43318135 0.33333333 0.
 0.04241987 0.04241998 0.09090909 0.09090909 0.         0.06394195
 0.17560976 0.4141449  0.33333333 0.         0.04445786 0.04494479
 0.09090909 0.09090909 0.         0.58831454 0.81435644 0.67249318
 0.33333333 0.         0.04265528 0.04282264 0.09090909 0.09090909
 0.         0.10623165 0.17330211 0.32232979]
deleted_not_scaled [4.000000e+00 0.000000e+00 1.165188e+03 2.966860e+05 6.400000e+02
 3.600000e+02 0.000000e+00 1.521700e+01 6.620000e-01 4.180200e+01
 4.000000e+00 0.000000e+00 1.166313e+03 2.974100e+05 6.400000e+02
 3.600000e+02 0.000000e+00 1.577900e+01 6.590000e-01 3.840200e+01
 4.000000e+00 0.000000e+00 1.161749e+03 2.968270e+05 6.400000e+02
 3.600000e+02 0.000000e+00 3.502700e+01 9.200000e-01 6.090300e+01
 4.000000e+00 0.000000e+00 1.160668e+03 2.969860e+05 6.400000e+02
 3.600000e+02 0.000000e+00 1.714400e+01 6.440000e-01 3.046500e+01
 1.400000e+02]
deleted_idx_col 583
query_origi 15
query_idx 528
deleted_scaled [0.33333333 0.         0.04267833 0.04240128 0.09090909 0.09090909
 0.         0.48062298 0.97906977 0.50648705 0.66666667 0.
 0.20648412 0.20587606 0.45454545 0.45454545 0.         0.94266252
 0.5804878  0.57192158 0.75       0.         0.28908085 0.29125991
 0.45454545 0.45454545 0.         0.14146274 0.38366337 0.36045626
 0.83333333 0.         0.35907899 0.35909438 0.63636364 0.63636364
 0.         0.03973851 0.44496487 0.16303232]
deleted_not_scaled [4.000000e+00 0.000000e+00 1.167035e+03 2.965730e+05 6.400000e+02
 3.600000e+02 0.000000e+00 3.605500e+01 9.910000e-01 4.887600e+01
 8.000000e+00 0.000000e+00 4.393202e+03 1.118070e+06 1.920000e+03
 1.080000e+03 0.000000e+00 4.544900e+01 8.250000e-01 5.303200e+01
 9.000000e+00 0.000000e+00 5.786491e+03 1.474832e+06 1.920000e+03
 1.080000e+03 0.000000e+00 1.877500e+01 7.460000e-01 3.264400e+01
 1.000000e+01 0.000000e+00 7.387627e+03 1.885692e+06 2.560000e+03
 1.440000e+03 0.000000e+00 1.494700e+01 7.600000e-01 1.540900e+01
 3.000000e+00]
deleted_idx_col 528
query_origi 0
query_idx 54
deleted_scaled [0.         0.20636822 0.00102038 0.00086569 0.         0.
 0.         0.09222563 0.64418605 0.00273575 0.         0.
 0.0020723  0.00201228 0.         0.         0.         0.07350807
 0.45853659 0.         0.         0.         0.0021354  0.00208531
 0.         0.         0.         0.53766841 0.80940594 0.02581628
 0.         0.         0.00225787 0.00221809 0.         0.
 0.         0.17802125 0.7236534  0.00787177]
deleted_not_scaled [0.00000000e+00 9.69619149e-01 3.47498000e+02 8.80040000e+04
 3.20000000e+02 1.80000000e+02 0.00000000e+00 1.79250000e+01
 8.47000000e-01 2.64000000e-01 0.00000000e+00 0.00000000e+00
 3.72739000e+02 9.45360000e+04 3.20000000e+02 1.80000000e+02
 0.00000000e+00 1.61020000e+01 7.75000000e-01 0.00000000e+00
 0.00000000e+00 0.00000000e+00 3.61618000e+02 9.18510000e+04
 3.20000000e+02 1.80000000e+02 0.00000000e+00 3.31850000e+01
 9.18000000e-01 2.33800000e+00 0.00000000e+00 0.00000000e+00
 3.65680000e+02 9.30200000e+04 3.20000000e+02 1.80000000e+02
 0.00000000e+00 1.95160000e+01 8.79000000e-01 7.44000000e-01
 2.19000000e+02]
deleted_idx_col 54
query_origi 744
query_idx 902
deleted_scaled [0.25       1.         0.02684959 0.02649293 0.05454545 0.05454545
 0.         0.20523147 0.69069767 0.16088083 0.41666667 0.01066216
 0.08492897 0.08433645 0.18181818 0.17171717 0.         0.29326225
 0.64634146 0.13069689 0.         0.04051533 0.00115997 0.0011059
 0.         0.         0.         0.36651086 0.7450495  0.
 0.         0.         0.0024936  0.002453   0.         0.
 0.         0.44254109 0.78688525 0.        ]
deleted_not_scaled [3.00000000e+00 4.69849063e+00 8.55636000e+02 2.16690000e+05
 5.12000000e+02 2.88000000e+02 0.00000000e+00 2.32000000e+01
 8.67000000e-01 1.55250000e+01 5.00000000e+00 3.49883843e-02
 2.00240100e+03 5.07859000e+05 9.60000000e+02 5.20000000e+02
 0.00000000e+00 2.35220000e+01 8.52000000e-01 1.21190000e+01
 0.00000000e+00 1.99179802e-01 3.43177000e+02 8.71670000e+04
 3.20000000e+02 1.80000000e+02 0.00000000e+00 2.69600000e+01
 8.92000000e-01 0.00000000e+00 0.00000000e+00 0.00000000e+00
 3.70319000e+02 9.42000000e+04 3.20000000e+02 1.80000000e+02
 0.00000000e+00 2.82560000e+01 9.06000000e-01 0.00000000e+00
 4.60000000e+01]
deleted_idx_col 902
