query_origi 8
query_idx 12
deleted_scaled [1.66666667e-01 0.00000000e+00 1.81388678e-02 1.81228457e-02
 5.45454545e-02 5.45454545e-02 0.00000000e+00 5.45834315e-01
 8.81395349e-01 5.06466321e-01 8.33333333e-02 4.45394773e-01
 8.67475709e-03 8.77252386e-03 1.81818182e-02 1.81818182e-02
 0.00000000e+00 3.05641937e-01 7.53658537e-01 0.00000000e+00
 8.33333333e-02 0.00000000e+00 1.12787805e-02 1.11681894e-02
 1.81818182e-02 1.81818182e-02 0.00000000e+00 2.25570525e-01
 7.10396040e-01 0.00000000e+00 0.00000000e+00 0.00000000e+00
 1.92873890e-03 1.82750903e-03 0.00000000e+00 0.00000000e+00
 0.00000000e+00 2.79561757e-01 7.21311475e-01 2.11606623e-05]
deleted_not_scaled [2.00000000e+00 0.00000000e+00 6.84270000e+02 1.74660000e+05
 5.12000000e+02 2.88000000e+02 0.00000000e+00 3.90990000e+01
 9.49000000e-01 4.88740000e+01 1.00000000e+00 1.46158451e+00
 5.02599000e+02 1.28477000e+05 3.84000000e+02 2.16000000e+02
 0.00000000e+00 2.39400000e+01 8.96000000e-01 0.00000000e+00
 1.00000000e+00 0.00000000e+00 5.34479000e+02 1.35290000e+05
 3.84000000e+02 2.16000000e+02 0.00000000e+00 2.18340000e+01
 8.78000000e-01 0.00000000e+00 0.00000000e+00 0.00000000e+00
 3.59203000e+02 9.10580000e+04 3.20000000e+02 1.80000000e+02
 0.00000000e+00 2.28710000e+01 8.78000000e-01 2.00000000e-03
 2.77000000e+02]
deleted_idx_col 12
query_origi 634
query_idx 96
deleted_scaled [1.         0.06823407 0.83214581 0.82673936 1.         1.
 1.         0.31262452 0.58372093 0.07807254 1.         0.16071157
 0.83067575 0.82653571 1.         1.         1.         0.36306827
 0.48292683 0.00786187 1.         0.13351528 0.86354877 0.86831774
 1.         1.         1.         0.15515535 0.34405941 0.07892848
 1.         0.         0.8283464  0.82669601 1.         1.
 1.         0.25550074 0.54098361 0.13796752]
deleted_not_scaled [1.20000000e+01 3.20597144e-01 1.66982310e+04 4.23508900e+06
 3.84000000e+03 2.16000000e+03 1.00000000e+00 2.82130000e+01
 8.21000000e-01 7.53400000e+00 1.20000000e+01 5.27382807e-01
 1.66700820e+04 4.23420100e+06 3.84000000e+03 2.16000000e+03
 1.00000000e+00 2.58790000e+01 7.85000000e-01 7.29000000e-01
 1.20000000e+01 6.56382343e-01 1.66471460e+04 4.23461800e+06
 3.84000000e+03 2.16000000e+03 1.00000000e+00 1.92730000e+01
 7.30000000e-01 7.14800000e+00 1.20000000e+01 0.00000000e+00
 1.66224250e+04 4.23456300e+06 3.84000000e+03 2.16000000e+03
 1.00000000e+00 2.20760000e+01 8.01000000e-01 1.30400000e+01
 7.70000000e+01]
deleted_idx_col 96
query_origi 424
query_idx 447
deleted_scaled [0.41666667 0.         0.07626492 0.07624986 0.18181818 0.17171717
 0.         0.05998415 0.26976744 0.00592746 0.41666667 0.
 0.07720106 0.07739535 0.18181818 0.17171717 0.         0.18311861
 0.26829268 0.01847378 0.5        0.         0.11298563 0.11293814
 0.27272727 0.27272727 0.         0.10478416 0.43811881 0.22693595
 0.58333333 0.         0.14092483 0.13986735 0.27272727 0.27272727
 0.         0.20120456 0.70257611 0.13476168]
deleted_not_scaled [5.000000e+00 0.000000e+00 1.827784e+03 4.665420e+05 9.600000e+02
 5.200000e+02 0.000000e+00 1.642000e+01 6.860000e-01 5.720000e-01
 5.000000e+00 0.000000e+00 1.850405e+03 4.730100e+05 9.600000e+02
 5.200000e+02 0.000000e+00 1.980300e+01 6.970000e-01 1.713000e+00
 6.000000e+00 0.000000e+00 2.457307e+03 6.220060e+05 1.280000e+03
 7.200000e+02 0.000000e+00 1.744100e+01 7.680000e-01 2.055200e+01
 7.000000e+00 0.000000e+00 3.094532e+03 7.844640e+05 1.280000e+03
 7.200000e+02 0.000000e+00 2.028200e+01 8.700000e-01 1.273700e+01
 1.490000e+02]
deleted_idx_col 447
query_origi 830
query_idx 565
deleted_scaled [0.25       0.         0.03174126 0.03160699 0.05454545 0.05454545
 0.         0.12817327 0.60930233 0.16746114 0.16666667 0.
 0.01596186 0.01598948 0.05454545 0.05454545 0.         0.18122316
 0.60487805 0.19491836 0.25       0.         0.02733086 0.02764635
 0.05454545 0.05454545 0.         0.17970855 0.63118812 0.1939313
 0.25       0.         0.02889511 0.02902912 0.05454545 0.05454545
 0.         0.30292667 0.67213115 0.24516743]
deleted_not_scaled [3.00000e+00 0.00000e+00 9.51870e+02 2.42370e+05 5.12000e+02 2.88000e+02
 0.00000e+00 1.96030e+01 8.32000e-01 1.61600e+01 2.00000e+00 0.00000e+00
 6.45925e+02 1.64711e+05 5.12000e+02 2.88000e+02 0.00000e+00 1.97390e+01
 8.35000e-01 1.80740e+01 3.00000e+00 0.00000e+00 8.37953e+02 2.14097e+05
 5.12000e+02 2.88000e+02 0.00000e+00 2.01660e+01 8.46000e-01 1.75630e+01
 3.00000e+00 0.00000e+00 8.89879e+02 2.27698e+05 5.12000e+02 2.88000e+02
 0.00000e+00 2.36430e+01 8.57000e-01 2.31720e+01 2.68000e+02]
deleted_idx_col 565
query_origi 194
query_idx 519
deleted_scaled [0.5        0.         0.0916337  0.09183101 0.27272727 0.27272727
 0.         0.18554382 0.67674419 0.27235233 0.5        0.
 0.10792759 0.10700392 0.27272727 0.27272727 0.         0.16700726
 0.58292683 0.20474301 0.5        0.         0.11314966 0.11335946
 0.27272727 0.27272727 0.         0.11811933 0.53712871 0.25097446
 0.5        0.         0.10757425 0.10698891 0.27272727 0.27272727
 0.         0.45143912 0.78220141 0.49192192]
deleted_not_scaled [6.000000e+00 0.000000e+00 2.130134e+03 5.447820e+05 1.280000e+03
 7.200000e+02 0.000000e+00 2.228100e+01 8.610000e-01 2.628200e+01
 6.000000e+00 0.000000e+00 2.454748e+03 6.216650e+05 1.280000e+03
 7.200000e+02 0.000000e+00 1.925900e+01 8.260000e-01 1.898500e+01
 6.000000e+00 0.000000e+00 2.460408e+03 6.240210e+05 1.280000e+03
 7.200000e+02 0.000000e+00 1.792600e+01 8.080000e-01 2.272900e+01
 6.000000e+00 0.000000e+00 2.438220e+03 6.193080e+05 1.280000e+03
 7.200000e+02 0.000000e+00 2.855000e+01 9.040000e-01 4.649400e+01
 6.000000e+01]
deleted_idx_col 519
query_origi 90
query_idx 753
deleted_scaled [0.16666667 0.         0.01814822 0.01809815 0.05454545 0.05454545
 0.         0.0458236  0.21395349 0.38260104 0.16666667 0.
 0.01781152 0.01790516 0.05454545 0.05454545 0.         0.58735377
 0.78292683 0.51133447 0.25       0.1072546  0.02864079 0.02903704
 0.05454545 0.05454545 0.         0.09747044 0.13861386 0.3198326
 0.16666667 0.         0.02132192 0.0210504  0.05454545 0.05454545
 0.         0.08849611 0.26932084 0.28936148]
deleted_not_scaled [2.00000000e+00 0.00000000e+00 6.84454000e+02 1.74536000e+05
 5.12000000e+02 2.88000000e+02 0.00000000e+00 1.57590000e+01
 6.62000000e-01 3.69210000e+01 2.00000000e+00 0.00000000e+00
 6.82305000e+02 1.74329000e+05 5.12000000e+02 2.88000000e+02
 0.00000000e+00 3.34520000e+01 9.08000000e-01 4.74140000e+01
 3.00000000e+00 5.27280643e-01 8.62718000e+02 2.20748000e+05
 5.12000000e+02 2.88000000e+02 0.00000000e+00 1.71750000e+01
 6.47000000e-01 2.89650000e+01 2.00000000e+00 0.00000000e+00
 7.40845000e+02 1.87619000e+05 5.12000000e+02 2.88000000e+02
 0.00000000e+00 1.65580000e+01 6.85000000e-01 2.73490000e+01
 1.41000000e+02]
deleted_idx_col 753
query_origi 507
query_idx 520
deleted_scaled [0.16666667 0.         0.01820551 0.01812125 0.05454545 0.05454545
 0.         0.14927483 0.26976744 0.27471503 0.25       0.
 0.02923576 0.02927215 0.05454545 0.05454545 0.         0.04309196
 0.23170732 0.40155943 0.25       0.         0.02695838 0.02727019
 0.05454545 0.05454545 0.         0.13112455 0.43069307 0.19242958
 0.25       0.         0.03242193 0.03201545 0.05454545 0.05454545
 0.         0.68790291 0.82669789 0.58768449]
deleted_not_scaled [2.00000e+00 0.00000e+00 6.85581e+02 1.74652e+05 5.12000e+02 2.88000e+02
 0.00000e+00 2.05880e+01 6.86000e-01 2.65100e+01 3.00000e+00 0.00000e+00
 9.07002e+02 2.31399e+05 5.12000e+02 2.88000e+02 0.00000e+00 1.50750e+01
 6.82000e-01 3.72350e+01 3.00000e+00 0.00000e+00 8.30911e+02 2.12298e+05
 5.12000e+02 2.88000e+02 0.00000e+00 1.83990e+01 7.65000e-01 1.74270e+01
 3.00000e+00 0.00000e+00 9.59284e+02 2.42699e+05 5.12000e+02 2.88000e+02
 0.00000e+00 3.63630e+01 9.23000e-01 5.55450e+01 2.38000e+02]
deleted_idx_col 520
query_origi 939
query_idx 965
deleted_scaled [0.58333333 0.         0.1406007  0.13966259 0.27272727 0.27272727
 0.         0.19259196 0.4627907  0.22415544 0.58333333 0.
 0.13998004 0.139341   0.27272727 0.27272727 0.         0.6931734
 0.86585366 0.76803701 0.58333333 0.         0.14599449 0.14685337
 0.27272727 0.27272727 0.         0.17629915 0.4950495  0.31979948
 0.58333333 0.         0.1399728  0.13976383 0.27272727 0.27272727
 0.         0.20417058 0.46604215 0.33129133]
deleted_not_scaled [7.000000e+00 0.000000e+00 3.093462e+03 7.849660e+05 1.280000e+03
 7.200000e+02 0.000000e+00 2.261000e+01 7.690000e-01 2.163100e+01
 7.000000e+00 0.000000e+00 3.085170e+03 7.840190e+05 1.280000e+03
 7.200000e+02 0.000000e+00 3.702500e+01 9.420000e-01 7.121700e+01
 7.000000e+00 0.000000e+00 3.081359e+03 7.842060e+05 1.280000e+03
 7.200000e+02 0.000000e+00 2.004200e+01 7.910000e-01 2.896200e+01
 7.000000e+00 0.000000e+00 3.075797e+03 7.839440e+05 1.280000e+03
 7.200000e+02 0.000000e+00 2.038000e+01 7.690000e-01 3.131200e+01
 8.500000e+01]
deleted_idx_col 965
query_origi 707
query_idx 787
deleted_scaled [0.41666667 0.         0.07723066 0.07739953 0.18181818 0.17171717
 0.         0.55843099 0.88139535 0.85380311 0.5        0.
 0.1079645  0.10704057 0.27272727 0.27272727 0.         0.45262846
 0.56829268 0.42710782 0.5        0.         0.11274983 0.11295863
 0.27272727 0.27272727 0.         0.22680781 0.11138614 0.36018021
 0.5        0.         0.10809861 0.10751068 0.27272727 0.27272727
 0.         0.24953845 0.15456674 0.32557795]
deleted_not_scaled [5.000000e+00 0.000000e+00 1.846783e+03 4.723150e+05 9.600000e+02
 5.200000e+02 0.000000e+00 3.968700e+01 9.490000e-01 8.239200e+01
 6.000000e+00 0.000000e+00 2.455474e+03 6.218490e+05 1.280000e+03
 7.200000e+02 0.000000e+00 2.890300e+01 8.200000e-01 3.960400e+01
 6.000000e+00 0.000000e+00 2.452849e+03 6.221040e+05 1.280000e+03
 7.200000e+02 0.000000e+00 2.187900e+01 6.360000e-01 3.261900e+01
 6.000000e+00 0.000000e+00 2.448539e+03 6.219290e+05 1.280000e+03
 7.200000e+02 0.000000e+00 2.187900e+01 6.360000e-01 3.077200e+01
 9.000000e+01]
deleted_idx_col 787
query_origi 731
query_idx 630
deleted_scaled [1.         0.         0.8275702  0.82674055 1.         1.
 1.         0.27228518 0.58372093 0.22115026 1.         0.
 0.90362401 0.90408065 1.         1.         1.         0.12287872
 0.36097561 0.11227703 1.         0.         0.85407914 0.86353009
 1.         1.         1.         0.22760517 0.58415842 0.0165741
 1.         0.         0.75991337 0.75383712 1.         1.
 1.         0.2296238  0.36065574 0.06032905]
deleted_not_scaled [1.2000000e+01 0.0000000e+00 1.6608215e+04 4.2350950e+06 3.8400000e+03
 2.1600000e+03 1.0000000e+00 2.6330000e+01 8.2100000e-01 2.1341000e+01
 1.2000000e+01 0.0000000e+00 1.8104861e+04 4.6235290e+06 3.8400000e+03
 2.1600000e+03 1.0000000e+00 1.7769000e+01 7.3500000e-01 1.0411000e+01
 1.2000000e+01 0.0000000e+00 1.6468117e+04 4.2117210e+06 3.8400000e+03
 2.1600000e+03 1.0000000e+00 2.1908000e+01 8.2700000e-01 1.5010000e+00
 1.2000000e+01 0.0000000e+00 1.5275719e+04 3.8685760e+06 3.8400000e+03
 2.1600000e+03 1.0000000e+00 2.1221000e+01 7.2400000e-01 5.7020000e+00
 2.8400000e+02]
deleted_idx_col 630
query_origi 731
query_idx 775
deleted_scaled [0.25       0.         0.02576206 0.02551772 0.05454545 0.05454545
 0.         0.24842006 0.73953488 0.12557513 0.33333333 0.
 0.04256803 0.0423933  0.09090909 0.09090909 0.         0.3805716
 0.76585366 0.25173091 0.33333333 0.         0.04485181 0.04512879
 0.09090909 0.09090909 0.         0.21710201 0.67574257 0.23368263
 0.33333333 0.         0.04284411 0.0428091  0.09090909 0.09090909
 0.         0.16385703 0.70725995 0.1507803 ]
deleted_not_scaled [3.000000e+00 0.000000e+00 8.342410e+02 2.117930e+05 5.120000e+02
 2.880000e+02 0.000000e+00 2.521600e+01 8.880000e-01 1.211800e+01
 4.000000e+00 0.000000e+00 1.169227e+03 2.972760e+05 6.400000e+02
 3.600000e+02 0.000000e+00 2.647000e+01 9.010000e-01 2.334200e+01
 4.000000e+00 0.000000e+00 1.169197e+03 2.977070e+05 6.400000e+02
 3.600000e+02 0.000000e+00 2.152600e+01 8.640000e-01 2.116300e+01
 4.000000e+00 0.000000e+00 1.164384e+03 2.969180e+05 6.400000e+02
 3.600000e+02 0.000000e+00 1.904800e+01 8.720000e-01 1.425100e+01
 1.680000e+02]
deleted_idx_col 775
query_origi 281
query_idx 111
deleted_scaled [1.         0.07833125 0.83252841 0.83294155 1.         1.
 1.         0.24584931 0.78837209 0.07468394 1.         0.18551408
 0.78047011 0.78204529 1.         1.         1.         0.73490301
 0.80731707 0.79312167 1.         0.1099702  0.86740816 0.86826546
 1.         1.         1.         0.14162772 0.3960396  0.03271756
 1.         0.         0.86940528 0.86376975 1.         1.
 1.         0.97085439 0.96252927 0.94812464]
deleted_not_scaled [1.20000000e+01 3.68038646e-01 1.67057580e+04 4.26623300e+06
 3.84000000e+03 2.16000000e+03 1.00000000e+00 2.50960000e+01
 9.09000000e-01 7.20700000e+00 1.20000000e+01 6.08773441e-01
 1.56826150e+04 4.01082900e+06 3.84000000e+03 2.16000000e+03
 1.00000000e+00 3.84340000e+01 9.18000000e-01 7.35430000e+01
 1.20000000e+01 5.40630960e-01 1.67201100e+04 4.23436800e+06
 3.84000000e+03 2.16000000e+03 1.00000000e+00 1.87810000e+01
 7.51000000e-01 2.96300000e+00 1.20000000e+01 0.00000000e+00
 1.74304300e+04 4.42079300e+06 3.84000000e+03 2.16000000e+03
 1.00000000e+00 4.57120000e+01 9.81000000e-01 8.96120000e+01
 1.87000000e+02]
deleted_idx_col 111
query_origi 597
query_idx 512
deleted_scaled [1.         0.         0.82901309 0.82652548 1.         1.
 1.         0.19274192 0.41395349 0.1333057  0.91666667 0.
 0.568473   0.5676393  1.         1.         0.         0.75205094
 0.86097561 0.90601342 0.91666667 0.         0.59103572 0.59639223
 1.         1.         0.         0.12930987 0.20792079 0.11357839
 1.         0.         0.8818089  0.8831312  1.         1.
 1.         0.05456857 0.16627635 0.16620642]
deleted_not_scaled [1.2000000e+01 0.0000000e+00 1.6636601e+04 4.2340150e+06 3.8400000e+03
 2.1600000e+03 1.0000000e+00 2.2617000e+01 7.4800000e-01 1.2864000e+01
 1.1000000e+01 0.0000000e+00 1.1512961e+04 2.9343660e+06 3.8400000e+03
 2.1600000e+03 0.0000000e+00 3.9013000e+01 9.4000000e-01 8.4011000e+01
 1.1000000e+01 0.0000000e+00 1.1495126e+04 2.9341310e+06 3.8400000e+03
 2.1600000e+03 0.0000000e+00 1.8333000e+01 6.7500000e-01 1.0286000e+01
 1.2000000e+01 0.0000000e+00 1.7674523e+04 4.5180500e+06 3.8400000e+03
 2.1600000e+03 1.0000000e+00 1.5437000e+01 6.4100000e-01 1.5709000e+01
 1.3200000e+02]
deleted_idx_col 512
query_origi 24
query_idx 463
deleted_scaled [1.         0.         0.83411185 0.82660971 1.         1.
 1.         0.23646608 0.55813953 0.04356477 0.91666667 0.
 0.57196982 0.56767057 1.         1.         0.         0.26779209
 0.4804878  0.01467765 1.         0.         0.86579768 0.86839803
 1.         1.         1.         0.24844652 0.42574257 0.02938286
 0.91666667 0.         0.57037356 0.5677981  1.         1.
 0.         0.71626161 0.88056206 0.68819764]
deleted_not_scaled [1.2000000e+01 0.0000000e+00 1.6736909e+04 4.2344380e+06 3.8400000e+03
 2.1600000e+03 1.0000000e+00 2.4658000e+01 8.1000000e-01 4.2040000e+00
 1.1000000e+01 0.0000000e+00 1.1581738e+04 2.9345230e+06 3.8400000e+03
 2.1600000e+03 0.0000000e+00 2.2662000e+01 7.8400000e-01 1.3610000e+00
 1.2000000e+01 0.0000000e+00 1.6689663e+04 4.2350020e+06 3.8400000e+03
 2.1600000e+03 1.0000000e+00 2.2666000e+01 7.6300000e-01 2.6610000e+00
 1.1000000e+01 0.0000000e+00 1.1545731e+04 2.9340590e+06 3.8400000e+03
 2.1600000e+03 0.0000000e+00 3.7300000e+01 9.4600000e-01 6.5045000e+01
 8.3000000e+01]
deleted_idx_col 463
query_origi 244
query_idx 574
deleted_scaled [0.91666667 0.         0.57000759 0.5697133  1.         1.
 0.         0.02924227 0.2        0.11596891 0.91666667 0.
 0.56505575 0.56565212 1.         1.         0.         0.14295869
 0.38780488 0.02176304 1.         0.         1.         1.
 1.         1.         1.         0.77165246 0.88366337 1.
 0.91666667 0.         0.54587625 0.54175749 1.         1.
 0.         0.08686178 0.52693208 0.11360102]
deleted_not_scaled [1.1000000e+01 0.0000000e+00 1.1541185e+04 2.9444450e+06 3.8400000e+03
 2.1600000e+03 0.0000000e+00 1.4985000e+01 6.5600000e-01 1.1191000e+01
 1.1000000e+01 0.0000000e+00 1.1445749e+04 2.9243890e+06 3.8400000e+03
 2.1600000e+03 0.0000000e+00 1.8447000e+01 7.4600000e-01 2.0180000e+00
 1.2000000e+01 0.0000000e+00 1.9226837e+04 4.8643900e+06 3.8400000e+03
 2.1600000e+03 1.0000000e+00 4.1695000e+01 9.4800000e-01 9.0563000e+01
 1.1000000e+01 0.0000000e+00 1.1063644e+04 2.8032510e+06 3.8400000e+03
 2.1600000e+03 0.0000000e+00 1.6504000e+01 7.9500000e-01 1.0737000e+01
 2.3900000e+02]
deleted_idx_col 574
query_origi 503
query_idx 918
deleted_scaled [0.91666667 0.         0.56860221 0.56343623 1.         1.
 0.         0.13254354 0.6        0.02491192 0.91666667 0.
 0.60949469 0.60491754 1.         1.         0.         0.90087369
 0.94390244 0.97746047 0.91666667 0.         0.58773088 0.58947181
 1.         1.         0.         0.26612593 0.6980198  0.01966587
 0.91666667 0.         0.53940098 0.5372349  1.         1.
 0.         0.35631488 0.71662763 0.1635825 ]
deleted_not_scaled [1.1000000e+01 0.0000000e+00 1.1513537e+04 2.9129250e+06 3.8400000e+03
 2.1600000e+03 0.0000000e+00 1.9807000e+01 8.2800000e-01 2.4040000e+00
 1.1000000e+01 0.0000000e+00 1.2319794e+04 3.1215280e+06 3.8400000e+03
 2.1600000e+03 0.0000000e+00 4.4038000e+01 9.7400000e-01 9.0636000e+01
 1.1000000e+01 0.0000000e+00 1.1432646e+04 2.9010340e+06 3.8400000e+03
 2.1600000e+03 0.0000000e+00 2.3309000e+01 8.7300000e-01 1.7810000e+00
 1.1000000e+01 0.0000000e+00 1.0936216e+04 2.7805330e+06 3.8400000e+03
 2.1600000e+03 0.0000000e+00 2.5407000e+01 8.7600000e-01 1.5461000e+01
 1.9600000e+02]
deleted_idx_col 918
query_origi 690
query_idx 449
deleted_scaled [0.91666667 0.         0.57024644 0.56765274 1.         1.
 0.         0.11133486 0.42093023 0.0480829  1.         0.
 0.83767651 0.83517558 1.         1.         1.         0.05585666
 0.3        0.05618705 0.91666667 0.         0.65641675 0.66136478
 1.         1.         0.         0.12301347 0.47029703 0.
 0.91666667 0.         0.50594339 0.50595523 1.         1.
 0.         0.08326019 0.2529274  0.01077078]
deleted_not_scaled [1.1000000e+01 0.0000000e+00 1.1545884e+04 2.9340980e+06 3.8400000e+03
 2.1600000e+03 0.0000000e+00 1.8817000e+01 7.5100000e-01 4.6400000e+00
 1.2000000e+01 0.0000000e+00 1.6807776e+04 4.2775790e+06 3.8400000e+03
 2.1600000e+03 1.0000000e+00 1.5506000e+01 7.1000000e-01 5.2100000e+00
 1.1000000e+01 0.0000000e+00 1.2731193e+04 3.2448630e+06 3.8400000e+03
 2.1600000e+03 0.0000000e+00 1.8104000e+01 7.8100000e-01 0.0000000e+00
 1.1000000e+01 0.0000000e+00 1.0277798e+04 2.6234080e+06 3.8400000e+03
 2.1600000e+03 0.0000000e+00 1.6385000e+01 6.7800000e-01 1.0180000e+00
 1.4600000e+02]
deleted_idx_col 449
query_origi 466
query_idx 478
deleted_scaled [0.         0.         0.00201637 0.00186301 0.         0.
 0.         0.39028257 0.98139535 0.15226943 0.         0.
 0.00177686 0.00172785 0.         0.         0.         0.68662817
 0.98292683 0.39396717 0.25       0.         0.02912509 0.02920787
 0.05454545 0.05454545 0.         0.5965906  0.98762376 0.40075969
 0.58333333 0.         0.14053655 0.14009628 0.27272727 0.27272727
 0.         1.         0.60421546 0.55613395]
deleted_not_scaled [0.000000e+00 0.000000e+00 3.670920e+02 9.301200e+04 3.200000e+02
 1.800000e+02 0.000000e+00 3.183800e+01 9.920000e-01 1.469400e+01
 0.000000e+00 0.000000e+00 3.669280e+02 9.310800e+04 3.200000e+02
 1.800000e+02 0.000000e+00 3.680400e+01 9.900000e-01 3.653100e+01
 3.000000e+00 0.000000e+00 8.718740e+02 2.215650e+05 5.120000e+02
 2.880000e+02 0.000000e+00 3.532800e+01 9.900000e-01 3.629400e+01
 7.000000e+00 0.000000e+00 3.086891e+03 7.856140e+05 1.280000e+03
 7.200000e+02 0.000000e+00 4.667500e+01 8.280000e-01 5.256300e+01
 1.000000e+00]
deleted_idx_col 478
query_origi 129
query_idx 909
deleted_scaled [0.         0.         0.00177802 0.00159934 0.         0.
 0.         0.74395338 0.99302326 0.67647668 0.41666667 0.
 0.07778687 0.07714758 0.18181818 0.17171717 0.         0.70451651
 0.99756098 0.84936264 0.58333333 0.         0.14651206 0.14688933
 0.27272727 0.27272727 0.         1.         1.         0.7411084
 0.58333333 0.         0.14046088 0.13979051 0.27272727 0.27272727
 0.         0.93323447 1.         0.86506904]
deleted_not_scaled [0.000000e+00 0.000000e+00 3.624030e+02 9.168800e+04 3.200000e+02
 1.800000e+02 0.000000e+00 4.834700e+01 9.970000e-01 6.528000e+01
 5.000000e+00 0.000000e+00 1.861927e+03 4.717660e+05 9.600000e+02
 5.200000e+02 0.000000e+00 3.740800e+01 9.960000e-01 7.875800e+01
 7.000000e+00 0.000000e+00 3.091144e+03 7.843780e+05 1.280000e+03
 7.200000e+02 0.000000e+00 5.000000e+01 9.950000e-01 6.711700e+01
 7.000000e+00 0.000000e+00 3.085402e+03 7.840780e+05 1.280000e+03
 7.200000e+02 0.000000e+00 4.446900e+01 9.970000e-01 8.176200e+01
 0.000000e+00]
deleted_idx_col 909
query_origi 485
query_idx 875
deleted_scaled [0.91666667 0.         0.5946721  0.59346798 1.         1.
 0.         0.22569035 0.67906977 0.05239378 0.91666667 0.
 0.55976951 0.5595139  1.         1.         0.         0.4566563
 0.74390244 0.12308306 0.91666667 0.         0.55396208 0.55954841
 1.         1.         0.         0.33736596 0.6509901  0.18025021
 1.         0.         0.83336674 0.82588099 1.         1.
 1.         0.78239157 0.93208431 0.73912077]
deleted_not_scaled [1.1000000e+01 0.0000000e+00 1.2026410e+04 3.0637280e+06 3.8400000e+03
 2.1600000e+03 0.0000000e+00 2.4155000e+01 8.6200000e-01 5.0560000e+00
 1.1000000e+01 0.0000000e+00 1.1341777e+04 2.8935710e+06 3.8400000e+03
 2.1600000e+03 0.0000000e+00 2.9039000e+01 8.9200000e-01 1.1413000e+01
 1.1000000e+01 0.0000000e+00 1.0794227e+04 2.7579250e+06 3.8400000e+03
 2.1600000e+03 0.0000000e+00 2.5900000e+01 8.5400000e-01 1.6324000e+01
 1.2000000e+01 0.0000000e+00 1.6721221e+04 4.2304690e+06 3.8400000e+03
 2.1600000e+03 1.0000000e+00 3.9485000e+01 9.6800000e-01 6.9858000e+01
 6.5000000e+01]
deleted_idx_col 875
query_origi 161
query_idx 626
deleted_scaled [0.25       0.         0.02839866 0.02809606 0.05454545 0.05454545
 0.         0.05332162 0.45813953 0.15275648 0.5        0.
 0.10761292 0.1070575  0.27272727 0.27272727 0.         0.7523471
 0.86097561 0.88494058 0.         0.         0.00235026 0.00232974
 0.         0.         0.         0.16183668 0.71287129 0.00821528
 0.41666667 0.         0.07775146 0.0775893  0.18181818 0.17171717
 0.         0.22438788 0.70491803 0.00777654]
deleted_not_scaled [3.000000e+00 0.000000e+00 8.861110e+02 2.247400e+05 5.120000e+02
 2.880000e+02 0.000000e+00 1.610900e+01 7.670000e-01 1.474100e+01
 6.000000e+00 0.000000e+00 2.448559e+03 6.219340e+05 1.280000e+03
 7.200000e+02 0.000000e+00 3.902300e+01 9.400000e-01 8.205700e+01
 0.000000e+00 0.000000e+00 3.656800e+02 9.302000e+04 3.200000e+02
 1.800000e+02 0.000000e+00 1.951600e+01 8.790000e-01 7.440000e-01
 5.000000e+00 0.000000e+00 1.851332e+03 4.716270e+05 9.600000e+02
 5.200000e+02 0.000000e+00 2.104800e+01 8.710000e-01 7.350000e-01
 2.200000e+02]
deleted_idx_col 626
query_origi 631
query_idx 730
deleted_scaled [0.5        0.         0.10781958 0.10719549 0.27272727 0.27272727
 0.         0.54420617 0.86046512 0.85033161 0.16666667 0.
 0.01802491 0.01796491 0.05454545 0.05454545 0.         0.17390789
 0.7097561  0.30905032 0.5        0.         0.11212768 0.11290907
 0.27272727 0.27272727 0.         0.20395931 0.69059406 0.25133885
 0.08333333 0.         0.00918143 0.00919269 0.01818182 0.01818182
 0.         0.18940105 0.66744731 0.        ]
deleted_not_scaled [6.000000e+00 0.000000e+00 2.448559e+03 6.219340e+05 1.280000e+03
 7.200000e+02 0.000000e+00 3.902300e+01 9.400000e-01 8.205700e+01
 2.000000e+00 0.000000e+00 6.865020e+02 1.746290e+05 5.120000e+02
 2.880000e+02 0.000000e+00 1.949200e+01 8.780000e-01 2.865700e+01
 6.000000e+00 0.000000e+00 2.441087e+03 6.218670e+05 1.280000e+03
 7.200000e+02 0.000000e+00 2.104800e+01 8.700000e-01 2.276200e+01
 1.000000e+00 0.000000e+00 5.019300e+02 1.280550e+05 3.840000e+02
 2.160000e+02 0.000000e+00 1.989200e+01 8.550000e-01 0.000000e+00
 2.210000e+02]
deleted_idx_col 730
query_origi 561
query_idx 173
deleted_scaled [0.41666667 0.11192013 0.08094179 0.08111797 0.18181818 0.17171717
 0.         0.10775724 0.50930233 0.02141969 0.41666667 0.45013212
 0.07419523 0.07353791 0.18181818 0.17171717 0.         0.12341182
 0.60243902 0.00386084 0.33333333 0.02066971 0.04494824 0.04498096
 0.09090909 0.09090909 0.         0.06849051 0.43316832 0.17416605
 0.33333333 0.         0.04308005 0.04281209 0.09090909 0.09090909
 0.         0.7255531  0.85714286 0.6832143 ]
deleted_not_scaled [5.00000000e+00 5.25855687e-01 1.91979200e+03 4.90987000e+05
 9.60000000e+02 5.20000000e+02 0.00000000e+00 1.86500000e+01
 7.89000000e-01 2.06700000e+00 5.00000000e+00 1.47713033e+00
 1.79128500e+03 4.53643000e+05 9.60000000e+02 5.20000000e+02
 0.00000000e+00 1.77870000e+01 8.34000000e-01 3.58000000e-01
 4.00000000e+00 1.01615582e-01 1.17102000e+03 2.97000000e+05
 6.40000000e+02 3.60000000e+02 0.00000000e+00 1.61210000e+01
 7.66000000e-01 1.57730000e+01 4.00000000e+00 0.00000000e+00
 1.16902700e+03 2.96933000e+05 6.40000000e+02 3.60000000e+02
 0.00000000e+00 3.76070000e+01 9.36000000e-01 6.45740000e+01
 2.18000000e+02]
deleted_idx_col 173
query_origi 397
query_idx 644
deleted_scaled [1.         0.         0.84942477 0.84475686 1.         1.
 1.         0.05490692 0.4        0.01918135 1.         0.
 0.81720118 0.81394478 1.         1.         1.         0.82508515
 0.91707317 0.87264629 0.91666667 0.         0.58312113 0.58692357
 1.         1.         0.         0.21836679 0.5        0.02188532
 1.         0.         0.80826757 0.80746456 1.         1.
 1.         0.23122787 0.49180328 0.02946622]
deleted_not_scaled [1.2000000e+01 0.0000000e+00 1.7038160e+04 4.3255630e+06 3.8400000e+03
 2.1600000e+03 1.0000000e+00 1.6183000e+01 7.4200000e-01 1.8510000e+00
 1.2000000e+01 0.0000000e+00 1.6405058e+04 4.1709860e+06 3.8400000e+03
 2.1600000e+03 1.0000000e+00 4.1479000e+01 9.6300000e-01 8.0917000e+01
 1.1000000e+01 0.0000000e+00 1.1345496e+04 2.8888470e+06 3.8400000e+03
 2.1600000e+03 0.0000000e+00 2.1572000e+01 7.9300000e-01 1.9820000e+00
 1.2000000e+01 0.0000000e+00 1.6227290e+04 4.1379590e+06 3.8400000e+03
 2.1600000e+03 1.0000000e+00 2.1274000e+01 7.8000000e-01 2.7850000e+00
 1.5300000e+02]
deleted_idx_col 644
query_origi 4
query_idx 191
deleted_scaled [0.00000000e+00 9.67075496e-01 1.01148767e-03 9.69241566e-04
 0.00000000e+00 0.00000000e+00 0.00000000e+00 1.16304977e-01
 4.34883721e-01 2.29637306e-02 0.00000000e+00 0.00000000e+00
 1.60587158e-03 1.66650865e-03 0.00000000e+00 0.00000000e+00
 0.00000000e+00 1.02087961e-01 4.09756098e-01 1.74276902e-02
 0.00000000e+00 0.00000000e+00 2.57040378e-03 2.64777171e-03
 0.00000000e+00 0.00000000e+00 0.00000000e+00 4.20126478e-02
 3.91089109e-01 1.76672593e-04 0.00000000e+00 0.00000000e+00
 2.22458456e-03 2.09407053e-03 0.00000000e+00 0.00000000e+00
 0.00000000e+00 3.62912745e-01 6.90866511e-01 0.00000000e+00]
deleted_not_scaled [0.00000000e+00 4.54379515e+00 3.47323000e+02 8.85240000e+04
 3.20000000e+02 1.80000000e+02 0.00000000e+00 1.90490000e+01
 7.57000000e-01 2.21600000e+00 0.00000000e+00 0.00000000e+00
 3.63565000e+02 9.28000000e+04 3.20000000e+02 1.80000000e+02
 0.00000000e+00 1.70670000e+01 7.55000000e-01 1.61600000e+00
 0.00000000e+00 0.00000000e+00 3.69842000e+02 9.45410000e+04
 3.20000000e+02 1.80000000e+02 0.00000000e+00 1.51580000e+01
 7.49000000e-01 1.60000000e-02 0.00000000e+00 0.00000000e+00
 3.65025000e+02 9.23970000e+04 3.20000000e+02 1.80000000e+02
 0.00000000e+00 2.56250000e+01 8.65000000e-01 0.00000000e+00
 2.61000000e+02]
deleted_idx_col 191
query_origi 903
query_idx 187
deleted_scaled [0.33333333 0.         0.04253001 0.04257235 0.09090909 0.09090909
 0.         0.06827481 0.55348837 0.23474611 0.33333333 0.
 0.04274877 0.04228136 0.09090909 0.09090909 0.         0.10273952
 0.57073171 0.17382395 0.25       0.94608443 0.02900232 0.02894818
 0.05454545 0.05454545 0.         0.27415452 0.75990099 0.22964124
 0.08333333 0.         0.0095161  0.00938798 0.01818182 0.01818182
 0.         0.12348295 0.64168618 0.        ]
deleted_not_scaled [4.00000000e+00 0.00000000e+00 1.16411700e+03 2.97432000e+05
 6.40000000e+02 3.60000000e+02 0.00000000e+00 1.68070000e+01
 8.08000000e-01 2.26530000e+01 4.00000000e+00 0.00000000e+00
 1.17278200e+03 2.96714000e+05 6.40000000e+02 3.60000000e+02
 0.00000000e+00 1.70890000e+01 8.21000000e-01 1.61180000e+01
 3.00000000e+00 4.65110132e+00 8.69553000e+02 2.20323000e+05
 5.12000000e+02 2.88000000e+02 0.00000000e+00 2.36010000e+01
 8.98000000e-01 2.07970000e+01 1.00000000e+00 0.00000000e+00
 5.08516000e+02 1.29036000e+05 3.84000000e+02 2.16000000e+02
 0.00000000e+00 1.77140000e+01 8.44000000e-01 0.00000000e+00
 2.25000000e+02]
deleted_idx_col 187
query_origi 853
query_idx 260
deleted_scaled [0.00000000e+00 3.54925767e-01 2.06709672e-03 2.06912264e-03
 0.00000000e+00 0.00000000e+00 0.00000000e+00 2.61616573e-01
 6.81395349e-01 1.65803109e-03 3.33333333e-01 0.00000000e+00
 4.27099811e-02 4.22429171e-02 9.09090909e-02 9.09090909e-02
 0.00000000e+00 6.85561972e-01 8.80487805e-01 5.28546470e-01
 0.00000000e+00 0.00000000e+00 4.22150274e-03 4.12753800e-03
 0.00000000e+00 0.00000000e+00 0.00000000e+00 4.07451196e-01
 7.25247525e-01 0.00000000e+00 0.00000000e+00 0.00000000e+00
 5.30967246e-04 4.55881882e-04 0.00000000e+00 0.00000000e+00
 0.00000000e+00 3.96749493e-01 6.97892272e-01 0.00000000e+00]
deleted_not_scaled [0.00000000e+00 1.66761539e+00 3.68090000e+02 9.40470000e+04
 3.20000000e+02 1.80000000e+02 0.00000000e+00 2.58320000e+01
 8.63000000e-01 1.60000000e-01 4.00000000e+00 0.00000000e+00
 1.17201900e+03 2.96521000e+05 6.40000000e+02 3.60000000e+02
 0.00000000e+00 3.67680000e+01 9.48000000e-01 4.90100000e+01
 0.00000000e+00 0.00000000e+00 4.01057000e+02 1.01618000e+05
 3.20000000e+02 1.80000000e+02 0.00000000e+00 2.84490000e+01
 8.84000000e-01 0.00000000e+00 0.00000000e+00 0.00000000e+00
 3.31696000e+02 8.41680000e+04 3.20000000e+02 1.80000000e+02
 0.00000000e+00 2.67430000e+01 8.68000000e-01 0.00000000e+00
 6.70000000e+01]
deleted_idx_col 260
query_origi 538
query_idx 933
deleted_scaled [0.00000000e+00 0.00000000e+00 4.99517028e-04 4.58034847e-04
 0.00000000e+00 0.00000000e+00 0.00000000e+00 2.10372973e-01
 3.23255814e-01 0.00000000e+00 5.00000000e-01 0.00000000e+00
 1.18064583e-01 1.18118158e-01 2.72727273e-01 2.72727273e-01
 0.00000000e+00 2.87783207e-01 6.87804878e-01 6.07413239e-01
 1.66666667e-01 0.00000000e+00 1.63246955e-02 1.65465345e-02
 5.45454545e-02 5.45454545e-02 0.00000000e+00 1.36678581e-01
 6.60891089e-01 3.35324581e-01 5.00000000e-01 0.00000000e+00
 1.11223588e-01 1.10183067e-01 2.72727273e-01 2.72727273e-01
 0.00000000e+00 0.00000000e+00 4.23887588e-01 5.53774533e-01]
deleted_not_scaled [0.000000e+00 0.000000e+00 3.372510e+02 8.595700e+04 3.200000e+02
 1.800000e+02 0.000000e+00 2.344000e+01 7.090000e-01 0.000000e+00
 6.000000e+00 0.000000e+00 2.654127e+03 6.774660e+05 1.280000e+03
 7.200000e+02 0.000000e+00 2.333700e+01 8.690000e-01 5.632300e+01
 2.000000e+00 0.000000e+00 6.298750e+02 1.610120e+05 5.120000e+02
 2.880000e+02 0.000000e+00 1.860100e+01 8.580000e-01 3.036800e+01
 6.000000e+00 0.000000e+00 2.510036e+03 6.353530e+05 1.280000e+03
 7.200000e+02 0.000000e+00 1.363400e+01 7.510000e-01 5.234000e+01
 2.310000e+02]
deleted_idx_col 933
query_origi 825
query_idx 780
deleted_scaled [0.41666667 0.         0.078236   0.07738459 0.18181818 0.17171717
 0.         0.13177232 0.61162791 0.13891192 0.41666667 0.
 0.07778367 0.07714439 0.18181818 0.17171717 0.         0.84332889
 0.93170732 0.89066713 0.33333333 0.         0.04483827 0.0449013
 0.09090909 0.09090909 0.         0.26736321 0.71534653 0.20007067
 0.33333333 0.         0.04304941 0.04283976 0.09090909 0.09090909
 0.         0.36224691 0.73770492 0.29253558]
deleted_not_scaled [5.000000e+00 0.000000e+00 1.866561e+03 4.722400e+05 9.600000e+02
 5.200000e+02 0.000000e+00 1.977100e+01 8.330000e-01 1.340500e+01
 5.000000e+00 0.000000e+00 1.861864e+03 4.717500e+05 9.600000e+02
 5.200000e+02 0.000000e+00 4.209500e+01 9.690000e-01 8.258800e+01
 4.000000e+00 0.000000e+00 1.168941e+03 2.966190e+05 6.400000e+02
 3.600000e+02 0.000000e+00 2.335400e+01 8.800000e-01 1.811900e+01
 4.000000e+00 0.000000e+00 1.168424e+03 2.970720e+05 6.400000e+02
 3.600000e+02 0.000000e+00 2.560300e+01 8.850000e-01 2.764900e+01
 1.960000e+02]
deleted_idx_col 780
query_origi 47
query_idx 604
deleted_scaled [0.33333333 0.         0.0382906  0.03835564 0.09090909 0.09090909
 0.         0.10608625 0.6627907  0.32275648 0.33333333 0.
 0.04485769 0.04440179 0.09090909 0.09090909 0.         0.00068118
 0.4097561  0.55729785 0.33333333 0.         0.04929923 0.04931049
 0.09090909 0.09090909 0.         0.01800935 0.41336634 0.66480792
 0.33333333 0.         0.03551718 0.03528645 0.09090909 0.09090909
 0.         0.06794589 0.22248244 0.33552346]
deleted_not_scaled [4.000000e+00 0.000000e+00 1.080715e+03 2.762580e+05 6.400000e+02
 3.600000e+02 0.000000e+00 1.857200e+01 8.550000e-01 3.114600e+01
 4.000000e+00 0.000000e+00 1.214261e+03 3.073600e+05 6.400000e+02
 3.600000e+02 0.000000e+00 1.364300e+01 7.550000e-01 5.167600e+01
 4.000000e+00 0.000000e+00 1.253278e+03 3.177060e+05 6.400000e+02
 3.600000e+02 0.000000e+00 1.428500e+01 7.580000e-01 6.020700e+01
 4.000000e+00 0.000000e+00 1.020196e+03 2.591300e+05 6.400000e+02
 3.600000e+02 0.000000e+00 1.587900e+01 6.650000e-01 3.171200e+01
 2.330000e+02]
deleted_idx_col 604
query_origi 862
query_idx 402
deleted_scaled [0.00000000e+00 0.00000000e+00 2.17150376e-04 1.01763394e-04
 0.00000000e+00 0.00000000e+00 0.00000000e+00 2.81132843e-01
 6.93023256e-01 0.00000000e+00 5.00000000e-01 0.00000000e+00
 1.07496896e-01 1.07063869e-01 2.72727273e-01 2.72727273e-01
 0.00000000e+00 3.02295276e-01 6.14634146e-01 3.33380066e-01
 4.16666667e-01 0.00000000e+00 8.69201649e-02 8.74726504e-02
 1.81818182e-01 1.71717172e-01 0.00000000e+00 5.11905417e-01
 8.58910891e-01 7.51487914e-01 5.00000000e-01 0.00000000e+00
 1.00607749e-01 1.00514788e-01 2.72727273e-01 2.72727273e-01
 0.00000000e+00 3.88577828e-01 7.68149883e-01 2.77363381e-01]
deleted_not_scaled [0.000000e+00 0.000000e+00 3.316960e+02 8.416800e+04 3.200000e+02
 1.800000e+02 0.000000e+00 2.674300e+01 8.680000e-01 0.000000e+00
 6.000000e+00 0.000000e+00 2.446277e+03 6.219660e+05 1.280000e+03
 7.200000e+02 0.000000e+00 2.382700e+01 8.390000e-01 3.091300e+01
 5.000000e+00 0.000000e+00 1.964524e+03 5.002170e+05 9.600000e+02
 5.200000e+02 0.000000e+00 3.224800e+01 9.380000e-01 6.805700e+01
 6.000000e+00 0.000000e+00 2.301125e+03 5.867870e+05 1.280000e+03
 7.200000e+02 0.000000e+00 2.647300e+01 8.980000e-01 2.621500e+01
 7.000000e+01]
deleted_idx_col 402
query_origi 920
query_idx 213
deleted_scaled [1.         0.17254221 0.87674073 0.87280113 1.         1.
 1.         0.19672658 0.72093023 0.         1.         0.21357078
 0.8699544  0.86735671 1.         1.         1.         0.19834148
 0.58780488 0.02023165 1.         0.07643264 0.88407804 0.89074215
 1.         1.         1.         0.76271652 0.89356436 0.92625023
 1.         0.         0.73682465 0.73719982 1.         1.
 1.         0.22045338 0.56206089 0.03144474]
deleted_not_scaled [1.20000000e+01 8.10687978e-01 1.75755470e+04 4.46638600e+06
 3.84000000e+03 2.16000000e+03 1.00000000e+00 2.28030000e+01
 8.80000000e-01 0.00000000e+00 1.20000000e+01 7.00842850e-01
 1.74426320e+04 4.43915000e+06 3.84000000e+03 2.16000000e+03
 1.00000000e+00 2.03170000e+01 8.28000000e-01 1.87600000e+00
 1.20000000e+01 3.75755016e-01 1.70352640e+04 4.34186300e+06
 3.84000000e+03 2.16000000e+03 1.00000000e+00 4.13700000e+01
 9.52000000e-01 8.38840000e+01 1.20000000e+01 0.00000000e+00
 1.48213520e+04 3.78500300e+06 3.84000000e+03 2.16000000e+03
 1.00000000e+00 2.09180000e+01 8.10000000e-01 2.97200000e+00
 2.14000000e+02]
deleted_idx_col 213
query_origi 723
query_idx 738
deleted_scaled [0.41666667 0.         0.07823142 0.07793762 0.18181818 0.17171717
 0.         0.51224319 0.60697674 0.53377202 0.41666667 0.21135092
 0.07912206 0.07903697 0.18181818 0.17171717 0.         0.15397601
 0.4195122  0.3409939  0.41666667 0.63500961 0.0780165  0.07874544
 0.18181818 0.17171717 0.         0.03607369 0.44059406 0.29104601
 0.33333333 0.         0.04272546 0.04283518 0.09090909 0.09090909
 0.         0.08713417 0.60187354 0.4217849 ]
deleted_not_scaled [5.0000000e+00 0.0000000e+00 1.8664710e+03 4.7501700e+05 9.6000000e+02
 5.2000000e+02 0.0000000e+00 3.7531000e+01 8.3100000e-01 5.1509000e+01
 5.0000000e+00 6.9355827e-01 1.8881880e+03 4.8125200e+05 9.6000000e+02
 5.2000000e+02 0.0000000e+00 1.8819000e+01 7.5900000e-01 3.1619000e+01
 5.0000000e+00 3.1218081e+00 1.7961950e+03 4.5847900e+05 9.6000000e+02
 5.2000000e+02 0.0000000e+00 1.4942000e+01 7.6900000e-01 2.6358000e+01
 4.0000000e+00 0.0000000e+00 1.1620490e+03 2.9704900e+05 6.4000000e+02
 3.6000000e+02 0.0000000e+00 1.6513000e+01 8.2700000e-01 3.9865000e+01
 4.0000000e+00]
deleted_idx_col 738
query_origi 369
query_idx 718
deleted_scaled [0.91666667 0.         0.58736107 0.58498797 1.         1.
 0.         0.0917329  0.4627907  0.02254922 0.91666667 0.
 0.55183193 0.55046671 1.         1.         0.         0.44329927
 0.80731707 0.37089921 0.91666667 0.         0.59162994 0.59639035
 1.         1.         0.         0.14473467 0.52475248 0.06459592
 0.91666667 0.         0.59681409 0.59712404 1.         1.
 0.         0.07466481 0.47540984 0.00137544]
deleted_not_scaled [1.1000000e+01 0.0000000e+00 1.1882580e+04 3.0211460e+06 3.8400000e+03
 2.1600000e+03 0.0000000e+00 1.7902000e+01 7.6900000e-01 2.1760000e+00
 1.1000000e+01 0.0000000e+00 1.1185657e+04 2.8481480e+06 3.8400000e+03
 2.1600000e+03 0.0000000e+00 2.8588000e+01 9.1800000e-01 3.4392000e+01
 1.1000000e+01 0.0000000e+00 1.1506360e+04 2.9341220e+06 3.8400000e+03
 2.1600000e+03 0.0000000e+00 1.8894000e+01 8.0300000e-01 5.8500000e+00
 1.1000000e+01 0.0000000e+00 1.2066059e+04 3.0813700e+06 3.8400000e+03
 2.1600000e+03 0.0000000e+00 1.6101000e+01 7.7300000e-01 1.3000000e-01
 2.6000000e+01]
deleted_idx_col 718
query_origi 634
query_idx 525
deleted_scaled [0.66666667 0.         0.20948561 0.20770088 0.45454545 0.45454545
 0.         0.06064826 0.22790698 0.08643523 0.66666667 0.
 0.20208505 0.20084686 0.45454545 0.45454545 0.         0.05520509
 0.35121951 0.00136963 0.66666667 0.         0.21385119 0.21477876
 0.45454545 0.45454545 0.         0.14281001 0.40594059 0.05047315
 0.66666667 0.         0.20809333 0.20745293 0.45454545 0.45454545
 0.         0.05695954 0.33957845 0.05611808]
deleted_not_scaled [8.000000e+00 0.000000e+00 4.448635e+03 1.126617e+06 1.920000e+03
 1.080000e+03 0.000000e+00 1.645100e+01 6.680000e-01 8.341000e+00
 8.000000e+00 0.000000e+00 4.306679e+03 1.092820e+06 1.920000e+03
 1.080000e+03 0.000000e+00 1.548400e+01 7.310000e-01 1.270000e-01
 8.000000e+00 0.000000e+00 4.364230e+03 1.109060e+06 1.920000e+03
 1.080000e+03 0.000000e+00 1.882400e+01 7.550000e-01 4.571000e+00
 8.000000e+00 0.000000e+00 4.416353e+03 1.123962e+06 1.920000e+03
 1.080000e+03 0.000000e+00 1.551600e+01 7.150000e-01 5.304000e+00
 1.440000e+02]
deleted_idx_col 525
query_origi 498
query_idx 90
deleted_scaled [0.91666667 0.21971778 0.57025209 0.56765832 1.         1.
 0.         1.         1.         1.         0.91666667 0.07854106
 0.57076489 0.5690644  1.         1.         0.         1.
 0.56829268 0.39120635 0.83333333 0.         0.44177928 0.44510939
 0.63636364 0.63636364 0.         0.14118779 0.37623762 0.05761735
 0.83333333 0.         0.35907899 0.35909438 0.63636364 0.63636364
 0.         0.03973851 0.44496487 0.16303232]
deleted_not_scaled [1.10000000e+01 1.03234195e+00 1.15459950e+04 2.93412600e+06
 3.84000000e+03 2.16000000e+03 0.00000000e+00 6.02990000e+01
 1.00000000e+00 9.65000000e+01 1.10000000e+01 2.57736305e-01
 1.15580390e+04 2.94152100e+06 3.84000000e+03 2.16000000e+03
 0.00000000e+00 4.73850000e+01 8.20000000e-01 3.62750000e+01
 1.00000000e+01 0.00000000e+00 8.67334500e+03 2.21061900e+06
 2.56000000e+03 1.44000000e+03 0.00000000e+00 1.87650000e+01
 7.43000000e-01 5.21800000e+00 1.00000000e+01 0.00000000e+00
 7.38762700e+03 1.88569200e+06 2.56000000e+03 1.44000000e+03
 0.00000000e+00 1.49470000e+01 7.60000000e-01 1.54090000e+01
 3.00000000e+00]
deleted_idx_col 90
query_origi 351
query_idx 865
deleted_scaled [5.00000000e-01 0.00000000e+00 1.08309901e-01 1.07193895e-01
 2.72727273e-01 2.72727273e-01 0.00000000e+00 2.03517642e-01
 7.00000000e-01 2.27077720e-01 3.33333333e-01 0.00000000e+00
 4.27183193e-02 4.23387209e-02 9.09090909e-02 9.09090909e-02
 0.00000000e+00 1.35110321e-01 5.26829268e-01 1.46194163e-01
 4.16666667e-01 0.00000000e+00 8.80330632e-02 8.82295748e-02
 1.81818182e-01 1.71717172e-01 0.00000000e+00 2.28759967e-01
 6.38613861e-01 1.10420370e-04 0.00000000e+00 0.00000000e+00
 1.09516758e-03 1.04235700e-03 0.00000000e+00 0.00000000e+00
 0.00000000e+00 2.83708120e-01 7.56440281e-01 0.00000000e+00]
deleted_not_scaled [6.000000e+00 0.000000e+00 2.458205e+03 6.219260e+05 1.280000e+03
 7.200000e+02 0.000000e+00 2.312000e+01 8.710000e-01 2.191300e+01
 4.000000e+00 0.000000e+00 1.172183e+03 2.970020e+05 6.400000e+02
 3.600000e+02 0.000000e+00 1.818200e+01 8.030000e-01 1.355600e+01
 5.000000e+00 0.000000e+00 1.985564e+03 5.038370e+05 9.600000e+02
 5.200000e+02 0.000000e+00 2.195000e+01 8.490000e-01 1.000000e-02
 0.000000e+00 0.000000e+00 3.427990e+02 8.711400e+04 3.200000e+02
 1.800000e+02 0.000000e+00 2.300800e+01 8.930000e-01 0.000000e+00
 2.110000e+02]
deleted_idx_col 865
query_origi 46
query_idx 913
deleted_scaled [0.33333333 0.         0.0427466  0.04241104 0.09090909 0.09090909
 0.         0.07894342 0.39302326 0.5138342  0.33333333 0.
 0.0424912  0.04231681 0.09090909 0.09090909 0.         0.05867022
 0.23414634 0.5580959  0.41666667 0.         0.08099351 0.08150717
 0.18181818 0.17171717 0.         0.04319494 0.16584158 0.12596756
 0.41666667 0.         0.07781549 0.07774538 0.18181818 0.17171717
 0.         0.06525226 0.19906323 0.12337724]
deleted_not_scaled [4.000000e+00 0.000000e+00 1.168378e+03 2.966220e+05 6.400000e+02
 3.600000e+02 0.000000e+00 1.730500e+01 7.390000e-01 4.958500e+01
 4.000000e+00 0.000000e+00 1.167716e+03 2.968920e+05 6.400000e+02
 3.600000e+02 0.000000e+00 1.560100e+01 6.830000e-01 5.175000e+01
 5.000000e+00 0.000000e+00 1.852477e+03 4.716870e+05 9.600000e+02
 5.200000e+02 0.000000e+00 1.520100e+01 6.580000e-01 1.140800e+01
 5.000000e+00 0.000000e+00 1.852592e+03 4.724110e+05 9.600000e+02
 5.200000e+02 0.000000e+00 1.579000e+01 6.550000e-01 1.166100e+01
 1.380000e+02]
deleted_idx_col 913
query_origi 350
query_idx 891
deleted_scaled [0.5        0.         0.10792816 0.10718155 0.27272727 0.27272727
 0.         0.77936545 0.98837209 0.65370984 0.5        0.
 0.10747803 0.1069842  0.27272727 0.27272727 0.         0.91363838
 1.         0.80238552 0.41666667 0.         0.08173371 0.08220345
 0.18181818 0.17171717 0.         0.6571625  0.59405941 0.56876429
 0.41666667 0.         0.0796243  0.0795054  0.18181818 0.17171717
 0.         0.15692624 0.44262295 0.33453949]
deleted_not_scaled [6.000000e+00 0.000000e+00 2.450695e+03 6.218640e+05 1.280000e+03
 7.200000e+02 0.000000e+00 5.000000e+01 9.950000e-01 6.308300e+01
 6.000000e+00 0.000000e+00 2.445906e+03 6.215660e+05 1.280000e+03
 7.200000e+02 0.000000e+00 4.446900e+01 9.970000e-01 7.440200e+01
 5.000000e+00 0.000000e+00 1.866471e+03 4.750170e+05 9.600000e+02
 5.200000e+02 0.000000e+00 3.753100e+01 8.310000e-01 5.150900e+01
 5.000000e+00 0.000000e+00 1.888188e+03 4.812520e+05 9.600000e+02
 5.200000e+02 0.000000e+00 1.881900e+01 7.590000e-01 3.161900e+01
 2.000000e+00]
deleted_idx_col 891
query_origi 9
query_idx 25
deleted_scaled [0.         0.31220851 0.00177802 0.00159934 0.         0.
 0.         0.74395338 0.99302326 0.67647668 0.         0.44810769
 0.00178519 0.00170873 0.         0.         0.         0.53955279
 0.98780488 0.15846688 0.         0.29684603 0.00241627 0.00234814
 0.         0.         0.         0.63717349 0.98762376 0.40337665
 0.         0.         0.00223399 0.00217609 0.         0.
 0.         0.58739142 0.97189696 0.1361477 ]
deleted_not_scaled [0.00000000e+00 1.46690878e+00 3.62403000e+02 9.16880000e+04
 3.20000000e+02 1.80000000e+02 0.00000000e+00 4.83470000e+01
 9.97000000e-01 6.52800000e+01 0.00000000e+00 1.47048706e+00
 3.67092000e+02 9.30120000e+04 3.20000000e+02 1.80000000e+02
 0.00000000e+00 3.18380000e+01 9.92000000e-01 1.46940000e+01
 0.00000000e+00 1.45934220e+00 3.66928000e+02 9.31080000e+04
 3.20000000e+02 1.80000000e+02 0.00000000e+00 3.68040000e+01
 9.90000000e-01 3.65310000e+01 0.00000000e+00 0.00000000e+00
 3.65210000e+02 9.28090000e+04 3.20000000e+02 1.80000000e+02
 0.00000000e+00 3.30420000e+01 9.85000000e-01 1.28680000e+01
 0.00000000e+00]
deleted_idx_col 25
query_origi 186
query_idx 28
deleted_scaled [0.33333333 0.         0.04124556 0.04083301 0.09090909 0.09090909
 0.         0.19790484 0.69302326 0.15898446 0.33333333 0.
 0.04273113 0.04246819 0.09090909 0.09090909 0.         0.58753147
 0.90243902 0.56518129 0.33333333 0.75569942 0.04477141 0.04495629
 0.09090909 0.09090909 0.         0.23706351 0.40841584 0.25511522
 0.41666667 0.         0.07786249 0.077654   0.18181818 0.17171717
 0.         0.2255985  0.34660422 0.26042427]
deleted_not_scaled [4.00000000e+00 0.00000000e+00 1.13884800e+03 2.88698000e+05
 6.40000000e+02 3.60000000e+02 0.00000000e+00 2.28580000e+01
 8.68000000e-01 1.53420000e+01 4.00000000e+00 0.00000000e+00
 1.17243500e+03 2.97652000e+05 6.40000000e+02 3.60000000e+02
 0.00000000e+00 3.34580000e+01 9.57000000e-01 5.24070000e+01
 4.00000000e+00 3.71513833e+00 1.16767700e+03 2.96882000e+05
 6.40000000e+02 3.60000000e+02 0.00000000e+00 2.22520000e+01
 7.56000000e-01 2.31040000e+01 5.00000000e+00 0.00000000e+00
 1.85351700e+03 4.71952000e+05 9.60000000e+02 5.20000000e+02
 0.00000000e+00 2.10880000e+01 7.18000000e-01 2.46140000e+01
 2.80000000e+02]
deleted_idx_col 28
query_origi 108
query_idx 657
deleted_scaled [0.33333333 0.         0.03623478 0.03596012 0.09090909 0.09090909
 0.         0.07671544 0.34418605 0.25363731 0.41666667 0.
 0.07739376 0.07712667 0.18181818 0.17171717 0.         0.32664001
 0.48536585 0.37144922 0.41666667 0.         0.08091051 0.08147204
 0.18181818 0.17171717 0.         0.17618917 0.23267327 0.31625498
 0.41666667 0.         0.0776136  0.0775897  0.18181818 0.17171717
 0.         0.10444599 0.14285714 0.25844575]
deleted_not_scaled [4.000000e+00 0.000000e+00 1.040271e+03 2.642290e+05 6.400000e+02
 3.600000e+02 0.000000e+00 1.720100e+01 7.180000e-01 2.447600e+01
 5.000000e+00 0.000000e+00 1.854195e+03 4.716610e+05 9.600000e+02
 5.200000e+02 0.000000e+00 2.464900e+01 7.860000e-01 3.444300e+01
 5.000000e+00 0.000000e+00 1.850908e+03 4.715190e+05 9.600000e+02
 5.200000e+02 0.000000e+00 2.003800e+01 6.850000e-01 2.864100e+01
 5.000000e+00 0.000000e+00 1.848619e+03 4.716290e+05 9.600000e+02
 5.200000e+02 0.000000e+00 1.708500e+01 6.310000e-01 2.442700e+01
 1.080000e+02]
deleted_idx_col 657
query_origi 193
query_idx 675
deleted_scaled [0.41666667 0.         0.07713515 0.07734974 0.18181818 0.17171717
 0.         0.18569378 0.54186047 0.30292228 0.08333333 0.
 0.00877146 0.00864326 0.01818182 0.01818182 0.         0.27869095
 0.4902439  0.         0.41666667 0.         0.09215978 0.09236903
 0.18181818 0.17171717 0.         0.14500962 0.32425743 0.28623168
 0.         0.         0.00126957 0.00121595 0.         0.
 0.         0.29284828 0.59953162 0.00082527]
deleted_not_scaled [5.000000e+00 0.000000e+00 1.844904e+03 4.720650e+05 9.600000e+02
 5.200000e+02 0.000000e+00 2.228800e+01 8.030000e-01 2.923200e+01
 1.000000e+00 0.000000e+00 5.045010e+02 1.278280e+05 3.840000e+02
 2.160000e+02 0.000000e+00 2.303000e+01 7.880000e-01 0.000000e+00
 5.000000e+00 0.000000e+00 2.063582e+03 5.236340e+05 9.600000e+02
 5.200000e+02 0.000000e+00 1.890400e+01 7.220000e-01 2.592200e+01
 0.000000e+00 0.000000e+00 3.462310e+02 8.798600e+04 3.200000e+02
 1.800000e+02 0.000000e+00 2.331000e+01 8.260000e-01 7.800000e-02
 2.560000e+02]
deleted_idx_col 675
query_origi 362
query_idx 692
deleted_scaled [0.41666667 0.         0.07404609 0.07389775 0.18181818 0.17171717
 0.         0.09644594 0.50232558 0.         0.33333333 0.
 0.04165947 0.04171769 0.09090909 0.09090909 0.         0.08405153
 0.25121951 0.19734487 0.5        0.         0.11192325 0.11314911
 0.27272727 0.27272727 0.         0.16750069 0.2549505  0.29181895
 0.         0.         0.00239202 0.0022601  0.         0.
 0.         0.12163675 0.51288056 0.        ]
deleted_not_scaled [5.000000e+00 0.000000e+00 1.784133e+03 4.547310e+05 9.600000e+02
 5.200000e+02 0.000000e+00 1.812200e+01 7.860000e-01 0.000000e+00
 4.000000e+00 0.000000e+00 1.151357e+03 2.938840e+05 6.400000e+02
 3.600000e+02 0.000000e+00 1.645800e+01 6.900000e-01 1.829900e+01
 6.000000e+00 0.000000e+00 2.437222e+03 6.230150e+05 1.280000e+03
 7.200000e+02 0.000000e+00 1.972200e+01 6.940000e-01 2.642800e+01
 0.000000e+00 0.000000e+00 3.683200e+02 9.323100e+04 3.200000e+02
 1.800000e+02 0.000000e+00 1.765300e+01 7.890000e-01 0.000000e+00
 1.480000e+02]
deleted_idx_col 692
query_origi 798
query_idx 831
deleted_scaled [0.41666667 0.         0.07984739 0.07907633 0.18181818 0.17171717
 0.         0.32697787 0.58139535 0.55528497 0.41666667 0.
 0.07597799 0.07544303 0.18181818 0.17171717 0.         0.25031838
 0.13902439 0.33250652 0.41666667 0.         0.08128437 0.08155714
 0.18181818 0.17171717 0.         0.23172945 0.12871287 0.3197001
 0.41666667 0.         0.07801082 0.07770955 0.18181818 0.17171717
 0.         0.36103629 0.4941452  0.30358144]
deleted_not_scaled [5.000000e+00 0.000000e+00 1.898262e+03 4.807350e+05 9.600000e+02
 5.200000e+02 0.000000e+00 2.888300e+01 8.200000e-01 5.358500e+01
 5.000000e+00 0.000000e+00 1.826349e+03 4.632080e+05 9.600000e+02
 5.200000e+02 0.000000e+00 2.207200e+01 6.440000e-01 3.083200e+01
 5.000000e+00 0.000000e+00 1.857976e+03 4.719260e+05 9.600000e+02
 5.200000e+02 0.000000e+00 2.205800e+01 6.430000e-01 2.895300e+01
 5.000000e+00 0.000000e+00 1.856436e+03 4.722310e+05 9.600000e+02
 5.200000e+02 0.000000e+00 2.556300e+01 7.810000e-01 2.869300e+01
 9.100000e+01]
deleted_idx_col 831
query_origi 492
query_idx 760
deleted_scaled [0.33333333 0.         0.0445079  0.04401317 0.09090909 0.09090909
 0.         0.32209345 0.5744186  0.47564767 0.41666667 0.
 0.07597799 0.07544303 0.18181818 0.17171717 0.         0.25031838
 0.13902439 0.33250652 0.5        0.         0.11252185 0.11292204
 0.27272727 0.27272727 0.         0.22680781 0.11138614 0.33978556
 0.08333333 0.         0.00951193 0.00944711 0.01818182 0.01818182
 0.         0.36696831 0.470726   0.        ]
deleted_not_scaled [4.000000e+00 0.000000e+00 1.203028e+03 3.046670e+05 6.400000e+02
 3.600000e+02 0.000000e+00 2.865500e+01 8.170000e-01 4.590000e+01
 5.000000e+00 0.000000e+00 1.826349e+03 4.632080e+05 9.600000e+02
 5.200000e+02 0.000000e+00 2.207200e+01 6.440000e-01 3.083200e+01
 6.000000e+00 0.000000e+00 2.448539e+03 6.219290e+05 1.280000e+03
 7.200000e+02 0.000000e+00 2.187900e+01 6.360000e-01 3.077200e+01
 1.000000e+00 0.000000e+00 5.084340e+02 1.293330e+05 3.840000e+02
 2.160000e+02 0.000000e+00 2.575900e+01 7.710000e-01 0.000000e+00
 9.100000e+01]
deleted_idx_col 760
query_origi 736
query_idx 820
deleted_scaled [0.25       0.         0.02482798 0.02446683 0.05454545 0.05454545
 0.         0.0696673  0.20930233 0.41202073 0.5        0.
 0.11879357 0.11791699 0.27272727 0.27272727 0.         0.04140382
 0.         0.27071156 0.25       0.         0.02461161 0.02463266
 0.05454545 0.05454545 0.         0.08446522 0.35643564 0.23097733
 0.5        0.         0.11834274 0.11783631 0.27272727 0.27272727
 0.         0.1294755  0.47775176 0.22252553]
deleted_not_scaled [3.000000e+00 0.000000e+00 8.158650e+02 2.065160e+05 5.120000e+02
 2.880000e+02 0.000000e+00 1.687200e+01 6.600000e-01 3.976000e+01
 6.000000e+00 0.000000e+00 2.668465e+03 6.764560e+05 1.280000e+03
 7.200000e+02 0.000000e+00 1.501800e+01 5.870000e-01 2.510200e+01
 3.000000e+00 0.000000e+00 7.865440e+02 1.996840e+05 5.120000e+02
 2.880000e+02 0.000000e+00 1.670200e+01 7.350000e-01 2.091800e+01
 6.000000e+00 0.000000e+00 2.650135e+03 6.737970e+05 1.280000e+03
 7.200000e+02 0.000000e+00 1.791200e+01 7.740000e-01 2.103200e+01
 2.300000e+01]
deleted_idx_col 820
query_origi 444
query_idx 762
deleted_scaled [0.41666667 0.         0.07768077 0.07738857 0.18181818 0.17171717
 0.         0.53368753 0.83023256 0.81727461 0.41666667 0.
 0.07725928 0.07717706 0.18181818 0.17171717 0.         0.20675255
 0.45609756 0.22495309 0.33333333 0.         0.04491031 0.04534061
 0.09090909 0.09090909 0.         0.12785263 0.48514851 0.31647582
 0.33333333 0.         0.04253922 0.04264865 0.09090909 0.09090909
 0.         0.21288702 0.25526932 0.42476856]
deleted_not_scaled [5.000000e+00 0.000000e+00 1.855638e+03 4.722600e+05 9.600000e+02
 5.200000e+02 0.000000e+00 3.853200e+01 9.270000e-01 7.886700e+01
 5.000000e+00 0.000000e+00 1.851550e+03 4.719140e+05 9.600000e+02
 5.200000e+02 0.000000e+00 2.060100e+01 7.740000e-01 2.085900e+01
 4.000000e+00 0.000000e+00 1.170303e+03 2.987200e+05 6.400000e+02
 3.600000e+02 0.000000e+00 1.828000e+01 7.870000e-01 2.866100e+01
 4.000000e+00 0.000000e+00 1.158384e+03 2.961120e+05 6.400000e+02
 3.600000e+02 0.000000e+00 2.066800e+01 6.790000e-01 4.014700e+01
 1.020000e+02]
deleted_idx_col 762
query_origi 401
query_idx 938
deleted_scaled [0.5        0.         0.09966353 0.09987669 0.27272727 0.27272727
 0.         0.46157801 0.79534884 0.74629016 0.5        0.
 0.10795789 0.10703399 0.27272727 0.27272727 0.         0.15065897
 0.4195122  0.2618683  0.5        0.05950068 0.11274607 0.11295487
 0.27272727 0.27272727 0.         0.79136651 0.94554455 0.89967205
 0.5        0.         0.10808982 0.10750192 0.27272727 0.27272727
 0.         0.26391453 0.74473068 0.2171613 ]
deleted_not_scaled [6.00000000e+00 0.00000000e+00 2.28810500e+03 5.85183000e+05
 1.28000000e+03 7.20000000e+02 0.00000000e+00 3.51660000e+01
 9.12000000e-01 7.20170000e+01 6.00000000e+00 0.00000000e+00
 2.45534400e+03 6.21816000e+05 1.28000000e+03 7.20000000e+02
 0.00000000e+00 1.87070000e+01 7.59000000e-01 2.42820000e+01
 6.00000000e+00 2.92514804e-01 2.45277800e+03 6.22086000e+05
 1.28000000e+03 7.20000000e+02 0.00000000e+00 4.24120000e+01
 9.73000000e-01 8.14770000e+01 6.00000000e+00 0.00000000e+00
 2.44836600e+03 6.21885000e+05 1.28000000e+03 7.20000000e+02
 0.00000000e+00 2.23540000e+01 8.88000000e-01 2.05250000e+01
 1.88000000e+02]
deleted_idx_col 938
query_origi 35
query_idx 834
deleted_scaled [0.58333333 0.         0.14043616 0.13957596 0.27272727 0.27272727
 0.         0.07840785 0.37906977 0.53332642 0.58333333 0.
 0.13990672 0.13934478 0.27272727 0.27272727 0.         0.05795943
 0.2195122  0.57939521 0.58333333 0.         0.14610557 0.14704574
 0.27272727 0.27272727 0.         0.04297498 0.15841584 0.4817972
 0.58333333 0.         0.13990878 0.13977637 0.27272727 0.27272727
 0.         0.06555492 0.19437939 0.43193144]
deleted_not_scaled [7.000000e+00 0.000000e+00 3.090225e+03 7.845310e+05 1.280000e+03
 7.200000e+02 0.000000e+00 1.728000e+01 7.330000e-01 5.146600e+01
 7.000000e+00 0.000000e+00 3.083728e+03 7.840380e+05 1.280000e+03
 7.200000e+02 0.000000e+00 1.557700e+01 6.770000e-01 5.372500e+01
 7.000000e+00 0.000000e+00 3.083459e+03 7.851260e+05 1.280000e+03
 7.200000e+02 0.000000e+00 1.519300e+01 6.550000e-01 4.363300e+01
 7.000000e+00 0.000000e+00 3.074537e+03 7.840070e+05 1.280000e+03
 7.200000e+02 0.000000e+00 1.580000e+01 6.530000e-01 4.082400e+01
 1.380000e+02]
deleted_idx_col 834
