query_origi 8
query_idx 12
deleted_scaled [1.66666667e-01 0.00000000e+00 1.81388678e-02 1.81228457e-02
 5.45454545e-02 5.45454545e-02 0.00000000e+00 5.45834315e-01
 8.81395349e-01 5.06466321e-01 8.33333333e-02 4.45394773e-01
 8.67475709e-03 8.77252386e-03 1.81818182e-02 1.81818182e-02
 0.00000000e+00 3.05641937e-01 7.53658537e-01 0.00000000e+00
 8.33333333e-02 0.00000000e+00 1.12787805e-02 1.11681894e-02
 1.81818182e-02 1.81818182e-02 0.00000000e+00 2.25570525e-01
 7.10396040e-01 0.00000000e+00 0.00000000e+00 0.00000000e+00
 1.92873890e-03 1.82750903e-03 0.00000000e+00 0.00000000e+00
 0.00000000e+00 2.79561757e-01 7.21311475e-01 2.11606623e-05]
deleted_not_scaled [2.00000000e+00 0.00000000e+00 6.84270000e+02 1.74660000e+05
 5.12000000e+02 2.88000000e+02 0.00000000e+00 3.90990000e+01
 9.49000000e-01 4.88740000e+01 1.00000000e+00 1.46158451e+00
 5.02599000e+02 1.28477000e+05 3.84000000e+02 2.16000000e+02
 0.00000000e+00 2.39400000e+01 8.96000000e-01 0.00000000e+00
 1.00000000e+00 0.00000000e+00 5.34479000e+02 1.35290000e+05
 3.84000000e+02 2.16000000e+02 0.00000000e+00 2.18340000e+01
 8.78000000e-01 0.00000000e+00 0.00000000e+00 0.00000000e+00
 3.59203000e+02 9.10580000e+04 3.20000000e+02 1.80000000e+02
 0.00000000e+00 2.28710000e+01 8.78000000e-01 2.00000000e-03
 2.77000000e+02]
deleted_idx_col 12
query_origi 634
query_idx 96
deleted_scaled [1.         0.06823407 0.83214581 0.82673936 1.         1.
 1.         0.31262452 0.58372093 0.07807254 1.         0.16071157
 0.83067575 0.82653571 1.         1.         1.         0.36306827
 0.48292683 0.00786187 1.         0.13351528 0.86354877 0.86831774
 1.         1.         1.         0.15515535 0.34405941 0.07892848
 1.         0.         0.8283464  0.82669601 1.         1.
 1.         0.25550074 0.54098361 0.13796752]
deleted_not_scaled [1.20000000e+01 3.20597144e-01 1.66982310e+04 4.23508900e+06
 3.84000000e+03 2.16000000e+03 1.00000000e+00 2.82130000e+01
 8.21000000e-01 7.53400000e+00 1.20000000e+01 5.27382807e-01
 1.66700820e+04 4.23420100e+06 3.84000000e+03 2.16000000e+03
 1.00000000e+00 2.58790000e+01 7.85000000e-01 7.29000000e-01
 1.20000000e+01 6.56382343e-01 1.66471460e+04 4.23461800e+06
 3.84000000e+03 2.16000000e+03 1.00000000e+00 1.92730000e+01
 7.30000000e-01 7.14800000e+00 1.20000000e+01 0.00000000e+00
 1.66224250e+04 4.23456300e+06 3.84000000e+03 2.16000000e+03
 1.00000000e+00 2.20760000e+01 8.01000000e-01 1.30400000e+01
 7.70000000e+01]
deleted_idx_col 96
query_origi 424
query_idx 447
deleted_scaled [0.41666667 0.         0.07626492 0.07624986 0.18181818 0.17171717
 0.         0.05998415 0.26976744 0.00592746 0.41666667 0.
 0.07720106 0.07739535 0.18181818 0.17171717 0.         0.18311861
 0.26829268 0.01847378 0.5        0.         0.11298563 0.11293814
 0.27272727 0.27272727 0.         0.10478416 0.43811881 0.22693595
 0.58333333 0.         0.14092483 0.13986735 0.27272727 0.27272727
 0.         0.20120456 0.70257611 0.13476168]
deleted_not_scaled [5.000000e+00 0.000000e+00 1.827784e+03 4.665420e+05 9.600000e+02
 5.200000e+02 0.000000e+00 1.642000e+01 6.860000e-01 5.720000e-01
 5.000000e+00 0.000000e+00 1.850405e+03 4.730100e+05 9.600000e+02
 5.200000e+02 0.000000e+00 1.980300e+01 6.970000e-01 1.713000e+00
 6.000000e+00 0.000000e+00 2.457307e+03 6.220060e+05 1.280000e+03
 7.200000e+02 0.000000e+00 1.744100e+01 7.680000e-01 2.055200e+01
 7.000000e+00 0.000000e+00 3.094532e+03 7.844640e+05 1.280000e+03
 7.200000e+02 0.000000e+00 2.028200e+01 8.700000e-01 1.273700e+01
 1.490000e+02]
deleted_idx_col 447
query_origi 830
query_idx 565
deleted_scaled [0.25       0.         0.03174126 0.03160699 0.05454545 0.05454545
 0.         0.12817327 0.60930233 0.16746114 0.16666667 0.
 0.01596186 0.01598948 0.05454545 0.05454545 0.         0.18122316
 0.60487805 0.19491836 0.25       0.         0.02733086 0.02764635
 0.05454545 0.05454545 0.         0.17970855 0.63118812 0.1939313
 0.25       0.         0.02889511 0.02902912 0.05454545 0.05454545
 0.         0.30292667 0.67213115 0.24516743]
deleted_not_scaled [3.00000e+00 0.00000e+00 9.51870e+02 2.42370e+05 5.12000e+02 2.88000e+02
 0.00000e+00 1.96030e+01 8.32000e-01 1.61600e+01 2.00000e+00 0.00000e+00
 6.45925e+02 1.64711e+05 5.12000e+02 2.88000e+02 0.00000e+00 1.97390e+01
 8.35000e-01 1.80740e+01 3.00000e+00 0.00000e+00 8.37953e+02 2.14097e+05
 5.12000e+02 2.88000e+02 0.00000e+00 2.01660e+01 8.46000e-01 1.75630e+01
 3.00000e+00 0.00000e+00 8.89879e+02 2.27698e+05 5.12000e+02 2.88000e+02
 0.00000e+00 2.36430e+01 8.57000e-01 2.31720e+01 2.68000e+02]
deleted_idx_col 565
query_origi 194
query_idx 519
deleted_scaled [0.5        0.         0.0916337  0.09183101 0.27272727 0.27272727
 0.         0.18554382 0.67674419 0.27235233 0.5        0.
 0.10792759 0.10700392 0.27272727 0.27272727 0.         0.16700726
 0.58292683 0.20474301 0.5        0.         0.11314966 0.11335946
 0.27272727 0.27272727 0.         0.11811933 0.53712871 0.25097446
 0.5        0.         0.10757425 0.10698891 0.27272727 0.27272727
 0.         0.45143912 0.78220141 0.49192192]
deleted_not_scaled [6.000000e+00 0.000000e+00 2.130134e+03 5.447820e+05 1.280000e+03
 7.200000e+02 0.000000e+00 2.228100e+01 8.610000e-01 2.628200e+01
 6.000000e+00 0.000000e+00 2.454748e+03 6.216650e+05 1.280000e+03
 7.200000e+02 0.000000e+00 1.925900e+01 8.260000e-01 1.898500e+01
 6.000000e+00 0.000000e+00 2.460408e+03 6.240210e+05 1.280000e+03
 7.200000e+02 0.000000e+00 1.792600e+01 8.080000e-01 2.272900e+01
 6.000000e+00 0.000000e+00 2.438220e+03 6.193080e+05 1.280000e+03
 7.200000e+02 0.000000e+00 2.855000e+01 9.040000e-01 4.649400e+01
 6.000000e+01]
deleted_idx_col 519
query_origi 90
query_idx 753
deleted_scaled [0.16666667 0.         0.01814822 0.01809815 0.05454545 0.05454545
 0.         0.0458236  0.21395349 0.38260104 0.16666667 0.
 0.01781152 0.01790516 0.05454545 0.05454545 0.         0.58735377
 0.78292683 0.51133447 0.25       0.1072546  0.02864079 0.02903704
 0.05454545 0.05454545 0.         0.09747044 0.13861386 0.3198326
 0.16666667 0.         0.02132192 0.0210504  0.05454545 0.05454545
 0.         0.08849611 0.26932084 0.28936148]
deleted_not_scaled [2.00000000e+00 0.00000000e+00 6.84454000e+02 1.74536000e+05
 5.12000000e+02 2.88000000e+02 0.00000000e+00 1.57590000e+01
 6.62000000e-01 3.69210000e+01 2.00000000e+00 0.00000000e+00
 6.82305000e+02 1.74329000e+05 5.12000000e+02 2.88000000e+02
 0.00000000e+00 3.34520000e+01 9.08000000e-01 4.74140000e+01
 3.00000000e+00 5.27280643e-01 8.62718000e+02 2.20748000e+05
 5.12000000e+02 2.88000000e+02 0.00000000e+00 1.71750000e+01
 6.47000000e-01 2.89650000e+01 2.00000000e+00 0.00000000e+00
 7.40845000e+02 1.87619000e+05 5.12000000e+02 2.88000000e+02
 0.00000000e+00 1.65580000e+01 6.85000000e-01 2.73490000e+01
 1.41000000e+02]
deleted_idx_col 753
query_origi 507
query_idx 520
deleted_scaled [0.16666667 0.         0.01820551 0.01812125 0.05454545 0.05454545
 0.         0.14927483 0.26976744 0.27471503 0.25       0.
 0.02923576 0.02927215 0.05454545 0.05454545 0.         0.04309196
 0.23170732 0.40155943 0.25       0.         0.02695838 0.02727019
 0.05454545 0.05454545 0.         0.13112455 0.43069307 0.19242958
 0.25       0.         0.03242193 0.03201545 0.05454545 0.05454545
 0.         0.68790291 0.82669789 0.58768449]
deleted_not_scaled [2.00000e+00 0.00000e+00 6.85581e+02 1.74652e+05 5.12000e+02 2.88000e+02
 0.00000e+00 2.05880e+01 6.86000e-01 2.65100e+01 3.00000e+00 0.00000e+00
 9.07002e+02 2.31399e+05 5.12000e+02 2.88000e+02 0.00000e+00 1.50750e+01
 6.82000e-01 3.72350e+01 3.00000e+00 0.00000e+00 8.30911e+02 2.12298e+05
 5.12000e+02 2.88000e+02 0.00000e+00 1.83990e+01 7.65000e-01 1.74270e+01
 3.00000e+00 0.00000e+00 9.59284e+02 2.42699e+05 5.12000e+02 2.88000e+02
 0.00000e+00 3.63630e+01 9.23000e-01 5.55450e+01 2.38000e+02]
deleted_idx_col 520
query_origi 939
query_idx 965
deleted_scaled [0.58333333 0.         0.1406007  0.13966259 0.27272727 0.27272727
 0.         0.19259196 0.4627907  0.22415544 0.58333333 0.
 0.13998004 0.139341   0.27272727 0.27272727 0.         0.6931734
 0.86585366 0.76803701 0.58333333 0.         0.14599449 0.14685337
 0.27272727 0.27272727 0.         0.17629915 0.4950495  0.31979948
 0.58333333 0.         0.1399728  0.13976383 0.27272727 0.27272727
 0.         0.20417058 0.46604215 0.33129133]
deleted_not_scaled [7.000000e+00 0.000000e+00 3.093462e+03 7.849660e+05 1.280000e+03
 7.200000e+02 0.000000e+00 2.261000e+01 7.690000e-01 2.163100e+01
 7.000000e+00 0.000000e+00 3.085170e+03 7.840190e+05 1.280000e+03
 7.200000e+02 0.000000e+00 3.702500e+01 9.420000e-01 7.121700e+01
 7.000000e+00 0.000000e+00 3.081359e+03 7.842060e+05 1.280000e+03
 7.200000e+02 0.000000e+00 2.004200e+01 7.910000e-01 2.896200e+01
 7.000000e+00 0.000000e+00 3.075797e+03 7.839440e+05 1.280000e+03
 7.200000e+02 0.000000e+00 2.038000e+01 7.690000e-01 3.131200e+01
 8.500000e+01]
deleted_idx_col 965
query_origi 707
query_idx 787
deleted_scaled [0.41666667 0.         0.07723066 0.07739953 0.18181818 0.17171717
 0.         0.55843099 0.88139535 0.85380311 0.5        0.
 0.1079645  0.10704057 0.27272727 0.27272727 0.         0.45262846
 0.56829268 0.42710782 0.5        0.         0.11274983 0.11295863
 0.27272727 0.27272727 0.         0.22680781 0.11138614 0.36018021
 0.5        0.         0.10809861 0.10751068 0.27272727 0.27272727
 0.         0.24953845 0.15456674 0.32557795]
deleted_not_scaled [5.000000e+00 0.000000e+00 1.846783e+03 4.723150e+05 9.600000e+02
 5.200000e+02 0.000000e+00 3.968700e+01 9.490000e-01 8.239200e+01
 6.000000e+00 0.000000e+00 2.455474e+03 6.218490e+05 1.280000e+03
 7.200000e+02 0.000000e+00 2.890300e+01 8.200000e-01 3.960400e+01
 6.000000e+00 0.000000e+00 2.452849e+03 6.221040e+05 1.280000e+03
 7.200000e+02 0.000000e+00 2.187900e+01 6.360000e-01 3.261900e+01
 6.000000e+00 0.000000e+00 2.448539e+03 6.219290e+05 1.280000e+03
 7.200000e+02 0.000000e+00 2.187900e+01 6.360000e-01 3.077200e+01
 9.000000e+01]
deleted_idx_col 787
query_origi 731
query_idx 630
deleted_scaled [1.         0.         0.8275702  0.82674055 1.         1.
 1.         0.27228518 0.58372093 0.22115026 1.         0.
 0.90362401 0.90408065 1.         1.         1.         0.12287872
 0.36097561 0.11227703 1.         0.         0.85407914 0.86353009
 1.         1.         1.         0.22760517 0.58415842 0.0165741
 1.         0.         0.75991337 0.75383712 1.         1.
 1.         0.2296238  0.36065574 0.06032905]
deleted_not_scaled [1.2000000e+01 0.0000000e+00 1.6608215e+04 4.2350950e+06 3.8400000e+03
 2.1600000e+03 1.0000000e+00 2.6330000e+01 8.2100000e-01 2.1341000e+01
 1.2000000e+01 0.0000000e+00 1.8104861e+04 4.6235290e+06 3.8400000e+03
 2.1600000e+03 1.0000000e+00 1.7769000e+01 7.3500000e-01 1.0411000e+01
 1.2000000e+01 0.0000000e+00 1.6468117e+04 4.2117210e+06 3.8400000e+03
 2.1600000e+03 1.0000000e+00 2.1908000e+01 8.2700000e-01 1.5010000e+00
 1.2000000e+01 0.0000000e+00 1.5275719e+04 3.8685760e+06 3.8400000e+03
 2.1600000e+03 1.0000000e+00 2.1221000e+01 7.2400000e-01 5.7020000e+00
 2.8400000e+02]
deleted_idx_col 630
query_origi 731
query_idx 775
deleted_scaled [0.25       0.         0.02576206 0.02551772 0.05454545 0.05454545
 0.         0.24842006 0.73953488 0.12557513 0.33333333 0.
 0.04256803 0.0423933  0.09090909 0.09090909 0.         0.3805716
 0.76585366 0.25173091 0.33333333 0.         0.04485181 0.04512879
 0.09090909 0.09090909 0.         0.21710201 0.67574257 0.23368263
 0.33333333 0.         0.04284411 0.0428091  0.09090909 0.09090909
 0.         0.16385703 0.70725995 0.1507803 ]
deleted_not_scaled [3.000000e+00 0.000000e+00 8.342410e+02 2.117930e+05 5.120000e+02
 2.880000e+02 0.000000e+00 2.521600e+01 8.880000e-01 1.211800e+01
 4.000000e+00 0.000000e+00 1.169227e+03 2.972760e+05 6.400000e+02
 3.600000e+02 0.000000e+00 2.647000e+01 9.010000e-01 2.334200e+01
 4.000000e+00 0.000000e+00 1.169197e+03 2.977070e+05 6.400000e+02
 3.600000e+02 0.000000e+00 2.152600e+01 8.640000e-01 2.116300e+01
 4.000000e+00 0.000000e+00 1.164384e+03 2.969180e+05 6.400000e+02
 3.600000e+02 0.000000e+00 1.904800e+01 8.720000e-01 1.425100e+01
 1.680000e+02]
deleted_idx_col 775
query_origi 718
query_idx 338
deleted_scaled [0.83333333 0.         0.3896914  0.38908447 0.63636364 0.63636364
 0.         0.04560937 0.53255814 0.15702591 0.83333333 0.
 0.42206718 0.42210232 0.63636364 0.63636364 0.         0.08417
 0.49512195 0.09880724 0.83333333 0.         0.39213048 0.39629927
 0.63636364 0.63636364 0.         0.71190542 0.89851485 0.96950189
 0.83333333 0.         0.39739049 0.39396078 0.63636364 0.63636364
 0.         0.11301111 0.57845433 0.05894302]
deleted_not_scaled [1.000000e+01 0.000000e+00 7.993824e+03 2.037426e+06 2.560000e+03
 1.440000e+03 0.000000e+00 1.574900e+01 7.990000e-01 1.515300e+01
 1.000000e+01 0.000000e+00 8.633386e+03 2.203672e+06 2.560000e+03
 1.440000e+03 0.000000e+00 1.646200e+01 7.900000e-01 9.162000e+00
 1.000000e+01 0.000000e+00 7.734705e+03 1.977184e+06 2.560000e+03
 1.440000e+03 0.000000e+00 3.952200e+01 9.540000e-01 8.780100e+01
 1.000000e+01 0.000000e+00 8.141566e+03 2.060834e+06 2.560000e+03
 1.440000e+03 0.000000e+00 1.736800e+01 8.170000e-01 5.571000e+00
 2.460000e+02]
deleted_idx_col 338
query_origi 506
query_idx 918
deleted_scaled [0.91666667 0.         0.56860221 0.56343623 1.         1.
 0.         0.13254354 0.6        0.02491192 0.91666667 0.
 0.60949469 0.60491754 1.         1.         0.         0.90087369
 0.94390244 0.97746047 0.91666667 0.         0.58773088 0.58947181
 1.         1.         0.         0.26612593 0.6980198  0.01966587
 0.91666667 0.         0.53940098 0.5372349  1.         1.
 0.         0.35631488 0.71662763 0.1635825 ]
deleted_not_scaled [1.1000000e+01 0.0000000e+00 1.1513537e+04 2.9129250e+06 3.8400000e+03
 2.1600000e+03 0.0000000e+00 1.9807000e+01 8.2800000e-01 2.4040000e+00
 1.1000000e+01 0.0000000e+00 1.2319794e+04 3.1215280e+06 3.8400000e+03
 2.1600000e+03 0.0000000e+00 4.4038000e+01 9.7400000e-01 9.0636000e+01
 1.1000000e+01 0.0000000e+00 1.1432646e+04 2.9010340e+06 3.8400000e+03
 2.1600000e+03 0.0000000e+00 2.3309000e+01 8.7300000e-01 1.7810000e+00
 1.1000000e+01 0.0000000e+00 1.0936216e+04 2.7805330e+06 3.8400000e+03
 2.1600000e+03 0.0000000e+00 2.5407000e+01 8.7600000e-01 1.5461000e+01
 1.9600000e+02]
deleted_idx_col 918
query_origi 658
query_idx 360
deleted_scaled [0.91666667 0.         0.56266295 0.56208842 1.         1.
 0.         0.16407807 0.49302326 0.02728497 0.91666667 0.
 0.56736015 0.56767256 1.         1.         0.         0.25277654
 0.43414634 0.06363911 0.91666667 0.         0.59001057 0.59655762
 1.         1.         0.         0.57954358 0.73514851 0.36495037
 0.91666667 0.         0.60068316 0.59585832 1.         1.
 0.         0.43763809 0.69086651 0.10380363]
deleted_not_scaled [1.1000000e+01 0.0000000e+00 1.1396694e+04 2.9061570e+06 3.8400000e+03
 2.1600000e+03 0.0000000e+00 2.1279000e+01 7.8200000e-01 2.6330000e+00
 1.1000000e+01 0.0000000e+00 1.1491073e+04 2.9345330e+06 3.8400000e+03
 2.1600000e+03 0.0000000e+00 2.2155000e+01 7.6500000e-01 5.9010000e+00
 1.1000000e+01 0.0000000e+00 1.1475745e+04 2.9349220e+06 3.8400000e+03
 2.1600000e+03 0.0000000e+00 3.4708000e+01 8.8800000e-01 3.3051000e+01
 1.1000000e+01 0.0000000e+00 1.2142199e+04 3.0750120e+06 3.8400000e+03
 2.1600000e+03 0.0000000e+00 2.8094000e+01 8.6500000e-01 9.8110000e+00
 1.5600000e+02]
deleted_idx_col 360
query_origi 130
query_idx 909
deleted_scaled [0.         0.         0.00177802 0.00159934 0.         0.
 0.         0.74395338 0.99302326 0.67647668 0.41666667 0.
 0.07778687 0.07714758 0.18181818 0.17171717 0.         0.70451651
 0.99756098 0.84936264 0.58333333 0.         0.14651206 0.14688933
 0.27272727 0.27272727 0.         1.         1.         0.7411084
 0.58333333 0.         0.14046088 0.13979051 0.27272727 0.27272727
 0.         0.93323447 1.         0.86506904]
deleted_not_scaled [0.000000e+00 0.000000e+00 3.624030e+02 9.168800e+04 3.200000e+02
 1.800000e+02 0.000000e+00 4.834700e+01 9.970000e-01 6.528000e+01
 5.000000e+00 0.000000e+00 1.861927e+03 4.717660e+05 9.600000e+02
 5.200000e+02 0.000000e+00 3.740800e+01 9.960000e-01 7.875800e+01
 7.000000e+00 0.000000e+00 3.091144e+03 7.843780e+05 1.280000e+03
 7.200000e+02 0.000000e+00 5.000000e+01 9.950000e-01 6.711700e+01
 7.000000e+00 0.000000e+00 3.085402e+03 7.840780e+05 1.280000e+03
 7.200000e+02 0.000000e+00 4.446900e+01 9.970000e-01 8.176200e+01
 0.000000e+00]
deleted_idx_col 909
query_origi 381
query_idx 273
deleted_scaled [1.         0.13586465 0.78359664 0.78124176 1.         1.
 1.         0.56667881 0.84883721 0.92832124 1.         0.14825281
 0.8156376  0.81442579 1.         1.         1.         0.2046794
 0.42926829 0.01231586 1.         0.03180562 0.92292269 0.93127294
 1.         1.         1.         0.12521309 0.44306931 0.06106246
 1.         0.         0.76560512 0.76675948 1.         1.
 1.         0.20250598 0.19672131 0.17704068]
deleted_not_scaled [1.20000000e+01 6.38358794e-01 1.57431230e+04 4.00662500e+06
 3.84000000e+03 2.16000000e+03 1.00000000e+00 4.00720000e+01
 9.35000000e-01 8.95830000e+01 1.20000000e+01 4.86498784e-01
 1.63743050e+04 4.17340100e+06 3.84000000e+03 2.16000000e+03
 1.00000000e+00 2.05310000e+01 7.63000000e-01 1.14200000e+00
 1.20000000e+01 1.56361491e-01 1.77696450e+04 4.53570200e+06
 3.84000000e+03 2.16000000e+03 1.00000000e+00 1.81840000e+01
 7.70000000e-01 5.53000000e+00 1.20000000e+01 0.00000000e+00
 1.53877280e+04 3.93348800e+06 3.84000000e+03 2.16000000e+03
 1.00000000e+00 2.03250000e+01 6.54000000e-01 1.67330000e+01
 1.02000000e+02]
deleted_idx_col 273
query_origi 453
query_idx 143
deleted_scaled [1.00000000e+00 2.08096526e-01 8.20943503e-01 8.20530396e-01
 1.00000000e+00 1.00000000e+00 1.00000000e+00 1.51202896e-01
 6.23255814e-01 5.07772021e-04 1.00000000e+00 4.49408683e-01
 8.31558079e-01 8.32399263e-01 1.00000000e+00 1.00000000e+00
 1.00000000e+00 1.89930401e-01 6.46341463e-01 2.04904773e-04
 1.00000000e+00 4.60546018e-01 8.62479351e-01 8.62462028e-01
 1.00000000e+00 1.00000000e+00 1.00000000e+00 1.70030245e-01
 5.81683168e-01 2.67658978e-02 1.00000000e+00 0.00000000e+00
 8.90061578e-01 8.83406318e-01 1.00000000e+00 1.00000000e+00
 1.00000000e+00 9.39287552e-01 9.50819672e-01 9.72268952e-01]
deleted_not_scaled [1.20000000e+01 9.77739579e-01 1.64778480e+04 4.20391100e+06
 3.84000000e+03 2.16000000e+03 1.00000000e+00 2.06780000e+01
 8.38000000e-01 4.90000000e-02 1.20000000e+01 1.47475634e+00
 1.66874360e+04 4.26364000e+06 3.84000000e+03 2.16000000e+03
 1.00000000e+00 2.00330000e+01 8.52000000e-01 1.90000000e-02
 1.20000000e+01 2.26411736e+00 1.66269280e+04 4.20661300e+06
 3.84000000e+03 2.16000000e+03 1.00000000e+00 1.98140000e+01
 8.26000000e-01 2.42400000e+00 1.20000000e+01 0.00000000e+00
 1.78369290e+04 4.51943200e+06 3.84000000e+03 2.16000000e+03
 1.00000000e+00 4.46690000e+01 9.76000000e-01 9.18940000e+01
 1.94000000e+02]
deleted_idx_col 143
query_origi 280
query_idx 111
deleted_scaled [1.         0.07833125 0.83252841 0.83294155 1.         1.
 1.         0.24584931 0.78837209 0.07468394 1.         0.18551408
 0.78047011 0.78204529 1.         1.         1.         0.73490301
 0.80731707 0.79312167 1.         0.1099702  0.86740816 0.86826546
 1.         1.         1.         0.14162772 0.3960396  0.03271756
 1.         0.         0.86940528 0.86376975 1.         1.
 1.         0.97085439 0.96252927 0.94812464]
deleted_not_scaled [1.20000000e+01 3.68038646e-01 1.67057580e+04 4.26623300e+06
 3.84000000e+03 2.16000000e+03 1.00000000e+00 2.50960000e+01
 9.09000000e-01 7.20700000e+00 1.20000000e+01 6.08773441e-01
 1.56826150e+04 4.01082900e+06 3.84000000e+03 2.16000000e+03
 1.00000000e+00 3.84340000e+01 9.18000000e-01 7.35430000e+01
 1.20000000e+01 5.40630960e-01 1.67201100e+04 4.23436800e+06
 3.84000000e+03 2.16000000e+03 1.00000000e+00 1.87810000e+01
 7.51000000e-01 2.96300000e+00 1.20000000e+01 0.00000000e+00
 1.74304300e+04 4.42079300e+06 3.84000000e+03 2.16000000e+03
 1.00000000e+00 4.57120000e+01 9.81000000e-01 8.96120000e+01
 1.87000000e+02]
deleted_idx_col 111
query_origi 443
query_idx 457
deleted_scaled [0.83333333 0.         0.39180892 0.39139894 0.63636364 0.63636364
 0.         0.13395745 0.55116279 0.00567876 0.83333333 0.
 0.39318961 0.3934273  0.63636364 0.63636364 0.         0.44101881
 0.7902439  0.14676574 0.83333333 0.         0.40903685 0.41359373
 0.63636364 0.63636364 0.         0.27627165 0.67574257 0.0098495
 0.83333333 0.         0.39945425 0.39621092 0.63636364 0.63636364
 0.         0.18104779 0.58313817 0.        ]
deleted_not_scaled [1.000000e+01 0.000000e+00 8.035482e+03 2.049048e+06 2.560000e+03
 1.440000e+03 0.000000e+00 1.987300e+01 8.070000e-01 5.480000e-01
 1.000000e+01 0.000000e+00 8.065409e+03 2.059704e+06 2.560000e+03
 1.440000e+03 0.000000e+00 2.851100e+01 9.110000e-01 1.360900e+01
 1.000000e+01 0.000000e+00 8.054330e+03 2.059895e+06 2.560000e+03
 1.440000e+03 0.000000e+00 2.367800e+01 8.640000e-01 8.920000e-01
 1.000000e+01 0.000000e+00 8.182179e+03 2.072137e+06 2.560000e+03
 1.440000e+03 0.000000e+00 1.961600e+01 8.190000e-01 0.000000e+00
 2.010000e+02]
deleted_idx_col 457
query_origi 936
query_idx 414
deleted_scaled [0.5        0.         0.10754479 0.10722616 0.27272727 0.27272727
 0.         0.03376251 0.20232558 0.45210363 0.5        0.
 0.10714145 0.10707423 0.27272727 0.27272727 0.         0.06435658
 0.16341463 0.43884132 0.5        0.11847631 0.11174266 0.11290301
 0.27272727 0.27272727 0.         0.66750069 0.8539604  0.92510186
 0.41666667 0.         0.07765522 0.07790743 0.18181818 0.17171717
 0.         0.10483944 0.16159251 0.08597577]
deleted_not_scaled [6.00000000e+00 0.00000000e+00 2.44315300e+03 6.22088000e+05
 1.28000000e+03 7.20000000e+02 0.00000000e+00 1.51960000e+01
 6.57000000e-01 4.36280000e+01 6.00000000e+00 0.00000000e+00
 2.43928600e+03 6.22018000e+05 1.28000000e+03 7.20000000e+02
 0.00000000e+00 1.57930000e+01 6.54000000e-01 4.06920000e+01
 6.00000000e+00 5.82448354e-01 2.43380800e+03 6.21838000e+05
 1.28000000e+03 7.20000000e+02 0.00000000e+00 3.79070000e+01
 9.36000000e-01 8.37800000e+01 5.00000000e+00 0.00000000e+00
 1.84943800e+03 4.73225000e+05 9.60000000e+02 5.20000000e+02
 0.00000000e+00 1.70980000e+01 6.39000000e-01 8.12600000e+00
 1.40000000e+02]
deleted_idx_col 414
query_origi 166
query_idx 35
deleted_scaled [0.5        0.         0.10749721 0.1072395  0.27272727 0.27272727
 0.         0.13894899 0.21162791 0.07843523 0.5        0.8228571
 0.10854324 0.10853598 0.27272727 0.27272727 0.         0.04113727
 0.2        0.11051916 0.5        0.         0.11019492 0.11133981
 0.27272727 0.27272727 0.         0.1308496  0.40841584 0.01450924
 0.41666667 0.         0.08592848 0.08504905 0.18181818 0.17171717
 0.         0.7475258  0.84777518 0.7975771 ]
deleted_not_scaled [6.0000000e+00 0.0000000e+00 2.4422170e+03 6.2215500e+05 1.2800000e+03
 7.2000000e+02 0.0000000e+00 2.0106000e+01 6.6100000e-01 7.5690000e+00
 6.0000000e+00 2.7002454e+00 2.4668570e+03 6.2935700e+05 1.2800000e+03
 7.2000000e+02 0.0000000e+00 1.5009000e+01 6.6900000e-01 1.0248000e+01
 6.0000000e+00 0.0000000e+00 2.4045470e+03 6.1436200e+05 1.2800000e+03
 7.2000000e+02 0.0000000e+00 1.8389000e+01 7.5600000e-01 1.3140000e+00
 5.0000000e+00 0.0000000e+00 2.0122490e+03 5.0909900e+05 9.6000000e+02
 5.2000000e+02 0.0000000e+00 3.8333000e+01 9.3200000e-01 7.5383000e+01
 2.3800000e+02]
deleted_idx_col 35
query_origi 303
query_idx 887
deleted_scaled [0.58333333 0.         0.11965138 0.11896957 0.27272727 0.27272727
 0.         0.0456308  0.19302326 0.35179275 0.66666667 0.
 0.20489915 0.20418724 0.45454545 0.45454545 0.         0.1562861
 0.11707317 0.08655609 0.66666667 0.17602953 0.21341043 0.21490526
 0.45454545 0.45454545 0.         0.1754193  0.15346535 0.0915937
 0.66666667 0.         0.20832591 0.2082349  0.45454545 0.45454545
 0.         0.04116098 0.22014052 0.11573824]
deleted_not_scaled [7.00000000e+00 0.00000000e+00 2.68132600e+03 6.81057000e+05
 1.28000000e+03 7.20000000e+02 0.00000000e+00 1.57500000e+01
 6.53000000e-01 3.39480000e+01 8.00000000e+00 0.00000000e+00
 4.36202800e+03 1.10959100e+06 1.92000000e+03 1.08000000e+03
 0.00000000e+00 1.88970000e+01 6.35000000e-01 8.02600000e+00
 8.00000000e+00 8.65389132e-01 4.35589700e+03 1.10966500e+06
 1.92000000e+03 1.08000000e+03 0.00000000e+00 2.00100000e+01
 6.53000000e-01 8.29500000e+00 8.00000000e+00 0.00000000e+00
 4.42093000e+03 1.12789000e+06 1.92000000e+03 1.08000000e+03
 0.00000000e+00 1.49940000e+01 6.64000000e-01 1.09390000e+01
 2.36000000e+02]
deleted_idx_col 887
query_origi 644
query_idx 183
deleted_scaled [2.50000000e-01 0.00000000e+00 3.24233164e-02 3.24075586e-02
 5.45454545e-02 5.45454545e-02 0.00000000e+00 1.76267701e-01
 6.16279070e-01 4.41378238e-01 1.66666667e-01 9.04023116e-01
 1.51458323e-02 1.52527269e-02 5.45454545e-02 5.45454545e-02
 0.00000000e+00 1.47519621e-01 6.60975610e-01 3.27502534e-01
 3.33333333e-01 1.64101163e-01 4.72354473e-02 4.71471896e-02
 9.09090909e-02 9.09090909e-02 0.00000000e+00 3.57437448e-04
 4.05940594e-01 5.70608306e-01 0.00000000e+00 0.00000000e+00
 2.89112656e-03 2.78326838e-03 0.00000000e+00 0.00000000e+00
 0.00000000e+00 2.28503980e-02 4.70725995e-01 1.68692800e-01]
deleted_not_scaled [3.00000000e+00 0.00000000e+00 9.65288000e+02 2.46390000e+05
 5.12000000e+02 2.88000000e+02 0.00000000e+00 2.18480000e+01
 8.35000000e-01 4.25930000e+01 2.00000000e+00 2.96659561e+00
 6.29875000e+02 1.61012000e+05 5.12000000e+02 2.88000000e+02
 0.00000000e+00 1.86010000e+01 8.58000000e-01 3.03680000e+01
 4.00000000e+00 8.06747378e-01 1.21426100e+03 3.07360000e+05
 6.40000000e+02 3.60000000e+02 0.00000000e+00 1.36430000e+01
 7.55000000e-01 5.16760000e+01 0.00000000e+00 0.00000000e+00
 3.78142000e+02 9.58590000e+04 3.20000000e+02 1.80000000e+02
 0.00000000e+00 1.43890000e+01 7.71000000e-01 1.59440000e+01
 2.32000000e+02]
deleted_idx_col 183
query_origi 187
query_idx 104
deleted_scaled [0.41666667 0.96208746 0.07950545 0.07911377 0.18181818 0.17171717
 0.         0.21917779 0.62790698 0.31003109 0.25       0.04787334
 0.02987424 0.02981869 0.05454545 0.05454545 0.         0.54275137
 0.84634146 0.5697539  0.08333333 0.         0.00701189 0.00707662
 0.01818182 0.01818182 0.         0.35732747 0.76485149 0.00500204
 0.         0.         0.00211767 0.00215061 0.         0.
 0.         0.36463787 0.76346604 0.        ]
deleted_not_scaled [5.00000000e+00 4.52035891e+00 1.89153500e+03 4.80923000e+05
 9.60000000e+02 5.20000000e+02 0.00000000e+00 2.38510000e+01
 8.40000000e-01 2.99180000e+01 3.00000000e+00 1.57098684e-01
 9.19560000e+02 2.34143000e+05 5.12000000e+02 2.88000000e+02
 0.00000000e+00 3.19460000e+01 9.34000000e-01 5.28310000e+01
 1.00000000e+00 0.00000000e+00 4.53811000e+02 1.15722000e+05
 3.84000000e+02 2.16000000e+02 0.00000000e+00 2.66260000e+01
 9.00000000e-01 4.53000000e-01 0.00000000e+00 0.00000000e+00
 3.62921000e+02 9.26810000e+04 3.20000000e+02 1.80000000e+02
 0.00000000e+00 2.56820000e+01 8.96000000e-01 0.00000000e+00
 7.10000000e+01]
deleted_idx_col 104
query_origi 283
query_idx 178
deleted_scaled [0.58333333 0.11807126 0.14020717 0.13942501 0.27272727 0.27272727
 0.         0.17142612 0.27906977 0.0306114  0.5        0.82180303
 0.10733705 0.10696548 0.27272727 0.27272727 0.         0.26998371
 0.25853659 0.27889697 0.41666667 0.         0.08147035 0.08208448
 0.18181818 0.17171717 0.         0.33739346 0.38366337 0.38601857
 0.33333333 0.         0.04268562 0.04270857 0.09090909 0.09090909
 0.         0.31609213 0.40749415 0.22875734]
deleted_not_scaled [7.00000000e+00 5.54756686e-01 3.08572000e+03 7.83773000e+05
 1.28000000e+03 7.20000000e+02 0.00000000e+00 2.16220000e+01
 6.90000000e-01 2.95400000e+00 6.00000000e+00 2.69678641e+00
 2.44313300e+03 6.21472000e+05 1.28000000e+03 7.20000000e+02
 0.00000000e+00 2.27360000e+01 6.93000000e-01 2.58610000e+01
 5.00000000e+00 0.00000000e+00 1.86149200e+03 4.74448000e+05
 9.60000000e+02 5.20000000e+02 0.00000000e+00 2.59010000e+01
 7.46000000e-01 3.49590000e+01 4.00000000e+00 0.00000000e+00
 1.16126500e+03 2.96413000e+05 6.40000000e+02 3.60000000e+02
 0.00000000e+00 2.40780000e+01 7.44000000e-01 2.16210000e+01
 2.89000000e+02]
deleted_idx_col 178
query_origi 940
query_idx 847
deleted_scaled [0.41666667 0.         0.07752594 0.07741864 0.18181818 0.17171717
 0.         0.04648771 0.19767442 0.12083938 0.41666667 0.
 0.07701269 0.07716072 0.18181818 0.17171717 0.         0.68757589
 0.83902439 0.72082264 0.5        0.         0.11158583 0.11293521
 0.27272727 0.27272727 0.         0.09488589 0.11386139 0.36195797
 0.58333333 0.         0.14655423 0.14529851 0.27272727 0.27272727
 0.         0.08540904 0.23419204 0.32937629]
deleted_not_scaled [5.000000e+00 0.000000e+00 1.852592e+03 4.724110e+05 9.600000e+02
 5.200000e+02 0.000000e+00 1.579000e+01 6.550000e-01 1.166100e+01
 5.000000e+00 0.000000e+00 1.846700e+03 4.718320e+05 9.600000e+02
 5.200000e+02 0.000000e+00 3.683600e+01 9.310000e-01 6.683900e+01
 6.000000e+00 0.000000e+00 2.430843e+03 6.219920e+05 1.280000e+03
 7.200000e+02 0.000000e+00 1.708100e+01 6.370000e-01 3.278000e+01
 7.000000e+00 0.000000e+00 3.205314e+03 8.117460e+05 1.280000e+03
 7.200000e+02 0.000000e+00 1.645600e+01 6.700000e-01 3.113100e+01
 1.410000e+02]
deleted_idx_col 847
query_origi 803
query_idx 443
deleted_scaled [1.         0.22060351 0.82906738 0.82657964 1.         1.
 1.         0.24066497 0.50697674 0.0272228  1.         0.18718031
 0.87855188 0.87724382 1.         1.         1.         0.25014068
 0.55853659 0.03606324 1.         0.0770712  0.80790131 0.81521405
 1.         1.         1.         0.84696178 0.94306931 0.89839118
 1.         0.         0.87718645 0.8785021  1.         1.
 1.         0.30686117 0.72131148 0.00513146]
deleted_not_scaled [1.20000000e+01 1.03650351e+00 1.66376690e+04 4.23428700e+06
 3.84000000e+03 2.16000000e+03 1.00000000e+00 2.48540000e+01
 7.88000000e-01 2.62700000e+00 1.20000000e+01 6.14241244e-01
 1.76117310e+04 4.48879000e+06 3.84000000e+03 2.16000000e+03
 1.00000000e+00 2.20660000e+01 8.16000000e-01 3.34400000e+00
 1.20000000e+01 3.78894259e-01 1.55950980e+04 3.98064900e+06
 3.84000000e+03 2.16000000e+03 1.00000000e+00 4.44340000e+01
 9.72000000e-01 8.13610000e+01 1.20000000e+01 0.00000000e+00
 1.75835570e+04 4.49479700e+06 3.84000000e+03 2.16000000e+03
 1.00000000e+00 2.37730000e+01 8.78000000e-01 4.85000000e-01
 2.75000000e+02]
deleted_idx_col 443
query_origi 246
query_idx 597
deleted_scaled [0.33333333 0.         0.0445079  0.04401317 0.09090909 0.09090909
 0.         0.32209345 0.5744186  0.47564767 0.41666667 0.
 0.07597799 0.07544303 0.18181818 0.17171717 0.         0.25031838
 0.13902439 0.33250652 0.41666667 0.         0.08128437 0.08155714
 0.18181818 0.17171717 0.         0.23172945 0.12871287 0.3197001
 0.58333333 0.         0.14040392 0.13988726 0.27272727 0.27272727
 0.         0.35458975 0.48946136 0.33697297]
deleted_not_scaled [4.000000e+00 0.000000e+00 1.203028e+03 3.046670e+05 6.400000e+02
 3.600000e+02 0.000000e+00 2.865500e+01 8.170000e-01 4.590000e+01
 5.000000e+00 0.000000e+00 1.826349e+03 4.632080e+05 9.600000e+02
 5.200000e+02 0.000000e+00 2.207200e+01 6.440000e-01 3.083200e+01
 5.000000e+00 0.000000e+00 1.857976e+03 4.719260e+05 9.600000e+02
 5.200000e+02 0.000000e+00 2.205800e+01 6.430000e-01 2.895300e+01
 7.000000e+00 0.000000e+00 3.084281e+03 7.845640e+05 1.280000e+03
 7.200000e+02 0.000000e+00 2.535000e+01 7.790000e-01 3.184900e+01
 9.100000e+01]
deleted_idx_col 597
query_origi 352
query_idx 891
deleted_scaled [0.5        0.         0.10792816 0.10718155 0.27272727 0.27272727
 0.         0.77936545 0.98837209 0.65370984 0.5        0.
 0.10747803 0.1069842  0.27272727 0.27272727 0.         0.91363838
 1.         0.80238552 0.41666667 0.         0.08173371 0.08220345
 0.18181818 0.17171717 0.         0.6571625  0.59405941 0.56876429
 0.41666667 0.         0.0796243  0.0795054  0.18181818 0.17171717
 0.         0.15692624 0.44262295 0.33453949]
deleted_not_scaled [6.000000e+00 0.000000e+00 2.450695e+03 6.218640e+05 1.280000e+03
 7.200000e+02 0.000000e+00 5.000000e+01 9.950000e-01 6.308300e+01
 6.000000e+00 0.000000e+00 2.445906e+03 6.215660e+05 1.280000e+03
 7.200000e+02 0.000000e+00 4.446900e+01 9.970000e-01 7.440200e+01
 5.000000e+00 0.000000e+00 1.866471e+03 4.750170e+05 9.600000e+02
 5.200000e+02 0.000000e+00 3.753100e+01 8.310000e-01 5.150900e+01
 5.000000e+00 0.000000e+00 1.888188e+03 4.812520e+05 9.600000e+02
 5.200000e+02 0.000000e+00 1.881900e+01 7.590000e-01 3.161900e+01
 2.000000e+00]
deleted_idx_col 891
query_origi 458
query_idx 478
deleted_scaled [0.         0.         0.00201637 0.00186301 0.         0.
 0.         0.39028257 0.98139535 0.15226943 0.         0.
 0.00177686 0.00172785 0.         0.         0.         0.68662817
 0.98292683 0.39396717 0.25       0.         0.02912509 0.02920787
 0.05454545 0.05454545 0.         0.5965906  0.98762376 0.40075969
 0.58333333 0.         0.14053655 0.14009628 0.27272727 0.27272727
 0.         1.         0.60421546 0.55613395]
deleted_not_scaled [0.000000e+00 0.000000e+00 3.670920e+02 9.301200e+04 3.200000e+02
 1.800000e+02 0.000000e+00 3.183800e+01 9.920000e-01 1.469400e+01
 0.000000e+00 0.000000e+00 3.669280e+02 9.310800e+04 3.200000e+02
 1.800000e+02 0.000000e+00 3.680400e+01 9.900000e-01 3.653100e+01
 3.000000e+00 0.000000e+00 8.718740e+02 2.215650e+05 5.120000e+02
 2.880000e+02 0.000000e+00 3.532800e+01 9.900000e-01 3.629400e+01
 7.000000e+00 0.000000e+00 3.086891e+03 7.856140e+05 1.280000e+03
 7.200000e+02 0.000000e+00 4.667500e+01 8.280000e-01 5.256300e+01
 1.000000e+00]
deleted_idx_col 478
query_origi 324
query_idx 652
deleted_scaled [0.         0.         0.00190774 0.00193689 0.         0.
 0.         0.24188607 0.68837209 0.         0.         0.
 0.0018428  0.00175674 0.         0.         0.         0.24007108
 0.6097561  0.         0.33333333 0.         0.04440491 0.04446659
 0.09090909 0.09090909 0.         0.28320044 0.63613861 0.23361638
 0.41666667 0.         0.07803125 0.07763748 0.18181818 0.17171717
 0.         0.48860507 0.82903981 0.5391631 ]
deleted_not_scaled [0.000000e+00 0.000000e+00 3.649550e+02 9.338300e+04 3.200000e+02
 1.800000e+02 0.000000e+00 2.491100e+01 8.660000e-01 0.000000e+00
 0.000000e+00 0.000000e+00 3.682250e+02 9.325300e+04 3.200000e+02
 1.800000e+02 0.000000e+00 2.172600e+01 8.370000e-01 0.000000e+00
 4.000000e+00 0.000000e+00 1.160748e+03 2.945400e+05 6.400000e+02
 3.600000e+02 0.000000e+00 2.393000e+01 8.480000e-01 2.115700e+01
 5.000000e+00 0.000000e+00 1.856838e+03 4.718690e+05 9.600000e+02
 5.200000e+02 0.000000e+00 2.977800e+01 9.240000e-01 5.095900e+01
 1.500000e+01]
deleted_idx_col 652
query_origi 549
query_idx 89
deleted_scaled [0.         0.26305568 0.00182529 0.00179092 0.         0.
 0.         0.11510529 0.57209302 0.         0.         0.38211618
 0.0016225  0.0016922  0.         0.         0.         0.07602547
 0.49512195 0.         0.         0.25397979 0.00233418 0.0024186
 0.         0.         0.         0.57618917 0.91336634 0.10945971
 0.         0.         0.00239502 0.00227224 0.         0.
 0.         0.58451621 0.90398126 0.12052055]
deleted_not_scaled [0.00000000e+00 1.23596465e+00 3.63333000e+02 9.26500000e+04
 3.20000000e+02 1.80000000e+02 0.00000000e+00 1.89930000e+01
 8.16000000e-01 0.00000000e+00 0.00000000e+00 1.25393275e+00
 3.63892000e+02 9.29290000e+04 3.20000000e+02 1.80000000e+02
 0.00000000e+00 1.61870000e+01 7.90000000e-01 0.00000000e+00
 0.00000000e+00 1.24860500e+00 3.65376000e+02 9.34450000e+04
 3.20000000e+02 1.80000000e+02 0.00000000e+00 3.45860000e+01
 9.60000000e-01 9.91300000e+00 0.00000000e+00 0.00000000e+00
 3.68379000e+02 9.32920000e+04 3.20000000e+02 1.80000000e+02
 0.00000000e+00 3.29470000e+01 9.56000000e-01 1.13910000e+01
 2.80000000e+01]
deleted_idx_col 89
query_origi 376
query_idx 189
deleted_scaled [0.         0.31447739 0.         0.         0.         0.
 0.         0.11986118 0.37674419 0.         0.         0.44746025
 0.00165966 0.0017657  0.         0.         0.         0.26441582
 0.47073171 0.         0.         0.3328221  0.00243309 0.00233622
 0.         0.         0.         0.25787737 0.46287129 0.
 0.         0.         0.00321162 0.0031207  0.         0.
 0.         0.16882056 0.37236534 0.0005396 ]
deleted_not_scaled [0.00000000e+00 1.47756908e+00 3.27424000e+02 8.36570000e+04
 3.20000000e+02 1.80000000e+02 0.00000000e+00 1.92150000e+01
 7.32000000e-01 0.00000000e+00 0.00000000e+00 1.46836245e+00
 3.64623000e+02 9.32980000e+04 3.20000000e+02 1.80000000e+02
 0.00000000e+00 2.25480000e+01 7.80000000e-01 0.00000000e+00
 0.00000000e+00 1.63620628e+00 3.67246000e+02 9.30510000e+04
 3.20000000e+02 1.80000000e+02 0.00000000e+00 2.30090000e+01
 7.78000000e-01 0.00000000e+00 0.00000000e+00 0.00000000e+00
 3.84449000e+02 9.75540000e+04 3.20000000e+02 1.80000000e+02
 0.00000000e+00 1.92120000e+01 7.29000000e-01 5.10000000e-02
 2.55000000e+02]
deleted_idx_col 189
query_origi 603
query_idx 8
deleted_scaled [0.25       0.         0.02766461 0.02758366 0.05454545 0.05454545
 0.         0.18068082 0.62790698 0.19866321 0.         0.
 0.00172296 0.00178362 0.         0.         0.         0.70768547
 0.86585366 0.0807217  0.         0.55669382 0.00234714 0.00242216
 0.         0.         0.         0.28504262 0.75990099 0.
 0.         0.         0.00285032 0.00271459 0.         0.
 0.         0.24950819 0.72833724 0.        ]
deleted_not_scaled [3.00000000e+00 0.00000000e+00 8.71670000e+02 2.22167000e+05
 5.12000000e+02 2.88000000e+02 0.00000000e+00 2.20540000e+01
 8.40000000e-01 1.91710000e+01 0.00000000e+00 0.00000000e+00
 3.65868000e+02 9.33880000e+04 3.20000000e+02 1.80000000e+02
 0.00000000e+00 3.75150000e+01 9.42000000e-01 7.48500000e+00
 0.00000000e+00 2.73679522e+00 3.65621000e+02 9.34620000e+04
 3.20000000e+02 1.80000000e+02 0.00000000e+00 2.39970000e+01
 8.98000000e-01 0.00000000e+00 0.00000000e+00 0.00000000e+00
 3.77339000e+02 9.55140000e+04 3.20000000e+02 1.80000000e+02
 0.00000000e+00 2.18780000e+01 8.81000000e-01 0.00000000e+00
 2.76000000e+02]
deleted_idx_col 8
query_origi 20
query_idx 121
deleted_scaled [0.         0.93935601 0.00258161 0.00250884 0.         0.
 0.         0.38220613 0.61627907 0.31065285 0.         0.
 0.00192847 0.00196149 0.         0.         0.         0.16173552
 0.48536585 0.00556478 0.         0.         0.00207468 0.00211855
 0.         0.         0.         0.03579874 0.47277228 0.
 0.         0.         0.00151439 0.00156453 0.         0.
 0.         0.08380497 0.61358314 0.        ]
deleted_not_scaled [0.00000000e+00 4.41355541e+00 3.78212000e+02 9.62550000e+04
 3.20000000e+02 1.80000000e+02 0.00000000e+00 3.14610000e+01
 8.35000000e-01 2.99780000e+01 0.00000000e+00 0.00000000e+00
 3.69910000e+02 9.42810000e+04 3.20000000e+02 1.80000000e+02
 0.00000000e+00 1.90810000e+01 7.86000000e-01 5.16000000e-01
 0.00000000e+00 0.00000000e+00 3.60470000e+02 9.20100000e+04
 3.20000000e+02 1.80000000e+02 0.00000000e+00 1.49320000e+01
 7.82000000e-01 0.00000000e+00 0.00000000e+00 0.00000000e+00
 3.51049000e+02 8.97370000e+04 3.20000000e+02 1.80000000e+02
 0.00000000e+00 1.64030000e+01 8.32000000e-01 0.00000000e+00
 4.00000000e+00]
deleted_idx_col 121
query_origi 707
query_idx 139
deleted_scaled [0.         0.         0.00264571 0.0026578  0.         0.
 0.         0.25825318 0.71162791 0.         0.         0.
 0.00113415 0.00104488 0.         0.         0.         0.22188657
 0.58780488 0.         0.         1.         0.00271311 0.00262644
 0.         0.         0.         0.16442123 0.44059406 0.
 0.33333333 0.         0.04270036 0.04240538 0.09090909 0.09090909
 0.         0.51902182 0.76112412 0.34770142]
deleted_not_scaled [0.0000000e+00 0.0000000e+00 3.7947300e+02 9.7003000e+04 3.2000000e+02
 1.8000000e+02 0.0000000e+00 2.5675000e+01 8.7600000e-01 0.0000000e+00
 0.0000000e+00 0.0000000e+00 3.5428700e+02 8.9679000e+04 3.2000000e+02
 1.8000000e+02 0.0000000e+00 2.1112000e+01 8.2800000e-01 0.0000000e+00
 0.0000000e+00 4.9161588e+00 3.7254000e+02 9.4439000e+04 3.2000000e+02
 1.8000000e+02 0.0000000e+00 1.9610000e+01 7.6900000e-01 0.0000000e+00
 4.0000000e+00 0.0000000e+00 1.1615550e+03 2.9489000e+05 6.4000000e+02
 3.6000000e+02 0.0000000e+00 3.0783000e+01 8.9500000e-01 3.2863000e+01
 3.7000000e+01]
deleted_idx_col 139
query_origi 150
query_idx 695
deleted_scaled [0.         0.         0.00208179 0.00191877 0.         0.
 0.         0.41404057 0.89767442 0.11804145 0.         0.01524078
 0.00198246 0.00192305 0.         0.         0.         0.49566119
 0.81219512 0.08899338 0.         0.38037985 0.00235343 0.00230423
 0.         0.         0.         0.51534232 0.98762376 0.
 0.         0.         0.00439454 0.0043474  0.         0.
 0.         0.58605974 0.8852459  0.01143734]
deleted_not_scaled [0.00000000e+00 0.00000000e+00 3.68379000e+02 9.32920000e+04
 3.20000000e+02 1.80000000e+02 0.00000000e+00 3.29470000e+01
 9.56000000e-01 1.13910000e+01 0.00000000e+00 5.00133462e-02
 3.70972000e+02 9.40880000e+04 3.20000000e+02 1.80000000e+02
 0.00000000e+00 3.03560000e+01 9.20000000e-01 8.25200000e+00
 0.00000000e+00 1.87000774e+00 3.65740000e+02 9.28980000e+04
 3.20000000e+02 1.80000000e+02 0.00000000e+00 3.23730000e+01
 9.90000000e-01 0.00000000e+00 0.00000000e+00 0.00000000e+00
 4.07728000e+02 1.03716000e+05 3.20000000e+02 1.80000000e+02
 0.00000000e+00 3.29980000e+01 9.48000000e-01 1.08100000e+00
 3.10000000e+01]
deleted_idx_col 695
query_origi 145
query_idx 148
deleted_scaled [0.25       0.05734176 0.03055512 0.03026196 0.05454545 0.05454545
 0.         0.18158058 0.67209302 0.07055959 0.16666667 0.78918947
 0.01587985 0.01579528 0.05454545 0.05454545 0.         0.27498889
 0.73902439 0.10704657 0.16666667 0.         0.02236709 0.02247731
 0.05454545 0.05454545 0.         0.18152323 0.61138614 0.10132173
 0.08333333 0.         0.0076898  0.00767832 0.01818182 0.01818182
 0.         0.67497957 0.83606557 0.17219489]
deleted_not_scaled [3.00000000e+00 2.69419737e-01 9.28535000e+02 2.35616000e+05
 5.12000000e+02 2.88000000e+02 0.00000000e+00 2.20960000e+01
 8.59000000e-01 6.80900000e+00 2.00000000e+00 2.58976345e+00
 6.44312000e+02 1.63736000e+05 5.12000000e+02 2.88000000e+02
 0.00000000e+00 2.29050000e+01 8.90000000e-01 9.92600000e+00
 2.00000000e+00 0.00000000e+00 7.44110000e+02 1.89376000e+05
 5.12000000e+02 2.88000000e+02 0.00000000e+00 2.02320000e+01
 8.38000000e-01 9.17600000e+00 1.00000000e+00 0.00000000e+00
 4.72576000e+02 1.20448000e+05 3.84000000e+02 2.16000000e+02
 0.00000000e+00 3.59360000e+01 9.27000000e-01 1.62750000e+01
 2.13000000e+02]
deleted_idx_col 148
query_origi 537
query_idx 546
deleted_scaled [0.25       0.         0.02720957 0.02730107 0.05454545 0.05454545
 0.         0.07615844 0.17906977 0.30015544 0.         0.
 0.00291406 0.00281954 0.         0.         0.         0.09110025
 0.2804878  0.02604448 0.         0.         0.00141006 0.00133884
 0.         0.         0.         0.05345065 0.41089109 0.
 0.         0.         0.00222794 0.00217012 0.         0.
 0.         0.16476499 0.49882904 0.        ]
deleted_not_scaled [3.00000e+00 0.00000e+00 8.62718e+02 2.20748e+05 5.12000e+02 2.88000e+02
 0.00000e+00 1.71750e+01 6.47000e-01 2.89650e+01 0.00000e+00 0.00000e+00
 3.89295e+02 9.85890e+04 3.20000e+02 1.80000e+02 0.00000e+00 1.66960e+01
 7.02000e-01 2.41500e+00 0.00000e+00 0.00000e+00 3.47905e+02 8.82810e+04
 3.20000e+02 1.80000e+02 0.00000e+00 1.55740e+01 7.57000e-01 0.00000e+00
 0.00000e+00 0.00000e+00 3.65091e+02 9.27790e+04 3.20000e+02 1.80000e+02
 0.00000e+00 1.90780e+01 7.83000e-01 0.00000e+00 1.43000e+02]
deleted_idx_col 546
query_origi 827
query_idx 628
deleted_scaled [0.00000000e+00 0.00000000e+00 1.83556115e-03 1.79211113e-03
 0.00000000e+00 0.00000000e+00 0.00000000e+00 1.49274835e-01
 5.00000000e-01 1.65803109e-04 5.00000000e-01 0.00000000e+00
 1.06878088e-01 1.06992963e-01 2.72727273e-01 2.72727273e-01
 0.00000000e+00 2.61957648e-01 5.90243902e-01 1.95382093e-01
 0.00000000e+00 0.00000000e+00 2.35549380e-03 2.44014024e-03
 0.00000000e+00 0.00000000e+00 0.00000000e+00 5.62854001e-01
 7.84653465e-01 5.34213752e-02 5.00000000e-01 0.00000000e+00
 1.08451013e-01 1.07494758e-01 2.72727273e-01 2.72727273e-01
 0.00000000e+00 4.62122817e-01 5.85480094e-01 4.19023435e-01]
deleted_not_scaled [0.000000e+00 0.000000e+00 3.635350e+02 9.265600e+04 3.200000e+02
 1.800000e+02 0.000000e+00 2.058800e+01 7.850000e-01 1.600000e-02
 6.000000e+00 0.000000e+00 2.434106e+03 6.216100e+05 1.280000e+03
 7.200000e+02 0.000000e+00 2.246500e+01 8.290000e-01 1.811700e+01
 0.000000e+00 0.000000e+00 3.657790e+02 9.354800e+04 3.200000e+02
 1.800000e+02 0.000000e+00 3.410100e+01 9.080000e-01 4.838000e+00
 6.000000e+00 0.000000e+00 2.455474e+03 6.218490e+05 1.280000e+03
 7.200000e+02 0.000000e+00 2.890300e+01 8.200000e-01 3.960400e+01
 8.800000e+01]
deleted_idx_col 628
query_origi 41
query_idx 608
deleted_scaled [4.16666667e-01 0.00000000e+00 7.85581134e-02 7.84498189e-02
 1.81818182e-01 1.71717172e-01 0.00000000e+00 5.34415904e-01
 9.00000000e-01 6.87502591e-01 0.00000000e+00 0.00000000e+00
 5.41832306e-04 6.11073091e-04 0.00000000e+00 0.00000000e+00
 0.00000000e+00 3.40411669e-01 8.26829268e-01 2.16444147e-02
 3.33333333e-01 0.00000000e+00 4.34313343e-02 4.39676889e-02
 9.09090909e-02 9.09090909e-02 0.00000000e+00 5.39868023e-01
 7.79702970e-01 6.53500878e-01 5.00000000e-01 0.00000000e+00
 1.08444407e-01 1.07488188e-01 2.72727273e-01 2.72727273e-01
 0.00000000e+00 1.53536515e-01 4.42622951e-01 2.56911601e-01]
deleted_not_scaled [5.000000e+00 0.000000e+00 1.872898e+03 4.775890e+05 9.600000e+02
 5.200000e+02 0.000000e+00 3.856600e+01 9.570000e-01 6.634400e+01
 0.000000e+00 0.000000e+00 3.426370e+02 8.750100e+04 3.200000e+02
 1.800000e+02 0.000000e+00 2.511400e+01 9.260000e-01 2.007000e+00
 4.000000e+00 0.000000e+00 1.142342e+03 2.921540e+05 6.400000e+02
 3.600000e+02 0.000000e+00 3.326500e+01 9.060000e-01 5.918300e+01
 6.000000e+00 0.000000e+00 2.455344e+03 6.218160e+05 1.280000e+03
 7.200000e+02 0.000000e+00 1.870700e+01 7.590000e-01 2.428200e+01
 1.860000e+02]
deleted_idx_col 608
query_origi 569
query_idx 225
deleted_scaled [0.00000000e+00 0.00000000e+00 2.17150376e-04 1.01763394e-04
 0.00000000e+00 0.00000000e+00 0.00000000e+00 2.81132843e-01
 6.93023256e-01 0.00000000e+00 0.00000000e+00 7.55108673e-01
 2.10250459e-03 2.08876255e-03 0.00000000e+00 0.00000000e+00
 0.00000000e+00 3.07270843e-01 6.29268293e-01 2.02747881e-03
 0.00000000e+00 4.61953224e-01 3.92021619e-03 3.92910671e-03
 0.00000000e+00 0.00000000e+00 0.00000000e+00 4.83942810e-01
 8.29207921e-01 8.81375396e-02 0.00000000e+00 0.00000000e+00
 5.45398741e-04 5.52831435e-04 0.00000000e+00 0.00000000e+00
 0.00000000e+00 3.93722950e-01 7.72833724e-01 0.00000000e+00]
deleted_not_scaled [0.00000000e+00 0.00000000e+00 3.31696000e+02 8.41680000e+04
 3.20000000e+02 1.80000000e+02 0.00000000e+00 2.67430000e+01
 8.68000000e-01 0.00000000e+00 0.00000000e+00 2.47792566e+00
 3.73333000e+02 9.49200000e+04 3.20000000e+02 1.80000000e+02
 0.00000000e+00 2.39950000e+01 8.45000000e-01 1.88000000e-01
 0.00000000e+00 2.27103541e+00 3.95361000e+02 1.00669000e+05
 3.20000000e+02 1.80000000e+02 0.00000000e+00 3.12310000e+01
 9.26000000e-01 7.98200000e+00 0.00000000e+00 0.00000000e+00
 3.31980000e+02 8.46550000e+04 3.20000000e+02 1.80000000e+02
 0.00000000e+00 2.66430000e+01 9.00000000e-01 0.00000000e+00
 7.00000000e+01]
deleted_idx_col 225
query_origi 394
query_idx 568
deleted_scaled [1.         0.01799873 0.76627447 0.7670375  1.         1.
 1.         0.26315902 0.65813953 0.17045596 1.         0.02673168
 0.8332758  0.82579238 1.         1.         1.         0.76602991
 0.92926829 0.75338093 1.         0.         0.93604553 0.93745024
 1.         1.         1.         0.38487765 0.68564356 0.14566655
 1.         0.         0.84375868 0.83870819 1.         1.
 1.         0.381072   0.65807963 0.05425594]
deleted_not_scaled [1.20000000e+01 8.45668415e-02 1.54023440e+04 3.93529900e+06
 3.84000000e+03 2.16000000e+03 1.00000000e+00 2.59040000e+01
 8.53000000e-01 1.64490000e+01 1.20000000e+01 8.77212915e-02
 1.67212210e+04 4.23046900e+06 3.84000000e+03 2.16000000e+03
 1.00000000e+00 3.94850000e+01 9.68000000e-01 6.98580000e+01
 1.20000000e+01 0.00000000e+00 1.80177400e+04 4.56524500e+06
 3.84000000e+03 2.16000000e+03 1.00000000e+00 2.76280000e+01
 8.68000000e-01 1.31920000e+01 1.20000000e+01 0.00000000e+00
 1.69257260e+04 4.29490300e+06 3.84000000e+03 2.16000000e+03
 1.00000000e+00 2.62250000e+01 8.51000000e-01 5.12800000e+00
 6.70000000e+01]
deleted_idx_col 568
query_origi 913
query_idx 86
deleted_scaled [0.58333333 0.7185291  0.13985852 0.13846493 0.27272727 0.27272727
 0.         0.07408042 0.57674419 0.17884974 0.41666667 0.
 0.07744018 0.0768034  0.18181818 0.17171717 0.         0.29367688
 0.74878049 0.02424347 0.25       0.         0.03003953 0.0300568
 0.05454545 0.05454545 0.         0.1114105  0.61881188 0.20820865
 0.33333333 0.         0.04612962 0.04587725 0.09090909 0.09090909
 0.         0.04960504 0.52224824 0.31345289]
deleted_not_scaled [7.00000000e+00 3.37600226e+00 3.07886100e+03 7.78952000e+05
 1.28000000e+03 7.20000000e+02 0.00000000e+00 1.70780000e+01
 8.18000000e-01 1.72590000e+01 5.00000000e+00 0.00000000e+00
 1.85510800e+03 4.70038000e+05 9.60000000e+02 5.20000000e+02
 0.00000000e+00 2.35360000e+01 8.94000000e-01 2.24800000e+00
 3.00000000e+00 0.00000000e+00 8.89162000e+02 2.25625000e+05
 5.12000000e+02 2.88000000e+02 0.00000000e+00 1.76820000e+01
 8.41000000e-01 1.88560000e+01 4.00000000e+00 0.00000000e+00
 1.22904000e+03 3.12330000e+05 6.40000000e+02 3.60000000e+02
 0.00000000e+00 1.52730000e+01 7.93000000e-01 2.96260000e+01
 2.26000000e+02]
deleted_idx_col 86
query_origi 454
query_idx 283
deleted_scaled [1.66666667e-01 5.51426342e-01 1.89933382e-02 1.87330278e-02
 5.45454545e-02 5.45454545e-02 0.00000000e+00 2.71214036e-02
 4.16279070e-01 2.91398964e-01 8.33333333e-02 3.63596874e-01
 6.90700186e-03 6.85087028e-03 1.81818182e-02 1.81818182e-02
 0.00000000e+00 1.08958981e-01 3.63414634e-01 7.41970968e-03
 0.00000000e+00 1.90908032e-01 2.32507951e-03 2.30443750e-03
 0.00000000e+00 0.00000000e+00 0.00000000e+00 3.11190542e-01
 5.04950495e-01 3.42303148e-04 0.00000000e+00 0.00000000e+00
 2.17686916e-03 2.16454310e-03 0.00000000e+00 0.00000000e+00
 0.00000000e+00 2.05169335e-01 3.37236534e-01 9.41649474e-04]
deleted_not_scaled [2.00000000e+00 2.59087150e+00 7.01080000e+02 1.77724000e+05
 5.12000000e+02 2.88000000e+02 0.00000000e+00 1.48860000e+01
 7.49000000e-01 2.81200000e+01 1.00000000e+00 1.19316074e+00
 4.67830000e+02 1.18829000e+05 3.84000000e+02 2.16000000e+02
 0.00000000e+00 1.72990000e+01 7.36000000e-01 6.88000000e-01
 0.00000000e+00 9.38534199e-01 3.65204000e+02 9.28990000e+04
 3.20000000e+02 1.80000000e+02 0.00000000e+00 2.49480000e+01
 7.95000000e-01 3.10000000e-02 0.00000000e+00 0.00000000e+00
 3.64086000e+02 9.27510000e+04 3.20000000e+02 1.80000000e+02
 0.00000000e+00 2.04130000e+01 7.14000000e-01 8.90000000e-02
 1.07000000e+02]
deleted_idx_col 283
query_origi 413
query_idx 95
deleted_scaled [0.         0.         0.00191608 0.001818   0.         0.
 0.         0.1440048  0.30465116 0.00134715 0.         0.
 0.00163836 0.0016446  0.         0.         0.         0.26805864
 0.43658537 0.         0.         0.32644886 0.00241278 0.00243094
 0.         0.         0.         0.41644212 0.59158416 0.00522288
 0.         0.         0.00210537 0.00212931 0.         0.
 0.         0.15259829 0.34192037 0.02569962]
deleted_not_scaled [0.00000000e+00 0.00000000e+00 3.65119000e+02 9.27860000e+04
 3.20000000e+02 1.80000000e+02 0.00000000e+00 2.03420000e+01
 7.01000000e-01 1.30000000e-01 0.00000000e+00 0.00000000e+00
 3.64204000e+02 9.26900000e+04 3.20000000e+02 1.80000000e+02
 0.00000000e+00 2.26710000e+01 7.66000000e-01 0.00000000e+00
 0.00000000e+00 1.60487443e+00 3.66862000e+02 9.35040000e+04
 3.20000000e+02 1.80000000e+02 0.00000000e+00 2.87760000e+01
 8.30000000e-01 4.73000000e-01 0.00000000e+00 0.00000000e+00
 3.62679000e+02 9.25740000e+04 3.20000000e+02 1.80000000e+02
 0.00000000e+00 1.86760000e+01 7.16000000e-01 2.42900000e+00
 1.31000000e+02]
deleted_idx_col 95
query_origi 270
query_idx 204
deleted_scaled [0.00000000e+00 0.00000000e+00 1.83556115e-03 1.79211113e-03
 0.00000000e+00 0.00000000e+00 0.00000000e+00 1.49274835e-01
 5.00000000e-01 1.65803109e-04 0.00000000e+00 5.95621835e-01
 1.60216005e-03 1.67188642e-03 0.00000000e+00 0.00000000e+00
 0.00000000e+00 2.62698060e-01 5.92682927e-01 0.00000000e+00
 3.33333333e-01 0.00000000e+00 4.44986906e-02 4.50468289e-02
 9.09090909e-02 9.09090909e-02 0.00000000e+00 6.76409128e-01
 8.61386139e-01 7.70126873e-01 0.00000000e+00 0.00000000e+00
 3.05094013e-03 2.92301907e-03 0.00000000e+00 0.00000000e+00
 0.00000000e+00 4.16724675e-01 5.24590164e-01 6.66560863e-03]
deleted_not_scaled [0.00000000e+00 0.00000000e+00 3.63535000e+02 9.26560000e+04
 3.20000000e+02 1.80000000e+02 0.00000000e+00 2.05880000e+01
 7.85000000e-01 1.60000000e-02 0.00000000e+00 1.95456188e+00
 3.63492000e+02 9.28270000e+04 3.20000000e+02 1.80000000e+02
 0.00000000e+00 2.24900000e+01 8.30000000e-01 0.00000000e+00
 4.00000000e+00 0.00000000e+00 1.16252100e+03 2.97315000e+05
 6.40000000e+02 3.60000000e+02 0.00000000e+00 3.82310000e+01
 9.39000000e-01 6.97450000e+01 0.00000000e+00 0.00000000e+00
 3.81287000e+02 9.65610000e+04 3.20000000e+02 1.80000000e+02
 0.00000000e+00 2.74030000e+01 7.94000000e-01 6.30000000e-01
 8.80000000e+01]
deleted_idx_col 204
query_origi 70
query_idx 114
deleted_scaled [0.33333333 0.61916709 0.04142316 0.04152126 0.09090909 0.09090909
 0.         0.42085306 0.78139535 0.61329534 0.33333333 0.43206846
 0.04270902 0.04230028 0.09090909 0.09090909 0.         0.14941507
 0.43414634 0.24284451 0.25       0.         0.02932112 0.02931326
 0.05454545 0.05454545 0.         0.71176794 0.92574257 0.63295165
 0.16666667 0.         0.01856338 0.01841604 0.05454545 0.05454545
 0.         0.26521594 0.75644028 0.19231868]
deleted_not_scaled [4.00000000e+00 2.90915077e+00 1.14234200e+03 2.92154000e+05
 6.40000000e+02 3.60000000e+02 0.00000000e+00 3.32650000e+01
 9.06000000e-01 5.91830000e+01 4.00000000e+00 1.41785357e+00
 1.17200000e+03 2.96809000e+05 6.40000000e+02 3.60000000e+02
 0.00000000e+00 1.86650000e+01 7.65000000e-01 2.25180000e+01
 3.00000000e+00 0.00000000e+00 8.75580000e+02 2.22069000e+05
 5.12000000e+02 2.88000000e+02 0.00000000e+00 3.95170000e+01
 9.65000000e-01 5.73220000e+01 2.00000000e+00 0.00000000e+00
 6.86559000e+02 1.74386000e+05 5.12000000e+02 2.88000000e+02
 0.00000000e+00 2.23970000e+01 8.93000000e-01 1.81770000e+01
 1.88000000e+02]
deleted_idx_col 114
query_origi 854
query_idx 696
deleted_scaled [0.66666667 0.19164979 0.2051886  0.20419791 0.45454545 0.45454545
 0.         0.50440241 0.86976744 0.76343005 0.66666667 0.03952092
 0.20471611 0.20411335 0.45454545 0.45454545 0.         0.19001925
 0.49268293 0.3151004  0.41666667 0.1113555  0.08084302 0.08145238
 0.18181818 0.17171717 0.         0.18603244 0.44554455 0.33694776
 0.41666667 0.         0.07751664 0.07758473 0.18181818 0.17171717
 0.         0.26733452 0.61124122 0.41329948]
deleted_not_scaled [8.00000000e+00 9.00464727e-01 4.36410000e+03 1.10902700e+06
 1.92000000e+03 1.08000000e+03 0.00000000e+00 3.71650000e+01
 9.44000000e-01 7.36710000e+01 8.00000000e+00 1.29689818e-01
 4.35842800e+03 1.10922000e+06 1.92000000e+03 1.08000000e+03
 0.00000000e+00 2.00360000e+01 7.89000000e-01 2.92180000e+01
 5.00000000e+00 5.47441299e-01 1.84963200e+03 4.71425000e+05
 9.60000000e+02 5.20000000e+02 0.00000000e+00 2.03960000e+01
 7.71000000e-01 3.05150000e+01 5.00000000e+00 0.00000000e+00
 1.84671100e+03 4.71604000e+05 9.60000000e+02 5.20000000e+02
 0.00000000e+00 2.24670000e+01 8.31000000e-01 3.90630000e+01
 8.60000000e+01]
deleted_idx_col 696
query_origi 59
query_idx 906
deleted_scaled [0.5        0.         0.10766267 0.10722197 0.27272727 0.27272727
 0.         0.11463399 0.16976744 0.07296373 0.41666667 0.25530305
 0.07735257 0.07722406 0.18181818 0.17171717 0.         0.19493558
 0.19512195 0.3480038  0.41666667 0.         0.08360887 0.08433852
 0.18181818 0.17171717 0.         0.03816332 0.20049505 0.43175469
 0.33333333 0.         0.03952665 0.03960439 0.09090909 0.09090909
 0.         0.14397264 0.45199063 0.19511189]
deleted_not_scaled [6.00000000e+00 0.00000000e+00 2.44547200e+03 6.22067000e+05
 1.28000000e+03 7.20000000e+02 0.00000000e+00 1.89710000e+01
 6.43000000e-01 7.04100000e+00 5.00000000e+00 8.37789319e-01
 1.85338500e+03 4.72150000e+05 9.60000000e+02 5.20000000e+02
 0.00000000e+00 2.02020000e+01 6.67000000e-01 3.22690000e+01
 5.00000000e+00 0.00000000e+00 1.90192200e+03 4.85228000e+05
 9.60000000e+02 5.20000000e+02 0.00000000e+00 1.50180000e+01
 6.72000000e-01 3.91010000e+01 4.00000000e+00 0.00000000e+00
 1.09909900e+03 2.80820000e+05 6.40000000e+02 3.60000000e+02
 0.00000000e+00 1.83910000e+01 7.63000000e-01 1.84410000e+01
 2.37000000e+02]
deleted_idx_col 906
