query_origi 8
query_idx 12
deleted_scaled [1.66666667e-01 0.00000000e+00 1.81388678e-02 1.81228457e-02
 5.45454545e-02 5.45454545e-02 0.00000000e+00 5.45834315e-01
 8.81395349e-01 5.06466321e-01 8.33333333e-02 4.45394773e-01
 8.67475709e-03 8.77252386e-03 1.81818182e-02 1.81818182e-02
 0.00000000e+00 3.05641937e-01 7.53658537e-01 0.00000000e+00
 8.33333333e-02 0.00000000e+00 1.12787805e-02 1.11681894e-02
 1.81818182e-02 1.81818182e-02 0.00000000e+00 2.25570525e-01
 7.10396040e-01 0.00000000e+00 0.00000000e+00 0.00000000e+00
 1.92873890e-03 1.82750903e-03 0.00000000e+00 0.00000000e+00
 0.00000000e+00 2.79561757e-01 7.21311475e-01 2.11606623e-05]
deleted_not_scaled [2.00000000e+00 0.00000000e+00 6.84270000e+02 1.74660000e+05
 5.12000000e+02 2.88000000e+02 0.00000000e+00 3.90990000e+01
 9.49000000e-01 4.88740000e+01 1.00000000e+00 1.46158451e+00
 5.02599000e+02 1.28477000e+05 3.84000000e+02 2.16000000e+02
 0.00000000e+00 2.39400000e+01 8.96000000e-01 0.00000000e+00
 1.00000000e+00 0.00000000e+00 5.34479000e+02 1.35290000e+05
 3.84000000e+02 2.16000000e+02 0.00000000e+00 2.18340000e+01
 8.78000000e-01 0.00000000e+00 0.00000000e+00 0.00000000e+00
 3.59203000e+02 9.10580000e+04 3.20000000e+02 1.80000000e+02
 0.00000000e+00 2.28710000e+01 8.78000000e-01 2.00000000e-03
 2.77000000e+02]
deleted_idx_col 12
query_origi 634
query_idx 96
deleted_scaled [1.         0.06823407 0.83214581 0.82673936 1.         1.
 1.         0.31262452 0.58372093 0.07807254 1.         0.16071157
 0.83067575 0.82653571 1.         1.         1.         0.36306827
 0.48292683 0.00786187 1.         0.13351528 0.86354877 0.86831774
 1.         1.         1.         0.15515535 0.34405941 0.07892848
 1.         0.         0.8283464  0.82669601 1.         1.
 1.         0.25550074 0.54098361 0.13796752]
deleted_not_scaled [1.20000000e+01 3.20597144e-01 1.66982310e+04 4.23508900e+06
 3.84000000e+03 2.16000000e+03 1.00000000e+00 2.82130000e+01
 8.21000000e-01 7.53400000e+00 1.20000000e+01 5.27382807e-01
 1.66700820e+04 4.23420100e+06 3.84000000e+03 2.16000000e+03
 1.00000000e+00 2.58790000e+01 7.85000000e-01 7.29000000e-01
 1.20000000e+01 6.56382343e-01 1.66471460e+04 4.23461800e+06
 3.84000000e+03 2.16000000e+03 1.00000000e+00 1.92730000e+01
 7.30000000e-01 7.14800000e+00 1.20000000e+01 0.00000000e+00
 1.66224250e+04 4.23456300e+06 3.84000000e+03 2.16000000e+03
 1.00000000e+00 2.20760000e+01 8.01000000e-01 1.30400000e+01
 7.70000000e+01]
deleted_idx_col 96
query_origi 424
query_idx 447
deleted_scaled [0.41666667 0.         0.07626492 0.07624986 0.18181818 0.17171717
 0.         0.05998415 0.26976744 0.00592746 0.41666667 0.
 0.07720106 0.07739535 0.18181818 0.17171717 0.         0.18311861
 0.26829268 0.01847378 0.5        0.         0.11298563 0.11293814
 0.27272727 0.27272727 0.         0.10478416 0.43811881 0.22693595
 0.58333333 0.         0.14092483 0.13986735 0.27272727 0.27272727
 0.         0.20120456 0.70257611 0.13476168]
deleted_not_scaled [5.000000e+00 0.000000e+00 1.827784e+03 4.665420e+05 9.600000e+02
 5.200000e+02 0.000000e+00 1.642000e+01 6.860000e-01 5.720000e-01
 5.000000e+00 0.000000e+00 1.850405e+03 4.730100e+05 9.600000e+02
 5.200000e+02 0.000000e+00 1.980300e+01 6.970000e-01 1.713000e+00
 6.000000e+00 0.000000e+00 2.457307e+03 6.220060e+05 1.280000e+03
 7.200000e+02 0.000000e+00 1.744100e+01 7.680000e-01 2.055200e+01
 7.000000e+00 0.000000e+00 3.094532e+03 7.844640e+05 1.280000e+03
 7.200000e+02 0.000000e+00 2.028200e+01 8.700000e-01 1.273700e+01
 1.490000e+02]
deleted_idx_col 447
query_origi 830
query_idx 565
deleted_scaled [0.25       0.         0.03174126 0.03160699 0.05454545 0.05454545
 0.         0.12817327 0.60930233 0.16746114 0.16666667 0.
 0.01596186 0.01598948 0.05454545 0.05454545 0.         0.18122316
 0.60487805 0.19491836 0.25       0.         0.02733086 0.02764635
 0.05454545 0.05454545 0.         0.17970855 0.63118812 0.1939313
 0.25       0.         0.02889511 0.02902912 0.05454545 0.05454545
 0.         0.30292667 0.67213115 0.24516743]
deleted_not_scaled [3.00000e+00 0.00000e+00 9.51870e+02 2.42370e+05 5.12000e+02 2.88000e+02
 0.00000e+00 1.96030e+01 8.32000e-01 1.61600e+01 2.00000e+00 0.00000e+00
 6.45925e+02 1.64711e+05 5.12000e+02 2.88000e+02 0.00000e+00 1.97390e+01
 8.35000e-01 1.80740e+01 3.00000e+00 0.00000e+00 8.37953e+02 2.14097e+05
 5.12000e+02 2.88000e+02 0.00000e+00 2.01660e+01 8.46000e-01 1.75630e+01
 3.00000e+00 0.00000e+00 8.89879e+02 2.27698e+05 5.12000e+02 2.88000e+02
 0.00000e+00 2.36430e+01 8.57000e-01 2.31720e+01 2.68000e+02]
deleted_idx_col 565
query_origi 194
query_idx 519
deleted_scaled [0.5        0.         0.0916337  0.09183101 0.27272727 0.27272727
 0.         0.18554382 0.67674419 0.27235233 0.5        0.
 0.10792759 0.10700392 0.27272727 0.27272727 0.         0.16700726
 0.58292683 0.20474301 0.5        0.         0.11314966 0.11335946
 0.27272727 0.27272727 0.         0.11811933 0.53712871 0.25097446
 0.5        0.         0.10757425 0.10698891 0.27272727 0.27272727
 0.         0.45143912 0.78220141 0.49192192]
deleted_not_scaled [6.000000e+00 0.000000e+00 2.130134e+03 5.447820e+05 1.280000e+03
 7.200000e+02 0.000000e+00 2.228100e+01 8.610000e-01 2.628200e+01
 6.000000e+00 0.000000e+00 2.454748e+03 6.216650e+05 1.280000e+03
 7.200000e+02 0.000000e+00 1.925900e+01 8.260000e-01 1.898500e+01
 6.000000e+00 0.000000e+00 2.460408e+03 6.240210e+05 1.280000e+03
 7.200000e+02 0.000000e+00 1.792600e+01 8.080000e-01 2.272900e+01
 6.000000e+00 0.000000e+00 2.438220e+03 6.193080e+05 1.280000e+03
 7.200000e+02 0.000000e+00 2.855000e+01 9.040000e-01 4.649400e+01
 6.000000e+01]
deleted_idx_col 519
query_origi 90
query_idx 753
deleted_scaled [0.16666667 0.         0.01814822 0.01809815 0.05454545 0.05454545
 0.         0.0458236  0.21395349 0.38260104 0.16666667 0.
 0.01781152 0.01790516 0.05454545 0.05454545 0.         0.58735377
 0.78292683 0.51133447 0.25       0.1072546  0.02864079 0.02903704
 0.05454545 0.05454545 0.         0.09747044 0.13861386 0.3198326
 0.16666667 0.         0.02132192 0.0210504  0.05454545 0.05454545
 0.         0.08849611 0.26932084 0.28936148]
deleted_not_scaled [2.00000000e+00 0.00000000e+00 6.84454000e+02 1.74536000e+05
 5.12000000e+02 2.88000000e+02 0.00000000e+00 1.57590000e+01
 6.62000000e-01 3.69210000e+01 2.00000000e+00 0.00000000e+00
 6.82305000e+02 1.74329000e+05 5.12000000e+02 2.88000000e+02
 0.00000000e+00 3.34520000e+01 9.08000000e-01 4.74140000e+01
 3.00000000e+00 5.27280643e-01 8.62718000e+02 2.20748000e+05
 5.12000000e+02 2.88000000e+02 0.00000000e+00 1.71750000e+01
 6.47000000e-01 2.89650000e+01 2.00000000e+00 0.00000000e+00
 7.40845000e+02 1.87619000e+05 5.12000000e+02 2.88000000e+02
 0.00000000e+00 1.65580000e+01 6.85000000e-01 2.73490000e+01
 1.41000000e+02]
deleted_idx_col 753
query_origi 507
query_idx 520
deleted_scaled [0.16666667 0.         0.01820551 0.01812125 0.05454545 0.05454545
 0.         0.14927483 0.26976744 0.27471503 0.25       0.
 0.02923576 0.02927215 0.05454545 0.05454545 0.         0.04309196
 0.23170732 0.40155943 0.25       0.         0.02695838 0.02727019
 0.05454545 0.05454545 0.         0.13112455 0.43069307 0.19242958
 0.25       0.         0.03242193 0.03201545 0.05454545 0.05454545
 0.         0.68790291 0.82669789 0.58768449]
deleted_not_scaled [2.00000e+00 0.00000e+00 6.85581e+02 1.74652e+05 5.12000e+02 2.88000e+02
 0.00000e+00 2.05880e+01 6.86000e-01 2.65100e+01 3.00000e+00 0.00000e+00
 9.07002e+02 2.31399e+05 5.12000e+02 2.88000e+02 0.00000e+00 1.50750e+01
 6.82000e-01 3.72350e+01 3.00000e+00 0.00000e+00 8.30911e+02 2.12298e+05
 5.12000e+02 2.88000e+02 0.00000e+00 1.83990e+01 7.65000e-01 1.74270e+01
 3.00000e+00 0.00000e+00 9.59284e+02 2.42699e+05 5.12000e+02 2.88000e+02
 0.00000e+00 3.63630e+01 9.23000e-01 5.55450e+01 2.38000e+02]
deleted_idx_col 520
query_origi 939
query_idx 965
deleted_scaled [0.58333333 0.         0.1406007  0.13966259 0.27272727 0.27272727
 0.         0.19259196 0.4627907  0.22415544 0.58333333 0.
 0.13998004 0.139341   0.27272727 0.27272727 0.         0.6931734
 0.86585366 0.76803701 0.58333333 0.         0.14599449 0.14685337
 0.27272727 0.27272727 0.         0.17629915 0.4950495  0.31979948
 0.58333333 0.         0.1399728  0.13976383 0.27272727 0.27272727
 0.         0.20417058 0.46604215 0.33129133]
deleted_not_scaled [7.000000e+00 0.000000e+00 3.093462e+03 7.849660e+05 1.280000e+03
 7.200000e+02 0.000000e+00 2.261000e+01 7.690000e-01 2.163100e+01
 7.000000e+00 0.000000e+00 3.085170e+03 7.840190e+05 1.280000e+03
 7.200000e+02 0.000000e+00 3.702500e+01 9.420000e-01 7.121700e+01
 7.000000e+00 0.000000e+00 3.081359e+03 7.842060e+05 1.280000e+03
 7.200000e+02 0.000000e+00 2.004200e+01 7.910000e-01 2.896200e+01
 7.000000e+00 0.000000e+00 3.075797e+03 7.839440e+05 1.280000e+03
 7.200000e+02 0.000000e+00 2.038000e+01 7.690000e-01 3.131200e+01
 8.500000e+01]
deleted_idx_col 965
query_origi 707
query_idx 787
deleted_scaled [0.41666667 0.         0.07723066 0.07739953 0.18181818 0.17171717
 0.         0.55843099 0.88139535 0.85380311 0.5        0.
 0.1079645  0.10704057 0.27272727 0.27272727 0.         0.45262846
 0.56829268 0.42710782 0.5        0.         0.11274983 0.11295863
 0.27272727 0.27272727 0.         0.22680781 0.11138614 0.36018021
 0.5        0.         0.10809861 0.10751068 0.27272727 0.27272727
 0.         0.24953845 0.15456674 0.32557795]
deleted_not_scaled [5.000000e+00 0.000000e+00 1.846783e+03 4.723150e+05 9.600000e+02
 5.200000e+02 0.000000e+00 3.968700e+01 9.490000e-01 8.239200e+01
 6.000000e+00 0.000000e+00 2.455474e+03 6.218490e+05 1.280000e+03
 7.200000e+02 0.000000e+00 2.890300e+01 8.200000e-01 3.960400e+01
 6.000000e+00 0.000000e+00 2.452849e+03 6.221040e+05 1.280000e+03
 7.200000e+02 0.000000e+00 2.187900e+01 6.360000e-01 3.261900e+01
 6.000000e+00 0.000000e+00 2.448539e+03 6.219290e+05 1.280000e+03
 7.200000e+02 0.000000e+00 2.187900e+01 6.360000e-01 3.077200e+01
 9.000000e+01]
deleted_idx_col 787
query_origi 731
query_idx 630
deleted_scaled [1.         0.         0.8275702  0.82674055 1.         1.
 1.         0.27228518 0.58372093 0.22115026 1.         0.
 0.90362401 0.90408065 1.         1.         1.         0.12287872
 0.36097561 0.11227703 1.         0.         0.85407914 0.86353009
 1.         1.         1.         0.22760517 0.58415842 0.0165741
 1.         0.         0.75991337 0.75383712 1.         1.
 1.         0.2296238  0.36065574 0.06032905]
deleted_not_scaled [1.2000000e+01 0.0000000e+00 1.6608215e+04 4.2350950e+06 3.8400000e+03
 2.1600000e+03 1.0000000e+00 2.6330000e+01 8.2100000e-01 2.1341000e+01
 1.2000000e+01 0.0000000e+00 1.8104861e+04 4.6235290e+06 3.8400000e+03
 2.1600000e+03 1.0000000e+00 1.7769000e+01 7.3500000e-01 1.0411000e+01
 1.2000000e+01 0.0000000e+00 1.6468117e+04 4.2117210e+06 3.8400000e+03
 2.1600000e+03 1.0000000e+00 2.1908000e+01 8.2700000e-01 1.5010000e+00
 1.2000000e+01 0.0000000e+00 1.5275719e+04 3.8685760e+06 3.8400000e+03
 2.1600000e+03 1.0000000e+00 2.1221000e+01 7.2400000e-01 5.7020000e+00
 2.8400000e+02]
deleted_idx_col 630
query_origi 731
query_idx 775
deleted_scaled [0.25       0.         0.02576206 0.02551772 0.05454545 0.05454545
 0.         0.24842006 0.73953488 0.12557513 0.33333333 0.
 0.04256803 0.0423933  0.09090909 0.09090909 0.         0.3805716
 0.76585366 0.25173091 0.33333333 0.         0.04485181 0.04512879
 0.09090909 0.09090909 0.         0.21710201 0.67574257 0.23368263
 0.33333333 0.         0.04284411 0.0428091  0.09090909 0.09090909
 0.         0.16385703 0.70725995 0.1507803 ]
deleted_not_scaled [3.000000e+00 0.000000e+00 8.342410e+02 2.117930e+05 5.120000e+02
 2.880000e+02 0.000000e+00 2.521600e+01 8.880000e-01 1.211800e+01
 4.000000e+00 0.000000e+00 1.169227e+03 2.972760e+05 6.400000e+02
 3.600000e+02 0.000000e+00 2.647000e+01 9.010000e-01 2.334200e+01
 4.000000e+00 0.000000e+00 1.169197e+03 2.977070e+05 6.400000e+02
 3.600000e+02 0.000000e+00 2.152600e+01 8.640000e-01 2.116300e+01
 4.000000e+00 0.000000e+00 1.164384e+03 2.969180e+05 6.400000e+02
 3.600000e+02 0.000000e+00 1.904800e+01 8.720000e-01 1.425100e+01
 1.680000e+02]
deleted_idx_col 775
query_origi 305
query_idx 605
deleted_scaled [1.         0.         0.82832047 0.82666249 1.         1.
 1.         0.13509287 0.15581395 0.09079793 1.         0.
 0.83878951 0.83838033 1.         1.         1.         0.04024878
 0.15609756 0.12279188 1.         0.         0.8473598  0.85588264
 1.         1.         1.         0.13282925 0.37623762 0.02321036
 1.         0.         0.96068993 0.95207885 1.         1.
 1.         0.84927817 0.8852459  0.95818653]
deleted_not_scaled [1.2000000e+01 0.0000000e+00 1.6622975e+04 4.2347030e+06 3.8400000e+03
 2.1600000e+03 1.0000000e+00 1.9926000e+01 6.3700000e-01 8.7620000e+00
 1.2000000e+01 0.0000000e+00 1.6829667e+04 4.2936690e+06 3.8400000e+03
 2.1600000e+03 1.0000000e+00 1.4979000e+01 6.5100000e-01 1.1386000e+01
 1.2000000e+01 0.0000000e+00 1.6341084e+04 4.1751470e+06 3.8400000e+03
 2.1600000e+03 1.0000000e+00 1.8461000e+01 7.4300000e-01 2.1020000e+00
 1.2000000e+01 0.0000000e+00 1.9226837e+04 4.8643900e+06 3.8400000e+03
 2.1600000e+03 1.0000000e+00 4.1695000e+01 9.4800000e-01 9.0563000e+01
 2.3800000e+02]
deleted_idx_col 605
query_origi 231
query_idx 389
deleted_scaled [1.         0.09432611 0.77393624 0.77315824 1.         1.
 1.         0.04698044 0.17906977 0.13473575 1.         0.16570031
 0.82573672 0.82657256 1.         1.         1.         0.81297201
 0.88292683 1.         1.         0.16040825 0.85837178 0.86830247
 1.         1.         1.         0.09408853 0.09158416 0.10117819
 1.         0.         0.90574023 0.89851791 1.         1.
 1.         0.08495506 0.21311475 0.09197482]
deleted_not_scaled [1.20000000e+01 4.43190329e-01 1.55530740e+04 3.96603400e+06
 3.84000000e+03 2.16000000e+03 1.00000000e+00 1.58130000e+01
 6.47000000e-01 1.30020000e+01 1.20000000e+01 5.43753595e-01
 1.65729390e+04 4.23438600e+06 3.84000000e+03 2.16000000e+03
 1.00000000e+00 4.10700000e+01 9.49000000e-01 9.27260000e+01
 1.20000000e+01 7.88592439e-01 1.65492720e+04 4.23454500e+06
 3.84000000e+03 2.16000000e+03 1.00000000e+00 1.70520000e+01
 6.28000000e-01 9.16300000e+00 1.20000000e+01 0.00000000e+00
 1.81454720e+04 4.59534100e+06 3.84000000e+03 2.16000000e+03
 1.00000000e+00 1.64410000e+01 6.61000000e-01 8.69300000e+00
 1.41000000e+02]
deleted_idx_col 389
query_origi 807
query_idx 591
deleted_scaled [1.         0.         0.76665657 0.76818717 1.         1.
 1.         0.18922856 0.72790698 0.00740933 1.         0.
 0.79403992 0.78769891 1.         1.         1.         0.16825115
 0.28292683 0.03631128 1.         0.         0.86615514 0.86832025
 1.         1.         1.         0.22449821 0.69554455 0.46608438
 0.91666667 0.         0.62020841 0.61710043 1.         1.
 0.         0.45268    0.80093677 0.2389462 ]
deleted_not_scaled [1.2000000e+01 0.0000000e+00 1.5409861e+04 3.9410720e+06 3.8400000e+03
 2.1600000e+03 1.0000000e+00 2.2453000e+01 8.8300000e-01 7.1500000e-01
 1.2000000e+01 0.0000000e+00 1.5949512e+04 4.0392140e+06 3.8400000e+03
 2.1600000e+03 1.0000000e+00 1.9301000e+01 7.0300000e-01 3.3670000e+00
 1.2000000e+01 0.0000000e+00 1.6696421e+04 4.2346300e+06 3.8400000e+03
 2.1600000e+03 1.0000000e+00 2.1795000e+01 8.7200000e-01 4.2210000e+01
 1.1000000e+01 0.0000000e+00 1.2526440e+04 3.1817160e+06 3.8400000e+03
 2.1600000e+03 0.0000000e+00 2.8591000e+01 9.1200000e-01 2.2584000e+01
 1.7300000e+02]
deleted_idx_col 591
query_origi 690
query_idx 192
deleted_scaled [1.         0.0365066  0.85437287 0.85095805 1.         1.
 1.         0.10848561 0.57906977 0.05373057 1.         0.17181101
 0.73161943 0.72980312 1.         1.         1.         0.18071968
 0.52926829 0.02476112 1.         0.11956507 0.88406366 0.89117288
 1.         1.         1.         0.78792961 0.92821782 0.82047856
 1.         0.         0.83258098 0.83300071 1.         1.
 1.         0.34690233 0.79391101 0.07625245]
deleted_not_scaled [1.20000000e+01 1.71525927e-01 1.71355040e+04 4.35670200e+06
 3.84000000e+03 2.16000000e+03 1.00000000e+00 1.86840000e+01
 8.19000000e-01 5.18500000e+00 1.20000000e+01 5.63806159e-01
 1.47217980e+04 3.74853800e+06 3.84000000e+03 2.16000000e+03
 1.00000000e+00 1.97220000e+01 8.04000000e-01 2.29600000e+00
 1.20000000e+01 5.87800878e-01 1.70349920e+04 4.34392300e+06
 3.84000000e+03 2.16000000e+03 1.00000000e+00 4.22870000e+01
 9.66000000e-01 7.43050000e+01 1.20000000e+01 0.00000000e+00
 1.67057580e+04 4.26623300e+06 3.84000000e+03 2.16000000e+03
 1.00000000e+00 2.50960000e+01 9.09000000e-01 7.20700000e+00
 1.84000000e+02]
deleted_idx_col 192
query_origi 853
query_idx 206
deleted_scaled [1.         0.1290645  0.84926373 0.84841317 1.         1.
 1.         0.61413055 0.92093023 0.77       1.         0.13462823
 0.83248962 0.83291573 1.         1.         1.         0.33987857
 0.78536585 0.07772362 1.         0.12302871 0.81253047 0.82152455
 1.         1.         1.         0.68199065 0.80940594 0.81206453
 1.         0.         0.83331028 0.82665719 1.         1.
 1.         0.15577616 0.42388759 0.03134952]
deleted_not_scaled [1.20000000e+01 6.06408352e-01 1.70349920e+04 4.34392300e+06
 3.84000000e+03 2.16000000e+03 1.00000000e+00 4.22870000e+01
 9.66000000e-01 7.43050000e+01 1.20000000e+01 4.41789066e-01
 1.67057580e+04 4.26623300e+06 3.84000000e+03 2.16000000e+03
 1.00000000e+00 2.50960000e+01 9.09000000e-01 7.20700000e+00
 1.20000000e+01 6.04828658e-01 1.56826150e+04 4.01082900e+06
 3.84000000e+03 2.16000000e+03 1.00000000e+00 3.84340000e+01
 9.18000000e-01 7.35430000e+01 1.20000000e+01 0.00000000e+00
 1.67201100e+04 4.23436800e+06 3.84000000e+03 2.16000000e+03
 1.00000000e+00 1.87810000e+01 7.51000000e-01 2.96300000e+00
 1.86000000e+02]
deleted_idx_col 206
query_origi 270
query_idx 65
deleted_scaled [1.         0.10036835 0.89921788 0.89248847 1.         1.
 1.         0.30009212 0.69302326 0.13670466 1.         0.08248772
 0.84367342 0.83862611 1.         1.         1.         0.37331556
 0.64390244 0.05530272 1.         0.11789518 0.78246899 0.78639196
 1.         1.         1.         0.27957108 0.5990099  0.17665051
 1.         0.         0.90116733 0.89892322 1.         1.
 1.         0.56211979 0.85714286 0.66179971]
deleted_not_scaled [1.20000000e+01 4.71579758e-01 1.80177400e+04 4.56524500e+06
 3.84000000e+03 2.16000000e+03 1.00000000e+00 2.76280000e+01
 8.68000000e-01 1.31920000e+01 1.20000000e+01 2.70687457e-01
 1.69257260e+04 4.29490300e+06 3.84000000e+03 2.16000000e+03
 1.00000000e+00 2.62250000e+01 8.51000000e-01 5.12800000e+00
 1.20000000e+01 5.79591429e-01 1.51142850e+04 3.84280700e+06
 3.84000000e+03 2.16000000e+03 1.00000000e+00 2.37980000e+01
 8.33000000e-01 1.59980000e+01 1.20000000e+01 0.00000000e+00
 1.80554810e+04 4.59737700e+06 3.84000000e+03 2.16000000e+03
 1.00000000e+00 3.22070000e+01 9.36000000e-01 6.25500000e+01
 6.90000000e+01]
deleted_idx_col 65
query_origi 571
query_idx 904
deleted_scaled [0.91666667 0.         0.56771912 0.56828443 1.         1.
 0.         0.13494291 0.52790698 0.02059067 0.91666667 0.
 0.57237336 0.56720549 1.         1.         0.         0.32714349
 0.54634146 0.04479865 1.         0.         0.86700315 0.86829683
 1.         1.         1.         0.24817157 0.47524752 0.01531531
 0.91666667 0.         0.57142986 0.56798622 1.         1.
 0.         0.2728731  0.45433255 0.02747712]
deleted_not_scaled [1.1000000e+01 0.0000000e+00 1.1496164e+04 2.9372700e+06 3.8400000e+03
 2.1600000e+03 0.0000000e+00 1.9919000e+01 7.9700000e-01 1.9870000e+00
 1.1000000e+01 0.0000000e+00 1.1589675e+04 2.9321880e+06 3.8400000e+03
 2.1600000e+03 0.0000000e+00 2.4666000e+01 8.1100000e-01 4.1540000e+00
 1.2000000e+01 0.0000000e+00 1.6712453e+04 4.2345180e+06 3.8400000e+03
 2.1600000e+03 1.0000000e+00 2.2656000e+01 7.8300000e-01 1.3870000e+00
 1.1000000e+01 0.0000000e+00 1.1566518e+04 2.9350040e+06 3.8400000e+03
 2.1600000e+03 0.0000000e+00 2.2650000e+01 7.6400000e-01 2.5970000e+00
 8.2000000e+01]
deleted_idx_col 904
query_origi 253
query_idx 491
deleted_scaled [1.         0.         0.82620533 0.82661529 1.         1.
 1.         0.16409949 0.53255814 0.02103627 0.91666667 0.
 0.56659217 0.56776139 1.         1.         0.         0.44664594
 0.71707317 0.15859629 0.91666667 0.         0.59595717 0.59651204
 1.         1.         0.         0.26035194 0.65841584 0.01328357
 0.91666667 0.         0.58097492 0.57718249 1.         1.
 0.         0.29660119 0.6440281  0.03345501]
deleted_not_scaled [1.2000000e+01 0.0000000e+00 1.6581364e+04 4.2344660e+06 3.8400000e+03
 2.1600000e+03 1.0000000e+00 2.1280000e+01 7.9900000e-01 2.0300000e+00
 1.1000000e+01 0.0000000e+00 1.1475968e+04 2.9349790e+06 3.8400000e+03
 2.1600000e+03 0.0000000e+00 2.8701000e+01 8.8100000e-01 1.4706000e+01
 1.1000000e+01 0.0000000e+00 1.1588169e+04 2.9347040e+06 3.8400000e+03
 2.1600000e+03 0.0000000e+00 2.3099000e+01 8.5700000e-01 1.2030000e+00
 1.1000000e+01 0.0000000e+00 1.1754357e+04 2.9811990e+06 3.8400000e+03
 2.1600000e+03 0.0000000e+00 2.3434000e+01 8.4500000e-01 3.1620000e+00
 4.4000000e+01]
deleted_idx_col 491
query_origi 879
query_idx 138
deleted_scaled [0.00000000e+00 1.80202701e-01 1.74782670e-03 1.74053242e-03
 0.00000000e+00 0.00000000e+00 0.00000000e+00 1.91713619e-01
 5.30232558e-01 2.07253886e-03 0.00000000e+00 4.46939595e-01
 1.73114837e-03 1.82823986e-03 0.00000000e+00 0.00000000e+00
 0.00000000e+00 6.36576336e-01 7.63414634e-01 1.47391239e-01
 0.00000000e+00 1.59739124e-01 4.24075631e-03 4.13631999e-03
 0.00000000e+00 0.00000000e+00 0.00000000e+00 4.05251581e-01
 7.17821782e-01 2.53966852e-02 0.00000000e+00 0.00000000e+00
 5.92351917e-04 5.08636772e-04 0.00000000e+00 0.00000000e+00
 0.00000000e+00 4.62001755e-01 7.18969555e-01 3.23758134e-03]
deleted_not_scaled [0.00000000e+00 8.46680702e-01 3.61809000e+02 9.23970000e+04
 3.20000000e+02 1.80000000e+02 0.00000000e+00 2.25690000e+01
 7.98000000e-01 2.00000000e-01 0.00000000e+00 1.46665391e+00
 3.66029000e+02 9.36120000e+04 3.20000000e+02 1.80000000e+02
 0.00000000e+00 3.51140000e+01 9.00000000e-01 1.36670000e+01
 0.00000000e+00 7.85302899e-01 4.01421000e+02 1.01660000e+05
 3.20000000e+02 1.80000000e+02 0.00000000e+00 2.83690000e+01
 8.81000000e-01 2.30000000e+00 0.00000000e+00 0.00000000e+00
 3.32904000e+02 8.44330000e+04 3.20000000e+02 1.80000000e+02
 0.00000000e+00 2.88990000e+01 8.77000000e-01 3.06000000e-01
 1.57000000e+02]
deleted_idx_col 138
query_origi 230
query_idx 210
deleted_scaled [0.00000000e+00 7.95328552e-01 1.91409517e-03 1.84329154e-03
 0.00000000e+00 0.00000000e+00 0.00000000e+00 1.41776816e-01
 5.69767442e-01 2.07253886e-04 0.00000000e+00 3.72674463e-01
 1.60434629e-03 1.63782726e-03 0.00000000e+00 0.00000000e+00
 0.00000000e+00 2.06367540e-01 4.82926829e-01 1.72551388e-04
 0.00000000e+00 0.00000000e+00 2.23452429e-03 2.28938265e-03
 0.00000000e+00 0.00000000e+00 0.00000000e+00 2.43607369e-01
 5.91584158e-01 0.00000000e+00 0.00000000e+00 0.00000000e+00
 2.26289917e-03 2.32320592e-03 0.00000000e+00 0.00000000e+00
 0.00000000e+00 6.19442511e-01 7.91569087e-01 5.11876422e-02]
deleted_not_scaled [0.00000000e+00 3.73684375e+00 3.65080000e+02 9.29130000e+04
 3.20000000e+02 1.80000000e+02 0.00000000e+00 2.02380000e+01
 8.15000000e-01 2.00000000e-02 0.00000000e+00 1.22294929e+00
 3.63535000e+02 9.26560000e+04 3.20000000e+02 1.80000000e+02
 0.00000000e+00 2.05880000e+01 7.85000000e-01 1.60000000e-02
 0.00000000e+00 0.00000000e+00 3.63492000e+02 9.28270000e+04
 3.20000000e+02 1.80000000e+02 0.00000000e+00 2.24900000e+01
 8.30000000e-01 0.00000000e+00 0.00000000e+00 0.00000000e+00
 3.65779000e+02 9.35480000e+04 3.20000000e+02 1.80000000e+02
 0.00000000e+00 3.41010000e+01 9.08000000e-01 4.83800000e+00
 8.70000000e+01]
deleted_idx_col 210
query_origi 189
query_idx 104
deleted_scaled [0.41666667 0.96208746 0.07950545 0.07911377 0.18181818 0.17171717
 0.         0.21917779 0.62790698 0.31003109 0.25       0.04787334
 0.02987424 0.02981869 0.05454545 0.05454545 0.         0.54275137
 0.84634146 0.5697539  0.08333333 0.         0.00701189 0.00707662
 0.01818182 0.01818182 0.         0.35732747 0.76485149 0.00500204
 0.         0.         0.00211767 0.00215061 0.         0.
 0.         0.36463787 0.76346604 0.        ]
deleted_not_scaled [5.00000000e+00 4.52035891e+00 1.89153500e+03 4.80923000e+05
 9.60000000e+02 5.20000000e+02 0.00000000e+00 2.38510000e+01
 8.40000000e-01 2.99180000e+01 3.00000000e+00 1.57098684e-01
 9.19560000e+02 2.34143000e+05 5.12000000e+02 2.88000000e+02
 0.00000000e+00 3.19460000e+01 9.34000000e-01 5.28310000e+01
 1.00000000e+00 0.00000000e+00 4.53811000e+02 1.15722000e+05
 3.84000000e+02 2.16000000e+02 0.00000000e+00 2.66260000e+01
 9.00000000e-01 4.53000000e-01 0.00000000e+00 0.00000000e+00
 3.62921000e+02 9.26810000e+04 3.20000000e+02 1.80000000e+02
 0.00000000e+00 2.56820000e+01 8.96000000e-01 0.00000000e+00
 7.10000000e+01]
deleted_idx_col 104
query_origi 314
query_idx 110
deleted_scaled [0.00000000e+00 3.21115770e-01 1.86814387e-03 1.85185480e-03
 0.00000000e+00 0.00000000e+00 0.00000000e+00 3.00713383e-01
 4.83720930e-01 0.00000000e+00 0.00000000e+00 3.32603276e-01
 3.16252727e-03 3.25255006e-03 0.00000000e+00 0.00000000e+00
 0.00000000e+00 3.16185399e-01 4.00000000e-01 0.00000000e+00
 0.00000000e+00 2.74974258e-01 1.55953874e-03 1.44296554e-03
 0.00000000e+00 0.00000000e+00 0.00000000e+00 9.46109431e-02
 2.30198020e-01 9.64080254e-02 0.00000000e+00 0.00000000e+00
 2.97070305e-03 2.86230118e-03 0.00000000e+00 0.00000000e+00
 0.00000000e+00 4.89089313e-02 1.38173302e-01 3.38570597e-04]
deleted_not_scaled [0.00000000e+00 1.50875944e+00 3.64176000e+02 9.29560000e+04
 3.20000000e+02 1.80000000e+02 0.00000000e+00 2.76570000e+01
 7.78000000e-01 0.00000000e+00 0.00000000e+00 1.09145375e+00
 3.94182000e+02 1.00763000e+05 3.20000000e+02 1.80000000e+02
 0.00000000e+00 2.42960000e+01 7.51000000e-01 0.00000000e+00
 0.00000000e+00 1.35181712e+00 3.50731000e+02 8.87790000e+04
 3.20000000e+02 1.80000000e+02 0.00000000e+00 1.70710000e+01
 6.84000000e-01 8.73100000e+00 0.00000000e+00 0.00000000e+00
 3.79708000e+02 9.62560000e+04 3.20000000e+02 1.80000000e+02
 0.00000000e+00 1.52500000e+01 6.29000000e-01 3.20000000e-02
 2.10000000e+01]
deleted_idx_col 110
query_origi 719
query_idx 139
deleted_scaled [0.         0.         0.00264571 0.0026578  0.         0.
 0.         0.25825318 0.71162791 0.         0.         0.
 0.00113415 0.00104488 0.         0.         0.         0.22188657
 0.58780488 0.         0.         1.         0.00271311 0.00262644
 0.         0.         0.         0.16442123 0.44059406 0.
 0.33333333 0.         0.04270036 0.04240538 0.09090909 0.09090909
 0.         0.51902182 0.76112412 0.34770142]
deleted_not_scaled [0.0000000e+00 0.0000000e+00 3.7947300e+02 9.7003000e+04 3.2000000e+02
 1.8000000e+02 0.0000000e+00 2.5675000e+01 8.7600000e-01 0.0000000e+00
 0.0000000e+00 0.0000000e+00 3.5428700e+02 8.9679000e+04 3.2000000e+02
 1.8000000e+02 0.0000000e+00 2.1112000e+01 8.2800000e-01 0.0000000e+00
 0.0000000e+00 4.9161588e+00 3.7254000e+02 9.4439000e+04 3.2000000e+02
 1.8000000e+02 0.0000000e+00 1.9610000e+01 7.6900000e-01 0.0000000e+00
 4.0000000e+00 0.0000000e+00 1.1615550e+03 2.9489000e+05 6.4000000e+02
 3.6000000e+02 0.0000000e+00 3.0783000e+01 8.9500000e-01 3.2863000e+01
 3.7000000e+01]
deleted_idx_col 139
query_origi 360
query_idx 306
deleted_scaled [0.         0.         0.00153271 0.00153422 0.         0.
 0.         0.26718653 0.49767442 0.         0.         0.
 0.00268715 0.00279564 0.         0.         0.         0.23257811
 0.3902439  0.00657852 0.08333333 0.         0.00814891 0.00806124
 0.01818182 0.01818182 0.         0.07288974 0.33910891 0.01608825
 0.33333333 0.         0.04314677 0.04282025 0.09090909 0.09090909
 0.         0.31721195 0.4824356  0.38222504]
deleted_not_scaled [0.00000e+00 0.00000e+00 3.57577e+02 9.13610e+04 3.20000e+02 1.80000e+02
 0.00000e+00 2.60920e+01 7.84000e-01 0.00000e+00 0.00000e+00 0.00000e+00
 3.84832e+02 9.84690e+04 3.20000e+02 1.80000e+02 0.00000e+00 2.14730e+01
 7.47000e-01 6.10000e-01 1.00000e+00 0.00000e+00 4.75307e+02 1.20431e+05
 3.84000e+02 2.16000e+02 0.00000e+00 1.62810e+01 7.28000e-01 1.45700e+00
 4.00000e+00 0.00000e+00 1.17034e+03 2.96974e+05 6.40000e+02 3.60000e+02
 0.00000e+00 2.41150e+01 7.76000e-01 3.61260e+01 1.27000e+02]
deleted_idx_col 306
query_origi 152
query_idx 695
deleted_scaled [0.         0.         0.00208179 0.00191877 0.         0.
 0.         0.41404057 0.89767442 0.11804145 0.         0.01524078
 0.00198246 0.00192305 0.         0.         0.         0.49566119
 0.81219512 0.08899338 0.         0.38037985 0.00235343 0.00230423
 0.         0.         0.         0.51534232 0.98762376 0.
 0.         0.         0.00439454 0.0043474  0.         0.
 0.         0.58605974 0.8852459  0.01143734]
deleted_not_scaled [0.00000000e+00 0.00000000e+00 3.68379000e+02 9.32920000e+04
 3.20000000e+02 1.80000000e+02 0.00000000e+00 3.29470000e+01
 9.56000000e-01 1.13910000e+01 0.00000000e+00 5.00133462e-02
 3.70972000e+02 9.40880000e+04 3.20000000e+02 1.80000000e+02
 0.00000000e+00 3.03560000e+01 9.20000000e-01 8.25200000e+00
 0.00000000e+00 1.87000774e+00 3.65740000e+02 9.28980000e+04
 3.20000000e+02 1.80000000e+02 0.00000000e+00 3.23730000e+01
 9.90000000e-01 0.00000000e+00 0.00000000e+00 0.00000000e+00
 4.07728000e+02 1.03716000e+05 3.20000000e+02 1.80000000e+02
 0.00000000e+00 3.29980000e+01 9.48000000e-01 1.08100000e+00
 3.10000000e+01]
deleted_idx_col 695
query_origi 460
query_idx 478
deleted_scaled [0.         0.         0.00201637 0.00186301 0.         0.
 0.         0.39028257 0.98139535 0.15226943 0.         0.
 0.00177686 0.00172785 0.         0.         0.         0.68662817
 0.98292683 0.39396717 0.25       0.         0.02912509 0.02920787
 0.05454545 0.05454545 0.         0.5965906  0.98762376 0.40075969
 0.58333333 0.         0.14053655 0.14009628 0.27272727 0.27272727
 0.         1.         0.60421546 0.55613395]
deleted_not_scaled [0.000000e+00 0.000000e+00 3.670920e+02 9.301200e+04 3.200000e+02
 1.800000e+02 0.000000e+00 3.183800e+01 9.920000e-01 1.469400e+01
 0.000000e+00 0.000000e+00 3.669280e+02 9.310800e+04 3.200000e+02
 1.800000e+02 0.000000e+00 3.680400e+01 9.900000e-01 3.653100e+01
 3.000000e+00 0.000000e+00 8.718740e+02 2.215650e+05 5.120000e+02
 2.880000e+02 0.000000e+00 3.532800e+01 9.900000e-01 3.629400e+01
 7.000000e+00 0.000000e+00 3.086891e+03 7.856140e+05 1.280000e+03
 7.200000e+02 0.000000e+00 4.667500e+01 8.280000e-01 5.256300e+01
 1.000000e+00]
deleted_idx_col 478
query_origi 561
query_idx 350
deleted_scaled [0.25       0.         0.02746129 0.02740223 0.05454545 0.05454545
 0.         0.16534202 0.52093023 0.24010363 0.16666667 0.17320701
 0.01772199 0.0177986  0.05454545 0.05454545 0.         0.25855175
 0.48536585 0.28492548 0.16666667 0.69222732 0.01917787 0.01944752
 0.05454545 0.05454545 0.         0.59265878 0.76485149 0.48710842
 0.08333333 0.         0.01187702 0.01167973 0.01818182 0.01818182
 0.         0.44429648 0.72599532 0.03708406]
deleted_not_scaled [3.00000000e+00 0.00000000e+00 8.67670000e+02 2.21256000e+05
 5.12000000e+02 2.88000000e+02 0.00000000e+00 2.13380000e+01
 7.94000000e-01 2.31700000e+01 2.00000000e+00 5.68387196e-01
 6.80544000e+02 1.73794000e+05 5.12000000e+02 2.88000000e+02
 0.00000000e+00 2.23500000e+01 7.86000000e-01 2.64200000e+01
 2.00000000e+00 3.40309944e+00 6.83816000e+02 1.74886000e+05
 5.12000000e+02 2.88000000e+02 0.00000000e+00 3.51850000e+01
 9.00000000e-01 4.41140000e+01 1.00000000e+00 0.00000000e+00
 5.54977000e+02 1.40548000e+05 3.84000000e+02 2.16000000e+02
 0.00000000e+00 2.83140000e+01 8.80000000e-01 3.50500000e+00
 1.56000000e+02]
deleted_idx_col 350
query_origi 694
query_idx 912
deleted_scaled [8.33333333e-02 8.80775096e-02 9.11004792e-03 8.87950338e-03
 1.81818182e-02 1.81818182e-02 0.00000000e+00 8.55416783e-02
 5.00000000e-01 4.14507772e-05 8.33333333e-02 7.19024832e-01
 8.83160729e-03 8.71555942e-03 1.81818182e-02 1.81818182e-02
 0.00000000e+00 2.00296165e-01 7.14634146e-01 0.00000000e+00
 8.33333333e-02 0.00000000e+00 1.11735735e-02 1.11464435e-02
 1.81818182e-02 1.81818182e-02 0.00000000e+00 6.61259280e-02
 4.13366337e-01 6.62522222e-05 0.00000000e+00 0.00000000e+00
 1.25472708e-03 1.20977912e-03 0.00000000e+00 0.00000000e+00
 0.00000000e+00 5.84879392e-01 7.98594848e-01 4.06284717e-03]
deleted_not_scaled [1.00000000e+00 4.13831353e-01 5.06646000e+02 1.28245000e+05
 3.84000000e+02 2.16000000e+02 0.00000000e+00 1.76130000e+01
 7.85000000e-01 4.00000000e-03 1.00000000e+00 2.35951479e+00
 5.05684000e+02 1.28191000e+05 3.84000000e+02 2.16000000e+02
 0.00000000e+00 2.03830000e+01 8.80000000e-01 0.00000000e+00
 1.00000000e+00 0.00000000e+00 5.32490000e+02 1.35186000e+05
 3.84000000e+02 2.16000000e+02 0.00000000e+00 1.60350000e+01
 7.58000000e-01 6.00000000e-03 0.00000000e+00 0.00000000e+00
 3.45939000e+02 8.79550000e+04 3.20000000e+02 1.80000000e+02
 0.00000000e+00 3.29590000e+01 9.11000000e-01 3.84000000e-01
 1.51000000e+02]
deleted_idx_col 912
query_origi 500
query_idx 90
deleted_scaled [0.91666667 0.21971778 0.57025209 0.56765832 1.         1.
 0.         1.         1.         1.         0.91666667 0.07854106
 0.57076489 0.5690644  1.         1.         0.         1.
 0.56829268 0.39120635 0.83333333 0.         0.44177928 0.44510939
 0.63636364 0.63636364 0.         0.14118779 0.37623762 0.05761735
 0.83333333 0.         0.35907899 0.35909438 0.63636364 0.63636364
 0.         0.03973851 0.44496487 0.16303232]
deleted_not_scaled [1.10000000e+01 1.03234195e+00 1.15459950e+04 2.93412600e+06
 3.84000000e+03 2.16000000e+03 0.00000000e+00 6.02990000e+01
 1.00000000e+00 9.65000000e+01 1.10000000e+01 2.57736305e-01
 1.15580390e+04 2.94152100e+06 3.84000000e+03 2.16000000e+03
 0.00000000e+00 4.73850000e+01 8.20000000e-01 3.62750000e+01
 1.00000000e+01 0.00000000e+00 8.67334500e+03 2.21061900e+06
 2.56000000e+03 1.44000000e+03 0.00000000e+00 1.87650000e+01
 7.43000000e-01 5.21800000e+00 1.00000000e+01 0.00000000e+00
 7.38762700e+03 1.88569200e+06 2.56000000e+03 1.44000000e+03
 0.00000000e+00 1.49470000e+01 7.60000000e-01 1.54090000e+01
 3.00000000e+00]
deleted_idx_col 90
query_origi 237
query_idx 997
deleted_scaled [0.         0.         0.0018717  0.00187356 0.         0.
 0.         0.36054757 0.71860465 0.0181658  0.5        0.
 0.10671219 0.10706905 0.27272727 0.27272727 0.         0.10250259
 0.12195122 0.35351466 0.         0.         0.00359936 0.00349419
 0.         0.         0.         0.08430025 0.27475248 0.02666652
 0.         0.         0.00135463 0.00127468 0.         0.
 0.         0.05871493 0.43793911 0.        ]
deleted_not_scaled [0.000000e+00 0.000000e+00 3.642460e+02 9.306500e+04 3.200000e+02
 1.800000e+02 0.000000e+00 3.045000e+01 8.790000e-01 1.753000e+00
 6.000000e+00 0.000000e+00 2.430843e+03 6.219920e+05 1.280000e+03
 7.200000e+02 0.000000e+00 1.708100e+01 6.370000e-01 3.278000e+01
 0.000000e+00 0.000000e+00 3.892950e+02 9.858900e+04 3.200000e+02
 1.800000e+02 0.000000e+00 1.669600e+01 7.020000e-01 2.415000e+00
 0.000000e+00 0.000000e+00 3.479050e+02 8.828100e+04 3.200000e+02
 1.800000e+02 0.000000e+00 1.557400e+01 7.570000e-01 0.000000e+00
 1.420000e+02]
deleted_idx_col 997
query_origi 726
query_idx 634
deleted_scaled [9.16666667e-01 0.00000000e+00 5.68018365e-01 5.67725033e-01
 1.00000000e+00 1.00000000e+00 0.00000000e+00 1.51288588e-01
 6.27906977e-01 4.66321244e-04 9.16666667e-01 0.00000000e+00
 5.71611577e-01 5.72213981e-01 1.00000000e+00 1.00000000e+00
 0.00000000e+00 1.90019251e-01 6.51219512e-01 2.04904773e-04
 9.16666667e-01 0.00000000e+00 5.92009559e-01 5.91958159e-01
 1.00000000e+00 1.00000000e+00 0.00000000e+00 1.69837778e-01
 5.86633663e-01 2.65450570e-02 9.16666667e-01 0.00000000e+00
 6.09707671e-01 6.05118498e-01 1.00000000e+00 1.00000000e+00
 0.00000000e+00 9.20190067e-01 9.46135831e-01 9.58958895e-01]
deleted_not_scaled [1.1000000e+01 0.0000000e+00 1.1502051e+04 2.9344610e+06 3.8400000e+03
 2.1600000e+03 0.0000000e+00 2.0682000e+01 8.4000000e-01 4.5000000e-02
 1.1000000e+01 0.0000000e+00 1.1574692e+04 2.9573340e+06 3.8400000e+03
 2.1600000e+03 0.0000000e+00 2.0036000e+01 8.5400000e-01 1.9000000e-02
 1.1000000e+01 0.0000000e+00 1.1513537e+04 2.9129250e+06 3.8400000e+03
 2.1600000e+03 0.0000000e+00 1.9807000e+01 8.2800000e-01 2.4040000e+00
 1.1000000e+01 0.0000000e+00 1.2319794e+04 3.1215280e+06 3.8400000e+03
 2.1600000e+03 0.0000000e+00 4.4038000e+01 9.7400000e-01 9.0636000e+01
 1.9400000e+02]
deleted_idx_col 634
query_origi 354
query_idx 126
deleted_scaled [0.25       0.47445009 0.02792583 0.02756075 0.05454545 0.05454545
 0.         0.4191178  0.90232558 0.45438342 0.25       0.51816528
 0.0277933  0.027568   0.05454545 0.05454545 0.         0.48873093
 0.81219512 0.20646852 0.08333333 0.20352387 0.00964366 0.00962423
 0.01818182 0.01818182 0.         0.5183118  0.99009901 0.00888884
 0.         0.         0.00439454 0.0043474  0.         0.
 0.         0.58605974 0.8852459  0.01143734]
deleted_not_scaled [3.00000000e+00 2.22919928e+00 8.76809000e+02 2.22052000e+05
 5.12000000e+02 2.88000000e+02 0.00000000e+00 3.31840000e+01
 9.58000000e-01 4.38480000e+01 3.00000000e+00 1.70038445e+00
 8.78631000e+02 2.22843000e+05 5.12000000e+02 2.88000000e+02
 0.00000000e+00 3.01220000e+01 9.20000000e-01 1.91450000e+01
 1.00000000e+00 1.00055567e+00 5.03566000e+02 1.27906000e+05
 3.84000000e+02 2.16000000e+02 0.00000000e+00 3.24810000e+01
 9.91000000e-01 8.05000000e-01 0.00000000e+00 0.00000000e+00
 4.07728000e+02 1.03716000e+05 3.20000000e+02 1.80000000e+02
 0.00000000e+00 3.29980000e+01 9.48000000e-01 1.08100000e+00
 3.10000000e+01]
deleted_idx_col 126
query_origi 860
query_idx 368
deleted_scaled [0.16666667 0.         0.01787129 0.0179229  0.05454545 0.05454545
 0.         0.46809058 0.91860465 0.46659067 0.16666667 0.
 0.01816712 0.01795216 0.05454545 0.05454545 0.         0.57864653
 0.90487805 0.46658974 0.08333333 0.         0.00984471 0.00978628
 0.01818182 0.01818182 0.         0.4582898  0.81435644 0.09108576
 0.08333333 0.         0.00926456 0.00916303 0.01818182 0.01818182
 0.         0.57041252 0.98594848 0.00851717]
deleted_not_scaled [2.00000e+00 0.00000e+00 6.79006e+02 1.73656e+05 5.12000e+02 2.88000e+02
 0.00000e+00 3.54700e+01 9.65000e-01 4.50260e+01 2.00000e+00 0.00000e+00
 6.89299e+02 1.74565e+05 5.12000e+02 2.88000e+02 0.00000e+00 3.31580e+01
 9.58000e-01 4.32650e+01 1.00000e+00 0.00000e+00 5.07367e+02 1.28681e+05
 3.84000e+02 2.16000e+02 0.00000e+00 3.02980e+01 9.20000e-01 8.24900e+00
 1.00000e+00 0.00000e+00 5.03566e+02 1.27906e+05 3.84000e+02 2.16000e+02
 0.00000e+00 3.24810e+01 9.91000e-01 8.05000e-01 3.00000e+01]
deleted_idx_col 368
query_origi 736
query_idx 864
deleted_scaled [0.83333333 0.         0.38719229 0.38382026 0.63636364 0.63636364
 0.         0.14657555 0.56744186 0.0008601  0.83333333 0.
 0.394842   0.39205617 0.63636364 0.63636364 0.         0.24788983
 0.60731707 0.         0.83333333 0.         0.41035985 0.41176373
 0.63636364 0.63636364 0.         0.31121804 0.70792079 0.01777768
 0.83333333 0.         0.39652145 0.39491853 0.63636364 0.63636364
 0.         0.38297872 0.76346604 0.07098344]
deleted_not_scaled [1.000000e+01 0.000000e+00 7.944659e+03 2.010992e+06 2.560000e+03
 1.440000e+03 0.000000e+00 2.046200e+01 8.140000e-01 8.300000e-02
 1.000000e+01 0.000000e+00 8.097909e+03 2.052820e+06 2.560000e+03
 1.440000e+03 0.000000e+00 2.199000e+01 8.360000e-01 0.000000e+00
 1.000000e+01 0.000000e+00 8.079342e+03 2.051143e+06 2.560000e+03
 1.440000e+03 0.000000e+00 2.494900e+01 8.770000e-01 1.610000e+00
 1.000000e+01 0.000000e+00 8.124464e+03 2.065645e+06 2.560000e+03
 1.440000e+03 0.000000e+00 2.628800e+01 8.960000e-01 6.709000e+00
 1.660000e+02]
deleted_idx_col 864
query_origi 624
query_idx 375
deleted_scaled [0.         0.         0.00099858 0.00097362 0.         0.
 0.         0.15375222 0.66046512 0.         0.08333333 0.
 0.0096066  0.00969272 0.01818182 0.01818182 0.         0.19164816
 0.67804878 0.         0.33333333 0.         0.04409019 0.04396978
 0.09090909 0.09090909 0.         0.16843552 0.60891089 0.13480119
 0.         0.         0.00232479 0.00221172 0.         0.
 0.         0.67531249 0.88992974 0.13018039]
deleted_not_scaled [0.000000e+00 0.000000e+00 3.470690e+02 8.854600e+04 3.200000e+02
 1.800000e+02 0.000000e+00 2.079700e+01 8.540000e-01 0.000000e+00
 1.000000e+00 0.000000e+00 5.209270e+02 1.330970e+05 3.840000e+02
 2.160000e+02 0.000000e+00 2.009100e+01 8.650000e-01 0.000000e+00
 4.000000e+00 0.000000e+00 1.154798e+03 2.921640e+05 6.400000e+02
 3.600000e+02 0.000000e+00 1.975600e+01 8.370000e-01 1.220800e+01
 0.000000e+00 0.000000e+00 3.669970e+02 9.298800e+04 3.200000e+02
 1.800000e+02 0.000000e+00 3.594700e+01 9.500000e-01 1.230400e+01
 1.940000e+02]
deleted_idx_col 375
query_origi 452
query_idx 109
deleted_scaled [0.33333333 0.29196229 0.03764336 0.03738839 0.09090909 0.09090909
 0.         0.20416033 0.58139535 0.22107772 0.16666667 0.15811331
 0.02054931 0.02049883 0.05454545 0.05454545 0.         0.62712868
 0.77317073 0.57581477 0.08333333 0.         0.0075803  0.00763741
 0.01818182 0.01818182 0.         0.14676932 0.39356436 0.03757605
 0.         0.         0.00215039 0.0021743  0.         0.
 0.         0.10390121 0.43325527 0.01709782]
deleted_not_scaled [4.00000000e+00 1.37178207e+00 1.06798200e+03 2.71401000e+05
 6.40000000e+02 3.60000000e+02 0.00000000e+00 2.31500000e+01
 8.20000000e-01 2.13340000e+01 2.00000000e+00 5.18856492e-01
 7.36153000e+02 1.87351000e+05 5.12000000e+02 2.88000000e+02
 0.00000000e+00 3.47950000e+01 9.04000000e-01 5.33930000e+01
 1.00000000e+00 0.00000000e+00 4.64557000e+02 1.18404000e+05
 3.84000000e+02 2.16000000e+02 0.00000000e+00 1.89680000e+01
 7.50000000e-01 3.40300000e+00 0.00000000e+00 0.00000000e+00
 3.63565000e+02 9.28000000e+04 3.20000000e+02 1.80000000e+02
 0.00000000e+00 1.70670000e+01 7.55000000e-01 1.61600000e+00
 2.59000000e+02]
deleted_idx_col 109
query_origi 869
query_idx 167
deleted_scaled [0.41666667 0.06337857 0.07725928 0.0773822  0.18181818 0.17171717
 0.         0.21819233 0.73255814 0.18036269 0.41666667 0.90235882
 0.07788922 0.07715634 0.18181818 0.17171717 0.         0.24045609
 0.68292683 0.17633673 0.33333333 0.         0.04324652 0.04324506
 0.09090909 0.09090909 0.         0.2537256  0.68564356 0.16940693
 0.25       0.         0.02783083 0.02761629 0.05454545 0.05454545
 0.         0.59698556 0.90163934 0.48559488]
deleted_not_scaled [5.00000000e+00 2.97783617e-01 1.84734600e+03 4.72228000e+05
 9.60000000e+02 5.20000000e+02 0.00000000e+00 2.38050000e+01
 8.85000000e-01 1.74050000e+01 5.00000000e+00 2.96113414e+00
 1.86394000e+03 4.71810000e+05 9.60000000e+02 5.20000000e+02
 0.00000000e+00 2.17390000e+01 8.67000000e-01 1.63510000e+01
 4.00000000e+00 0.00000000e+00 1.13884800e+03 2.88698000e+05
 6.40000000e+02 3.60000000e+02 0.00000000e+00 2.28580000e+01
 8.68000000e-01 1.53420000e+01 3.00000000e+00 0.00000000e+00
 8.68935000e+02 2.20601000e+05 5.12000000e+02 2.88000000e+02
 0.00000000e+00 3.33590000e+01 9.55000000e-01 4.58960000e+01
 2.78000000e+02]
deleted_idx_col 167
query_origi 680
query_idx 673
deleted_scaled [0.08333333 0.         0.00892329 0.00879447 0.01818182 0.01818182
 0.         0.43081471 0.96976744 0.13334715 0.25       0.15851468
 0.02804466 0.02797173 0.05454545 0.05454545 0.         0.56961351
 0.60243902 0.51370705 0.25       0.         0.03102294 0.0312568
 0.05454545 0.05454545 0.         0.14522958 0.4480198  0.31993198
 0.08333333 0.         0.00893442 0.00895818 0.01818182 0.01818182
 0.         0.03940559 0.48711944 0.        ]
deleted_not_scaled [1.0000000e+00 0.0000000e+00 5.0297200e+02 1.2781800e+05 3.8400000e+02
 2.1600000e+02 0.0000000e+00 3.3730000e+01 9.8700000e-01 1.2868000e+01
 3.0000000e+00 5.2017359e-01 8.8357500e+02 2.2487000e+05 5.1200000e+02
 2.8800000e+02 0.0000000e+00 3.2853000e+01 8.3400000e-01 4.7634000e+01
 3.0000000e+00 0.0000000e+00 9.0775400e+02 2.3136400e+05 5.1200000e+02
 2.8800000e+02 0.0000000e+00 1.8912000e+01 7.7200000e-01 2.8974000e+01
 1.0000000e+00 0.0000000e+00 4.9706900e+02 1.2687700e+05 3.8400000e+02
 2.1600000e+02 0.0000000e+00 1.4936000e+01 7.7800000e-01 0.0000000e+00
 3.0000000e+00]
deleted_idx_col 673
query_origi 588
query_idx 286
deleted_scaled [0.25       0.         0.02766461 0.02758366 0.05454545 0.05454545
 0.         0.18068082 0.62790698 0.19866321 0.25       0.55712957
 0.02737008 0.02742917 0.05454545 0.05454545 0.         0.76013624
 0.88536585 0.54079762 0.25       0.         0.02899063 0.02934546
 0.05454545 0.05454545 0.         0.2816882  0.74752475 0.16436072
 0.08333333 0.         0.01083541 0.010633   0.01818182 0.01818182
 0.         0.24817651 0.72131148 0.        ]
deleted_not_scaled [3.00000000e+00 0.00000000e+00 8.71670000e+02 2.22167000e+05
 5.12000000e+02 2.88000000e+02 0.00000000e+00 2.20540000e+01
 8.40000000e-01 1.91710000e+01 3.00000000e+00 1.82824766e+00
 8.70307000e+02 2.22146000e+05 5.12000000e+02 2.88000000e+02
 0.00000000e+00 3.92860000e+01 9.50000000e-01 5.01460000e+01
 3.00000000e+00 0.00000000e+00 8.69332000e+02 2.22223000e+05
 5.12000000e+02 2.88000000e+02 0.00000000e+00 2.38750000e+01
 8.93000000e-01 1.48850000e+01 1.00000000e+00 0.00000000e+00
 5.34479000e+02 1.35290000e+05 3.84000000e+02 2.16000000e+02
 0.00000000e+00 2.18340000e+01 8.78000000e-01 0.00000000e+00
 2.76000000e+02]
deleted_idx_col 286
query_origi 552
query_idx 333
deleted_scaled [0.33333333 0.         0.03628424 0.03598342 0.09090909 0.09090909
 0.         0.06553268 0.37209302 0.23422798 0.41666667 0.
 0.0872593  0.08690682 0.18181818 0.17171717 0.         0.12723234
 0.45853659 0.22201971 0.41666667 0.         0.07096367 0.07141163
 0.18181818 0.17171717 0.         0.41251031 0.79455446 0.53148637
 0.33333333 0.         0.04277317 0.04273823 0.09090909 0.09090909
 0.         0.16019491 0.56440281 0.26060414]
deleted_not_scaled [4.000000e+00 0.000000e+00 1.041244e+03 2.643460e+05 6.400000e+02
 3.600000e+02 0.000000e+00 1.667900e+01 7.300000e-01 2.260300e+01
 5.000000e+00 0.000000e+00 2.048235e+03 5.207640e+05 9.600000e+02
 5.200000e+02 0.000000e+00 1.791600e+01 7.750000e-01 2.058700e+01
 5.000000e+00 0.000000e+00 1.662857e+03 4.234050e+05 9.600000e+02
 5.200000e+02 0.000000e+00 2.863300e+01 9.120000e-01 4.813300e+01
 4.000000e+00 0.000000e+00 1.162988e+03 2.965620e+05 6.400000e+02
 3.600000e+02 0.000000e+00 1.892700e+01 8.110000e-01 2.463100e+01
 2.500000e+01]
deleted_idx_col 333
query_origi 914
query_idx 414
deleted_scaled [0.5        0.         0.10754479 0.10722616 0.27272727 0.27272727
 0.         0.03376251 0.20232558 0.45210363 0.5        0.
 0.10714145 0.10707423 0.27272727 0.27272727 0.         0.06435658
 0.16341463 0.43884132 0.5        0.11847631 0.11174266 0.11290301
 0.27272727 0.27272727 0.         0.66750069 0.8539604  0.92510186
 0.41666667 0.         0.07765522 0.07790743 0.18181818 0.17171717
 0.         0.10483944 0.16159251 0.08597577]
deleted_not_scaled [6.00000000e+00 0.00000000e+00 2.44315300e+03 6.22088000e+05
 1.28000000e+03 7.20000000e+02 0.00000000e+00 1.51960000e+01
 6.57000000e-01 4.36280000e+01 6.00000000e+00 0.00000000e+00
 2.43928600e+03 6.22018000e+05 1.28000000e+03 7.20000000e+02
 0.00000000e+00 1.57930000e+01 6.54000000e-01 4.06920000e+01
 6.00000000e+00 5.82448354e-01 2.43380800e+03 6.21838000e+05
 1.28000000e+03 7.20000000e+02 0.00000000e+00 3.79070000e+01
 9.36000000e-01 8.37800000e+01 5.00000000e+00 0.00000000e+00
 1.84943800e+03 4.73225000e+05 9.60000000e+02 5.20000000e+02
 0.00000000e+00 1.70980000e+01 6.39000000e-01 8.12600000e+00
 1.40000000e+02]
deleted_idx_col 414
query_origi 781
query_idx 296
deleted_scaled [0.00000000e+00 2.70201851e-01 3.01306313e-03 2.98718379e-03
 0.00000000e+00 0.00000000e+00 0.00000000e+00 3.32697787e-02
 2.93023256e-01 6.43005181e-02 0.00000000e+00 9.68144737e-02
 5.38883421e-04 6.16650029e-04 0.00000000e+00 0.00000000e+00
 0.00000000e+00 1.43610247e-01 4.58536585e-01 7.00990014e-04
 0.00000000e+00 1.06194575e-01 3.92365433e-03 3.79821316e-03
 0.00000000e+00 0.00000000e+00 0.00000000e+00 5.37778389e-01
 7.87128713e-01 9.03790731e-02 0.00000000e+00 0.00000000e+00
 2.02096835e-03 1.91012518e-03 0.00000000e+00 0.00000000e+00
 0.00000000e+00 9.13410611e-02 5.71428571e-01 8.73935354e-02]
deleted_not_scaled [0.00000000e+00 1.26954086e+00 3.86700000e+02 9.86570000e+04
 3.20000000e+02 1.80000000e+02 0.00000000e+00 1.51730000e+01
 6.96000000e-01 6.20500000e+00 0.00000000e+00 3.17701381e-01
 3.42579000e+02 8.75290000e+04 3.20000000e+02 1.80000000e+02
 0.00000000e+00 1.84690000e+01 7.75000000e-01 6.50000000e-02
 0.00000000e+00 5.22069394e-01 3.95426000e+02 1.00043000e+05
 3.20000000e+02 1.80000000e+02 0.00000000e+00 3.31890000e+01
 9.09000000e-01 8.18500000e+00 0.00000000e+00 0.00000000e+00
 3.61018000e+02 9.14730000e+04 3.20000000e+02 1.80000000e+02
 0.00000000e+00 1.66520000e+01 8.14000000e-01 8.26000000e+00
 2.39000000e+02]
deleted_idx_col 296
query_origi 582
query_idx 533
deleted_scaled [1.         0.         0.76665657 0.76818717 1.         1.
 1.         0.18922856 0.72790698 0.00740933 0.91666667 0.
 0.54689285 0.54250324 1.         1.         0.         0.16845846
 0.28536585 0.03594461 0.91666667 0.         0.59503549 0.59649657
 1.         1.         0.         0.22449821 0.69554455 0.46112651
 1.         0.         0.91607831 0.91151432 1.         1.
 1.         0.45255894 0.79859485 0.24036396]
deleted_not_scaled [1.2000000e+01 0.0000000e+00 1.5409861e+04 3.9410720e+06 3.8400000e+03
 2.1600000e+03 1.0000000e+00 2.2453000e+01 8.8300000e-01 7.1500000e-01
 1.1000000e+01 0.0000000e+00 1.1088513e+04 2.8081660e+06 3.8400000e+03
 2.1600000e+03 0.0000000e+00 1.9308000e+01 7.0400000e-01 3.3330000e+00
 1.1000000e+01 0.0000000e+00 1.1570744e+04 2.9346300e+06 3.8400000e+03
 2.1600000e+03 0.0000000e+00 2.1795000e+01 8.7200000e-01 4.1761000e+01
 1.2000000e+01 0.0000000e+00 1.8348917e+04 4.6606250e+06 3.8400000e+03
 2.1600000e+03 1.0000000e+00 2.8587000e+01 9.1100000e-01 2.2718000e+01
 1.7300000e+02]
deleted_idx_col 533
query_origi 835
query_idx 322
deleted_scaled [0.91666667 0.         0.60343919 0.60252174 1.         1.
 0.         0.18070224 0.57674419 0.03459067 0.91666667 0.
 0.5329311  0.53295951 1.         1.         0.         0.90199911
 0.93658537 0.86317753 0.91666667 0.         0.62654479 0.63317562
 1.         1.         0.         0.27902117 0.71287129 0.00510142
 0.91666667 0.         0.53756534 0.53296534 1.         1.
 0.         0.24493811 0.68618267 0.        ]
deleted_not_scaled [1.1000000e+01 0.0000000e+00 1.2198885e+04 3.1091910e+06 3.8400000e+03
 2.1600000e+03 0.0000000e+00 2.2055000e+01 8.1800000e-01 3.3380000e+00
 1.1000000e+01 0.0000000e+00 1.0813907e+04 2.7602500e+06 3.8400000e+03
 2.1600000e+03 0.0000000e+00 4.4076000e+01 9.7100000e-01 8.0039000e+01
 1.1000000e+01 0.0000000e+00 1.2166446e+04 3.1100480e+06 3.8400000e+03
 2.1600000e+03 0.0000000e+00 2.3778000e+01 8.7900000e-01 4.6200000e-01
 1.1000000e+01 0.0000000e+00 1.0900092e+04 2.7590860e+06 3.8400000e+03
 2.1600000e+03 0.0000000e+00 2.1727000e+01 8.6300000e-01 0.0000000e+00
 2.7600000e+02]
deleted_idx_col 322
query_origi 109
query_idx 661
deleted_scaled [0.91666667 0.         0.57065035 0.56546632 1.         1.
 0.         0.55354656 0.9255814  0.72035233 0.91666667 0.
 0.6122221  0.60762475 1.         1.         0.         0.4152821
 0.6902439  0.14190195 0.91666667 0.         0.60309956 0.60488798
 1.         1.         0.         0.34665933 0.64851485 0.05624814
 0.91666667 0.         0.52192276 0.51982559 1.         1.
 0.         0.3077994  0.6206089  0.16769825]
deleted_not_scaled [1.1000000e+01 0.0000000e+00 1.1553830e+04 2.9231190e+06 3.8400000e+03
 2.1600000e+03 0.0000000e+00 3.9459000e+01 9.6800000e-01 6.9514000e+01
 1.1000000e+01 0.0000000e+00 1.2373438e+04 3.1351200e+06 3.8400000e+03
 2.1600000e+03 0.0000000e+00 2.7642000e+01 8.7000000e-01 1.3158000e+01
 1.1000000e+01 0.0000000e+00 1.1723200e+04 2.9747620e+06 3.8400000e+03
 2.1600000e+03 0.0000000e+00 2.6238000e+01 8.5300000e-01 5.0940000e+00
 1.1000000e+01 0.0000000e+00 1.0592259e+04 2.6930820e+06 3.8400000e+03
 2.1600000e+03 0.0000000e+00 2.3804000e+01 8.3500000e-01 1.5850000e+01
 6.8000000e+01]
deleted_idx_col 661
query_origi 122
query_idx 130
deleted_scaled [0.         0.13012505 0.00190637 0.00184469 0.         0.
 0.         0.03603333 0.2372093  0.06710881 0.         0.18138309
 0.00179246 0.00183481 0.         0.         0.         0.06293499
 0.2        0.06253909 0.         0.12193019 0.00227441 0.00233915
 0.         0.         0.         0.46246907 0.71287129 0.01935669
 0.         0.         0.00218785 0.00225711 0.         0.
 0.         0.11289005 0.21311475 0.02364704]
deleted_not_scaled [0.00000000e+00 6.11391326e-01 3.64928000e+02 9.29200000e+04
 3.20000000e+02 1.80000000e+02 0.00000000e+00 1.53020000e+01
 6.72000000e-01 6.47600000e+00 0.00000000e+00 5.95217403e-01
 3.67235000e+02 9.36450000e+04 3.20000000e+02 1.80000000e+02
 0.00000000e+00 1.57450000e+01 6.69000000e-01 5.79900000e+00
 0.00000000e+00 5.99428200e-01 3.64246000e+02 9.30650000e+04
 3.20000000e+02 1.80000000e+02 0.00000000e+00 3.04500000e+01
 8.79000000e-01 1.75300000e+00 0.00000000e+00 0.00000000e+00
 3.64302000e+02 9.32160000e+04 3.20000000e+02 1.80000000e+02
 0.00000000e+00 1.73640000e+01 6.61000000e-01 2.23500000e+00
 1.40000000e+02]
deleted_idx_col 130
query_origi 72
query_idx 114
deleted_scaled [0.33333333 0.61916709 0.04142316 0.04152126 0.09090909 0.09090909
 0.         0.42085306 0.78139535 0.61329534 0.33333333 0.43206846
 0.04270902 0.04230028 0.09090909 0.09090909 0.         0.14941507
 0.43414634 0.24284451 0.25       0.         0.02932112 0.02931326
 0.05454545 0.05454545 0.         0.71176794 0.92574257 0.63295165
 0.16666667 0.         0.01856338 0.01841604 0.05454545 0.05454545
 0.         0.26521594 0.75644028 0.19231868]
deleted_not_scaled [4.00000000e+00 2.90915077e+00 1.14234200e+03 2.92154000e+05
 6.40000000e+02 3.60000000e+02 0.00000000e+00 3.32650000e+01
 9.06000000e-01 5.91830000e+01 4.00000000e+00 1.41785357e+00
 1.17200000e+03 2.96809000e+05 6.40000000e+02 3.60000000e+02
 0.00000000e+00 1.86650000e+01 7.65000000e-01 2.25180000e+01
 3.00000000e+00 0.00000000e+00 8.75580000e+02 2.22069000e+05
 5.12000000e+02 2.88000000e+02 0.00000000e+00 3.95170000e+01
 9.65000000e-01 5.73220000e+01 2.00000000e+00 0.00000000e+00
 6.86559000e+02 1.74386000e+05 5.12000000e+02 2.88000000e+02
 0.00000000e+00 2.23970000e+01 8.93000000e-01 1.81770000e+01
 1.88000000e+02]
deleted_idx_col 114
query_origi 254
query_idx 316
deleted_scaled [0.91666667 0.         0.56889002 0.56773599 1.         1.
 0.         0.20212515 0.61162791 0.02026943 0.91666667 0.
 0.56762077 0.56764707 1.         1.         0.         0.29545387
 0.62195122 0.01323253 0.91666667 0.         0.5904214  0.59667284
 1.         1.         0.         0.41729447 0.75990099 0.13713106
 0.91666667 0.         0.59966879 0.5942486  1.         1.
 0.         0.40440665 0.80093677 0.0467968 ]
deleted_not_scaled [1.1000000e+01 0.0000000e+00 1.1519199e+04 2.9345160e+06 3.8400000e+03
 2.1600000e+03 0.0000000e+00 2.3055000e+01 8.3300000e-01 1.9560000e+00
 1.1000000e+01 0.0000000e+00 1.1496199e+04 2.9344050e+06 3.8400000e+03
 2.1600000e+03 0.0000000e+00 2.3596000e+01 8.4200000e-01 1.2270000e+00
 1.1000000e+01 0.0000000e+00 1.1483512e+04 2.9354730e+06 3.8400000e+03
 2.1600000e+03 0.0000000e+00 2.8807000e+01 8.9800000e-01 1.2419000e+01
 1.1000000e+01 0.0000000e+00 1.2122237e+04 3.0669260e+06 3.8400000e+03
 2.1600000e+03 0.0000000e+00 2.6996000e+01 9.1200000e-01 4.4230000e+00
 1.7800000e+02]
deleted_idx_col 316
query_origi 76
query_idx 552
deleted_scaled [0.08333333 0.         0.00895872 0.00884226 0.01818182 0.01818182
 0.         0.04344566 0.27906977 0.1339171  0.08333333 0.
 0.0086655  0.00866318 0.01818182 0.01818182 0.         0.04865985
 0.2        0.08227466 0.         0.         0.00243251 0.00246042
 0.         0.         0.         0.05815232 0.19306931 0.06403277
 0.08333333 0.         0.00914779 0.00919647 0.01818182 0.01818182
 0.         0.55043734 0.75644028 0.09852404]
deleted_not_scaled [1.00000e+00 0.00000e+00 5.03669e+02 1.28058e+05 3.84000e+02 2.16000e+02
 0.00000e+00 1.56480e+01 6.90000e-01 1.29230e+01 1.00000e+00 0.00000e+00
 5.02417e+02 1.27928e+05 3.84000e+02 2.16000e+02 0.00000e+00 1.52630e+01
 6.69000e-01 7.62900e+00 0.00000e+00 0.00000e+00 3.67235e+02 9.36450e+04
 3.20000e+02 1.80000e+02 0.00000e+00 1.57450e+01 6.69000e-01 5.79900e+00
 1.00000e+00 0.00000e+00 5.01268e+02 1.28074e+05 3.84000e+02 2.16000e+02
 0.00000e+00 3.18210e+01 8.93000e-01 9.31200e+00 1.39000e+02]
deleted_idx_col 552
