query_origi 8
query_idx 12
deleted_scaled [1.66666667e-01 0.00000000e+00 1.81388678e-02 1.81228457e-02
 5.45454545e-02 5.45454545e-02 0.00000000e+00 5.45834315e-01
 8.81395349e-01 5.06466321e-01 8.33333333e-02 4.45394773e-01
 8.67475709e-03 8.77252386e-03 1.81818182e-02 1.81818182e-02
 0.00000000e+00 3.05641937e-01 7.53658537e-01 0.00000000e+00
 8.33333333e-02 0.00000000e+00 1.12787805e-02 1.11681894e-02
 1.81818182e-02 1.81818182e-02 0.00000000e+00 2.25570525e-01
 7.10396040e-01 0.00000000e+00 0.00000000e+00 0.00000000e+00
 1.92873890e-03 1.82750903e-03 0.00000000e+00 0.00000000e+00
 0.00000000e+00 2.79561757e-01 7.21311475e-01 2.11606623e-05]
deleted_not_scaled [2.00000000e+00 0.00000000e+00 6.84270000e+02 1.74660000e+05
 5.12000000e+02 2.88000000e+02 0.00000000e+00 3.90990000e+01
 9.49000000e-01 4.88740000e+01 1.00000000e+00 1.46158451e+00
 5.02599000e+02 1.28477000e+05 3.84000000e+02 2.16000000e+02
 0.00000000e+00 2.39400000e+01 8.96000000e-01 0.00000000e+00
 1.00000000e+00 0.00000000e+00 5.34479000e+02 1.35290000e+05
 3.84000000e+02 2.16000000e+02 0.00000000e+00 2.18340000e+01
 8.78000000e-01 0.00000000e+00 0.00000000e+00 0.00000000e+00
 3.59203000e+02 9.10580000e+04 3.20000000e+02 1.80000000e+02
 0.00000000e+00 2.28710000e+01 8.78000000e-01 2.00000000e-03
 2.77000000e+02]
deleted_idx_col 12
query_origi 634
query_idx 96
deleted_scaled [1.         0.06823407 0.83214581 0.82673936 1.         1.
 1.         0.31262452 0.58372093 0.07807254 1.         0.16071157
 0.83067575 0.82653571 1.         1.         1.         0.36306827
 0.48292683 0.00786187 1.         0.13351528 0.86354877 0.86831774
 1.         1.         1.         0.15515535 0.34405941 0.07892848
 1.         0.         0.8283464  0.82669601 1.         1.
 1.         0.25550074 0.54098361 0.13796752]
deleted_not_scaled [1.20000000e+01 3.20597144e-01 1.66982310e+04 4.23508900e+06
 3.84000000e+03 2.16000000e+03 1.00000000e+00 2.82130000e+01
 8.21000000e-01 7.53400000e+00 1.20000000e+01 5.27382807e-01
 1.66700820e+04 4.23420100e+06 3.84000000e+03 2.16000000e+03
 1.00000000e+00 2.58790000e+01 7.85000000e-01 7.29000000e-01
 1.20000000e+01 6.56382343e-01 1.66471460e+04 4.23461800e+06
 3.84000000e+03 2.16000000e+03 1.00000000e+00 1.92730000e+01
 7.30000000e-01 7.14800000e+00 1.20000000e+01 0.00000000e+00
 1.66224250e+04 4.23456300e+06 3.84000000e+03 2.16000000e+03
 1.00000000e+00 2.20760000e+01 8.01000000e-01 1.30400000e+01
 7.70000000e+01]
deleted_idx_col 96
query_origi 424
query_idx 447
deleted_scaled [0.41666667 0.         0.07626492 0.07624986 0.18181818 0.17171717
 0.         0.05998415 0.26976744 0.00592746 0.41666667 0.
 0.07720106 0.07739535 0.18181818 0.17171717 0.         0.18311861
 0.26829268 0.01847378 0.5        0.         0.11298563 0.11293814
 0.27272727 0.27272727 0.         0.10478416 0.43811881 0.22693595
 0.58333333 0.         0.14092483 0.13986735 0.27272727 0.27272727
 0.         0.20120456 0.70257611 0.13476168]
deleted_not_scaled [5.000000e+00 0.000000e+00 1.827784e+03 4.665420e+05 9.600000e+02
 5.200000e+02 0.000000e+00 1.642000e+01 6.860000e-01 5.720000e-01
 5.000000e+00 0.000000e+00 1.850405e+03 4.730100e+05 9.600000e+02
 5.200000e+02 0.000000e+00 1.980300e+01 6.970000e-01 1.713000e+00
 6.000000e+00 0.000000e+00 2.457307e+03 6.220060e+05 1.280000e+03
 7.200000e+02 0.000000e+00 1.744100e+01 7.680000e-01 2.055200e+01
 7.000000e+00 0.000000e+00 3.094532e+03 7.844640e+05 1.280000e+03
 7.200000e+02 0.000000e+00 2.028200e+01 8.700000e-01 1.273700e+01
 1.490000e+02]
deleted_idx_col 447
query_origi 830
query_idx 565
deleted_scaled [0.25       0.         0.03174126 0.03160699 0.05454545 0.05454545
 0.         0.12817327 0.60930233 0.16746114 0.16666667 0.
 0.01596186 0.01598948 0.05454545 0.05454545 0.         0.18122316
 0.60487805 0.19491836 0.25       0.         0.02733086 0.02764635
 0.05454545 0.05454545 0.         0.17970855 0.63118812 0.1939313
 0.25       0.         0.02889511 0.02902912 0.05454545 0.05454545
 0.         0.30292667 0.67213115 0.24516743]
deleted_not_scaled [3.00000e+00 0.00000e+00 9.51870e+02 2.42370e+05 5.12000e+02 2.88000e+02
 0.00000e+00 1.96030e+01 8.32000e-01 1.61600e+01 2.00000e+00 0.00000e+00
 6.45925e+02 1.64711e+05 5.12000e+02 2.88000e+02 0.00000e+00 1.97390e+01
 8.35000e-01 1.80740e+01 3.00000e+00 0.00000e+00 8.37953e+02 2.14097e+05
 5.12000e+02 2.88000e+02 0.00000e+00 2.01660e+01 8.46000e-01 1.75630e+01
 3.00000e+00 0.00000e+00 8.89879e+02 2.27698e+05 5.12000e+02 2.88000e+02
 0.00000e+00 2.36430e+01 8.57000e-01 2.31720e+01 2.68000e+02]
deleted_idx_col 565
query_origi 194
query_idx 519
deleted_scaled [0.5        0.         0.0916337  0.09183101 0.27272727 0.27272727
 0.         0.18554382 0.67674419 0.27235233 0.5        0.
 0.10792759 0.10700392 0.27272727 0.27272727 0.         0.16700726
 0.58292683 0.20474301 0.5        0.         0.11314966 0.11335946
 0.27272727 0.27272727 0.         0.11811933 0.53712871 0.25097446
 0.5        0.         0.10757425 0.10698891 0.27272727 0.27272727
 0.         0.45143912 0.78220141 0.49192192]
deleted_not_scaled [6.000000e+00 0.000000e+00 2.130134e+03 5.447820e+05 1.280000e+03
 7.200000e+02 0.000000e+00 2.228100e+01 8.610000e-01 2.628200e+01
 6.000000e+00 0.000000e+00 2.454748e+03 6.216650e+05 1.280000e+03
 7.200000e+02 0.000000e+00 1.925900e+01 8.260000e-01 1.898500e+01
 6.000000e+00 0.000000e+00 2.460408e+03 6.240210e+05 1.280000e+03
 7.200000e+02 0.000000e+00 1.792600e+01 8.080000e-01 2.272900e+01
 6.000000e+00 0.000000e+00 2.438220e+03 6.193080e+05 1.280000e+03
 7.200000e+02 0.000000e+00 2.855000e+01 9.040000e-01 4.649400e+01
 6.000000e+01]
deleted_idx_col 519
query_origi 90
query_idx 753
deleted_scaled [0.16666667 0.         0.01814822 0.01809815 0.05454545 0.05454545
 0.         0.0458236  0.21395349 0.38260104 0.16666667 0.
 0.01781152 0.01790516 0.05454545 0.05454545 0.         0.58735377
 0.78292683 0.51133447 0.25       0.1072546  0.02864079 0.02903704
 0.05454545 0.05454545 0.         0.09747044 0.13861386 0.3198326
 0.16666667 0.         0.02132192 0.0210504  0.05454545 0.05454545
 0.         0.08849611 0.26932084 0.28936148]
deleted_not_scaled [2.00000000e+00 0.00000000e+00 6.84454000e+02 1.74536000e+05
 5.12000000e+02 2.88000000e+02 0.00000000e+00 1.57590000e+01
 6.62000000e-01 3.69210000e+01 2.00000000e+00 0.00000000e+00
 6.82305000e+02 1.74329000e+05 5.12000000e+02 2.88000000e+02
 0.00000000e+00 3.34520000e+01 9.08000000e-01 4.74140000e+01
 3.00000000e+00 5.27280643e-01 8.62718000e+02 2.20748000e+05
 5.12000000e+02 2.88000000e+02 0.00000000e+00 1.71750000e+01
 6.47000000e-01 2.89650000e+01 2.00000000e+00 0.00000000e+00
 7.40845000e+02 1.87619000e+05 5.12000000e+02 2.88000000e+02
 0.00000000e+00 1.65580000e+01 6.85000000e-01 2.73490000e+01
 1.41000000e+02]
deleted_idx_col 753
query_origi 507
query_idx 520
deleted_scaled [0.16666667 0.         0.01820551 0.01812125 0.05454545 0.05454545
 0.         0.14927483 0.26976744 0.27471503 0.25       0.
 0.02923576 0.02927215 0.05454545 0.05454545 0.         0.04309196
 0.23170732 0.40155943 0.25       0.         0.02695838 0.02727019
 0.05454545 0.05454545 0.         0.13112455 0.43069307 0.19242958
 0.25       0.         0.03242193 0.03201545 0.05454545 0.05454545
 0.         0.68790291 0.82669789 0.58768449]
deleted_not_scaled [2.00000e+00 0.00000e+00 6.85581e+02 1.74652e+05 5.12000e+02 2.88000e+02
 0.00000e+00 2.05880e+01 6.86000e-01 2.65100e+01 3.00000e+00 0.00000e+00
 9.07002e+02 2.31399e+05 5.12000e+02 2.88000e+02 0.00000e+00 1.50750e+01
 6.82000e-01 3.72350e+01 3.00000e+00 0.00000e+00 8.30911e+02 2.12298e+05
 5.12000e+02 2.88000e+02 0.00000e+00 1.83990e+01 7.65000e-01 1.74270e+01
 3.00000e+00 0.00000e+00 9.59284e+02 2.42699e+05 5.12000e+02 2.88000e+02
 0.00000e+00 3.63630e+01 9.23000e-01 5.55450e+01 2.38000e+02]
deleted_idx_col 520
query_origi 939
query_idx 965
deleted_scaled [0.58333333 0.         0.1406007  0.13966259 0.27272727 0.27272727
 0.         0.19259196 0.4627907  0.22415544 0.58333333 0.
 0.13998004 0.139341   0.27272727 0.27272727 0.         0.6931734
 0.86585366 0.76803701 0.58333333 0.         0.14599449 0.14685337
 0.27272727 0.27272727 0.         0.17629915 0.4950495  0.31979948
 0.58333333 0.         0.1399728  0.13976383 0.27272727 0.27272727
 0.         0.20417058 0.46604215 0.33129133]
deleted_not_scaled [7.000000e+00 0.000000e+00 3.093462e+03 7.849660e+05 1.280000e+03
 7.200000e+02 0.000000e+00 2.261000e+01 7.690000e-01 2.163100e+01
 7.000000e+00 0.000000e+00 3.085170e+03 7.840190e+05 1.280000e+03
 7.200000e+02 0.000000e+00 3.702500e+01 9.420000e-01 7.121700e+01
 7.000000e+00 0.000000e+00 3.081359e+03 7.842060e+05 1.280000e+03
 7.200000e+02 0.000000e+00 2.004200e+01 7.910000e-01 2.896200e+01
 7.000000e+00 0.000000e+00 3.075797e+03 7.839440e+05 1.280000e+03
 7.200000e+02 0.000000e+00 2.038000e+01 7.690000e-01 3.131200e+01
 8.500000e+01]
deleted_idx_col 965
query_origi 707
query_idx 787
deleted_scaled [0.41666667 0.         0.07723066 0.07739953 0.18181818 0.17171717
 0.         0.55843099 0.88139535 0.85380311 0.5        0.
 0.1079645  0.10704057 0.27272727 0.27272727 0.         0.45262846
 0.56829268 0.42710782 0.5        0.         0.11274983 0.11295863
 0.27272727 0.27272727 0.         0.22680781 0.11138614 0.36018021
 0.5        0.         0.10809861 0.10751068 0.27272727 0.27272727
 0.         0.24953845 0.15456674 0.32557795]
deleted_not_scaled [5.000000e+00 0.000000e+00 1.846783e+03 4.723150e+05 9.600000e+02
 5.200000e+02 0.000000e+00 3.968700e+01 9.490000e-01 8.239200e+01
 6.000000e+00 0.000000e+00 2.455474e+03 6.218490e+05 1.280000e+03
 7.200000e+02 0.000000e+00 2.890300e+01 8.200000e-01 3.960400e+01
 6.000000e+00 0.000000e+00 2.452849e+03 6.221040e+05 1.280000e+03
 7.200000e+02 0.000000e+00 2.187900e+01 6.360000e-01 3.261900e+01
 6.000000e+00 0.000000e+00 2.448539e+03 6.219290e+05 1.280000e+03
 7.200000e+02 0.000000e+00 2.187900e+01 6.360000e-01 3.077200e+01
 9.000000e+01]
deleted_idx_col 787
query_origi 731
query_idx 630
deleted_scaled [1.         0.         0.8275702  0.82674055 1.         1.
 1.         0.27228518 0.58372093 0.22115026 1.         0.
 0.90362401 0.90408065 1.         1.         1.         0.12287872
 0.36097561 0.11227703 1.         0.         0.85407914 0.86353009
 1.         1.         1.         0.22760517 0.58415842 0.0165741
 1.         0.         0.75991337 0.75383712 1.         1.
 1.         0.2296238  0.36065574 0.06032905]
deleted_not_scaled [1.2000000e+01 0.0000000e+00 1.6608215e+04 4.2350950e+06 3.8400000e+03
 2.1600000e+03 1.0000000e+00 2.6330000e+01 8.2100000e-01 2.1341000e+01
 1.2000000e+01 0.0000000e+00 1.8104861e+04 4.6235290e+06 3.8400000e+03
 2.1600000e+03 1.0000000e+00 1.7769000e+01 7.3500000e-01 1.0411000e+01
 1.2000000e+01 0.0000000e+00 1.6468117e+04 4.2117210e+06 3.8400000e+03
 2.1600000e+03 1.0000000e+00 2.1908000e+01 8.2700000e-01 1.5010000e+00
 1.2000000e+01 0.0000000e+00 1.5275719e+04 3.8685760e+06 3.8400000e+03
 2.1600000e+03 1.0000000e+00 2.1221000e+01 7.2400000e-01 5.7020000e+00
 2.8400000e+02]
deleted_idx_col 630
query_origi 731
query_idx 775
deleted_scaled [0.25       0.         0.02576206 0.02551772 0.05454545 0.05454545
 0.         0.24842006 0.73953488 0.12557513 0.33333333 0.
 0.04256803 0.0423933  0.09090909 0.09090909 0.         0.3805716
 0.76585366 0.25173091 0.33333333 0.         0.04485181 0.04512879
 0.09090909 0.09090909 0.         0.21710201 0.67574257 0.23368263
 0.33333333 0.         0.04284411 0.0428091  0.09090909 0.09090909
 0.         0.16385703 0.70725995 0.1507803 ]
deleted_not_scaled [3.000000e+00 0.000000e+00 8.342410e+02 2.117930e+05 5.120000e+02
 2.880000e+02 0.000000e+00 2.521600e+01 8.880000e-01 1.211800e+01
 4.000000e+00 0.000000e+00 1.169227e+03 2.972760e+05 6.400000e+02
 3.600000e+02 0.000000e+00 2.647000e+01 9.010000e-01 2.334200e+01
 4.000000e+00 0.000000e+00 1.169197e+03 2.977070e+05 6.400000e+02
 3.600000e+02 0.000000e+00 2.152600e+01 8.640000e-01 2.116300e+01
 4.000000e+00 0.000000e+00 1.164384e+03 2.969180e+05 6.400000e+02
 3.600000e+02 0.000000e+00 1.904800e+01 8.720000e-01 1.425100e+01
 1.680000e+02]
deleted_idx_col 775
query_origi 44
query_idx 863
deleted_scaled [1.         0.         0.82340708 0.82093586 1.         1.
 1.         0.1952484  0.44418605 0.11318135 1.         0.
 0.82168724 0.82046621 1.         1.         1.         0.24398045
 0.27804878 0.0834286  1.         0.         0.93754144 0.94602355
 1.         1.         1.         0.47159747 0.70792079 0.47770061
 0.91666667 0.         0.52203562 0.52283799 1.         1.
 0.         0.38137466 0.56206089 0.12170555]
deleted_not_scaled [1.2000000e+01 0.0000000e+00 1.6526314e+04 4.2059470e+06 3.8400000e+03
 2.1600000e+03 1.0000000e+00 2.2734000e+01 7.6100000e-01 1.0922000e+01
 1.2000000e+01 0.0000000e+00 1.6493292e+04 4.2037280e+06 3.8400000e+03
 2.1600000e+03 1.0000000e+00 2.1858000e+01 7.0100000e-01 7.7360000e+00
 1.2000000e+01 0.0000000e+00 1.8046021e+04 4.6062470e+06 3.8400000e+03
 2.1600000e+03 1.0000000e+00 3.0782000e+01 8.7700000e-01 4.3262000e+01
 1.1000000e+01 0.0000000e+00 1.0594480e+04 2.7082140e+06 3.8400000e+03
 2.1600000e+03 0.0000000e+00 2.6235000e+01 8.1000000e-01 1.1503000e+01
 1.1700000e+02]
deleted_idx_col 863
query_origi 244
query_idx 574
deleted_scaled [0.91666667 0.         0.57000759 0.5697133  1.         1.
 0.         0.02924227 0.2        0.11596891 0.91666667 0.
 0.56505575 0.56565212 1.         1.         0.         0.14295869
 0.38780488 0.02176304 1.         0.         1.         1.
 1.         1.         1.         0.77165246 0.88366337 1.
 0.91666667 0.         0.54587625 0.54175749 1.         1.
 0.         0.08686178 0.52693208 0.11360102]
deleted_not_scaled [1.1000000e+01 0.0000000e+00 1.1541185e+04 2.9444450e+06 3.8400000e+03
 2.1600000e+03 0.0000000e+00 1.4985000e+01 6.5600000e-01 1.1191000e+01
 1.1000000e+01 0.0000000e+00 1.1445749e+04 2.9243890e+06 3.8400000e+03
 2.1600000e+03 0.0000000e+00 1.8447000e+01 7.4600000e-01 2.0180000e+00
 1.2000000e+01 0.0000000e+00 1.9226837e+04 4.8643900e+06 3.8400000e+03
 2.1600000e+03 1.0000000e+00 4.1695000e+01 9.4800000e-01 9.0563000e+01
 1.1000000e+01 0.0000000e+00 1.1063644e+04 2.8032510e+06 3.8400000e+03
 2.1600000e+03 0.0000000e+00 1.6504000e+01 7.9500000e-01 1.0737000e+01
 2.3900000e+02]
deleted_idx_col 574
query_origi 82
query_idx 377
deleted_scaled [0.91666667 0.         0.55408038 0.55491161 1.         1.
 0.         0.56423659 0.89767442 0.92324352 0.91666667 0.
 0.54045365 0.53584199 1.         1.         0.         0.11103213
 0.55853659 0.06168712 0.91666667 0.         0.63165619 0.63289188
 1.         1.         0.         0.12719274 0.17821782 0.07808929
 0.91666667 0.         0.5727449  0.56958201 1.         1.
 0.         0.2093157  0.55503513 0.05887954]
deleted_not_scaled [1.1000000e+01 0.0000000e+00 1.1227849e+04 2.8701190e+06 3.8400000e+03
 2.1600000e+03 0.0000000e+00 3.9958000e+01 9.5600000e-01 8.9093000e+01
 1.1000000e+01 0.0000000e+00 1.0961864e+04 2.7747220e+06 3.8400000e+03
 2.1600000e+03 0.0000000e+00 1.7369000e+01 8.1600000e-01 5.7200000e+00
 1.1000000e+01 0.0000000e+00 1.2263080e+04 3.1086910e+06 3.8400000e+03
 2.1600000e+03 0.0000000e+00 1.8256000e+01 6.6300000e-01 7.0720000e+00
 1.1000000e+01 0.0000000e+00 1.1592397e+04 2.9430200e+06 3.8400000e+03
 2.1600000e+03 0.0000000e+00 2.0550000e+01 8.0700000e-01 5.5650000e+00
 2.4800000e+02]
deleted_idx_col 377
query_origi 596
query_idx 533
deleted_scaled [1.         0.         0.76665657 0.76818717 1.         1.
 1.         0.18922856 0.72790698 0.00740933 0.91666667 0.
 0.54689285 0.54250324 1.         1.         0.         0.16845846
 0.28536585 0.03594461 0.91666667 0.         0.59503549 0.59649657
 1.         1.         0.         0.22449821 0.69554455 0.46112651
 1.         0.         0.91607831 0.91151432 1.         1.
 1.         0.45255894 0.79859485 0.24036396]
deleted_not_scaled [1.2000000e+01 0.0000000e+00 1.5409861e+04 3.9410720e+06 3.8400000e+03
 2.1600000e+03 1.0000000e+00 2.2453000e+01 8.8300000e-01 7.1500000e-01
 1.1000000e+01 0.0000000e+00 1.1088513e+04 2.8081660e+06 3.8400000e+03
 2.1600000e+03 0.0000000e+00 1.9308000e+01 7.0400000e-01 3.3330000e+00
 1.1000000e+01 0.0000000e+00 1.1570744e+04 2.9346300e+06 3.8400000e+03
 2.1600000e+03 0.0000000e+00 2.1795000e+01 8.7200000e-01 4.1761000e+01
 1.2000000e+01 0.0000000e+00 1.8348917e+04 4.6606250e+06 3.8400000e+03
 2.1600000e+03 1.0000000e+00 2.8587000e+01 9.1100000e-01 2.2718000e+01
 1.7300000e+02]
deleted_idx_col 533
query_origi 399
query_idx 644
deleted_scaled [1.         0.         0.84942477 0.84475686 1.         1.
 1.         0.05490692 0.4        0.01918135 1.         0.
 0.81720118 0.81394478 1.         1.         1.         0.82508515
 0.91707317 0.87264629 0.91666667 0.         0.58312113 0.58692357
 1.         1.         0.         0.21836679 0.5        0.02188532
 1.         0.         0.80826757 0.80746456 1.         1.
 1.         0.23122787 0.49180328 0.02946622]
deleted_not_scaled [1.2000000e+01 0.0000000e+00 1.7038160e+04 4.3255630e+06 3.8400000e+03
 2.1600000e+03 1.0000000e+00 1.6183000e+01 7.4200000e-01 1.8510000e+00
 1.2000000e+01 0.0000000e+00 1.6405058e+04 4.1709860e+06 3.8400000e+03
 2.1600000e+03 1.0000000e+00 4.1479000e+01 9.6300000e-01 8.0917000e+01
 1.1000000e+01 0.0000000e+00 1.1345496e+04 2.8888470e+06 3.8400000e+03
 2.1600000e+03 0.0000000e+00 2.1572000e+01 7.9300000e-01 1.9820000e+00
 1.2000000e+01 0.0000000e+00 1.6227290e+04 4.1379590e+06 3.8400000e+03
 2.1600000e+03 1.0000000e+00 2.1274000e+01 7.8000000e-01 2.7850000e+00
 1.5300000e+02]
deleted_idx_col 644
query_origi 936
query_idx 136
deleted_scaled [1.         0.13702574 0.73168158 0.72984487 1.         1.
 1.         0.13072259 0.54418605 0.02379275 1.         0.1752333
 0.84922882 0.84838974 1.         1.         1.         0.84901525
 0.92439024 0.80133943 1.         0.08607532 0.86664902 0.87492828
 1.         1.         1.         0.31525983 0.78712871 0.07957996
 1.         0.         0.78058984 0.78215615 1.         1.
 1.         0.75058261 0.81498829 0.77810929]
deleted_not_scaled [1.20000000e+01 6.43814147e-01 1.47217980e+04 3.74853800e+06
 3.84000000e+03 2.16000000e+03 1.00000000e+00 1.97220000e+01
 8.04000000e-01 2.29600000e+00 1.20000000e+01 5.75036547e-01
 1.70349920e+04 4.34392300e+06 3.84000000e+03 2.16000000e+03
 1.00000000e+00 4.22870000e+01 9.66000000e-01 7.43050000e+01
 1.20000000e+01 4.23159964e-01 1.67057580e+04 4.26623300e+06
 3.84000000e+03 2.16000000e+03 1.00000000e+00 2.50960000e+01
 9.09000000e-01 7.20700000e+00 1.20000000e+01 0.00000000e+00
 1.56826150e+04 4.01082900e+06 3.84000000e+03 2.16000000e+03
 1.00000000e+00 3.84340000e+01 9.18000000e-01 7.35430000e+01
 1.85000000e+02]
deleted_idx_col 136
query_origi 294
query_idx 108
deleted_scaled [1.         0.47907371 0.85437287 0.85095805 1.         1.
 1.         0.10848561 0.57906977 0.05373057 1.         0.41945903
 0.73161943 0.72980312 1.         1.         1.         0.18071968
 0.52926829 0.02476112 1.         0.10424979 0.88406366 0.89117288
 1.         1.         1.         0.78792961 0.92821782 0.82047856
 1.         0.         0.83258098 0.83300071 1.         1.
 1.         0.34690233 0.79391101 0.07625245]
deleted_not_scaled [1.20000000e+01 2.25092335e+00 1.71355040e+04 4.35670200e+06
 3.84000000e+03 2.16000000e+03 1.00000000e+00 1.86840000e+01
 8.19000000e-01 5.18500000e+00 1.20000000e+01 1.37647510e+00
 1.47217980e+04 3.74853800e+06 3.84000000e+03 2.16000000e+03
 1.00000000e+00 1.97220000e+01 8.04000000e-01 2.29600000e+00
 1.20000000e+01 5.12508516e-01 1.70349920e+04 4.34392300e+06
 3.84000000e+03 2.16000000e+03 1.00000000e+00 4.22870000e+01
 9.66000000e-01 7.43050000e+01 1.20000000e+01 0.00000000e+00
 1.67057580e+04 4.26623300e+06 3.84000000e+03 2.16000000e+03
 1.00000000e+00 2.50960000e+01 9.09000000e-01 7.20700000e+00
 1.84000000e+02]
deleted_idx_col 108
query_origi 138
query_idx 566
deleted_scaled [1.         0.         0.88993409 0.8837167  1.         1.
 1.         0.17915979 0.61162791 0.         0.91666667 0.
 0.52519764 0.52230656 1.         1.         0.         0.33555457
 0.70731707 0.01717965 1.         0.         0.873563   0.87794761
 1.         1.         1.         0.34767666 0.75       0.07602442
 1.         0.         0.8197462  0.81770339 1.         1.
 1.         0.23758361 0.66042155 0.01886473]
deleted_not_scaled [1.2000000e+01 0.0000000e+00 1.7835100e+04 4.5211980e+06 3.8400000e+03
 2.1600000e+03 1.0000000e+00 2.1983000e+01 8.3300000e-01 0.0000000e+00
 1.1000000e+01 0.0000000e+00 1.0661802e+04 2.7067650e+06 3.8400000e+03
 2.1600000e+03 0.0000000e+00 2.4950000e+01 8.7700000e-01 1.5930000e+00
 1.2000000e+01 0.0000000e+00 1.6836471e+04 4.2806730e+06 3.8400000e+03
 2.1600000e+03 1.0000000e+00 2.6275000e+01 8.9400000e-01 6.8850000e+00
 1.2000000e+01 0.0000000e+00 1.6453180e+04 4.1893910e+06 3.8400000e+03
 2.1600000e+03 1.0000000e+00 2.1484000e+01 8.5200000e-01 1.7830000e+00
 1.6700000e+02]
deleted_idx_col 566
query_origi 128
query_idx 909
deleted_scaled [0.         0.         0.00177802 0.00159934 0.         0.
 0.         0.74395338 0.99302326 0.67647668 0.41666667 0.
 0.07778687 0.07714758 0.18181818 0.17171717 0.         0.70451651
 0.99756098 0.84936264 0.58333333 0.         0.14651206 0.14688933
 0.27272727 0.27272727 0.         1.         1.         0.7411084
 0.58333333 0.         0.14046088 0.13979051 0.27272727 0.27272727
 0.         0.93323447 1.         0.86506904]
deleted_not_scaled [0.000000e+00 0.000000e+00 3.624030e+02 9.168800e+04 3.200000e+02
 1.800000e+02 0.000000e+00 4.834700e+01 9.970000e-01 6.528000e+01
 5.000000e+00 0.000000e+00 1.861927e+03 4.717660e+05 9.600000e+02
 5.200000e+02 0.000000e+00 3.740800e+01 9.960000e-01 7.875800e+01
 7.000000e+00 0.000000e+00 3.091144e+03 7.843780e+05 1.280000e+03
 7.200000e+02 0.000000e+00 5.000000e+01 9.950000e-01 6.711700e+01
 7.000000e+00 0.000000e+00 3.085402e+03 7.840780e+05 1.280000e+03
 7.200000e+02 0.000000e+00 4.446900e+01 9.970000e-01 8.176200e+01
 0.000000e+00]
deleted_idx_col 909
query_origi 673
query_idx 971
deleted_scaled [0.91666667 0.         0.57153344 0.56951017 1.         1.
 0.         0.23526639 0.69534884 0.06897409 1.         0.
 0.89347191 0.89169526 1.         1.         1.         0.31186139
 0.66829268 0.05452624 1.         0.         0.80576449 0.81265138
 1.         1.         1.         0.42320594 0.74009901 0.12777845
 1.         0.         0.76634784 0.76712001 1.         1.
 1.         0.3713568  0.66276347 0.17403587]
deleted_not_scaled [1.1000000e+01 0.0000000e+00 1.1571203e+04 2.9434250e+06 3.8400000e+03
 2.1600000e+03 0.0000000e+00 2.4602000e+01 8.6900000e-01 6.6560000e+00
 1.2000000e+01 0.0000000e+00 1.7905185e+04 4.5613460e+06 3.8400000e+03
 2.1600000e+03 1.0000000e+00 2.4150000e+01 8.6100000e-01 5.0560000e+00
 1.2000000e+01 0.0000000e+00 1.5554700e+04 3.9683930e+06 3.8400000e+03
 2.1600000e+03 1.0000000e+00 2.9022000e+01 8.9000000e-01 1.1572000e+01
 1.2000000e+01 0.0000000e+00 1.5402344e+04 3.9352990e+06 3.8400000e+03
 2.1600000e+03 1.0000000e+00 2.5904000e+01 8.5300000e-01 1.6449000e+01
 6.4000000e+01]
deleted_idx_col 971
query_origi 227
query_idx 389
deleted_scaled [1.         0.09432611 0.77393624 0.77315824 1.         1.
 1.         0.04698044 0.17906977 0.13473575 1.         0.16570031
 0.82573672 0.82657256 1.         1.         1.         0.81297201
 0.88292683 1.         1.         0.16040825 0.85837178 0.86830247
 1.         1.         1.         0.09408853 0.09158416 0.10117819
 1.         0.         0.90574023 0.89851791 1.         1.
 1.         0.08495506 0.21311475 0.09197482]
deleted_not_scaled [1.20000000e+01 4.43190329e-01 1.55530740e+04 3.96603400e+06
 3.84000000e+03 2.16000000e+03 1.00000000e+00 1.58130000e+01
 6.47000000e-01 1.30020000e+01 1.20000000e+01 5.43753595e-01
 1.65729390e+04 4.23438600e+06 3.84000000e+03 2.16000000e+03
 1.00000000e+00 4.10700000e+01 9.49000000e-01 9.27260000e+01
 1.20000000e+01 7.88592439e-01 1.65492720e+04 4.23454500e+06
 3.84000000e+03 2.16000000e+03 1.00000000e+00 1.70520000e+01
 6.28000000e-01 9.16300000e+00 1.20000000e+01 0.00000000e+00
 1.81454720e+04 4.59534100e+06 3.84000000e+03 2.16000000e+03
 1.00000000e+00 1.64410000e+01 6.61000000e-01 8.69300000e+00
 1.41000000e+02]
deleted_idx_col 389
query_origi 448
query_idx 252
deleted_scaled [1.         0.03074584 0.90113629 0.89888741 1.         1.
 1.         0.39818762 0.85116279 0.64818653 1.         0.06277161
 0.80491856 0.80412558 1.         1.         1.         0.37885384
 0.74634146 0.10037099 1.         0.48443365 0.86114551 0.86937241
 1.         1.         1.         0.32095133 0.72524752 0.0187825
 1.         0.         0.82152747 0.82317297 1.         1.
 1.         0.33410006 0.71662763 0.00300481]
deleted_not_scaled [1.20000000e+01 1.44459029e-01 1.80554810e+04 4.59737700e+06
 3.84000000e+03 2.16000000e+03 1.00000000e+00 3.22070000e+01
 9.36000000e-01 6.25500000e+01 1.20000000e+01 2.05988070e-01
 1.61634780e+04 4.12168700e+06 3.84000000e+03 2.16000000e+03
 1.00000000e+00 2.64120000e+01 8.93000000e-01 9.30700000e+00
 1.20000000e+01 2.38155277e+00 1.66017110e+04 4.23966200e+06
 3.84000000e+03 2.16000000e+03 1.00000000e+00 2.53030000e+01
 8.84000000e-01 1.70100000e+00 1.20000000e+01 0.00000000e+00
 1.64882340e+04 4.21686600e+06 3.84000000e+03 2.16000000e+03
 1.00000000e+00 2.46730000e+01 8.76000000e-01 2.84000000e-01
 7.20000000e+01]
deleted_idx_col 252
query_origi 298
query_idx 605
deleted_scaled [1.         0.         0.82832047 0.82666249 1.         1.
 1.         0.13509287 0.15581395 0.09079793 1.         0.
 0.83878951 0.83838033 1.         1.         1.         0.04024878
 0.15609756 0.12279188 1.         0.         0.8473598  0.85588264
 1.         1.         1.         0.13282925 0.37623762 0.02321036
 1.         0.         0.96068993 0.95207885 1.         1.
 1.         0.84927817 0.8852459  0.95818653]
deleted_not_scaled [1.2000000e+01 0.0000000e+00 1.6622975e+04 4.2347030e+06 3.8400000e+03
 2.1600000e+03 1.0000000e+00 1.9926000e+01 6.3700000e-01 8.7620000e+00
 1.2000000e+01 0.0000000e+00 1.6829667e+04 4.2936690e+06 3.8400000e+03
 2.1600000e+03 1.0000000e+00 1.4979000e+01 6.5100000e-01 1.1386000e+01
 1.2000000e+01 0.0000000e+00 1.6341084e+04 4.1751470e+06 3.8400000e+03
 2.1600000e+03 1.0000000e+00 1.8461000e+01 7.4300000e-01 2.1020000e+00
 1.2000000e+01 0.0000000e+00 1.9226837e+04 4.8643900e+06 3.8400000e+03
 2.1600000e+03 1.0000000e+00 4.1695000e+01 9.4800000e-01 9.0563000e+01
 2.3800000e+02]
deleted_idx_col 605
query_origi 141
query_idx 52
deleted_scaled [1.00000000e+00 1.33997678e-01 8.20943503e-01 8.20530396e-01
 1.00000000e+00 1.00000000e+00 1.00000000e+00 1.51202896e-01
 6.23255814e-01 5.07772021e-04 1.00000000e+00 1.71989494e-01
 8.31558079e-01 8.32399263e-01 1.00000000e+00 1.00000000e+00
 1.00000000e+00 1.89930401e-01 6.46341463e-01 2.04904773e-04
 1.00000000e+00 1.81686901e-01 8.62479351e-01 8.62462028e-01
 1.00000000e+00 1.00000000e+00 1.00000000e+00 1.70030245e-01
 5.81683168e-01 2.67658978e-02 1.00000000e+00 0.00000000e+00
 8.90061578e-01 8.83406318e-01 1.00000000e+00 1.00000000e+00
 1.00000000e+00 9.39287552e-01 9.50819672e-01 9.72268952e-01]
deleted_not_scaled [1.20000000e+01 6.29586836e-01 1.64778480e+04 4.20391100e+06
 3.84000000e+03 2.16000000e+03 1.00000000e+00 2.06780000e+01
 8.38000000e-01 4.90000000e-02 1.20000000e+01 5.64391847e-01
 1.66874360e+04 4.26364000e+06 3.84000000e+03 2.16000000e+03
 1.00000000e+00 2.00330000e+01 8.52000000e-01 1.90000000e-02
 1.20000000e+01 8.93201655e-01 1.66269280e+04 4.20661300e+06
 3.84000000e+03 2.16000000e+03 1.00000000e+00 1.98140000e+01
 8.26000000e-01 2.42400000e+00 1.20000000e+01 0.00000000e+00
 1.78369290e+04 4.51943200e+06 3.84000000e+03 2.16000000e+03
 1.00000000e+00 4.46690000e+01 9.76000000e-01 9.18940000e+01
 1.94000000e+02]
deleted_idx_col 52
query_origi 373
query_idx 273
deleted_scaled [1.         0.13586465 0.78359664 0.78124176 1.         1.
 1.         0.56667881 0.84883721 0.92832124 1.         0.14825281
 0.8156376  0.81442579 1.         1.         1.         0.2046794
 0.42926829 0.01231586 1.         0.03180562 0.92292269 0.93127294
 1.         1.         1.         0.12521309 0.44306931 0.06106246
 1.         0.         0.76560512 0.76675948 1.         1.
 1.         0.20250598 0.19672131 0.17704068]
deleted_not_scaled [1.20000000e+01 6.38358794e-01 1.57431230e+04 4.00662500e+06
 3.84000000e+03 2.16000000e+03 1.00000000e+00 4.00720000e+01
 9.35000000e-01 8.95830000e+01 1.20000000e+01 4.86498784e-01
 1.63743050e+04 4.17340100e+06 3.84000000e+03 2.16000000e+03
 1.00000000e+00 2.05310000e+01 7.63000000e-01 1.14200000e+00
 1.20000000e+01 1.56361491e-01 1.77696450e+04 4.53570200e+06
 3.84000000e+03 2.16000000e+03 1.00000000e+00 1.81840000e+01
 7.70000000e-01 5.53000000e+00 1.20000000e+01 0.00000000e+00
 1.53877280e+04 3.93348800e+06 3.84000000e+03 2.16000000e+03
 1.00000000e+00 2.03250000e+01 6.54000000e-01 1.67330000e+01
 1.02000000e+02]
deleted_idx_col 273
query_origi 929
query_idx 414
deleted_scaled [0.5        0.         0.10754479 0.10722616 0.27272727 0.27272727
 0.         0.03376251 0.20232558 0.45210363 0.5        0.
 0.10714145 0.10707423 0.27272727 0.27272727 0.         0.06435658
 0.16341463 0.43884132 0.5        0.11847631 0.11174266 0.11290301
 0.27272727 0.27272727 0.         0.66750069 0.8539604  0.92510186
 0.41666667 0.         0.07765522 0.07790743 0.18181818 0.17171717
 0.         0.10483944 0.16159251 0.08597577]
deleted_not_scaled [6.00000000e+00 0.00000000e+00 2.44315300e+03 6.22088000e+05
 1.28000000e+03 7.20000000e+02 0.00000000e+00 1.51960000e+01
 6.57000000e-01 4.36280000e+01 6.00000000e+00 0.00000000e+00
 2.43928600e+03 6.22018000e+05 1.28000000e+03 7.20000000e+02
 0.00000000e+00 1.57930000e+01 6.54000000e-01 4.06920000e+01
 6.00000000e+00 5.82448354e-01 2.43380800e+03 6.21838000e+05
 1.28000000e+03 7.20000000e+02 0.00000000e+00 3.79070000e+01
 9.36000000e-01 8.37800000e+01 5.00000000e+00 0.00000000e+00
 1.84943800e+03 4.73225000e+05 9.60000000e+02 5.20000000e+02
 0.00000000e+00 1.70980000e+01 6.39000000e-01 8.12600000e+00
 1.40000000e+02]
deleted_idx_col 414
query_origi 498
query_idx 90
deleted_scaled [0.91666667 0.21971778 0.57025209 0.56765832 1.         1.
 0.         1.         1.         1.         0.91666667 0.07854106
 0.57076489 0.5690644  1.         1.         0.         1.
 0.56829268 0.39120635 0.83333333 0.         0.44177928 0.44510939
 0.63636364 0.63636364 0.         0.14118779 0.37623762 0.05761735
 0.83333333 0.         0.35907899 0.35909438 0.63636364 0.63636364
 0.         0.03973851 0.44496487 0.16303232]
deleted_not_scaled [1.10000000e+01 1.03234195e+00 1.15459950e+04 2.93412600e+06
 3.84000000e+03 2.16000000e+03 0.00000000e+00 6.02990000e+01
 1.00000000e+00 9.65000000e+01 1.10000000e+01 2.57736305e-01
 1.15580390e+04 2.94152100e+06 3.84000000e+03 2.16000000e+03
 0.00000000e+00 4.73850000e+01 8.20000000e-01 3.62750000e+01
 1.00000000e+01 0.00000000e+00 8.67334500e+03 2.21061900e+06
 2.56000000e+03 1.44000000e+03 0.00000000e+00 1.87650000e+01
 7.43000000e-01 5.21800000e+00 1.00000000e+01 0.00000000e+00
 7.38762700e+03 1.88569200e+06 2.56000000e+03 1.44000000e+03
 0.00000000e+00 1.49470000e+01 7.60000000e-01 1.54090000e+01
 3.00000000e+00]
deleted_idx_col 90
query_origi 392
query_idx 278
deleted_scaled [1.         0.08277144 0.87045928 0.86437509 1.         1.
 1.         0.01330363 0.39302326 0.19535751 1.         0.20553617
 0.7297719  0.7261321  1.         1.         1.         0.06092107
 0.1195122  0.08718159 1.         0.16105805 0.83533066 0.83994269
 1.         1.         1.         0.14270003 0.06683168 0.09525965
 1.         0.         0.82837435 0.82672388 1.         1.
 1.         0.19043007 0.15690867 0.09270486]
deleted_not_scaled [1.20000000e+01 3.88900856e-01 1.74519720e+04 4.42407500e+06
 3.84000000e+03 2.16000000e+03 1.00000000e+00 1.42410000e+01
 7.39000000e-01 1.88520000e+01 1.20000000e+01 6.74476903e-01
 1.46854600e+04 3.73010700e+06 3.84000000e+03 2.16000000e+03
 1.00000000e+00 1.56770000e+01 6.36000000e-01 8.08400000e+00
 1.20000000e+01 7.91786966e-01 1.61136660e+04 4.09891400e+06
 3.84000000e+03 2.16000000e+03 1.00000000e+00 1.88200000e+01
 6.18000000e-01 8.62700000e+00 1.20000000e+01 0.00000000e+00
 1.66229750e+04 4.23470300e+06 3.84000000e+03 2.16000000e+03
 1.00000000e+00 1.99260000e+01 6.37000000e-01 8.76200000e+00
 2.35000000e+02]
deleted_idx_col 278
query_origi 493
query_idx 918
deleted_scaled [0.91666667 0.         0.56860221 0.56343623 1.         1.
 0.         0.13254354 0.6        0.02491192 0.91666667 0.
 0.60949469 0.60491754 1.         1.         0.         0.90087369
 0.94390244 0.97746047 0.91666667 0.         0.58773088 0.58947181
 1.         1.         0.         0.26612593 0.6980198  0.01966587
 0.91666667 0.         0.53940098 0.5372349  1.         1.
 0.         0.35631488 0.71662763 0.1635825 ]
deleted_not_scaled [1.1000000e+01 0.0000000e+00 1.1513537e+04 2.9129250e+06 3.8400000e+03
 2.1600000e+03 0.0000000e+00 1.9807000e+01 8.2800000e-01 2.4040000e+00
 1.1000000e+01 0.0000000e+00 1.2319794e+04 3.1215280e+06 3.8400000e+03
 2.1600000e+03 0.0000000e+00 4.4038000e+01 9.7400000e-01 9.0636000e+01
 1.1000000e+01 0.0000000e+00 1.1432646e+04 2.9010340e+06 3.8400000e+03
 2.1600000e+03 0.0000000e+00 2.3309000e+01 8.7300000e-01 1.7810000e+00
 1.1000000e+01 0.0000000e+00 1.0936216e+04 2.7805330e+06 3.8400000e+03
 2.1600000e+03 0.0000000e+00 2.5407000e+01 8.7600000e-01 1.5461000e+01
 1.9600000e+02]
deleted_idx_col 918
query_origi 726
query_idx 634
deleted_scaled [9.16666667e-01 0.00000000e+00 5.68018365e-01 5.67725033e-01
 1.00000000e+00 1.00000000e+00 0.00000000e+00 1.51288588e-01
 6.27906977e-01 4.66321244e-04 9.16666667e-01 0.00000000e+00
 5.71611577e-01 5.72213981e-01 1.00000000e+00 1.00000000e+00
 0.00000000e+00 1.90019251e-01 6.51219512e-01 2.04904773e-04
 9.16666667e-01 0.00000000e+00 5.92009559e-01 5.91958159e-01
 1.00000000e+00 1.00000000e+00 0.00000000e+00 1.69837778e-01
 5.86633663e-01 2.65450570e-02 9.16666667e-01 0.00000000e+00
 6.09707671e-01 6.05118498e-01 1.00000000e+00 1.00000000e+00
 0.00000000e+00 9.20190067e-01 9.46135831e-01 9.58958895e-01]
deleted_not_scaled [1.1000000e+01 0.0000000e+00 1.1502051e+04 2.9344610e+06 3.8400000e+03
 2.1600000e+03 0.0000000e+00 2.0682000e+01 8.4000000e-01 4.5000000e-02
 1.1000000e+01 0.0000000e+00 1.1574692e+04 2.9573340e+06 3.8400000e+03
 2.1600000e+03 0.0000000e+00 2.0036000e+01 8.5400000e-01 1.9000000e-02
 1.1000000e+01 0.0000000e+00 1.1513537e+04 2.9129250e+06 3.8400000e+03
 2.1600000e+03 0.0000000e+00 1.9807000e+01 8.2800000e-01 2.4040000e+00
 1.1000000e+01 0.0000000e+00 1.2319794e+04 3.1215280e+06 3.8400000e+03
 2.1600000e+03 0.0000000e+00 4.4038000e+01 9.7400000e-01 9.0636000e+01
 1.9400000e+02]
deleted_idx_col 634
query_origi 434
query_idx 457
deleted_scaled [0.83333333 0.         0.39180892 0.39139894 0.63636364 0.63636364
 0.         0.13395745 0.55116279 0.00567876 0.83333333 0.
 0.39318961 0.3934273  0.63636364 0.63636364 0.         0.44101881
 0.7902439  0.14676574 0.83333333 0.         0.40903685 0.41359373
 0.63636364 0.63636364 0.         0.27627165 0.67574257 0.0098495
 0.83333333 0.         0.39945425 0.39621092 0.63636364 0.63636364
 0.         0.18104779 0.58313817 0.        ]
deleted_not_scaled [1.000000e+01 0.000000e+00 8.035482e+03 2.049048e+06 2.560000e+03
 1.440000e+03 0.000000e+00 1.987300e+01 8.070000e-01 5.480000e-01
 1.000000e+01 0.000000e+00 8.065409e+03 2.059704e+06 2.560000e+03
 1.440000e+03 0.000000e+00 2.851100e+01 9.110000e-01 1.360900e+01
 1.000000e+01 0.000000e+00 8.054330e+03 2.059895e+06 2.560000e+03
 1.440000e+03 0.000000e+00 2.367800e+01 8.640000e-01 8.920000e-01
 1.000000e+01 0.000000e+00 8.182179e+03 2.072137e+06 2.560000e+03
 1.440000e+03 0.000000e+00 1.961600e+01 8.190000e-01 0.000000e+00
 2.010000e+02]
deleted_idx_col 457
query_origi 56
query_idx 538
deleted_scaled [1.         0.         0.72983448 0.72617442 1.         1.
 1.         0.04406693 0.15348837 0.08377202 1.         0.
 0.80238597 0.79958974 1.         1.         1.         0.15400563
 0.07560976 0.09303755 0.91666667 0.         0.59234787 0.59651183
 1.         1.         0.         0.1737421  0.12376238 0.09514923
 1.         0.         0.83887743 0.83846254 1.         1.
 1.         0.040707   0.18969555 0.12046765]
deleted_not_scaled [1.2000000e+01 0.0000000e+00 1.4685460e+04 3.7301070e+06 3.8400000e+03
 2.1600000e+03 1.0000000e+00 1.5677000e+01 6.3600000e-01 8.0840000e+00
 1.2000000e+01 0.0000000e+00 1.6113666e+04 4.0989140e+06 3.8400000e+03
 2.1600000e+03 1.0000000e+00 1.8820000e+01 6.1800000e-01 8.6270000e+00
 1.1000000e+01 0.0000000e+00 1.1519933e+04 2.9347030e+06 3.8400000e+03
 2.1600000e+03 0.0000000e+00 1.9949000e+01 6.4100000e-01 8.6170000e+00
 1.2000000e+01 0.0000000e+00 1.6829667e+04 4.2936690e+06 3.8400000e+03
 2.1600000e+03 1.0000000e+00 1.4979000e+01 6.5100000e-01 1.1386000e+01
 2.3600000e+02]
deleted_idx_col 538
query_origi 396
query_idx 568
deleted_scaled [1.         0.01799873 0.76627447 0.7670375  1.         1.
 1.         0.26315902 0.65813953 0.17045596 1.         0.02673168
 0.8332758  0.82579238 1.         1.         1.         0.76602991
 0.92926829 0.75338093 1.         0.         0.93604553 0.93745024
 1.         1.         1.         0.38487765 0.68564356 0.14566655
 1.         0.         0.84375868 0.83870819 1.         1.
 1.         0.381072   0.65807963 0.05425594]
deleted_not_scaled [1.20000000e+01 8.45668415e-02 1.54023440e+04 3.93529900e+06
 3.84000000e+03 2.16000000e+03 1.00000000e+00 2.59040000e+01
 8.53000000e-01 1.64490000e+01 1.20000000e+01 8.77212915e-02
 1.67212210e+04 4.23046900e+06 3.84000000e+03 2.16000000e+03
 1.00000000e+00 3.94850000e+01 9.68000000e-01 6.98580000e+01
 1.20000000e+01 0.00000000e+00 1.80177400e+04 4.56524500e+06
 3.84000000e+03 2.16000000e+03 1.00000000e+00 2.76280000e+01
 8.68000000e-01 1.31920000e+01 1.20000000e+01 0.00000000e+00
 1.69257260e+04 4.29490300e+06 3.84000000e+03 2.16000000e+03
 1.00000000e+00 2.62250000e+01 8.51000000e-01 5.12800000e+00
 6.70000000e+01]
deleted_idx_col 568
query_origi 52
query_idx 991
deleted_scaled [0.91666667 0.         0.56746034 0.56773937 1.         1.
 0.         0.18284453 0.45348837 0.06115026 0.91666667 0.
 0.56658083 0.56775004 1.         1.         0.         0.62455205
 0.73414634 0.35643725 0.91666667 0.         0.62526226 0.62584976
 1.         1.         0.         0.3976904  0.67821782 0.10833343
 0.91666667 0.         0.57799187 0.57421847 1.         1.
 0.         0.45010744 0.68149883 0.04881765]
deleted_not_scaled [1.1000000e+01 0.0000000e+00 1.1491073e+04 2.9345330e+06 3.8400000e+03
 2.1600000e+03 0.0000000e+00 2.2155000e+01 7.6500000e-01 5.9010000e+00
 1.1000000e+01 0.0000000e+00 1.1475745e+04 2.9349220e+06 3.8400000e+03
 2.1600000e+03 0.0000000e+00 3.4708000e+01 8.8800000e-01 3.3051000e+01
 1.1000000e+01 0.0000000e+00 1.2142199e+04 3.0750120e+06 3.8400000e+03
 2.1600000e+03 0.0000000e+00 2.8094000e+01 8.6500000e-01 9.8110000e+00
 1.1000000e+01 0.0000000e+00 1.1695653e+04 2.9663100e+06 3.8400000e+03
 2.1600000e+03 0.0000000e+00 2.8506000e+01 8.6100000e-01 4.6140000e+00
 1.5700000e+02]
deleted_idx_col 991
query_origi 550
query_idx 173
deleted_scaled [0.41666667 0.11192013 0.08094179 0.08111797 0.18181818 0.17171717
 0.         0.10775724 0.50930233 0.02141969 0.41666667 0.45013212
 0.07419523 0.07353791 0.18181818 0.17171717 0.         0.12341182
 0.60243902 0.00386084 0.33333333 0.02066971 0.04494824 0.04498096
 0.09090909 0.09090909 0.         0.06849051 0.43316832 0.17416605
 0.33333333 0.         0.04308005 0.04281209 0.09090909 0.09090909
 0.         0.7255531  0.85714286 0.6832143 ]
deleted_not_scaled [5.00000000e+00 5.25855687e-01 1.91979200e+03 4.90987000e+05
 9.60000000e+02 5.20000000e+02 0.00000000e+00 1.86500000e+01
 7.89000000e-01 2.06700000e+00 5.00000000e+00 1.47713033e+00
 1.79128500e+03 4.53643000e+05 9.60000000e+02 5.20000000e+02
 0.00000000e+00 1.77870000e+01 8.34000000e-01 3.58000000e-01
 4.00000000e+00 1.01615582e-01 1.17102000e+03 2.97000000e+05
 6.40000000e+02 3.60000000e+02 0.00000000e+00 1.61210000e+01
 7.66000000e-01 1.57730000e+01 4.00000000e+00 0.00000000e+00
 1.16902700e+03 2.96933000e+05 6.40000000e+02 3.60000000e+02
 0.00000000e+00 3.76070000e+01 9.36000000e-01 6.45740000e+01
 2.18000000e+02]
deleted_idx_col 173
query_origi 167
query_idx 107
deleted_scaled [0.16666667 0.23727145 0.02037732 0.02014378 0.05454545 0.05454545
 0.         0.18175197 0.6744186  0.06841451 0.08333333 0.68457256
 0.00706258 0.00701738 0.01818182 0.01818182 0.         0.27655857
 0.74390244 0.         0.08333333 0.         0.01133363 0.01137708
 0.01818182 0.01818182 0.         0.18201815 0.61881188 0.00218632
 0.         0.         0.00169667 0.00169413 0.         0.
 0.         0.64105203 0.82669789 0.05036238]
deleted_not_scaled [2.00000000e+00 1.11481770e+00 7.28307000e+02 1.84808000e+05
 5.12000000e+02 2.88000000e+02 0.00000000e+00 2.21040000e+01
 8.60000000e-01 6.60200000e+00 1.00000000e+00 2.24645799e+00
 4.70890000e+02 1.19665000e+05 3.84000000e+02 2.16000000e+02
 0.00000000e+00 2.29580000e+01 8.92000000e-01 0.00000000e+00
 1.00000000e+00 0.00000000e+00 5.35516000e+02 1.36289000e+05
 3.84000000e+02 2.16000000e+02 0.00000000e+00 2.02500000e+01
 8.41000000e-01 1.98000000e-01 0.00000000e+00 0.00000000e+00
 3.54636000e+02 9.03880000e+04 3.20000000e+02 1.80000000e+02
 0.00000000e+00 3.48150000e+01 9.23000000e-01 4.76000000e+00
 2.13000000e+02]
deleted_idx_col 107
query_origi 47
query_idx 913
deleted_scaled [0.33333333 0.         0.0427466  0.04241104 0.09090909 0.09090909
 0.         0.07894342 0.39302326 0.5138342  0.33333333 0.
 0.0424912  0.04231681 0.09090909 0.09090909 0.         0.05867022
 0.23414634 0.5580959  0.41666667 0.         0.08099351 0.08150717
 0.18181818 0.17171717 0.         0.04319494 0.16584158 0.12596756
 0.41666667 0.         0.07781549 0.07774538 0.18181818 0.17171717
 0.         0.06525226 0.19906323 0.12337724]
deleted_not_scaled [4.000000e+00 0.000000e+00 1.168378e+03 2.966220e+05 6.400000e+02
 3.600000e+02 0.000000e+00 1.730500e+01 7.390000e-01 4.958500e+01
 4.000000e+00 0.000000e+00 1.167716e+03 2.968920e+05 6.400000e+02
 3.600000e+02 0.000000e+00 1.560100e+01 6.830000e-01 5.175000e+01
 5.000000e+00 0.000000e+00 1.852477e+03 4.716870e+05 9.600000e+02
 5.200000e+02 0.000000e+00 1.520100e+01 6.580000e-01 1.140800e+01
 5.000000e+00 0.000000e+00 1.852592e+03 4.724110e+05 9.600000e+02
 5.200000e+02 0.000000e+00 1.579000e+01 6.550000e-01 1.166100e+01
 1.380000e+02]
deleted_idx_col 913
query_origi 740
query_idx 820
deleted_scaled [0.25       0.         0.02482798 0.02446683 0.05454545 0.05454545
 0.         0.0696673  0.20930233 0.41202073 0.5        0.
 0.11879357 0.11791699 0.27272727 0.27272727 0.         0.04140382
 0.         0.27071156 0.25       0.         0.02461161 0.02463266
 0.05454545 0.05454545 0.         0.08446522 0.35643564 0.23097733
 0.5        0.         0.11834274 0.11783631 0.27272727 0.27272727
 0.         0.1294755  0.47775176 0.22252553]
deleted_not_scaled [3.000000e+00 0.000000e+00 8.158650e+02 2.065160e+05 5.120000e+02
 2.880000e+02 0.000000e+00 1.687200e+01 6.600000e-01 3.976000e+01
 6.000000e+00 0.000000e+00 2.668465e+03 6.764560e+05 1.280000e+03
 7.200000e+02 0.000000e+00 1.501800e+01 5.870000e-01 2.510200e+01
 3.000000e+00 0.000000e+00 7.865440e+02 1.996840e+05 5.120000e+02
 2.880000e+02 0.000000e+00 1.670200e+01 7.350000e-01 2.091800e+01
 6.000000e+00 0.000000e+00 2.650135e+03 6.737970e+05 1.280000e+03
 7.200000e+02 0.000000e+00 1.791200e+01 7.740000e-01 2.103200e+01
 2.300000e+01]
deleted_idx_col 820
query_origi 38
query_idx 834
deleted_scaled [0.58333333 0.         0.14043616 0.13957596 0.27272727 0.27272727
 0.         0.07840785 0.37906977 0.53332642 0.58333333 0.
 0.13990672 0.13934478 0.27272727 0.27272727 0.         0.05795943
 0.2195122  0.57939521 0.58333333 0.         0.14610557 0.14704574
 0.27272727 0.27272727 0.         0.04297498 0.15841584 0.4817972
 0.58333333 0.         0.13990878 0.13977637 0.27272727 0.27272727
 0.         0.06555492 0.19437939 0.43193144]
deleted_not_scaled [7.000000e+00 0.000000e+00 3.090225e+03 7.845310e+05 1.280000e+03
 7.200000e+02 0.000000e+00 1.728000e+01 7.330000e-01 5.146600e+01
 7.000000e+00 0.000000e+00 3.083728e+03 7.840380e+05 1.280000e+03
 7.200000e+02 0.000000e+00 1.557700e+01 6.770000e-01 5.372500e+01
 7.000000e+00 0.000000e+00 3.083459e+03 7.851260e+05 1.280000e+03
 7.200000e+02 0.000000e+00 1.519300e+01 6.550000e-01 4.363300e+01
 7.000000e+00 0.000000e+00 3.074537e+03 7.840070e+05 1.280000e+03
 7.200000e+02 0.000000e+00 1.580000e+01 6.530000e-01 4.082400e+01
 1.380000e+02]
deleted_idx_col 834
query_origi 777
query_idx 518
deleted_scaled [0.5        0.         0.1083344  0.1074018  0.27272727 0.27272727
 0.         0.18472975 0.68139535 0.19393782 0.33333333 0.
 0.04267571 0.04238393 0.09090909 0.09090909 0.         0.22852066
 0.57804878 0.21906477 0.5        0.         0.11255803 0.1130224
 0.27272727 0.27272727 0.         0.19334616 0.50247525 0.30182304
 0.33333333 0.         0.0414752  0.04132838 0.09090909 0.09090909
 0.         0.72428195 0.82201405 0.7132307 ]
deleted_not_scaled [6.000000e+00 0.000000e+00 2.458687e+03 6.229700e+05 1.280000e+03
 7.200000e+02 0.000000e+00 2.224300e+01 8.630000e-01 1.871500e+01
 4.000000e+00 0.000000e+00 1.171345e+03 2.972290e+05 6.400000e+02
 3.600000e+02 0.000000e+00 2.133600e+01 8.240000e-01 2.031300e+01
 6.000000e+00 0.000000e+00 2.449223e+03 6.224090e+05 1.280000e+03
 7.200000e+02 0.000000e+00 2.066200e+01 7.940000e-01 2.733400e+01
 4.000000e+00 0.000000e+00 1.137445e+03 2.894800e+05 6.400000e+02
 3.600000e+02 0.000000e+00 3.756500e+01 9.210000e-01 6.741100e+01
 9.900000e+01]
deleted_idx_col 518
query_origi 11
query_idx 412
deleted_scaled [5.83333333e-01 0.00000000e+00 1.40960737e-01 1.39557443e-01
 2.72727273e-01 2.72727273e-01 0.00000000e+00 2.03260567e-01
 6.97674419e-01 2.28062176e-01 6.66666667e-01 0.00000000e+00
 2.05761187e-01 2.04174099e-01 4.54545455e-01 4.54545455e-01
 0.00000000e+00 1.33274100e-01 5.04878049e-01 9.70601557e-05
 6.66666667e-01 0.00000000e+00 2.24654242e-01 2.25273036e-01
 4.54545455e-01 4.54545455e-01 0.00000000e+00 2.26890294e-01
 6.23762376e-01 5.96270000e-04 6.66666667e-01 0.00000000e+00
 1.95504792e-01 1.94590494e-01 4.54545455e-01 4.54545455e-01
 0.00000000e+00 2.77745831e-01 7.33021077e-01 0.00000000e+00]
deleted_not_scaled [7.000000e+00 0.000000e+00 3.100545e+03 7.844380e+05 1.280000e+03
 7.200000e+02 0.000000e+00 2.310800e+01 8.700000e-01 2.200800e+01
 8.000000e+00 0.000000e+00 4.378983e+03 1.109525e+06 1.920000e+03
 1.080000e+03 0.000000e+00 1.812000e+01 7.940000e-01 9.000000e-03
 8.000000e+00 0.000000e+00 4.568468e+03 1.159249e+06 1.920000e+03
 1.080000e+03 0.000000e+00 2.188200e+01 8.430000e-01 5.400000e-02
 8.000000e+00 0.000000e+00 4.168621e+03 1.059351e+06 1.920000e+03
 1.080000e+03 0.000000e+00 2.281100e+01 8.830000e-01 0.000000e+00
 2.110000e+02]
deleted_idx_col 412
query_origi 344
query_idx 891
deleted_scaled [0.5        0.         0.10792816 0.10718155 0.27272727 0.27272727
 0.         0.77936545 0.98837209 0.65370984 0.5        0.
 0.10747803 0.1069842  0.27272727 0.27272727 0.         0.91363838
 1.         0.80238552 0.41666667 0.         0.08173371 0.08220345
 0.18181818 0.17171717 0.         0.6571625  0.59405941 0.56876429
 0.41666667 0.         0.0796243  0.0795054  0.18181818 0.17171717
 0.         0.15692624 0.44262295 0.33453949]
deleted_not_scaled [6.000000e+00 0.000000e+00 2.450695e+03 6.218640e+05 1.280000e+03
 7.200000e+02 0.000000e+00 5.000000e+01 9.950000e-01 6.308300e+01
 6.000000e+00 0.000000e+00 2.445906e+03 6.215660e+05 1.280000e+03
 7.200000e+02 0.000000e+00 4.446900e+01 9.970000e-01 7.440200e+01
 5.000000e+00 0.000000e+00 1.866471e+03 4.750170e+05 9.600000e+02
 5.200000e+02 0.000000e+00 3.753100e+01 8.310000e-01 5.150900e+01
 5.000000e+00 0.000000e+00 1.888188e+03 4.812520e+05 9.600000e+02
 5.200000e+02 0.000000e+00 1.881900e+01 7.590000e-01 3.161900e+01
 2.000000e+00]
deleted_idx_col 891
query_origi 305
query_idx 110
deleted_scaled [0.00000000e+00 3.21115770e-01 1.86814387e-03 1.85185480e-03
 0.00000000e+00 0.00000000e+00 0.00000000e+00 3.00713383e-01
 4.83720930e-01 0.00000000e+00 0.00000000e+00 3.32603276e-01
 3.16252727e-03 3.25255006e-03 0.00000000e+00 0.00000000e+00
 0.00000000e+00 3.16185399e-01 4.00000000e-01 0.00000000e+00
 0.00000000e+00 2.74974258e-01 1.55953874e-03 1.44296554e-03
 0.00000000e+00 0.00000000e+00 0.00000000e+00 9.46109431e-02
 2.30198020e-01 9.64080254e-02 0.00000000e+00 0.00000000e+00
 2.97070305e-03 2.86230118e-03 0.00000000e+00 0.00000000e+00
 0.00000000e+00 4.89089313e-02 1.38173302e-01 3.38570597e-04]
deleted_not_scaled [0.00000000e+00 1.50875944e+00 3.64176000e+02 9.29560000e+04
 3.20000000e+02 1.80000000e+02 0.00000000e+00 2.76570000e+01
 7.78000000e-01 0.00000000e+00 0.00000000e+00 1.09145375e+00
 3.94182000e+02 1.00763000e+05 3.20000000e+02 1.80000000e+02
 0.00000000e+00 2.42960000e+01 7.51000000e-01 0.00000000e+00
 0.00000000e+00 1.35181712e+00 3.50731000e+02 8.87790000e+04
 3.20000000e+02 1.80000000e+02 0.00000000e+00 1.70710000e+01
 6.84000000e-01 8.73100000e+00 0.00000000e+00 0.00000000e+00
 3.79708000e+02 9.62560000e+04 3.20000000e+02 1.80000000e+02
 0.00000000e+00 1.52500000e+01 6.29000000e-01 3.20000000e-02
 2.10000000e+01]
deleted_idx_col 110
query_origi 408
query_idx 95
deleted_scaled [0.         0.         0.00191608 0.001818   0.         0.
 0.         0.1440048  0.30465116 0.00134715 0.         0.
 0.00163836 0.0016446  0.         0.         0.         0.26805864
 0.43658537 0.         0.         0.32644886 0.00241278 0.00243094
 0.         0.         0.         0.41644212 0.59158416 0.00522288
 0.         0.         0.00210537 0.00212931 0.         0.
 0.         0.15259829 0.34192037 0.02569962]
deleted_not_scaled [0.00000000e+00 0.00000000e+00 3.65119000e+02 9.27860000e+04
 3.20000000e+02 1.80000000e+02 0.00000000e+00 2.03420000e+01
 7.01000000e-01 1.30000000e-01 0.00000000e+00 0.00000000e+00
 3.64204000e+02 9.26900000e+04 3.20000000e+02 1.80000000e+02
 0.00000000e+00 2.26710000e+01 7.66000000e-01 0.00000000e+00
 0.00000000e+00 1.60487443e+00 3.66862000e+02 9.35040000e+04
 3.20000000e+02 1.80000000e+02 0.00000000e+00 2.87760000e+01
 8.30000000e-01 4.73000000e-01 0.00000000e+00 0.00000000e+00
 3.62679000e+02 9.25740000e+04 3.20000000e+02 1.80000000e+02
 0.00000000e+00 1.86760000e+01 7.16000000e-01 2.42900000e+00
 1.31000000e+02]
deleted_idx_col 95
query_origi 384
query_idx 320
deleted_scaled [0.08333333 0.         0.0088013  0.00876022 0.01818182 0.01818182
 0.         0.16675593 0.53023256 0.00796891 0.         0.
 0.00151659 0.00158624 0.         0.         0.         0.26503776
 0.51463415 0.00215689 0.         0.09989892 0.00236872 0.00245352
 0.         0.         0.         0.59070663 0.76485149 0.15091152
 0.         0.         0.00407405 0.0039381  0.         0.
 0.         0.44596108 0.72833724 0.02433476]
deleted_not_scaled [1.0000000e+00 0.0000000e+00 5.0057200e+02 1.2764600e+05 3.8400000e+02
 2.1600000e+02 0.0000000e+00 2.1404000e+01 7.9800000e-01 7.6900000e-01
 0.0000000e+00 0.0000000e+00 3.6180900e+02 9.2397000e+04 3.2000000e+02
 1.8000000e+02 0.0000000e+00 2.2569000e+01 7.9800000e-01 2.0000000e-01
 0.0000000e+00 4.9111897e-01 3.6602900e+02 9.3612000e+04 3.2000000e+02
 1.8000000e+02 0.0000000e+00 3.5114000e+01 9.0000000e-01 1.3667000e+01
 0.0000000e+00 0.0000000e+00 4.0142100e+02 1.0166000e+05 3.2000000e+02
 1.8000000e+02 0.0000000e+00 2.8369000e+01 8.8100000e-01 2.3000000e+00
 1.5600000e+02]
deleted_idx_col 320
query_origi 742
query_idx 902
deleted_scaled [0.25       1.         0.02684959 0.02649293 0.05454545 0.05454545
 0.         0.20523147 0.69069767 0.16088083 0.41666667 0.01066216
 0.08492897 0.08433645 0.18181818 0.17171717 0.         0.29326225
 0.64634146 0.13069689 0.         0.04051533 0.00115997 0.0011059
 0.         0.         0.         0.36651086 0.7450495  0.
 0.         0.         0.0024936  0.002453   0.         0.
 0.         0.44254109 0.78688525 0.        ]
deleted_not_scaled [3.00000000e+00 4.69849063e+00 8.55636000e+02 2.16690000e+05
 5.12000000e+02 2.88000000e+02 0.00000000e+00 2.32000000e+01
 8.67000000e-01 1.55250000e+01 5.00000000e+00 3.49883843e-02
 2.00240100e+03 5.07859000e+05 9.60000000e+02 5.20000000e+02
 0.00000000e+00 2.35220000e+01 8.52000000e-01 1.21190000e+01
 0.00000000e+00 1.99179802e-01 3.43177000e+02 8.71670000e+04
 3.20000000e+02 1.80000000e+02 0.00000000e+00 2.69600000e+01
 8.92000000e-01 0.00000000e+00 0.00000000e+00 0.00000000e+00
 3.70319000e+02 9.42000000e+04 3.20000000e+02 1.80000000e+02
 0.00000000e+00 2.82560000e+01 9.06000000e-01 0.00000000e+00
 4.60000000e+01]
deleted_idx_col 902
query_origi 178
query_idx 104
deleted_scaled [0.41666667 0.96208746 0.07950545 0.07911377 0.18181818 0.17171717
 0.         0.21917779 0.62790698 0.31003109 0.25       0.04787334
 0.02987424 0.02981869 0.05454545 0.05454545 0.         0.54275137
 0.84634146 0.5697539  0.08333333 0.         0.00701189 0.00707662
 0.01818182 0.01818182 0.         0.35732747 0.76485149 0.00500204
 0.         0.         0.00211767 0.00215061 0.         0.
 0.         0.36463787 0.76346604 0.        ]
deleted_not_scaled [5.00000000e+00 4.52035891e+00 1.89153500e+03 4.80923000e+05
 9.60000000e+02 5.20000000e+02 0.00000000e+00 2.38510000e+01
 8.40000000e-01 2.99180000e+01 3.00000000e+00 1.57098684e-01
 9.19560000e+02 2.34143000e+05 5.12000000e+02 2.88000000e+02
 0.00000000e+00 3.19460000e+01 9.34000000e-01 5.28310000e+01
 1.00000000e+00 0.00000000e+00 4.53811000e+02 1.15722000e+05
 3.84000000e+02 2.16000000e+02 0.00000000e+00 2.66260000e+01
 9.00000000e-01 4.53000000e-01 0.00000000e+00 0.00000000e+00
 3.62921000e+02 9.26810000e+04 3.20000000e+02 1.80000000e+02
 0.00000000e+00 2.56820000e+01 8.96000000e-01 0.00000000e+00
 7.10000000e+01]
deleted_idx_col 104
query_origi 264
query_idx 204
deleted_scaled [0.00000000e+00 0.00000000e+00 1.83556115e-03 1.79211113e-03
 0.00000000e+00 0.00000000e+00 0.00000000e+00 1.49274835e-01
 5.00000000e-01 1.65803109e-04 0.00000000e+00 5.95621835e-01
 1.60216005e-03 1.67188642e-03 0.00000000e+00 0.00000000e+00
 0.00000000e+00 2.62698060e-01 5.92682927e-01 0.00000000e+00
 3.33333333e-01 0.00000000e+00 4.44986906e-02 4.50468289e-02
 9.09090909e-02 9.09090909e-02 0.00000000e+00 6.76409128e-01
 8.61386139e-01 7.70126873e-01 0.00000000e+00 0.00000000e+00
 3.05094013e-03 2.92301907e-03 0.00000000e+00 0.00000000e+00
 0.00000000e+00 4.16724675e-01 5.24590164e-01 6.66560863e-03]
deleted_not_scaled [0.00000000e+00 0.00000000e+00 3.63535000e+02 9.26560000e+04
 3.20000000e+02 1.80000000e+02 0.00000000e+00 2.05880000e+01
 7.85000000e-01 1.60000000e-02 0.00000000e+00 1.95456188e+00
 3.63492000e+02 9.28270000e+04 3.20000000e+02 1.80000000e+02
 0.00000000e+00 2.24900000e+01 8.30000000e-01 0.00000000e+00
 4.00000000e+00 0.00000000e+00 1.16252100e+03 2.97315000e+05
 6.40000000e+02 3.60000000e+02 0.00000000e+00 3.82310000e+01
 9.39000000e-01 6.97450000e+01 0.00000000e+00 0.00000000e+00
 3.81287000e+02 9.65610000e+04 3.20000000e+02 1.80000000e+02
 0.00000000e+00 2.74030000e+01 7.94000000e-01 6.30000000e-01
 8.80000000e+01]
deleted_idx_col 204
query_origi 295
query_idx 263
deleted_scaled [1.         0.0963579  0.69254668 0.68698476 1.         1.
 1.         0.08875511 0.59302326 0.00439378 1.         0.12458517
 0.81636486 0.81107166 1.         1.         1.         0.0748112
 0.4097561  0.02000518 1.         0.12317322 0.86481988 0.86828867
 1.         1.         1.         0.73610118 0.88118812 0.9886267
 1.         0.         0.88197491 0.87889846 1.         1.
 1.         0.17635665 0.70725995 0.10636407]
deleted_not_scaled [1.20000000e+01 4.52736692e-01 1.39518970e+04 3.53331800e+06
 3.84000000e+03 2.16000000e+03 1.00000000e+00 1.77630000e+01
 8.25000000e-01 4.24000000e-01 1.20000000e+01 4.08832258e-01
 1.63886090e+04 4.15656100e+06 3.84000000e+03 2.16000000e+03
 1.00000000e+00 1.61460000e+01 7.55000000e-01 1.85500000e+00
 1.20000000e+01 6.05539096e-01 1.66711770e+04 4.23447900e+06
 3.84000000e+03 2.16000000e+03 1.00000000e+00 4.04020000e+01
 9.47000000e-01 8.95330000e+01 1.20000000e+01 0.00000000e+00
 1.76777900e+04 4.49678800e+06 3.84000000e+03 2.16000000e+03
 1.00000000e+00 1.94610000e+01 8.72000000e-01 1.00530000e+01
 2.19000000e+02]
deleted_idx_col 263
