query_origi 8
query_idx 12
deleted_scaled [1.66666667e-01 0.00000000e+00 1.81388678e-02 1.81228457e-02
 5.45454545e-02 5.45454545e-02 0.00000000e+00 5.45834315e-01
 8.81395349e-01 5.06466321e-01 8.33333333e-02 4.45394773e-01
 8.67475709e-03 8.77252386e-03 1.81818182e-02 1.81818182e-02
 0.00000000e+00 3.05641937e-01 7.53658537e-01 0.00000000e+00
 8.33333333e-02 0.00000000e+00 1.12787805e-02 1.11681894e-02
 1.81818182e-02 1.81818182e-02 0.00000000e+00 2.25570525e-01
 7.10396040e-01 0.00000000e+00 0.00000000e+00 0.00000000e+00
 1.92873890e-03 1.82750903e-03 0.00000000e+00 0.00000000e+00
 0.00000000e+00 2.79561757e-01 7.21311475e-01 2.11606623e-05]
deleted_not_scaled [2.00000000e+00 0.00000000e+00 6.84270000e+02 1.74660000e+05
 5.12000000e+02 2.88000000e+02 0.00000000e+00 3.90990000e+01
 9.49000000e-01 4.88740000e+01 1.00000000e+00 1.46158451e+00
 5.02599000e+02 1.28477000e+05 3.84000000e+02 2.16000000e+02
 0.00000000e+00 2.39400000e+01 8.96000000e-01 0.00000000e+00
 1.00000000e+00 0.00000000e+00 5.34479000e+02 1.35290000e+05
 3.84000000e+02 2.16000000e+02 0.00000000e+00 2.18340000e+01
 8.78000000e-01 0.00000000e+00 0.00000000e+00 0.00000000e+00
 3.59203000e+02 9.10580000e+04 3.20000000e+02 1.80000000e+02
 0.00000000e+00 2.28710000e+01 8.78000000e-01 2.00000000e-03
 2.77000000e+02]
deleted_idx_col 12
query_origi 634
query_idx 96
deleted_scaled [1.         0.06823407 0.83214581 0.82673936 1.         1.
 1.         0.31262452 0.58372093 0.07807254 1.         0.16071157
 0.83067575 0.82653571 1.         1.         1.         0.36306827
 0.48292683 0.00786187 1.         0.13351528 0.86354877 0.86831774
 1.         1.         1.         0.15515535 0.34405941 0.07892848
 1.         0.         0.8283464  0.82669601 1.         1.
 1.         0.25550074 0.54098361 0.13796752]
deleted_not_scaled [1.20000000e+01 3.20597144e-01 1.66982310e+04 4.23508900e+06
 3.84000000e+03 2.16000000e+03 1.00000000e+00 2.82130000e+01
 8.21000000e-01 7.53400000e+00 1.20000000e+01 5.27382807e-01
 1.66700820e+04 4.23420100e+06 3.84000000e+03 2.16000000e+03
 1.00000000e+00 2.58790000e+01 7.85000000e-01 7.29000000e-01
 1.20000000e+01 6.56382343e-01 1.66471460e+04 4.23461800e+06
 3.84000000e+03 2.16000000e+03 1.00000000e+00 1.92730000e+01
 7.30000000e-01 7.14800000e+00 1.20000000e+01 0.00000000e+00
 1.66224250e+04 4.23456300e+06 3.84000000e+03 2.16000000e+03
 1.00000000e+00 2.20760000e+01 8.01000000e-01 1.30400000e+01
 7.70000000e+01]
deleted_idx_col 96
query_origi 424
query_idx 447
deleted_scaled [0.41666667 0.         0.07626492 0.07624986 0.18181818 0.17171717
 0.         0.05998415 0.26976744 0.00592746 0.41666667 0.
 0.07720106 0.07739535 0.18181818 0.17171717 0.         0.18311861
 0.26829268 0.01847378 0.5        0.         0.11298563 0.11293814
 0.27272727 0.27272727 0.         0.10478416 0.43811881 0.22693595
 0.58333333 0.         0.14092483 0.13986735 0.27272727 0.27272727
 0.         0.20120456 0.70257611 0.13476168]
deleted_not_scaled [5.000000e+00 0.000000e+00 1.827784e+03 4.665420e+05 9.600000e+02
 5.200000e+02 0.000000e+00 1.642000e+01 6.860000e-01 5.720000e-01
 5.000000e+00 0.000000e+00 1.850405e+03 4.730100e+05 9.600000e+02
 5.200000e+02 0.000000e+00 1.980300e+01 6.970000e-01 1.713000e+00
 6.000000e+00 0.000000e+00 2.457307e+03 6.220060e+05 1.280000e+03
 7.200000e+02 0.000000e+00 1.744100e+01 7.680000e-01 2.055200e+01
 7.000000e+00 0.000000e+00 3.094532e+03 7.844640e+05 1.280000e+03
 7.200000e+02 0.000000e+00 2.028200e+01 8.700000e-01 1.273700e+01
 1.490000e+02]
deleted_idx_col 447
query_origi 830
query_idx 565
deleted_scaled [0.25       0.         0.03174126 0.03160699 0.05454545 0.05454545
 0.         0.12817327 0.60930233 0.16746114 0.16666667 0.
 0.01596186 0.01598948 0.05454545 0.05454545 0.         0.18122316
 0.60487805 0.19491836 0.25       0.         0.02733086 0.02764635
 0.05454545 0.05454545 0.         0.17970855 0.63118812 0.1939313
 0.25       0.         0.02889511 0.02902912 0.05454545 0.05454545
 0.         0.30292667 0.67213115 0.24516743]
deleted_not_scaled [3.00000e+00 0.00000e+00 9.51870e+02 2.42370e+05 5.12000e+02 2.88000e+02
 0.00000e+00 1.96030e+01 8.32000e-01 1.61600e+01 2.00000e+00 0.00000e+00
 6.45925e+02 1.64711e+05 5.12000e+02 2.88000e+02 0.00000e+00 1.97390e+01
 8.35000e-01 1.80740e+01 3.00000e+00 0.00000e+00 8.37953e+02 2.14097e+05
 5.12000e+02 2.88000e+02 0.00000e+00 2.01660e+01 8.46000e-01 1.75630e+01
 3.00000e+00 0.00000e+00 8.89879e+02 2.27698e+05 5.12000e+02 2.88000e+02
 0.00000e+00 2.36430e+01 8.57000e-01 2.31720e+01 2.68000e+02]
deleted_idx_col 565
query_origi 194
query_idx 519
deleted_scaled [0.5        0.         0.0916337  0.09183101 0.27272727 0.27272727
 0.         0.18554382 0.67674419 0.27235233 0.5        0.
 0.10792759 0.10700392 0.27272727 0.27272727 0.         0.16700726
 0.58292683 0.20474301 0.5        0.         0.11314966 0.11335946
 0.27272727 0.27272727 0.         0.11811933 0.53712871 0.25097446
 0.5        0.         0.10757425 0.10698891 0.27272727 0.27272727
 0.         0.45143912 0.78220141 0.49192192]
deleted_not_scaled [6.000000e+00 0.000000e+00 2.130134e+03 5.447820e+05 1.280000e+03
 7.200000e+02 0.000000e+00 2.228100e+01 8.610000e-01 2.628200e+01
 6.000000e+00 0.000000e+00 2.454748e+03 6.216650e+05 1.280000e+03
 7.200000e+02 0.000000e+00 1.925900e+01 8.260000e-01 1.898500e+01
 6.000000e+00 0.000000e+00 2.460408e+03 6.240210e+05 1.280000e+03
 7.200000e+02 0.000000e+00 1.792600e+01 8.080000e-01 2.272900e+01
 6.000000e+00 0.000000e+00 2.438220e+03 6.193080e+05 1.280000e+03
 7.200000e+02 0.000000e+00 2.855000e+01 9.040000e-01 4.649400e+01
 6.000000e+01]
deleted_idx_col 519
query_origi 90
query_idx 753
deleted_scaled [0.16666667 0.         0.01814822 0.01809815 0.05454545 0.05454545
 0.         0.0458236  0.21395349 0.38260104 0.16666667 0.
 0.01781152 0.01790516 0.05454545 0.05454545 0.         0.58735377
 0.78292683 0.51133447 0.25       0.1072546  0.02864079 0.02903704
 0.05454545 0.05454545 0.         0.09747044 0.13861386 0.3198326
 0.16666667 0.         0.02132192 0.0210504  0.05454545 0.05454545
 0.         0.08849611 0.26932084 0.28936148]
deleted_not_scaled [2.00000000e+00 0.00000000e+00 6.84454000e+02 1.74536000e+05
 5.12000000e+02 2.88000000e+02 0.00000000e+00 1.57590000e+01
 6.62000000e-01 3.69210000e+01 2.00000000e+00 0.00000000e+00
 6.82305000e+02 1.74329000e+05 5.12000000e+02 2.88000000e+02
 0.00000000e+00 3.34520000e+01 9.08000000e-01 4.74140000e+01
 3.00000000e+00 5.27280643e-01 8.62718000e+02 2.20748000e+05
 5.12000000e+02 2.88000000e+02 0.00000000e+00 1.71750000e+01
 6.47000000e-01 2.89650000e+01 2.00000000e+00 0.00000000e+00
 7.40845000e+02 1.87619000e+05 5.12000000e+02 2.88000000e+02
 0.00000000e+00 1.65580000e+01 6.85000000e-01 2.73490000e+01
 1.41000000e+02]
deleted_idx_col 753
query_origi 507
query_idx 520
deleted_scaled [0.16666667 0.         0.01820551 0.01812125 0.05454545 0.05454545
 0.         0.14927483 0.26976744 0.27471503 0.25       0.
 0.02923576 0.02927215 0.05454545 0.05454545 0.         0.04309196
 0.23170732 0.40155943 0.25       0.         0.02695838 0.02727019
 0.05454545 0.05454545 0.         0.13112455 0.43069307 0.19242958
 0.25       0.         0.03242193 0.03201545 0.05454545 0.05454545
 0.         0.68790291 0.82669789 0.58768449]
deleted_not_scaled [2.00000e+00 0.00000e+00 6.85581e+02 1.74652e+05 5.12000e+02 2.88000e+02
 0.00000e+00 2.05880e+01 6.86000e-01 2.65100e+01 3.00000e+00 0.00000e+00
 9.07002e+02 2.31399e+05 5.12000e+02 2.88000e+02 0.00000e+00 1.50750e+01
 6.82000e-01 3.72350e+01 3.00000e+00 0.00000e+00 8.30911e+02 2.12298e+05
 5.12000e+02 2.88000e+02 0.00000e+00 1.83990e+01 7.65000e-01 1.74270e+01
 3.00000e+00 0.00000e+00 9.59284e+02 2.42699e+05 5.12000e+02 2.88000e+02
 0.00000e+00 3.63630e+01 9.23000e-01 5.55450e+01 2.38000e+02]
deleted_idx_col 520
query_origi 939
query_idx 965
deleted_scaled [0.58333333 0.         0.1406007  0.13966259 0.27272727 0.27272727
 0.         0.19259196 0.4627907  0.22415544 0.58333333 0.
 0.13998004 0.139341   0.27272727 0.27272727 0.         0.6931734
 0.86585366 0.76803701 0.58333333 0.         0.14599449 0.14685337
 0.27272727 0.27272727 0.         0.17629915 0.4950495  0.31979948
 0.58333333 0.         0.1399728  0.13976383 0.27272727 0.27272727
 0.         0.20417058 0.46604215 0.33129133]
deleted_not_scaled [7.000000e+00 0.000000e+00 3.093462e+03 7.849660e+05 1.280000e+03
 7.200000e+02 0.000000e+00 2.261000e+01 7.690000e-01 2.163100e+01
 7.000000e+00 0.000000e+00 3.085170e+03 7.840190e+05 1.280000e+03
 7.200000e+02 0.000000e+00 3.702500e+01 9.420000e-01 7.121700e+01
 7.000000e+00 0.000000e+00 3.081359e+03 7.842060e+05 1.280000e+03
 7.200000e+02 0.000000e+00 2.004200e+01 7.910000e-01 2.896200e+01
 7.000000e+00 0.000000e+00 3.075797e+03 7.839440e+05 1.280000e+03
 7.200000e+02 0.000000e+00 2.038000e+01 7.690000e-01 3.131200e+01
 8.500000e+01]
deleted_idx_col 965
query_origi 707
query_idx 787
deleted_scaled [0.41666667 0.         0.07723066 0.07739953 0.18181818 0.17171717
 0.         0.55843099 0.88139535 0.85380311 0.5        0.
 0.1079645  0.10704057 0.27272727 0.27272727 0.         0.45262846
 0.56829268 0.42710782 0.5        0.         0.11274983 0.11295863
 0.27272727 0.27272727 0.         0.22680781 0.11138614 0.36018021
 0.5        0.         0.10809861 0.10751068 0.27272727 0.27272727
 0.         0.24953845 0.15456674 0.32557795]
deleted_not_scaled [5.000000e+00 0.000000e+00 1.846783e+03 4.723150e+05 9.600000e+02
 5.200000e+02 0.000000e+00 3.968700e+01 9.490000e-01 8.239200e+01
 6.000000e+00 0.000000e+00 2.455474e+03 6.218490e+05 1.280000e+03
 7.200000e+02 0.000000e+00 2.890300e+01 8.200000e-01 3.960400e+01
 6.000000e+00 0.000000e+00 2.452849e+03 6.221040e+05 1.280000e+03
 7.200000e+02 0.000000e+00 2.187900e+01 6.360000e-01 3.261900e+01
 6.000000e+00 0.000000e+00 2.448539e+03 6.219290e+05 1.280000e+03
 7.200000e+02 0.000000e+00 2.187900e+01 6.360000e-01 3.077200e+01
 9.000000e+01]
deleted_idx_col 787
query_origi 731
query_idx 630
deleted_scaled [1.         0.         0.8275702  0.82674055 1.         1.
 1.         0.27228518 0.58372093 0.22115026 1.         0.
 0.90362401 0.90408065 1.         1.         1.         0.12287872
 0.36097561 0.11227703 1.         0.         0.85407914 0.86353009
 1.         1.         1.         0.22760517 0.58415842 0.0165741
 1.         0.         0.75991337 0.75383712 1.         1.
 1.         0.2296238  0.36065574 0.06032905]
deleted_not_scaled [1.2000000e+01 0.0000000e+00 1.6608215e+04 4.2350950e+06 3.8400000e+03
 2.1600000e+03 1.0000000e+00 2.6330000e+01 8.2100000e-01 2.1341000e+01
 1.2000000e+01 0.0000000e+00 1.8104861e+04 4.6235290e+06 3.8400000e+03
 2.1600000e+03 1.0000000e+00 1.7769000e+01 7.3500000e-01 1.0411000e+01
 1.2000000e+01 0.0000000e+00 1.6468117e+04 4.2117210e+06 3.8400000e+03
 2.1600000e+03 1.0000000e+00 2.1908000e+01 8.2700000e-01 1.5010000e+00
 1.2000000e+01 0.0000000e+00 1.5275719e+04 3.8685760e+06 3.8400000e+03
 2.1600000e+03 1.0000000e+00 2.1221000e+01 7.2400000e-01 5.7020000e+00
 2.8400000e+02]
deleted_idx_col 630
query_origi 731
query_idx 775
deleted_scaled [0.25       0.         0.02576206 0.02551772 0.05454545 0.05454545
 0.         0.24842006 0.73953488 0.12557513 0.33333333 0.
 0.04256803 0.0423933  0.09090909 0.09090909 0.         0.3805716
 0.76585366 0.25173091 0.33333333 0.         0.04485181 0.04512879
 0.09090909 0.09090909 0.         0.21710201 0.67574257 0.23368263
 0.33333333 0.         0.04284411 0.0428091  0.09090909 0.09090909
 0.         0.16385703 0.70725995 0.1507803 ]
deleted_not_scaled [3.000000e+00 0.000000e+00 8.342410e+02 2.117930e+05 5.120000e+02
 2.880000e+02 0.000000e+00 2.521600e+01 8.880000e-01 1.211800e+01
 4.000000e+00 0.000000e+00 1.169227e+03 2.972760e+05 6.400000e+02
 3.600000e+02 0.000000e+00 2.647000e+01 9.010000e-01 2.334200e+01
 4.000000e+00 0.000000e+00 1.169197e+03 2.977070e+05 6.400000e+02
 3.600000e+02 0.000000e+00 2.152600e+01 8.640000e-01 2.116300e+01
 4.000000e+00 0.000000e+00 1.164384e+03 2.969180e+05 6.400000e+02
 3.600000e+02 0.000000e+00 1.904800e+01 8.720000e-01 1.425100e+01
 1.680000e+02]
deleted_idx_col 775
query_origi 469
query_idx 478
deleted_scaled [0.         0.         0.00201637 0.00186301 0.         0.
 0.         0.39028257 0.98139535 0.15226943 0.         0.
 0.00177686 0.00172785 0.         0.         0.         0.68662817
 0.98292683 0.39396717 0.25       0.         0.02912509 0.02920787
 0.05454545 0.05454545 0.         0.5965906  0.98762376 0.40075969
 0.58333333 0.         0.14053655 0.14009628 0.27272727 0.27272727
 0.         1.         0.60421546 0.55613395]
deleted_not_scaled [0.000000e+00 0.000000e+00 3.670920e+02 9.301200e+04 3.200000e+02
 1.800000e+02 0.000000e+00 3.183800e+01 9.920000e-01 1.469400e+01
 0.000000e+00 0.000000e+00 3.669280e+02 9.310800e+04 3.200000e+02
 1.800000e+02 0.000000e+00 3.680400e+01 9.900000e-01 3.653100e+01
 3.000000e+00 0.000000e+00 8.718740e+02 2.215650e+05 5.120000e+02
 2.880000e+02 0.000000e+00 3.532800e+01 9.900000e-01 3.629400e+01
 7.000000e+00 0.000000e+00 3.086891e+03 7.856140e+05 1.280000e+03
 7.200000e+02 0.000000e+00 4.667500e+01 8.280000e-01 5.256300e+01
 1.000000e+00]
deleted_idx_col 478
query_origi 72
query_idx 114
deleted_scaled [0.33333333 0.61916709 0.04142316 0.04152126 0.09090909 0.09090909
 0.         0.42085306 0.78139535 0.61329534 0.33333333 0.43206846
 0.04270902 0.04230028 0.09090909 0.09090909 0.         0.14941507
 0.43414634 0.24284451 0.25       0.         0.02932112 0.02931326
 0.05454545 0.05454545 0.         0.71176794 0.92574257 0.63295165
 0.16666667 0.         0.01856338 0.01841604 0.05454545 0.05454545
 0.         0.26521594 0.75644028 0.19231868]
deleted_not_scaled [4.00000000e+00 2.90915077e+00 1.14234200e+03 2.92154000e+05
 6.40000000e+02 3.60000000e+02 0.00000000e+00 3.32650000e+01
 9.06000000e-01 5.91830000e+01 4.00000000e+00 1.41785357e+00
 1.17200000e+03 2.96809000e+05 6.40000000e+02 3.60000000e+02
 0.00000000e+00 1.86650000e+01 7.65000000e-01 2.25180000e+01
 3.00000000e+00 0.00000000e+00 8.75580000e+02 2.22069000e+05
 5.12000000e+02 2.88000000e+02 0.00000000e+00 3.95170000e+01
 9.65000000e-01 5.73220000e+01 2.00000000e+00 0.00000000e+00
 6.86559000e+02 1.74386000e+05 5.12000000e+02 2.88000000e+02
 0.00000000e+00 2.23970000e+01 8.93000000e-01 1.81770000e+01
 1.88000000e+02]
deleted_idx_col 114
query_origi 240
query_idx 997
deleted_scaled [0.         0.         0.0018717  0.00187356 0.         0.
 0.         0.36054757 0.71860465 0.0181658  0.5        0.
 0.10671219 0.10706905 0.27272727 0.27272727 0.         0.10250259
 0.12195122 0.35351466 0.         0.         0.00359936 0.00349419
 0.         0.         0.         0.08430025 0.27475248 0.02666652
 0.         0.         0.00135463 0.00127468 0.         0.
 0.         0.05871493 0.43793911 0.        ]
deleted_not_scaled [0.000000e+00 0.000000e+00 3.642460e+02 9.306500e+04 3.200000e+02
 1.800000e+02 0.000000e+00 3.045000e+01 8.790000e-01 1.753000e+00
 6.000000e+00 0.000000e+00 2.430843e+03 6.219920e+05 1.280000e+03
 7.200000e+02 0.000000e+00 1.708100e+01 6.370000e-01 3.278000e+01
 0.000000e+00 0.000000e+00 3.892950e+02 9.858900e+04 3.200000e+02
 1.800000e+02 0.000000e+00 1.669600e+01 7.020000e-01 2.415000e+00
 0.000000e+00 0.000000e+00 3.479050e+02 8.828100e+04 3.200000e+02
 1.800000e+02 0.000000e+00 1.557400e+01 7.570000e-01 0.000000e+00
 1.420000e+02]
deleted_idx_col 997
query_origi 279
query_idx 111
deleted_scaled [1.         0.07833125 0.83252841 0.83294155 1.         1.
 1.         0.24584931 0.78837209 0.07468394 1.         0.18551408
 0.78047011 0.78204529 1.         1.         1.         0.73490301
 0.80731707 0.79312167 1.         0.1099702  0.86740816 0.86826546
 1.         1.         1.         0.14162772 0.3960396  0.03271756
 1.         0.         0.86940528 0.86376975 1.         1.
 1.         0.97085439 0.96252927 0.94812464]
deleted_not_scaled [1.20000000e+01 3.68038646e-01 1.67057580e+04 4.26623300e+06
 3.84000000e+03 2.16000000e+03 1.00000000e+00 2.50960000e+01
 9.09000000e-01 7.20700000e+00 1.20000000e+01 6.08773441e-01
 1.56826150e+04 4.01082900e+06 3.84000000e+03 2.16000000e+03
 1.00000000e+00 3.84340000e+01 9.18000000e-01 7.35430000e+01
 1.20000000e+01 5.40630960e-01 1.67201100e+04 4.23436800e+06
 3.84000000e+03 2.16000000e+03 1.00000000e+00 1.87810000e+01
 7.51000000e-01 2.96300000e+00 1.20000000e+01 0.00000000e+00
 1.74304300e+04 4.42079300e+06 3.84000000e+03 2.16000000e+03
 1.00000000e+00 4.57120000e+01 9.81000000e-01 8.96120000e+01
 1.87000000e+02]
deleted_idx_col 111
query_origi 398
query_idx 677
deleted_scaled [0.33333333 0.         0.03758008 0.03759092 0.09090909 0.09090909
 0.         0.24492813 0.81162791 0.25013472 0.33333333 0.
 0.04120112 0.04137311 0.09090909 0.09090909 0.         0.58181549
 0.77804878 0.6382568  0.33333333 0.         0.04500008 0.04494103
 0.09090909 0.09090909 0.         0.13843827 0.43069307 0.24864459
 0.41666667 0.         0.0782589  0.07767889 0.18181818 0.17171717
 0.         0.85642081 0.94145199 0.82056816]
deleted_not_scaled [4.000000e+00 0.000000e+00 1.066737e+03 2.724180e+05 6.400000e+02
 3.600000e+02 0.000000e+00 2.505300e+01 9.190000e-01 2.413800e+01
 4.000000e+00 0.000000e+00 1.142342e+03 2.921540e+05 6.400000e+02
 3.600000e+02 0.000000e+00 3.326500e+01 9.060000e-01 5.918300e+01
 4.000000e+00 0.000000e+00 1.172000e+03 2.968090e+05 6.400000e+02
 3.600000e+02 0.000000e+00 1.866500e+01 7.650000e-01 2.251800e+01
 5.000000e+00 0.000000e+00 1.861318e+03 4.720770e+05 9.600000e+02
 5.200000e+02 0.000000e+00 4.193100e+01 9.720000e-01 7.755600e+01
 1.870000e+02]
deleted_idx_col 677
query_origi 912
query_idx 187
deleted_scaled [0.33333333 0.         0.04253001 0.04257235 0.09090909 0.09090909
 0.         0.06827481 0.55348837 0.23474611 0.33333333 0.
 0.04274877 0.04228136 0.09090909 0.09090909 0.         0.10273952
 0.57073171 0.17382395 0.25       0.94608443 0.02900232 0.02894818
 0.05454545 0.05454545 0.         0.27415452 0.75990099 0.22964124
 0.08333333 0.         0.0095161  0.00938798 0.01818182 0.01818182
 0.         0.12348295 0.64168618 0.        ]
deleted_not_scaled [4.00000000e+00 0.00000000e+00 1.16411700e+03 2.97432000e+05
 6.40000000e+02 3.60000000e+02 0.00000000e+00 1.68070000e+01
 8.08000000e-01 2.26530000e+01 4.00000000e+00 0.00000000e+00
 1.17278200e+03 2.96714000e+05 6.40000000e+02 3.60000000e+02
 0.00000000e+00 1.70890000e+01 8.21000000e-01 1.61180000e+01
 3.00000000e+00 4.65110132e+00 8.69553000e+02 2.20323000e+05
 5.12000000e+02 2.88000000e+02 0.00000000e+00 2.36010000e+01
 8.98000000e-01 2.07970000e+01 1.00000000e+00 0.00000000e+00
 5.08516000e+02 1.29036000e+05 3.84000000e+02 2.16000000e+02
 0.00000000e+00 1.77140000e+01 8.44000000e-01 0.00000000e+00
 2.25000000e+02]
deleted_idx_col 187
query_origi 213
query_idx 164
deleted_scaled [0.00000000e+00 9.92986457e-01 1.94459382e-03 1.86460012e-03
 0.00000000e+00 0.00000000e+00 0.00000000e+00 1.26309475e-01
 7.18604651e-01 7.70984456e-03 0.00000000e+00 0.00000000e+00
 1.72235256e-03 1.74657755e-03 0.00000000e+00 0.00000000e+00
 0.00000000e+00 2.22538131e-01 7.09756098e-01 5.50007549e-04
 0.00000000e+00 0.00000000e+00 2.27371904e-03 2.30987397e-03
 0.00000000e+00 0.00000000e+00 0.00000000e+00 1.73137201e-01
 6.58415842e-01 0.00000000e+00 0.00000000e+00 0.00000000e+00
 2.30492327e-03 2.34709493e-03 0.00000000e+00 0.00000000e+00
 0.00000000e+00 9.71520232e-02 5.73770492e-01 1.89387928e-03]
deleted_not_scaled [0.00000000e+00 4.66553756e+00 3.65680000e+02 9.30200000e+04
 3.20000000e+02 1.80000000e+02 0.00000000e+00 1.95160000e+01
 8.79000000e-01 7.44000000e-01 0.00000000e+00 0.00000000e+00
 3.65856000e+02 9.32020000e+04 3.20000000e+02 1.80000000e+02
 0.00000000e+00 2.11340000e+01 8.78000000e-01 5.10000000e-02
 0.00000000e+00 0.00000000e+00 3.64233000e+02 9.29250000e+04
 3.20000000e+02 1.80000000e+02 0.00000000e+00 1.99270000e+01
 8.57000000e-01 0.00000000e+00 0.00000000e+00 0.00000000e+00
 3.66606000e+02 9.36680000e+04 3.20000000e+02 1.80000000e+02
 0.00000000e+00 1.68440000e+01 8.15000000e-01 1.79000000e-01
 2.22000000e+02]
deleted_idx_col 164
query_origi 48
query_idx 913
deleted_scaled [0.33333333 0.         0.0427466  0.04241104 0.09090909 0.09090909
 0.         0.07894342 0.39302326 0.5138342  0.33333333 0.
 0.0424912  0.04231681 0.09090909 0.09090909 0.         0.05867022
 0.23414634 0.5580959  0.41666667 0.         0.08099351 0.08150717
 0.18181818 0.17171717 0.         0.04319494 0.16584158 0.12596756
 0.41666667 0.         0.07781549 0.07774538 0.18181818 0.17171717
 0.         0.06525226 0.19906323 0.12337724]
deleted_not_scaled [4.000000e+00 0.000000e+00 1.168378e+03 2.966220e+05 6.400000e+02
 3.600000e+02 0.000000e+00 1.730500e+01 7.390000e-01 4.958500e+01
 4.000000e+00 0.000000e+00 1.167716e+03 2.968920e+05 6.400000e+02
 3.600000e+02 0.000000e+00 1.560100e+01 6.830000e-01 5.175000e+01
 5.000000e+00 0.000000e+00 1.852477e+03 4.716870e+05 9.600000e+02
 5.200000e+02 0.000000e+00 1.520100e+01 6.580000e-01 1.140800e+01
 5.000000e+00 0.000000e+00 1.852592e+03 4.724110e+05 9.600000e+02
 5.200000e+02 0.000000e+00 1.579000e+01 6.550000e-01 1.166100e+01
 1.380000e+02]
deleted_idx_col 913
query_origi 150
query_idx 695
deleted_scaled [0.         0.         0.00208179 0.00191877 0.         0.
 0.         0.41404057 0.89767442 0.11804145 0.         0.01524078
 0.00198246 0.00192305 0.         0.         0.         0.49566119
 0.81219512 0.08899338 0.         0.38037985 0.00235343 0.00230423
 0.         0.         0.         0.51534232 0.98762376 0.
 0.         0.         0.00439454 0.0043474  0.         0.
 0.         0.58605974 0.8852459  0.01143734]
deleted_not_scaled [0.00000000e+00 0.00000000e+00 3.68379000e+02 9.32920000e+04
 3.20000000e+02 1.80000000e+02 0.00000000e+00 3.29470000e+01
 9.56000000e-01 1.13910000e+01 0.00000000e+00 5.00133462e-02
 3.70972000e+02 9.40880000e+04 3.20000000e+02 1.80000000e+02
 0.00000000e+00 3.03560000e+01 9.20000000e-01 8.25200000e+00
 0.00000000e+00 1.87000774e+00 3.65740000e+02 9.28980000e+04
 3.20000000e+02 1.80000000e+02 0.00000000e+00 3.23730000e+01
 9.90000000e-01 0.00000000e+00 0.00000000e+00 0.00000000e+00
 4.07728000e+02 1.03716000e+05 3.20000000e+02 1.80000000e+02
 0.00000000e+00 3.29980000e+01 9.48000000e-01 1.08100000e+00
 3.10000000e+01]
deleted_idx_col 695
query_origi 720
query_idx 139
deleted_scaled [0.         0.         0.00264571 0.0026578  0.         0.
 0.         0.25825318 0.71162791 0.         0.         0.
 0.00113415 0.00104488 0.         0.         0.         0.22188657
 0.58780488 0.         0.         1.         0.00271311 0.00262644
 0.         0.         0.         0.16442123 0.44059406 0.
 0.33333333 0.         0.04270036 0.04240538 0.09090909 0.09090909
 0.         0.51902182 0.76112412 0.34770142]
deleted_not_scaled [0.0000000e+00 0.0000000e+00 3.7947300e+02 9.7003000e+04 3.2000000e+02
 1.8000000e+02 0.0000000e+00 2.5675000e+01 8.7600000e-01 0.0000000e+00
 0.0000000e+00 0.0000000e+00 3.5428700e+02 8.9679000e+04 3.2000000e+02
 1.8000000e+02 0.0000000e+00 2.1112000e+01 8.2800000e-01 0.0000000e+00
 0.0000000e+00 4.9161588e+00 3.7254000e+02 9.4439000e+04 3.2000000e+02
 1.8000000e+02 0.0000000e+00 1.9610000e+01 7.6900000e-01 0.0000000e+00
 4.0000000e+00 0.0000000e+00 1.1615550e+03 2.9489000e+05 6.4000000e+02
 3.6000000e+02 0.0000000e+00 3.0783000e+01 8.9500000e-01 3.2863000e+01
 3.7000000e+01]
deleted_idx_col 139
query_origi 498
query_idx 918
deleted_scaled [0.91666667 0.         0.56860221 0.56343623 1.         1.
 0.         0.13254354 0.6        0.02491192 0.91666667 0.
 0.60949469 0.60491754 1.         1.         0.         0.90087369
 0.94390244 0.97746047 0.91666667 0.         0.58773088 0.58947181
 1.         1.         0.         0.26612593 0.6980198  0.01966587
 0.91666667 0.         0.53940098 0.5372349  1.         1.
 0.         0.35631488 0.71662763 0.1635825 ]
deleted_not_scaled [1.1000000e+01 0.0000000e+00 1.1513537e+04 2.9129250e+06 3.8400000e+03
 2.1600000e+03 0.0000000e+00 1.9807000e+01 8.2800000e-01 2.4040000e+00
 1.1000000e+01 0.0000000e+00 1.2319794e+04 3.1215280e+06 3.8400000e+03
 2.1600000e+03 0.0000000e+00 4.4038000e+01 9.7400000e-01 9.0636000e+01
 1.1000000e+01 0.0000000e+00 1.1432646e+04 2.9010340e+06 3.8400000e+03
 2.1600000e+03 0.0000000e+00 2.3309000e+01 8.7300000e-01 1.7810000e+00
 1.1000000e+01 0.0000000e+00 1.0936216e+04 2.7805330e+06 3.8400000e+03
 2.1600000e+03 0.0000000e+00 2.5407000e+01 8.7600000e-01 1.5461000e+01
 1.9600000e+02]
deleted_idx_col 918
query_origi 186
query_idx 104
deleted_scaled [0.41666667 0.96208746 0.07950545 0.07911377 0.18181818 0.17171717
 0.         0.21917779 0.62790698 0.31003109 0.25       0.04787334
 0.02987424 0.02981869 0.05454545 0.05454545 0.         0.54275137
 0.84634146 0.5697539  0.08333333 0.         0.00701189 0.00707662
 0.01818182 0.01818182 0.         0.35732747 0.76485149 0.00500204
 0.         0.         0.00211767 0.00215061 0.         0.
 0.         0.36463787 0.76346604 0.        ]
deleted_not_scaled [5.00000000e+00 4.52035891e+00 1.89153500e+03 4.80923000e+05
 9.60000000e+02 5.20000000e+02 0.00000000e+00 2.38510000e+01
 8.40000000e-01 2.99180000e+01 3.00000000e+00 1.57098684e-01
 9.19560000e+02 2.34143000e+05 5.12000000e+02 2.88000000e+02
 0.00000000e+00 3.19460000e+01 9.34000000e-01 5.28310000e+01
 1.00000000e+00 0.00000000e+00 4.53811000e+02 1.15722000e+05
 3.84000000e+02 2.16000000e+02 0.00000000e+00 2.66260000e+01
 9.00000000e-01 4.53000000e-01 0.00000000e+00 0.00000000e+00
 3.62921000e+02 9.26810000e+04 3.20000000e+02 1.80000000e+02
 0.00000000e+00 2.56820000e+01 8.96000000e-01 0.00000000e+00
 7.10000000e+01]
deleted_idx_col 104
query_origi 749
query_idx 806
deleted_scaled [8.33333333e-01 0.00000000e+00 4.01226442e-01 3.98351712e-01
 6.36363636e-01 6.36363636e-01 0.00000000e+00 9.93166092e-02
 2.20930233e-01 7.39067358e-02 8.33333333e-01 0.00000000e+00
 4.21274542e-01 4.18949560e-01 6.36363636e-01 6.36363636e-01
 0.00000000e+00 2.05242115e-01 5.41463415e-01 5.95517978e-02
 8.33333333e-01 0.00000000e+00 3.90025331e-01 3.91959707e-01
 6.36363636e-01 6.36363636e-01 0.00000000e+00 2.89166896e-01
 6.83168317e-01 1.41989554e-01 8.33333333e-01 0.00000000e+00
 3.72020430e-01 3.71274783e-01 6.36363636e-01 6.36363636e-01
 0.00000000e+00 1.78384431e-01 5.10538642e-01 6.77141195e-04]
deleted_not_scaled [1.000000e+01 0.000000e+00 8.220753e+03 2.083961e+06 2.560000e+03
 1.440000e+03 0.000000e+00 1.825600e+01 6.650000e-01 7.132000e+00
 1.000000e+01 0.000000e+00 8.617796e+03 2.187843e+06 2.560000e+03
 1.440000e+03 0.000000e+00 2.055000e+01 8.090000e-01 5.522000e+00
 1.000000e+01 0.000000e+00 7.694906e+03 1.956430e+06 2.560000e+03
 1.440000e+03 0.000000e+00 2.414700e+01 8.670000e-01 1.285900e+01
 1.000000e+01 0.000000e+00 7.642304e+03 1.946877e+06 2.560000e+03
 1.440000e+03 0.000000e+00 1.952800e+01 7.880000e-01 6.400000e-02
 2.500000e+02]
deleted_idx_col 806
query_origi 708
query_idx 338
deleted_scaled [0.83333333 0.         0.3896914  0.38908447 0.63636364 0.63636364
 0.         0.04560937 0.53255814 0.15702591 0.83333333 0.
 0.42206718 0.42210232 0.63636364 0.63636364 0.         0.08417
 0.49512195 0.09880724 0.83333333 0.         0.39213048 0.39629927
 0.63636364 0.63636364 0.         0.71190542 0.89851485 0.96950189
 0.83333333 0.         0.39739049 0.39396078 0.63636364 0.63636364
 0.         0.11301111 0.57845433 0.05894302]
deleted_not_scaled [1.000000e+01 0.000000e+00 7.993824e+03 2.037426e+06 2.560000e+03
 1.440000e+03 0.000000e+00 1.574900e+01 7.990000e-01 1.515300e+01
 1.000000e+01 0.000000e+00 8.633386e+03 2.203672e+06 2.560000e+03
 1.440000e+03 0.000000e+00 1.646200e+01 7.900000e-01 9.162000e+00
 1.000000e+01 0.000000e+00 7.734705e+03 1.977184e+06 2.560000e+03
 1.440000e+03 0.000000e+00 3.952200e+01 9.540000e-01 8.780100e+01
 1.000000e+01 0.000000e+00 8.141566e+03 2.060834e+06 2.560000e+03
 1.440000e+03 0.000000e+00 1.736800e+01 8.170000e-01 5.571000e+00
 2.460000e+02]
deleted_idx_col 338
query_origi 272
query_idx 204
deleted_scaled [0.00000000e+00 0.00000000e+00 1.83556115e-03 1.79211113e-03
 0.00000000e+00 0.00000000e+00 0.00000000e+00 1.49274835e-01
 5.00000000e-01 1.65803109e-04 0.00000000e+00 5.95621835e-01
 1.60216005e-03 1.67188642e-03 0.00000000e+00 0.00000000e+00
 0.00000000e+00 2.62698060e-01 5.92682927e-01 0.00000000e+00
 3.33333333e-01 0.00000000e+00 4.44986906e-02 4.50468289e-02
 9.09090909e-02 9.09090909e-02 0.00000000e+00 6.76409128e-01
 8.61386139e-01 7.70126873e-01 0.00000000e+00 0.00000000e+00
 3.05094013e-03 2.92301907e-03 0.00000000e+00 0.00000000e+00
 0.00000000e+00 4.16724675e-01 5.24590164e-01 6.66560863e-03]
deleted_not_scaled [0.00000000e+00 0.00000000e+00 3.63535000e+02 9.26560000e+04
 3.20000000e+02 1.80000000e+02 0.00000000e+00 2.05880000e+01
 7.85000000e-01 1.60000000e-02 0.00000000e+00 1.95456188e+00
 3.63492000e+02 9.28270000e+04 3.20000000e+02 1.80000000e+02
 0.00000000e+00 2.24900000e+01 8.30000000e-01 0.00000000e+00
 4.00000000e+00 0.00000000e+00 1.16252100e+03 2.97315000e+05
 6.40000000e+02 3.60000000e+02 0.00000000e+00 3.82310000e+01
 9.39000000e-01 6.97450000e+01 0.00000000e+00 0.00000000e+00
 3.81287000e+02 9.65610000e+04 3.20000000e+02 1.80000000e+02
 0.00000000e+00 2.74030000e+01 7.94000000e-01 6.30000000e-01
 8.80000000e+01]
deleted_idx_col 204
query_origi 86
query_idx 76
deleted_scaled [0.00000000e+00 1.32737025e-01 1.83708608e-03 1.82078809e-03
 0.00000000e+00 0.00000000e+00 0.00000000e+00 7.38447696e-02
 4.30232558e-01 1.67461140e-02 0.00000000e+00 1.30694056e-01
 1.92501218e-03 2.01327471e-03 0.00000000e+00 0.00000000e+00
 0.00000000e+00 4.55501259e-02 3.95121951e-01 1.72551388e-04
 0.00000000e+00 1.39289231e-01 2.31561141e-03 2.19947174e-03
 0.00000000e+00 0.00000000e+00 0.00000000e+00 3.29804784e-01
 6.78217822e-01 0.00000000e+00 0.00000000e+00 0.00000000e+00
 2.25487038e-03 2.15140415e-03 0.00000000e+00 0.00000000e+00
 0.00000000e+00 4.74955358e-01 6.74473068e-01 2.26736497e-02]
deleted_not_scaled [0.00000000e+00 6.23663668e-01 3.63565000e+02 9.28000000e+04
 3.20000000e+02 1.80000000e+02 0.00000000e+00 1.70670000e+01
 7.55000000e-01 1.61600000e+00 0.00000000e+00 4.28878870e-01
 3.69842000e+02 9.45410000e+04 3.20000000e+02 1.80000000e+02
 0.00000000e+00 1.51580000e+01 7.49000000e-01 1.60000000e-02
 0.00000000e+00 6.84767977e-01 3.65025000e+02 9.23970000e+04
 3.20000000e+02 1.80000000e+02 0.00000000e+00 2.56250000e+01
 8.65000000e-01 0.00000000e+00 0.00000000e+00 0.00000000e+00
 3.65621000e+02 9.26850000e+04 3.20000000e+02 1.80000000e+02
 0.00000000e+00 2.93270000e+01 8.58000000e-01 2.14300000e+00
 2.62000000e+02]
deleted_idx_col 76
query_origi 433
query_idx 251
deleted_scaled [0.66666667 0.26278744 0.20459978 0.20480351 0.45454545 0.45454545
 0.         0.08543456 0.24418605 0.27264249 0.66666667 0.
 0.20556468 0.20365226 0.45454545 0.45454545 0.         0.27415963
 0.49756098 0.25339171 0.58333333 0.08387504 0.14674549 0.14688076
 0.27272727 0.27272727 0.         0.17805884 0.3960396  0.00088336
 0.58333333 0.         0.14078351 0.13988089 0.27272727 0.27272727
 0.         0.38076935 0.56908665 0.08813416]
deleted_not_scaled [8.00000000e+00 1.23470434e+00 4.35251600e+03 1.11206800e+06
 1.92000000e+03 1.08000000e+03 0.00000000e+00 1.76080000e+01
 6.75000000e-01 2.63100000e+01 8.00000000e+00 0.00000000e+00
 4.37511800e+03 1.10690500e+06 1.92000000e+03 1.08000000e+03
 0.00000000e+00 2.28770000e+01 7.91000000e-01 2.34960000e+01
 7.00000000e+00 4.12343036e-01 3.09555700e+03 7.84337000e+05
 1.28000000e+03 7.20000000e+02 0.00000000e+00 2.01060000e+01
 7.51000000e-01 8.00000000e-02 7.00000000e+00 0.00000000e+00
 3.09175100e+03 7.84532000e+05 1.28000000e+03 7.20000000e+02
 0.00000000e+00 2.62150000e+01 8.13000000e-01 8.33000000e+00
 1.12000000e+02]
deleted_idx_col 251
query_origi 301
query_idx 745
deleted_scaled [0.16666667 0.         0.01817379 0.01817482 0.05454545 0.05454545
 0.         0.05392146 0.49767442 0.18127461 0.16666667 0.
 0.01764379 0.01777111 0.05454545 0.05454545 0.         0.6471198
 0.92195122 0.48558117 0.25       0.         0.02938612 0.0293097
 0.05454545 0.05454545 0.         0.53764091 0.90841584 0.48417124
 0.25       0.         0.02832354 0.02806262 0.05454545 0.05454545
 0.         0.49901637 0.81967213 0.20256044]
deleted_not_scaled [2.00000e+00 0.00000e+00 6.84957e+02 1.74921e+05 5.12000e+02 2.88000e+02
 0.00000e+00 1.61370e+01 7.84000e-01 1.74930e+01 2.00000e+00 0.00000e+00
 6.79006e+02 1.73656e+05 5.12000e+02 2.88000e+02 0.00000e+00 3.54700e+01
 9.65000e-01 4.50260e+01 3.00000e+00 0.00000e+00 8.76809e+02 2.22052e+05
 5.12000e+02 2.88000e+02 0.00000e+00 3.31840e+01 9.58000e-01 4.38480e+01
 3.00000e+00 0.00000e+00 8.78631e+02 2.22843e+05 5.12000e+02 2.88000e+02
 0.00000e+00 3.01220e+01 9.20000e-01 1.91450e+01 2.90000e+01]
deleted_idx_col 745
query_origi 852
query_idx 638
deleted_scaled [0.         0.         0.00177802 0.00159934 0.         0.
 0.         0.74395338 0.99302326 0.67647668 0.08333333 0.
 0.00881    0.0086815  0.01818182 0.01818182 0.         0.58394788
 0.99268293 0.16319048 0.25       0.         0.02925595 0.02927081
 0.05454545 0.05454545 0.         0.69477591 0.99009901 0.52422071
 0.33333333 0.         0.04297882 0.04274042 0.09090909 0.09090909
 0.         0.67858116 0.98594848 0.51712427]
deleted_not_scaled [0.000000e+00 0.000000e+00 3.624030e+02 9.168800e+04 3.200000e+02
 1.800000e+02 0.000000e+00 4.834700e+01 9.970000e-01 6.528000e+01
 1.000000e+00 0.000000e+00 5.052590e+02 1.280200e+05 3.840000e+02
 2.160000e+02 0.000000e+00 3.333700e+01 9.940000e-01 1.513200e+01
 3.000000e+00 0.000000e+00 8.743480e+02 2.218660e+05 5.120000e+02
 2.880000e+02 0.000000e+00 3.889900e+01 9.910000e-01 4.747500e+01
 4.000000e+00 0.000000e+00 1.167035e+03 2.965730e+05 6.400000e+02
 3.600000e+02 0.000000e+00 3.605500e+01 9.910000e-01 4.887600e+01
 0.000000e+00]
deleted_idx_col 638
query_origi 877
query_idx 167
deleted_scaled [0.41666667 0.06337857 0.07725928 0.0773822  0.18181818 0.17171717
 0.         0.21819233 0.73255814 0.18036269 0.41666667 0.90235882
 0.07788922 0.07715634 0.18181818 0.17171717 0.         0.24045609
 0.68292683 0.17633673 0.33333333 0.         0.04324652 0.04324506
 0.09090909 0.09090909 0.         0.2537256  0.68564356 0.16940693
 0.25       0.         0.02783083 0.02761629 0.05454545 0.05454545
 0.         0.59698556 0.90163934 0.48559488]
deleted_not_scaled [5.00000000e+00 2.97783617e-01 1.84734600e+03 4.72228000e+05
 9.60000000e+02 5.20000000e+02 0.00000000e+00 2.38050000e+01
 8.85000000e-01 1.74050000e+01 5.00000000e+00 2.96113414e+00
 1.86394000e+03 4.71810000e+05 9.60000000e+02 5.20000000e+02
 0.00000000e+00 2.17390000e+01 8.67000000e-01 1.63510000e+01
 4.00000000e+00 0.00000000e+00 1.13884800e+03 2.88698000e+05
 6.40000000e+02 3.60000000e+02 0.00000000e+00 2.28580000e+01
 8.68000000e-01 1.53420000e+01 3.00000000e+00 0.00000000e+00
 8.68935000e+02 2.20601000e+05 5.12000000e+02 2.88000000e+02
 0.00000000e+00 3.33590000e+01 9.55000000e-01 4.58960000e+01
 2.78000000e+02]
deleted_idx_col 167
query_origi 638
query_idx 183
deleted_scaled [2.50000000e-01 0.00000000e+00 3.24233164e-02 3.24075586e-02
 5.45454545e-02 5.45454545e-02 0.00000000e+00 1.76267701e-01
 6.16279070e-01 4.41378238e-01 1.66666667e-01 9.04023116e-01
 1.51458323e-02 1.52527269e-02 5.45454545e-02 5.45454545e-02
 0.00000000e+00 1.47519621e-01 6.60975610e-01 3.27502534e-01
 3.33333333e-01 1.64101163e-01 4.72354473e-02 4.71471896e-02
 9.09090909e-02 9.09090909e-02 0.00000000e+00 3.57437448e-04
 4.05940594e-01 5.70608306e-01 0.00000000e+00 0.00000000e+00
 2.89112656e-03 2.78326838e-03 0.00000000e+00 0.00000000e+00
 0.00000000e+00 2.28503980e-02 4.70725995e-01 1.68692800e-01]
deleted_not_scaled [3.00000000e+00 0.00000000e+00 9.65288000e+02 2.46390000e+05
 5.12000000e+02 2.88000000e+02 0.00000000e+00 2.18480000e+01
 8.35000000e-01 4.25930000e+01 2.00000000e+00 2.96659561e+00
 6.29875000e+02 1.61012000e+05 5.12000000e+02 2.88000000e+02
 0.00000000e+00 1.86010000e+01 8.58000000e-01 3.03680000e+01
 4.00000000e+00 8.06747378e-01 1.21426100e+03 3.07360000e+05
 6.40000000e+02 3.60000000e+02 0.00000000e+00 1.36430000e+01
 7.55000000e-01 5.16760000e+01 0.00000000e+00 0.00000000e+00
 3.78142000e+02 9.58590000e+04 3.20000000e+02 1.80000000e+02
 0.00000000e+00 1.43890000e+01 7.71000000e-01 1.59440000e+01
 2.32000000e+02]
deleted_idx_col 183
query_origi 587
query_idx 312
deleted_scaled [0.33333333 0.         0.04247389 0.04237141 0.09090909 0.09090909
 0.         0.14618994 0.47674419 0.29516062 0.33333333 0.83156016
 0.04217135 0.04225845 0.09090909 0.09090909 0.         0.2620465
 0.59512195 0.37342277 0.33333333 0.11874465 0.04449869 0.04504683
 0.09090909 0.09090909 0.         0.67640913 0.86138614 0.77012687
 0.25       0.         0.03006629 0.02972609 0.05454545 0.05454545
 0.         0.44556763 0.56440281 0.40759668]
deleted_not_scaled [4.00000000e+00 0.00000000e+00 1.16301300e+03 2.96423000e+05
 6.40000000e+02 3.60000000e+02 0.00000000e+00 2.04440000e+01
 7.75000000e-01 2.84830000e+01 4.00000000e+00 2.72880492e+00
 1.16142500e+03 2.96599000e+05 6.40000000e+02 3.60000000e+02
 0.00000000e+00 2.24680000e+01 8.31000000e-01 3.46260000e+01
 4.00000000e+00 5.83767579e-01 1.16252100e+03 2.97315000e+05
 6.40000000e+02 3.60000000e+02 0.00000000e+00 3.82310000e+01
 9.39000000e-01 6.97450000e+01 3.00000000e+00 0.00000000e+00
 9.12927000e+02 2.31199000e+05 5.12000000e+02 2.88000000e+02
 0.00000000e+00 2.83560000e+01 8.11000000e-01 3.85240000e+01
 8.80000000e+01]
deleted_idx_col 312
query_origi 244
query_idx 369
deleted_scaled [0.33333333 0.         0.03670807 0.03656174 0.09090909 0.09090909
 0.         0.32097946 0.77906977 0.4261658  0.33333333 0.
 0.04225082 0.04225108 0.09090909 0.09090909 0.         0.15717459
 0.54634146 0.26563208 0.33333333 0.         0.04446061 0.04491719
 0.09090909 0.09090909 0.         0.06846302 0.46782178 0.20586774
 0.41666667 0.         0.07695448 0.0771593  0.18181818 0.17171717
 0.         0.66804879 0.92740047 0.58610803]
deleted_not_scaled [4.000000e+00 0.000000e+00 1.049582e+03 2.672500e+05 6.400000e+02
 3.600000e+02 0.000000e+00 2.860300e+01 9.050000e-01 4.112500e+01
 4.000000e+00 0.000000e+00 1.162988e+03 2.965620e+05 6.400000e+02
 3.600000e+02 0.000000e+00 1.892700e+01 8.110000e-01 2.463100e+01
 4.000000e+00 0.000000e+00 1.161801e+03 2.966950e+05 6.400000e+02
 3.600000e+02 0.000000e+00 1.612000e+01 7.800000e-01 1.864400e+01
 5.000000e+00 0.000000e+00 1.835648e+03 4.694670e+05 9.600000e+02
 5.200000e+02 0.000000e+00 3.570700e+01 9.660000e-01 5.539600e+01
 2.700000e+01]
deleted_idx_col 369
query_origi 42
query_idx 608
deleted_scaled [4.16666667e-01 0.00000000e+00 7.85581134e-02 7.84498189e-02
 1.81818182e-01 1.71717172e-01 0.00000000e+00 5.34415904e-01
 9.00000000e-01 6.87502591e-01 0.00000000e+00 0.00000000e+00
 5.41832306e-04 6.11073091e-04 0.00000000e+00 0.00000000e+00
 0.00000000e+00 3.40411669e-01 8.26829268e-01 2.16444147e-02
 3.33333333e-01 0.00000000e+00 4.34313343e-02 4.39676889e-02
 9.09090909e-02 9.09090909e-02 0.00000000e+00 5.39868023e-01
 7.79702970e-01 6.53500878e-01 5.00000000e-01 0.00000000e+00
 1.08444407e-01 1.07488188e-01 2.72727273e-01 2.72727273e-01
 0.00000000e+00 1.53536515e-01 4.42622951e-01 2.56911601e-01]
deleted_not_scaled [5.000000e+00 0.000000e+00 1.872898e+03 4.775890e+05 9.600000e+02
 5.200000e+02 0.000000e+00 3.856600e+01 9.570000e-01 6.634400e+01
 0.000000e+00 0.000000e+00 3.426370e+02 8.750100e+04 3.200000e+02
 1.800000e+02 0.000000e+00 2.511400e+01 9.260000e-01 2.007000e+00
 4.000000e+00 0.000000e+00 1.142342e+03 2.921540e+05 6.400000e+02
 3.600000e+02 0.000000e+00 3.326500e+01 9.060000e-01 5.918300e+01
 6.000000e+00 0.000000e+00 2.455344e+03 6.218160e+05 1.280000e+03
 7.200000e+02 0.000000e+00 1.870700e+01 7.590000e-01 2.428200e+01
 1.860000e+02]
deleted_idx_col 608
query_origi 750
query_idx 900
deleted_scaled [0.         0.         0.0020671  0.00206912 0.         0.
 0.         0.26161657 0.68139535 0.00165803 0.33333333 0.
 0.04270998 0.04224292 0.09090909 0.09090909 0.         0.68556197
 0.8804878  0.52854647 0.         0.         0.0042215  0.00412754
 0.         0.         0.         0.4074512  0.72524752 0.
 0.41666667 0.         0.06795537 0.06748246 0.18181818 0.17171717
 0.         0.38546049 0.67915691 0.21048511]
deleted_not_scaled [0.000000e+00 0.000000e+00 3.680900e+02 9.404700e+04 3.200000e+02
 1.800000e+02 0.000000e+00 2.583200e+01 8.630000e-01 1.600000e-01
 4.000000e+00 0.000000e+00 1.172019e+03 2.965210e+05 6.400000e+02
 3.600000e+02 0.000000e+00 3.676800e+01 9.480000e-01 4.901000e+01
 0.000000e+00 0.000000e+00 4.010570e+02 1.016180e+05 3.200000e+02
 1.800000e+02 0.000000e+00 2.844900e+01 8.840000e-01 0.000000e+00
 5.000000e+00 0.000000e+00 1.658553e+03 4.208580e+05 9.600000e+02
 5.200000e+02 0.000000e+00 2.637000e+01 8.600000e-01 1.989400e+01
 6.700000e+01]
deleted_idx_col 900
query_origi 892
query_idx 635
deleted_scaled [8.33333333e-01 0.00000000e+00 3.71823254e-01 3.71052038e-01
 6.36363636e-01 6.36363636e-01 0.00000000e+00 1.26566550e-01
 5.06976744e-01 6.63212435e-04 8.33333333e-01 0.00000000e+00
 4.41746926e-01 4.41556276e-01 6.36363636e-01 6.36363636e-01
 0.00000000e+00 1.61617059e-01 3.51219512e-01 1.11834868e-02
 9.16666667e-01 0.00000000e+00 5.13786928e-01 5.18971202e-01
 1.00000000e+00 1.00000000e+00 0.00000000e+00 1.43497388e-01
 3.76237624e-01 3.85808774e-02 9.16666667e-01 0.00000000e+00
 5.66474365e-01 5.67911768e-01 1.00000000e+00 1.00000000e+00
 0.00000000e+00 2.57104809e-01 5.38641686e-01 9.15198646e-02]
deleted_not_scaled [1.0000000e+01 0.0000000e+00 7.6423040e+03 1.9468770e+06 2.5600000e+03
 1.4400000e+03 0.0000000e+00 1.9528000e+01 7.8800000e-01 6.4000000e-02
 1.0000000e+01 0.0000000e+00 9.0204560e+03 2.3013440e+06 2.5600000e+03
 1.4400000e+03 0.0000000e+00 1.9077000e+01 7.3100000e-01 1.0370000e+00
 1.1000000e+01 0.0000000e+00 1.0034692e+04 2.5638640e+06 3.8400000e+03
 2.1600000e+03 0.0000000e+00 1.8849000e+01 7.4300000e-01 3.4940000e+00
 1.1000000e+01 0.0000000e+00 1.1468998e+04 2.9346300e+06 3.8400000e+03
 2.1600000e+03 0.0000000e+00 2.2129000e+01 8.0000000e-01 8.6500000e+00
 2.5300000e+02]
deleted_idx_col 635
query_origi 228
query_idx 970
deleted_scaled [0.91666667 0.         0.56772151 0.56771448 1.         1.
 0.         0.35846955 0.65581395 0.62279793 0.91666667 0.
 0.5879631  0.58887668 1.         1.         0.         0.31357915
 0.36341463 0.32400837 0.91666667 0.         0.61312966 0.61339229
 1.         1.         0.         0.08427275 0.10148515 0.13308967
 0.91666667 0.         0.5718004  0.56777859 1.         1.
 0.         0.04088859 0.00468384 0.03432259]
deleted_not_scaled [1.1000000e+01 0.0000000e+00 1.1496211e+04 2.9344080e+06 3.8400000e+03
 2.1600000e+03 0.0000000e+00 3.0353000e+01 8.5200000e-01 6.0100000e+01
 1.1000000e+01 0.0000000e+00 1.1896301e+04 3.0409920e+06 3.8400000e+03
 2.1600000e+03 0.0000000e+00 2.4208000e+01 7.3600000e-01 3.0044000e+01
 1.1000000e+01 0.0000000e+00 1.1912825e+04 3.0154340e+06 3.8400000e+03
 2.1600000e+03 0.0000000e+00 1.6695000e+01 6.3200000e-01 1.2053000e+01
 1.1000000e+01 0.0000000e+00 1.1573810e+04 2.9339610e+06 3.8400000e+03
 2.1600000e+03 0.0000000e+00 1.4985000e+01 5.7200000e-01 3.2440000e+00
 2.1000000e+01]
deleted_idx_col 970
query_origi 310
query_idx 911
deleted_scaled [0.91666667 0.         0.56640402 0.56782461 1.         1.
 0.         0.20538143 0.63953488 0.08335751 0.91666667 0.
 0.57221788 0.56762834 1.         1.         0.         0.27478158
 0.44146341 0.01395509 0.91666667 0.         0.59461477 0.59637697
 1.         1.         0.         0.25243332 0.43316832 0.02043881
 1.         0.         0.83039161 0.82666395 1.         1.
 1.         0.47985836 0.70257611 0.27249643]
deleted_not_scaled [1.1000000e+01 0.0000000e+00 1.1470292e+04 2.9349610e+06 3.8400000e+03
 2.1600000e+03 0.0000000e+00 2.3207000e+01 8.4500000e-01 8.0440000e+00
 1.1000000e+01 0.0000000e+00 1.1586617e+04 2.9343110e+06 3.8400000e+03
 2.1600000e+03 0.0000000e+00 2.2898000e+01 7.6800000e-01 1.2940000e+00
 1.1000000e+01 0.0000000e+00 1.1562790e+04 2.9340580e+06 3.8400000e+03
 2.1600000e+03 0.0000000e+00 2.2811000e+01 7.6600000e-01 1.8510000e+00
 1.2000000e+01 0.0000000e+00 1.6662673e+04 4.2344020e+06 3.8400000e+03
 2.1600000e+03 1.0000000e+00 2.9489000e+01 8.7000000e-01 2.5755000e+01
 2.7100000e+02]
deleted_idx_col 911
query_origi 523
query_idx 956
deleted_scaled [0.91666667 0.         0.55408038 0.55491161 1.         1.
 0.         0.56423659 0.89767442 0.92324352 1.         0.
 0.79254346 0.78581789 1.         1.         1.         0.11091367
 0.55853659 0.06331557 0.91666667 0.         0.63165619 0.63289188
 1.         1.         0.         0.12719274 0.17821782 0.07808929
 0.91666667 0.         0.5727449  0.56958201 1.         1.
 0.         0.2093157  0.55503513 0.05887954]
deleted_not_scaled [1.1000000e+01 0.0000000e+00 1.1227849e+04 2.8701190e+06 3.8400000e+03
 2.1600000e+03 0.0000000e+00 3.9958000e+01 9.5600000e-01 8.9093000e+01
 1.2000000e+01 0.0000000e+00 1.5920079e+04 4.0297700e+06 3.8400000e+03
 2.1600000e+03 1.0000000e+00 1.7365000e+01 8.1600000e-01 5.8710000e+00
 1.1000000e+01 0.0000000e+00 1.2263080e+04 3.1086910e+06 3.8400000e+03
 2.1600000e+03 0.0000000e+00 1.8256000e+01 6.6300000e-01 7.0720000e+00
 1.1000000e+01 0.0000000e+00 1.1592397e+04 2.9430200e+06 3.8400000e+03
 2.1600000e+03 0.0000000e+00 2.0550000e+01 8.0700000e-01 5.5650000e+00
 2.4800000e+02]
deleted_idx_col 956
query_origi 34
query_idx 878
deleted_scaled [0.91666667 0.         0.56892733 0.56777323 1.         1.
 0.         0.1355856  0.16511628 0.08929534 0.91666667 0.
 0.56990799 0.5696468  1.         1.         0.         0.04042648
 0.16829268 0.12068891 0.91666667 0.         0.58842395 0.59435523
 1.         1.         0.         0.13244432 0.38366337 0.02228283
 0.91666667 0.         0.65514666 0.64923612 1.         1.
 0.         0.82833449 0.87587822 0.927165  ]
deleted_not_scaled [1.1000000e+01 0.0000000e+00 1.1519933e+04 2.9347030e+06 3.8400000e+03
 2.1600000e+03 0.0000000e+00 1.9949000e+01 6.4100000e-01 8.6170000e+00
 1.1000000e+01 0.0000000e+00 1.1541185e+04 2.9444450e+06 3.8400000e+03
 2.1600000e+03 0.0000000e+00 1.4985000e+01 6.5600000e-01 1.1191000e+01
 1.1000000e+01 0.0000000e+00 1.1445749e+04 2.9243890e+06 3.8400000e+03
 2.1600000e+03 0.0000000e+00 1.8447000e+01 7.4600000e-01 2.0180000e+00
 1.1000000e+01 0.0000000e+00 1.3213996e+04 3.3431410e+06 3.8400000e+03
 2.1600000e+03 0.0000000e+00 4.1003000e+01 9.4400000e-01 8.7631000e+01
 2.3800000e+02]
deleted_idx_col 878
query_origi 243
query_idx 491
deleted_scaled [1.         0.         0.82620533 0.82661529 1.         1.
 1.         0.16409949 0.53255814 0.02103627 0.91666667 0.
 0.56659217 0.56776139 1.         1.         0.         0.44664594
 0.71707317 0.15859629 0.91666667 0.         0.59595717 0.59651204
 1.         1.         0.         0.26035194 0.65841584 0.01328357
 0.91666667 0.         0.58097492 0.57718249 1.         1.
 0.         0.29660119 0.6440281  0.03345501]
deleted_not_scaled [1.2000000e+01 0.0000000e+00 1.6581364e+04 4.2344660e+06 3.8400000e+03
 2.1600000e+03 1.0000000e+00 2.1280000e+01 7.9900000e-01 2.0300000e+00
 1.1000000e+01 0.0000000e+00 1.1475968e+04 2.9349790e+06 3.8400000e+03
 2.1600000e+03 0.0000000e+00 2.8701000e+01 8.8100000e-01 1.4706000e+01
 1.1000000e+01 0.0000000e+00 1.1588169e+04 2.9347040e+06 3.8400000e+03
 2.1600000e+03 0.0000000e+00 2.3099000e+01 8.5700000e-01 1.2030000e+00
 1.1000000e+01 0.0000000e+00 1.1754357e+04 2.9811990e+06 3.8400000e+03
 2.1600000e+03 0.0000000e+00 2.3434000e+01 8.4500000e-01 3.1620000e+00
 4.4000000e+01]
deleted_idx_col 491
query_origi 553
query_idx 904
deleted_scaled [0.91666667 0.         0.56771912 0.56828443 1.         1.
 0.         0.13494291 0.52790698 0.02059067 0.91666667 0.
 0.57237336 0.56720549 1.         1.         0.         0.32714349
 0.54634146 0.04479865 1.         0.         0.86700315 0.86829683
 1.         1.         1.         0.24817157 0.47524752 0.01531531
 0.91666667 0.         0.57142986 0.56798622 1.         1.
 0.         0.2728731  0.45433255 0.02747712]
deleted_not_scaled [1.1000000e+01 0.0000000e+00 1.1496164e+04 2.9372700e+06 3.8400000e+03
 2.1600000e+03 0.0000000e+00 1.9919000e+01 7.9700000e-01 1.9870000e+00
 1.1000000e+01 0.0000000e+00 1.1589675e+04 2.9321880e+06 3.8400000e+03
 2.1600000e+03 0.0000000e+00 2.4666000e+01 8.1100000e-01 4.1540000e+00
 1.2000000e+01 0.0000000e+00 1.6712453e+04 4.2345180e+06 3.8400000e+03
 2.1600000e+03 1.0000000e+00 2.2656000e+01 7.8300000e-01 1.3870000e+00
 1.1000000e+01 0.0000000e+00 1.1566518e+04 2.9350040e+06 3.8400000e+03
 2.1600000e+03 0.0000000e+00 2.2650000e+01 7.6400000e-01 2.5970000e+00
 8.2000000e+01]
deleted_idx_col 904
query_origi 24
query_idx 463
deleted_scaled [1.         0.         0.83411185 0.82660971 1.         1.
 1.         0.23646608 0.55813953 0.04356477 0.91666667 0.
 0.57196982 0.56767057 1.         1.         0.         0.26779209
 0.4804878  0.01467765 1.         0.         0.86579768 0.86839803
 1.         1.         1.         0.24844652 0.42574257 0.02938286
 0.91666667 0.         0.57037356 0.5677981  1.         1.
 0.         0.71626161 0.88056206 0.68819764]
deleted_not_scaled [1.2000000e+01 0.0000000e+00 1.6736909e+04 4.2344380e+06 3.8400000e+03
 2.1600000e+03 1.0000000e+00 2.4658000e+01 8.1000000e-01 4.2040000e+00
 1.1000000e+01 0.0000000e+00 1.1581738e+04 2.9345230e+06 3.8400000e+03
 2.1600000e+03 0.0000000e+00 2.2662000e+01 7.8400000e-01 1.3610000e+00
 1.2000000e+01 0.0000000e+00 1.6689663e+04 4.2350020e+06 3.8400000e+03
 2.1600000e+03 1.0000000e+00 2.2666000e+01 7.6300000e-01 2.6610000e+00
 1.1000000e+01 0.0000000e+00 1.1545731e+04 2.9340590e+06 3.8400000e+03
 2.1600000e+03 0.0000000e+00 3.7300000e+01 9.4600000e-01 6.5045000e+01
 8.3000000e+01]
deleted_idx_col 463
query_origi 656
query_idx 971
deleted_scaled [0.91666667 0.         0.57153344 0.56951017 1.         1.
 0.         0.23526639 0.69534884 0.06897409 1.         0.
 0.89347191 0.89169526 1.         1.         1.         0.31186139
 0.66829268 0.05452624 1.         0.         0.80576449 0.81265138
 1.         1.         1.         0.42320594 0.74009901 0.12777845
 1.         0.         0.76634784 0.76712001 1.         1.
 1.         0.3713568  0.66276347 0.17403587]
deleted_not_scaled [1.1000000e+01 0.0000000e+00 1.1571203e+04 2.9434250e+06 3.8400000e+03
 2.1600000e+03 0.0000000e+00 2.4602000e+01 8.6900000e-01 6.6560000e+00
 1.2000000e+01 0.0000000e+00 1.7905185e+04 4.5613460e+06 3.8400000e+03
 2.1600000e+03 1.0000000e+00 2.4150000e+01 8.6100000e-01 5.0560000e+00
 1.2000000e+01 0.0000000e+00 1.5554700e+04 3.9683930e+06 3.8400000e+03
 2.1600000e+03 1.0000000e+00 2.9022000e+01 8.9000000e-01 1.1572000e+01
 1.2000000e+01 0.0000000e+00 1.5402344e+04 3.9352990e+06 3.8400000e+03
 2.1600000e+03 1.0000000e+00 2.5904000e+01 8.5300000e-01 1.6449000e+01
 6.4000000e+01]
deleted_idx_col 971
query_origi 228
query_idx 321
deleted_scaled [1.         0.03375549 0.82726094 0.82725813 1.         1.
 1.         0.35780544 0.65581395 0.62954404 1.         0.25879131
 0.86086248 0.86216039 1.         1.         1.         0.31298682
 0.35853659 0.32488191 1.         0.1888167  0.8814356  0.88186459
 1.         1.         1.         0.08405279 0.09653465 0.13379636
 1.         0.         0.83517672 0.82934291 1.         1.
 1.         0.040707   0.         0.03547585]
deleted_not_scaled [1.20000000e+01 1.58599869e-01 1.66021310e+04 4.23769400e+06
 3.84000000e+03 2.16000000e+03 1.00000000e+00 3.03220000e+01
 8.52000000e-01 6.07510000e+01 1.20000000e+01 8.49236209e-01
 1.72638080e+04 4.41306100e+06 3.84000000e+03 2.16000000e+03
 1.00000000e+00 2.41880000e+01 7.34000000e-01 3.01250000e+01
 1.20000000e+01 9.28252873e-01 1.69853070e+04 4.29940600e+06
 3.84000000e+03 2.16000000e+03 1.00000000e+00 1.66870000e+01
 6.30000000e-01 1.21170000e+01 1.20000000e+01 0.00000000e+00
 1.67568400e+04 4.24785900e+06 3.84000000e+03 2.16000000e+03
 1.00000000e+00 1.49790000e+01 5.70000000e-01 3.35300000e+00
 2.10000000e+01]
deleted_idx_col 321
query_origi 435
query_idx 143
deleted_scaled [1.00000000e+00 2.08096526e-01 8.20943503e-01 8.20530396e-01
 1.00000000e+00 1.00000000e+00 1.00000000e+00 1.51202896e-01
 6.23255814e-01 5.07772021e-04 1.00000000e+00 4.49408683e-01
 8.31558079e-01 8.32399263e-01 1.00000000e+00 1.00000000e+00
 1.00000000e+00 1.89930401e-01 6.46341463e-01 2.04904773e-04
 1.00000000e+00 4.60546018e-01 8.62479351e-01 8.62462028e-01
 1.00000000e+00 1.00000000e+00 1.00000000e+00 1.70030245e-01
 5.81683168e-01 2.67658978e-02 1.00000000e+00 0.00000000e+00
 8.90061578e-01 8.83406318e-01 1.00000000e+00 1.00000000e+00
 1.00000000e+00 9.39287552e-01 9.50819672e-01 9.72268952e-01]
deleted_not_scaled [1.20000000e+01 9.77739579e-01 1.64778480e+04 4.20391100e+06
 3.84000000e+03 2.16000000e+03 1.00000000e+00 2.06780000e+01
 8.38000000e-01 4.90000000e-02 1.20000000e+01 1.47475634e+00
 1.66874360e+04 4.26364000e+06 3.84000000e+03 2.16000000e+03
 1.00000000e+00 2.00330000e+01 8.52000000e-01 1.90000000e-02
 1.20000000e+01 2.26411736e+00 1.66269280e+04 4.20661300e+06
 3.84000000e+03 2.16000000e+03 1.00000000e+00 1.98140000e+01
 8.26000000e-01 2.42400000e+00 1.20000000e+01 0.00000000e+00
 1.78369290e+04 4.51943200e+06 3.84000000e+03 2.16000000e+03
 1.00000000e+00 4.46690000e+01 9.76000000e-01 9.18940000e+01
 1.94000000e+02]
deleted_idx_col 143
query_origi 48
query_idx 430
deleted_scaled [0.00000000e+00 0.00000000e+00 1.90077743e-03 1.85723173e-03
 0.00000000e+00 0.00000000e+00 0.00000000e+00 1.57522655e-01
 5.18604651e-01 2.48704663e-04 5.00000000e-01 0.00000000e+00
 1.11618218e-01 1.11672213e-01 2.72727273e-01 2.72727273e-01
 0.00000000e+00 1.36235747e-01 4.70731707e-01 3.25237797e-01
 8.33333333e-02 0.00000000e+00 9.22129381e-03 9.36850760e-03
 1.81818182e-02 1.81818182e-02 0.00000000e+00 1.96975529e-01
 2.45049505e-01 8.62272672e-02 5.00000000e-01 0.00000000e+00
 1.16118304e-01 1.15036915e-01 2.72727273e-01 2.72727273e-01
 0.00000000e+00 2.06198360e-01 4.77751756e-01 3.87303603e-01]
deleted_not_scaled [0.000000e+00 0.000000e+00 3.648180e+02 9.298300e+04 3.200000e+02
 1.800000e+02 0.000000e+00 2.097300e+01 7.930000e-01 2.400000e-02
 6.000000e+00 0.000000e+00 2.527337e+03 6.451030e+05 1.280000e+03
 7.200000e+02 0.000000e+00 1.822000e+01 7.800000e-01 3.015800e+01
 1.000000e+00 0.000000e+00 4.955810e+02 1.266830e+05 3.840000e+02
 2.160000e+02 0.000000e+00 2.079400e+01 6.900000e-01 7.809000e+00
 6.000000e+00 0.000000e+00 2.606360e+03 6.597350e+05 1.280000e+03
 7.200000e+02 0.000000e+00 2.044700e+01 7.740000e-01 3.660600e+01
 1.030000e+02]
deleted_idx_col 430
query_origi 840
query_idx 790
deleted_scaled [0.91666667 0.         0.61721756 0.61379677 1.         1.
 0.         0.13747081 0.61162791 0.0575544  0.91666667 0.
 0.57608982 0.57379265 1.         1.         0.         0.15006664
 0.56829268 0.05441839 0.91666667 0.         0.53215843 0.53562709
 1.         1.         0.         0.16708826 0.53217822 0.02454645
 0.91666667 0.         0.58054446 0.57996994 1.         1.
 0.         0.84731092 0.92271663 0.76615352]
deleted_not_scaled [1.1000000e+01 0.0000000e+00 1.2469947e+04 3.1658080e+06 3.8400000e+03
 2.1600000e+03 0.0000000e+00 2.0037000e+01 8.3300000e-01 5.5540000e+00
 1.1000000e+01 0.0000000e+00 1.1662772e+04 2.9652600e+06 3.8400000e+03
 2.1600000e+03 0.0000000e+00 1.8687000e+01 8.2000000e-01 5.0460000e+00
 1.1000000e+01 0.0000000e+00 1.0382016e+04 2.6435210e+06 3.8400000e+03
 2.1600000e+03 0.0000000e+00 1.9707000e+01 8.0600000e-01 2.2230000e+00
 1.1000000e+01 0.0000000e+00 1.1745886e+04 2.9952010e+06 3.8400000e+03
 2.1600000e+03 0.0000000e+00 4.1630000e+01 9.6400000e-01 7.2413000e+01
 1.8300000e+02]
deleted_idx_col 790
query_origi 195
query_idx 810
deleted_scaled [0.91666667 0.         0.56986191 0.56784432 1.         1.
 0.         0.31403843 0.81162791 0.35033161 0.91666667 0.
 0.56888437 0.56776319 1.         1.         0.         0.41688139
 0.78536585 0.24167979 0.91666667 0.         0.59114368 0.59650117
 1.         1.         0.         0.28715975 0.61633663 0.
 0.91666667 0.         0.5670036  0.56787096 1.         1.
 0.         0.33836748 0.67447307 0.        ]
deleted_not_scaled [1.1000000e+01 0.0000000e+00 1.1538319e+04 2.9350600e+06 3.8400000e+03
 2.1600000e+03 0.0000000e+00 2.8279000e+01 9.1900000e-01 3.3807000e+01
 1.1000000e+01 0.0000000e+00 1.1521052e+04 2.9349880e+06 3.8400000e+03
 2.1600000e+03 0.0000000e+00 2.7696000e+01 9.0900000e-01 2.2410000e+01
 1.1000000e+01 0.0000000e+00 1.1497167e+04 2.9346520e+06 3.8400000e+03
 2.1600000e+03 0.0000000e+00 2.4074000e+01 8.4000000e-01 0.0000000e+00
 1.1000000e+01 0.0000000e+00 1.1479413e+04 2.9344250e+06 3.8400000e+03
 2.1600000e+03 0.0000000e+00 2.4814000e+01 8.5800000e-01 0.0000000e+00
 4.9000000e+01]
deleted_idx_col 810
