query_origi 8
query_idx 12
deleted_scaled [1.66666667e-01 0.00000000e+00 1.81388678e-02 1.81228457e-02
 5.45454545e-02 5.45454545e-02 0.00000000e+00 5.45834315e-01
 8.81395349e-01 5.06466321e-01 8.33333333e-02 4.45394773e-01
 8.67475709e-03 8.77252386e-03 1.81818182e-02 1.81818182e-02
 0.00000000e+00 3.05641937e-01 7.53658537e-01 0.00000000e+00
 8.33333333e-02 0.00000000e+00 1.12787805e-02 1.11681894e-02
 1.81818182e-02 1.81818182e-02 0.00000000e+00 2.25570525e-01
 7.10396040e-01 0.00000000e+00 0.00000000e+00 0.00000000e+00
 1.92873890e-03 1.82750903e-03 0.00000000e+00 0.00000000e+00
 0.00000000e+00 2.79561757e-01 7.21311475e-01 2.11606623e-05]
deleted_not_scaled [2.00000000e+00 0.00000000e+00 6.84270000e+02 1.74660000e+05
 5.12000000e+02 2.88000000e+02 0.00000000e+00 3.90990000e+01
 9.49000000e-01 4.88740000e+01 1.00000000e+00 1.46158451e+00
 5.02599000e+02 1.28477000e+05 3.84000000e+02 2.16000000e+02
 0.00000000e+00 2.39400000e+01 8.96000000e-01 0.00000000e+00
 1.00000000e+00 0.00000000e+00 5.34479000e+02 1.35290000e+05
 3.84000000e+02 2.16000000e+02 0.00000000e+00 2.18340000e+01
 8.78000000e-01 0.00000000e+00 0.00000000e+00 0.00000000e+00
 3.59203000e+02 9.10580000e+04 3.20000000e+02 1.80000000e+02
 0.00000000e+00 2.28710000e+01 8.78000000e-01 2.00000000e-03
 2.77000000e+02]
deleted_idx_col 12
query_origi 634
query_idx 96
deleted_scaled [1.         0.06823407 0.83214581 0.82673936 1.         1.
 1.         0.31262452 0.58372093 0.07807254 1.         0.16071157
 0.83067575 0.82653571 1.         1.         1.         0.36306827
 0.48292683 0.00786187 1.         0.13351528 0.86354877 0.86831774
 1.         1.         1.         0.15515535 0.34405941 0.07892848
 1.         0.         0.8283464  0.82669601 1.         1.
 1.         0.25550074 0.54098361 0.13796752]
deleted_not_scaled [1.20000000e+01 3.20597144e-01 1.66982310e+04 4.23508900e+06
 3.84000000e+03 2.16000000e+03 1.00000000e+00 2.82130000e+01
 8.21000000e-01 7.53400000e+00 1.20000000e+01 5.27382807e-01
 1.66700820e+04 4.23420100e+06 3.84000000e+03 2.16000000e+03
 1.00000000e+00 2.58790000e+01 7.85000000e-01 7.29000000e-01
 1.20000000e+01 6.56382343e-01 1.66471460e+04 4.23461800e+06
 3.84000000e+03 2.16000000e+03 1.00000000e+00 1.92730000e+01
 7.30000000e-01 7.14800000e+00 1.20000000e+01 0.00000000e+00
 1.66224250e+04 4.23456300e+06 3.84000000e+03 2.16000000e+03
 1.00000000e+00 2.20760000e+01 8.01000000e-01 1.30400000e+01
 7.70000000e+01]
deleted_idx_col 96
query_origi 424
query_idx 447
deleted_scaled [0.41666667 0.         0.07626492 0.07624986 0.18181818 0.17171717
 0.         0.05998415 0.26976744 0.00592746 0.41666667 0.
 0.07720106 0.07739535 0.18181818 0.17171717 0.         0.18311861
 0.26829268 0.01847378 0.5        0.         0.11298563 0.11293814
 0.27272727 0.27272727 0.         0.10478416 0.43811881 0.22693595
 0.58333333 0.         0.14092483 0.13986735 0.27272727 0.27272727
 0.         0.20120456 0.70257611 0.13476168]
deleted_not_scaled [5.000000e+00 0.000000e+00 1.827784e+03 4.665420e+05 9.600000e+02
 5.200000e+02 0.000000e+00 1.642000e+01 6.860000e-01 5.720000e-01
 5.000000e+00 0.000000e+00 1.850405e+03 4.730100e+05 9.600000e+02
 5.200000e+02 0.000000e+00 1.980300e+01 6.970000e-01 1.713000e+00
 6.000000e+00 0.000000e+00 2.457307e+03 6.220060e+05 1.280000e+03
 7.200000e+02 0.000000e+00 1.744100e+01 7.680000e-01 2.055200e+01
 7.000000e+00 0.000000e+00 3.094532e+03 7.844640e+05 1.280000e+03
 7.200000e+02 0.000000e+00 2.028200e+01 8.700000e-01 1.273700e+01
 1.490000e+02]
deleted_idx_col 447
query_origi 830
query_idx 565
deleted_scaled [0.25       0.         0.03174126 0.03160699 0.05454545 0.05454545
 0.         0.12817327 0.60930233 0.16746114 0.16666667 0.
 0.01596186 0.01598948 0.05454545 0.05454545 0.         0.18122316
 0.60487805 0.19491836 0.25       0.         0.02733086 0.02764635
 0.05454545 0.05454545 0.         0.17970855 0.63118812 0.1939313
 0.25       0.         0.02889511 0.02902912 0.05454545 0.05454545
 0.         0.30292667 0.67213115 0.24516743]
deleted_not_scaled [3.00000e+00 0.00000e+00 9.51870e+02 2.42370e+05 5.12000e+02 2.88000e+02
 0.00000e+00 1.96030e+01 8.32000e-01 1.61600e+01 2.00000e+00 0.00000e+00
 6.45925e+02 1.64711e+05 5.12000e+02 2.88000e+02 0.00000e+00 1.97390e+01
 8.35000e-01 1.80740e+01 3.00000e+00 0.00000e+00 8.37953e+02 2.14097e+05
 5.12000e+02 2.88000e+02 0.00000e+00 2.01660e+01 8.46000e-01 1.75630e+01
 3.00000e+00 0.00000e+00 8.89879e+02 2.27698e+05 5.12000e+02 2.88000e+02
 0.00000e+00 2.36430e+01 8.57000e-01 2.31720e+01 2.68000e+02]
deleted_idx_col 565
query_origi 194
query_idx 519
deleted_scaled [0.5        0.         0.0916337  0.09183101 0.27272727 0.27272727
 0.         0.18554382 0.67674419 0.27235233 0.5        0.
 0.10792759 0.10700392 0.27272727 0.27272727 0.         0.16700726
 0.58292683 0.20474301 0.5        0.         0.11314966 0.11335946
 0.27272727 0.27272727 0.         0.11811933 0.53712871 0.25097446
 0.5        0.         0.10757425 0.10698891 0.27272727 0.27272727
 0.         0.45143912 0.78220141 0.49192192]
deleted_not_scaled [6.000000e+00 0.000000e+00 2.130134e+03 5.447820e+05 1.280000e+03
 7.200000e+02 0.000000e+00 2.228100e+01 8.610000e-01 2.628200e+01
 6.000000e+00 0.000000e+00 2.454748e+03 6.216650e+05 1.280000e+03
 7.200000e+02 0.000000e+00 1.925900e+01 8.260000e-01 1.898500e+01
 6.000000e+00 0.000000e+00 2.460408e+03 6.240210e+05 1.280000e+03
 7.200000e+02 0.000000e+00 1.792600e+01 8.080000e-01 2.272900e+01
 6.000000e+00 0.000000e+00 2.438220e+03 6.193080e+05 1.280000e+03
 7.200000e+02 0.000000e+00 2.855000e+01 9.040000e-01 4.649400e+01
 6.000000e+01]
deleted_idx_col 519
query_origi 90
query_idx 753
deleted_scaled [0.16666667 0.         0.01814822 0.01809815 0.05454545 0.05454545
 0.         0.0458236  0.21395349 0.38260104 0.16666667 0.
 0.01781152 0.01790516 0.05454545 0.05454545 0.         0.58735377
 0.78292683 0.51133447 0.25       0.1072546  0.02864079 0.02903704
 0.05454545 0.05454545 0.         0.09747044 0.13861386 0.3198326
 0.16666667 0.         0.02132192 0.0210504  0.05454545 0.05454545
 0.         0.08849611 0.26932084 0.28936148]
deleted_not_scaled [2.00000000e+00 0.00000000e+00 6.84454000e+02 1.74536000e+05
 5.12000000e+02 2.88000000e+02 0.00000000e+00 1.57590000e+01
 6.62000000e-01 3.69210000e+01 2.00000000e+00 0.00000000e+00
 6.82305000e+02 1.74329000e+05 5.12000000e+02 2.88000000e+02
 0.00000000e+00 3.34520000e+01 9.08000000e-01 4.74140000e+01
 3.00000000e+00 5.27280643e-01 8.62718000e+02 2.20748000e+05
 5.12000000e+02 2.88000000e+02 0.00000000e+00 1.71750000e+01
 6.47000000e-01 2.89650000e+01 2.00000000e+00 0.00000000e+00
 7.40845000e+02 1.87619000e+05 5.12000000e+02 2.88000000e+02
 0.00000000e+00 1.65580000e+01 6.85000000e-01 2.73490000e+01
 1.41000000e+02]
deleted_idx_col 753
query_origi 507
query_idx 520
deleted_scaled [0.16666667 0.         0.01820551 0.01812125 0.05454545 0.05454545
 0.         0.14927483 0.26976744 0.27471503 0.25       0.
 0.02923576 0.02927215 0.05454545 0.05454545 0.         0.04309196
 0.23170732 0.40155943 0.25       0.         0.02695838 0.02727019
 0.05454545 0.05454545 0.         0.13112455 0.43069307 0.19242958
 0.25       0.         0.03242193 0.03201545 0.05454545 0.05454545
 0.         0.68790291 0.82669789 0.58768449]
deleted_not_scaled [2.00000e+00 0.00000e+00 6.85581e+02 1.74652e+05 5.12000e+02 2.88000e+02
 0.00000e+00 2.05880e+01 6.86000e-01 2.65100e+01 3.00000e+00 0.00000e+00
 9.07002e+02 2.31399e+05 5.12000e+02 2.88000e+02 0.00000e+00 1.50750e+01
 6.82000e-01 3.72350e+01 3.00000e+00 0.00000e+00 8.30911e+02 2.12298e+05
 5.12000e+02 2.88000e+02 0.00000e+00 1.83990e+01 7.65000e-01 1.74270e+01
 3.00000e+00 0.00000e+00 9.59284e+02 2.42699e+05 5.12000e+02 2.88000e+02
 0.00000e+00 3.63630e+01 9.23000e-01 5.55450e+01 2.38000e+02]
deleted_idx_col 520
query_origi 939
query_idx 965
deleted_scaled [0.58333333 0.         0.1406007  0.13966259 0.27272727 0.27272727
 0.         0.19259196 0.4627907  0.22415544 0.58333333 0.
 0.13998004 0.139341   0.27272727 0.27272727 0.         0.6931734
 0.86585366 0.76803701 0.58333333 0.         0.14599449 0.14685337
 0.27272727 0.27272727 0.         0.17629915 0.4950495  0.31979948
 0.58333333 0.         0.1399728  0.13976383 0.27272727 0.27272727
 0.         0.20417058 0.46604215 0.33129133]
deleted_not_scaled [7.000000e+00 0.000000e+00 3.093462e+03 7.849660e+05 1.280000e+03
 7.200000e+02 0.000000e+00 2.261000e+01 7.690000e-01 2.163100e+01
 7.000000e+00 0.000000e+00 3.085170e+03 7.840190e+05 1.280000e+03
 7.200000e+02 0.000000e+00 3.702500e+01 9.420000e-01 7.121700e+01
 7.000000e+00 0.000000e+00 3.081359e+03 7.842060e+05 1.280000e+03
 7.200000e+02 0.000000e+00 2.004200e+01 7.910000e-01 2.896200e+01
 7.000000e+00 0.000000e+00 3.075797e+03 7.839440e+05 1.280000e+03
 7.200000e+02 0.000000e+00 2.038000e+01 7.690000e-01 3.131200e+01
 8.500000e+01]
deleted_idx_col 965
query_origi 707
query_idx 787
deleted_scaled [0.41666667 0.         0.07723066 0.07739953 0.18181818 0.17171717
 0.         0.55843099 0.88139535 0.85380311 0.5        0.
 0.1079645  0.10704057 0.27272727 0.27272727 0.         0.45262846
 0.56829268 0.42710782 0.5        0.         0.11274983 0.11295863
 0.27272727 0.27272727 0.         0.22680781 0.11138614 0.36018021
 0.5        0.         0.10809861 0.10751068 0.27272727 0.27272727
 0.         0.24953845 0.15456674 0.32557795]
deleted_not_scaled [5.000000e+00 0.000000e+00 1.846783e+03 4.723150e+05 9.600000e+02
 5.200000e+02 0.000000e+00 3.968700e+01 9.490000e-01 8.239200e+01
 6.000000e+00 0.000000e+00 2.455474e+03 6.218490e+05 1.280000e+03
 7.200000e+02 0.000000e+00 2.890300e+01 8.200000e-01 3.960400e+01
 6.000000e+00 0.000000e+00 2.452849e+03 6.221040e+05 1.280000e+03
 7.200000e+02 0.000000e+00 2.187900e+01 6.360000e-01 3.261900e+01
 6.000000e+00 0.000000e+00 2.448539e+03 6.219290e+05 1.280000e+03
 7.200000e+02 0.000000e+00 2.187900e+01 6.360000e-01 3.077200e+01
 9.000000e+01]
deleted_idx_col 787
query_origi 731
query_idx 630
deleted_scaled [1.         0.         0.8275702  0.82674055 1.         1.
 1.         0.27228518 0.58372093 0.22115026 1.         0.
 0.90362401 0.90408065 1.         1.         1.         0.12287872
 0.36097561 0.11227703 1.         0.         0.85407914 0.86353009
 1.         1.         1.         0.22760517 0.58415842 0.0165741
 1.         0.         0.75991337 0.75383712 1.         1.
 1.         0.2296238  0.36065574 0.06032905]
deleted_not_scaled [1.2000000e+01 0.0000000e+00 1.6608215e+04 4.2350950e+06 3.8400000e+03
 2.1600000e+03 1.0000000e+00 2.6330000e+01 8.2100000e-01 2.1341000e+01
 1.2000000e+01 0.0000000e+00 1.8104861e+04 4.6235290e+06 3.8400000e+03
 2.1600000e+03 1.0000000e+00 1.7769000e+01 7.3500000e-01 1.0411000e+01
 1.2000000e+01 0.0000000e+00 1.6468117e+04 4.2117210e+06 3.8400000e+03
 2.1600000e+03 1.0000000e+00 2.1908000e+01 8.2700000e-01 1.5010000e+00
 1.2000000e+01 0.0000000e+00 1.5275719e+04 3.8685760e+06 3.8400000e+03
 2.1600000e+03 1.0000000e+00 2.1221000e+01 7.2400000e-01 5.7020000e+00
 2.8400000e+02]
deleted_idx_col 630
query_origi 731
query_idx 775
deleted_scaled [0.25       0.         0.02576206 0.02551772 0.05454545 0.05454545
 0.         0.24842006 0.73953488 0.12557513 0.33333333 0.
 0.04256803 0.0423933  0.09090909 0.09090909 0.         0.3805716
 0.76585366 0.25173091 0.33333333 0.         0.04485181 0.04512879
 0.09090909 0.09090909 0.         0.21710201 0.67574257 0.23368263
 0.33333333 0.         0.04284411 0.0428091  0.09090909 0.09090909
 0.         0.16385703 0.70725995 0.1507803 ]
deleted_not_scaled [3.000000e+00 0.000000e+00 8.342410e+02 2.117930e+05 5.120000e+02
 2.880000e+02 0.000000e+00 2.521600e+01 8.880000e-01 1.211800e+01
 4.000000e+00 0.000000e+00 1.169227e+03 2.972760e+05 6.400000e+02
 3.600000e+02 0.000000e+00 2.647000e+01 9.010000e-01 2.334200e+01
 4.000000e+00 0.000000e+00 1.169197e+03 2.977070e+05 6.400000e+02
 3.600000e+02 0.000000e+00 2.152600e+01 8.640000e-01 2.116300e+01
 4.000000e+00 0.000000e+00 1.164384e+03 2.969180e+05 6.400000e+02
 3.600000e+02 0.000000e+00 1.904800e+01 8.720000e-01 1.425100e+01
 1.680000e+02]
deleted_idx_col 775
query_origi 34
query_idx 878
deleted_scaled [0.91666667 0.         0.56892733 0.56777323 1.         1.
 0.         0.1355856  0.16511628 0.08929534 0.91666667 0.
 0.56990799 0.5696468  1.         1.         0.         0.04042648
 0.16829268 0.12068891 0.91666667 0.         0.58842395 0.59435523
 1.         1.         0.         0.13244432 0.38366337 0.02228283
 0.91666667 0.         0.65514666 0.64923612 1.         1.
 0.         0.82833449 0.87587822 0.927165  ]
deleted_not_scaled [1.1000000e+01 0.0000000e+00 1.1519933e+04 2.9347030e+06 3.8400000e+03
 2.1600000e+03 0.0000000e+00 1.9949000e+01 6.4100000e-01 8.6170000e+00
 1.1000000e+01 0.0000000e+00 1.1541185e+04 2.9444450e+06 3.8400000e+03
 2.1600000e+03 0.0000000e+00 1.4985000e+01 6.5600000e-01 1.1191000e+01
 1.1000000e+01 0.0000000e+00 1.1445749e+04 2.9243890e+06 3.8400000e+03
 2.1600000e+03 0.0000000e+00 1.8447000e+01 7.4600000e-01 2.0180000e+00
 1.1000000e+01 0.0000000e+00 1.3213996e+04 3.3431410e+06 3.8400000e+03
 2.1600000e+03 0.0000000e+00 4.1003000e+01 9.4400000e-01 8.7631000e+01
 2.3800000e+02]
deleted_idx_col 878
query_origi 381
query_idx 273
deleted_scaled [1.         0.13586465 0.78359664 0.78124176 1.         1.
 1.         0.56667881 0.84883721 0.92832124 1.         0.14825281
 0.8156376  0.81442579 1.         1.         1.         0.2046794
 0.42926829 0.01231586 1.         0.03180562 0.92292269 0.93127294
 1.         1.         1.         0.12521309 0.44306931 0.06106246
 1.         0.         0.76560512 0.76675948 1.         1.
 1.         0.20250598 0.19672131 0.17704068]
deleted_not_scaled [1.20000000e+01 6.38358794e-01 1.57431230e+04 4.00662500e+06
 3.84000000e+03 2.16000000e+03 1.00000000e+00 4.00720000e+01
 9.35000000e-01 8.95830000e+01 1.20000000e+01 4.86498784e-01
 1.63743050e+04 4.17340100e+06 3.84000000e+03 2.16000000e+03
 1.00000000e+00 2.05310000e+01 7.63000000e-01 1.14200000e+00
 1.20000000e+01 1.56361491e-01 1.77696450e+04 4.53570200e+06
 3.84000000e+03 2.16000000e+03 1.00000000e+00 1.81840000e+01
 7.70000000e-01 5.53000000e+00 1.20000000e+01 0.00000000e+00
 1.53877280e+04 3.93348800e+06 3.84000000e+03 2.16000000e+03
 1.00000000e+00 2.03250000e+01 6.54000000e-01 1.67330000e+01
 1.02000000e+02]
deleted_idx_col 273
query_origi 457
query_idx 400
deleted_scaled [0.91666667 0.         0.57502762 0.57241292 1.         1.
 0.         0.03530496 0.50697674 0.04557513 0.91666667 0.
 0.60309912 0.6013017  1.         1.         0.         0.07792092
 0.39756098 0.05187326 0.91666667 0.         0.53765601 0.54170883
 1.         1.         0.         0.26307396 0.32673267 0.1546106
 1.         0.         0.91107602 0.91107815 1.         1.
 1.         0.31815018 0.73302108 0.38911284]
deleted_not_scaled [1.1000000e+01 0.0000000e+00 1.1639944e+04 2.9580010e+06 3.8400000e+03
 2.1600000e+03 0.0000000e+00 1.5268000e+01 7.8800000e-01 4.3980000e+00
 1.1000000e+01 0.0000000e+00 1.2194003e+04 3.1033740e+06 3.8400000e+03
 2.1600000e+03 0.0000000e+00 1.6251000e+01 7.5000000e-01 4.8100000e+00
 1.1000000e+01 0.0000000e+00 1.0485951e+04 2.6726070e+06 3.8400000e+03
 2.1600000e+03 0.0000000e+00 2.3198000e+01 7.2300000e-01 1.4002000e+01
 1.2000000e+01 0.0000000e+00 1.8250476e+04 4.6584340e+06 3.8400000e+03
 2.1600000e+03 1.0000000e+00 2.4146000e+01 8.8300000e-01 3.6777000e+01
 2.2900000e+02]
deleted_idx_col 400
query_origi 571
query_idx 904
deleted_scaled [0.91666667 0.         0.56771912 0.56828443 1.         1.
 0.         0.13494291 0.52790698 0.02059067 0.91666667 0.
 0.57237336 0.56720549 1.         1.         0.         0.32714349
 0.54634146 0.04479865 1.         0.         0.86700315 0.86829683
 1.         1.         1.         0.24817157 0.47524752 0.01531531
 0.91666667 0.         0.57142986 0.56798622 1.         1.
 0.         0.2728731  0.45433255 0.02747712]
deleted_not_scaled [1.1000000e+01 0.0000000e+00 1.1496164e+04 2.9372700e+06 3.8400000e+03
 2.1600000e+03 0.0000000e+00 1.9919000e+01 7.9700000e-01 1.9870000e+00
 1.1000000e+01 0.0000000e+00 1.1589675e+04 2.9321880e+06 3.8400000e+03
 2.1600000e+03 0.0000000e+00 2.4666000e+01 8.1100000e-01 4.1540000e+00
 1.2000000e+01 0.0000000e+00 1.6712453e+04 4.2345180e+06 3.8400000e+03
 2.1600000e+03 1.0000000e+00 2.2656000e+01 7.8300000e-01 1.3870000e+00
 1.1000000e+01 0.0000000e+00 1.1566518e+04 2.9350040e+06 3.8400000e+03
 2.1600000e+03 0.0000000e+00 2.2650000e+01 7.6400000e-01 2.5970000e+00
 8.2000000e+01]
deleted_idx_col 904
query_origi 43
query_idx 863
deleted_scaled [1.         0.         0.82340708 0.82093586 1.         1.
 1.         0.1952484  0.44418605 0.11318135 1.         0.
 0.82168724 0.82046621 1.         1.         1.         0.24398045
 0.27804878 0.0834286  1.         0.         0.93754144 0.94602355
 1.         1.         1.         0.47159747 0.70792079 0.47770061
 0.91666667 0.         0.52203562 0.52283799 1.         1.
 0.         0.38137466 0.56206089 0.12170555]
deleted_not_scaled [1.2000000e+01 0.0000000e+00 1.6526314e+04 4.2059470e+06 3.8400000e+03
 2.1600000e+03 1.0000000e+00 2.2734000e+01 7.6100000e-01 1.0922000e+01
 1.2000000e+01 0.0000000e+00 1.6493292e+04 4.2037280e+06 3.8400000e+03
 2.1600000e+03 1.0000000e+00 2.1858000e+01 7.0100000e-01 7.7360000e+00
 1.2000000e+01 0.0000000e+00 1.8046021e+04 4.6062470e+06 3.8400000e+03
 2.1600000e+03 1.0000000e+00 3.0782000e+01 8.7700000e-01 4.3262000e+01
 1.1000000e+01 0.0000000e+00 1.0594480e+04 2.7082140e+06 3.8400000e+03
 2.1600000e+03 0.0000000e+00 2.6235000e+01 8.1000000e-01 1.1503000e+01
 1.1700000e+02]
deleted_idx_col 863
query_origi 676
query_idx 971
deleted_scaled [0.91666667 0.         0.57153344 0.56951017 1.         1.
 0.         0.23526639 0.69534884 0.06897409 1.         0.
 0.89347191 0.89169526 1.         1.         1.         0.31186139
 0.66829268 0.05452624 1.         0.         0.80576449 0.81265138
 1.         1.         1.         0.42320594 0.74009901 0.12777845
 1.         0.         0.76634784 0.76712001 1.         1.
 1.         0.3713568  0.66276347 0.17403587]
deleted_not_scaled [1.1000000e+01 0.0000000e+00 1.1571203e+04 2.9434250e+06 3.8400000e+03
 2.1600000e+03 0.0000000e+00 2.4602000e+01 8.6900000e-01 6.6560000e+00
 1.2000000e+01 0.0000000e+00 1.7905185e+04 4.5613460e+06 3.8400000e+03
 2.1600000e+03 1.0000000e+00 2.4150000e+01 8.6100000e-01 5.0560000e+00
 1.2000000e+01 0.0000000e+00 1.5554700e+04 3.9683930e+06 3.8400000e+03
 2.1600000e+03 1.0000000e+00 2.9022000e+01 8.9000000e-01 1.1572000e+01
 1.2000000e+01 0.0000000e+00 1.5402344e+04 3.9352990e+06 3.8400000e+03
 2.1600000e+03 1.0000000e+00 2.5904000e+01 8.5300000e-01 1.6449000e+01
 6.4000000e+01]
deleted_idx_col 971
query_origi 448
query_idx 737
deleted_scaled [1.         0.         0.80946818 0.80380117 1.         1.
 1.         0.19940444 0.66976744 0.03418653 0.91666667 0.
 0.57094706 0.56780681 1.         1.         0.         0.58963424
 0.9097561  0.51528158 1.         0.         0.86394278 0.86827864
 1.         1.         1.         0.22708276 0.35643564 0.06525844
 0.91666667 0.         0.56931249 0.56788887 1.         1.
 0.         0.22441815 0.31147541 0.04756917]
deleted_not_scaled [1.2000000e+01 0.0000000e+00 1.6252094e+04 4.1199060e+06 3.8400000e+03
 2.1600000e+03 1.0000000e+00 2.2928000e+01 8.5800000e-01 3.2990000e+00
 1.1000000e+01 0.0000000e+00 1.1561622e+04 2.9352070e+06 3.8400000e+03
 2.1600000e+03 0.0000000e+00 3.3529000e+01 9.6000000e-01 4.7780000e+01
 1.2000000e+01 0.0000000e+00 1.6654595e+04 4.2344310e+06 3.8400000e+03
 2.1600000e+03 1.0000000e+00 2.1889000e+01 7.3500000e-01 5.9100000e+00
 1.1000000e+01 0.0000000e+00 1.1524850e+04 2.9345150e+06 3.8400000e+03
 2.1600000e+03 0.0000000e+00 2.1049000e+01 7.0300000e-01 4.4960000e+00
 2.8000000e+02]
deleted_idx_col 737
query_origi 592
query_idx 512
deleted_scaled [1.         0.         0.82901309 0.82652548 1.         1.
 1.         0.19274192 0.41395349 0.1333057  0.91666667 0.
 0.568473   0.5676393  1.         1.         0.         0.75205094
 0.86097561 0.90601342 0.91666667 0.         0.59103572 0.59639223
 1.         1.         0.         0.12930987 0.20792079 0.11357839
 1.         0.         0.8818089  0.8831312  1.         1.
 1.         0.05456857 0.16627635 0.16620642]
deleted_not_scaled [1.2000000e+01 0.0000000e+00 1.6636601e+04 4.2340150e+06 3.8400000e+03
 2.1600000e+03 1.0000000e+00 2.2617000e+01 7.4800000e-01 1.2864000e+01
 1.1000000e+01 0.0000000e+00 1.1512961e+04 2.9343660e+06 3.8400000e+03
 2.1600000e+03 0.0000000e+00 3.9013000e+01 9.4000000e-01 8.4011000e+01
 1.1000000e+01 0.0000000e+00 1.1495126e+04 2.9341310e+06 3.8400000e+03
 2.1600000e+03 0.0000000e+00 1.8333000e+01 6.7500000e-01 1.0286000e+01
 1.2000000e+01 0.0000000e+00 1.7674523e+04 4.5180500e+06 3.8400000e+03
 2.1600000e+03 1.0000000e+00 1.5437000e+01 6.4100000e-01 1.5709000e+01
 1.3200000e+02]
deleted_idx_col 512
query_origi 817
query_idx 133
deleted_scaled [1.         0.06425106 0.83882684 0.83840531 1.         1.
 1.         0.02911373 0.18837209 0.11798964 1.         0.24353603
 0.81394855 0.81477355 1.         1.         1.         0.14337332
 0.3804878  0.02266894 1.         0.02986542 1.         1.
 1.         1.         1.         0.77165246 0.88366337 1.
 1.         0.         0.8058257  0.79979121 1.         1.
 1.         0.08680125 0.52459016 0.11470137]
deleted_not_scaled [1.20000000e+01 3.01883015e-01 1.68296670e+04 4.29366900e+06
 3.84000000e+03 2.16000000e+03 1.00000000e+00 1.49790000e+01
 6.51000000e-01 1.13860000e+01 1.20000000e+01 7.99175276e-01
 1.63410840e+04 4.17514700e+06 3.84000000e+03 2.16000000e+03
 1.00000000e+00 1.84610000e+01 7.43000000e-01 2.10200000e+00
 1.20000000e+01 1.46823144e-01 1.92268370e+04 4.86439000e+06
 3.84000000e+03 2.16000000e+03 1.00000000e+00 4.16950000e+01
 9.48000000e-01 9.05630000e+01 1.20000000e+01 0.00000000e+00
 1.61792360e+04 4.09941400e+06 3.84000000e+03 2.16000000e+03
 1.00000000e+00 1.65020000e+01 7.94000000e-01 1.08410000e+01
 2.39000000e+02]
deleted_idx_col 133
query_origi 592
query_idx 533
deleted_scaled [1.         0.         0.76665657 0.76818717 1.         1.
 1.         0.18922856 0.72790698 0.00740933 0.91666667 0.
 0.54689285 0.54250324 1.         1.         0.         0.16845846
 0.28536585 0.03594461 0.91666667 0.         0.59503549 0.59649657
 1.         1.         0.         0.22449821 0.69554455 0.46112651
 1.         0.         0.91607831 0.91151432 1.         1.
 1.         0.45255894 0.79859485 0.24036396]
deleted_not_scaled [1.2000000e+01 0.0000000e+00 1.5409861e+04 3.9410720e+06 3.8400000e+03
 2.1600000e+03 1.0000000e+00 2.2453000e+01 8.8300000e-01 7.1500000e-01
 1.1000000e+01 0.0000000e+00 1.1088513e+04 2.8081660e+06 3.8400000e+03
 2.1600000e+03 0.0000000e+00 1.9308000e+01 7.0400000e-01 3.3330000e+00
 1.1000000e+01 0.0000000e+00 1.1570744e+04 2.9346300e+06 3.8400000e+03
 2.1600000e+03 0.0000000e+00 2.1795000e+01 8.7200000e-01 4.1761000e+01
 1.2000000e+01 0.0000000e+00 1.8348917e+04 4.6606250e+06 3.8400000e+03
 2.1600000e+03 1.0000000e+00 2.8587000e+01 9.1100000e-01 2.2718000e+01
 1.7300000e+02]
deleted_idx_col 533
query_origi 143
query_idx 52
deleted_scaled [1.00000000e+00 1.33997678e-01 8.20943503e-01 8.20530396e-01
 1.00000000e+00 1.00000000e+00 1.00000000e+00 1.51202896e-01
 6.23255814e-01 5.07772021e-04 1.00000000e+00 1.71989494e-01
 8.31558079e-01 8.32399263e-01 1.00000000e+00 1.00000000e+00
 1.00000000e+00 1.89930401e-01 6.46341463e-01 2.04904773e-04
 1.00000000e+00 1.81686901e-01 8.62479351e-01 8.62462028e-01
 1.00000000e+00 1.00000000e+00 1.00000000e+00 1.70030245e-01
 5.81683168e-01 2.67658978e-02 1.00000000e+00 0.00000000e+00
 8.90061578e-01 8.83406318e-01 1.00000000e+00 1.00000000e+00
 1.00000000e+00 9.39287552e-01 9.50819672e-01 9.72268952e-01]
deleted_not_scaled [1.20000000e+01 6.29586836e-01 1.64778480e+04 4.20391100e+06
 3.84000000e+03 2.16000000e+03 1.00000000e+00 2.06780000e+01
 8.38000000e-01 4.90000000e-02 1.20000000e+01 5.64391847e-01
 1.66874360e+04 4.26364000e+06 3.84000000e+03 2.16000000e+03
 1.00000000e+00 2.00330000e+01 8.52000000e-01 1.90000000e-02
 1.20000000e+01 8.93201655e-01 1.66269280e+04 4.20661300e+06
 3.84000000e+03 2.16000000e+03 1.00000000e+00 1.98140000e+01
 8.26000000e-01 2.42400000e+00 1.20000000e+01 0.00000000e+00
 1.78369290e+04 4.51943200e+06 3.84000000e+03 2.16000000e+03
 1.00000000e+00 4.46690000e+01 9.76000000e-01 9.18940000e+01
 1.94000000e+02]
deleted_idx_col 52
query_origi 69
query_idx 153
deleted_scaled [1.         0.17798595 0.81640739 0.81110085 1.         1.
 1.         0.05411427 0.43023256 0.0192228  1.         0.46596187
 0.83073142 0.82659108 1.         1.         1.         0.79318821
 0.87804878 0.96556521 1.         0.25633486 0.91806408 0.92313621
 1.         1.         1.         0.16032444 0.69554455 0.1110056
 1.         0.         0.81001027 0.80839623 1.         1.
 1.         0.22417602 0.69789227 0.00896154]
deleted_not_scaled [1.20000000e+01 8.36265331e-01 1.63886090e+04 4.15656100e+06
 3.84000000e+03 2.16000000e+03 1.00000000e+00 1.61460000e+01
 7.55000000e-01 1.85500000e+00 1.20000000e+01 1.52907642e+00
 1.66711770e+04 4.23447900e+06 3.84000000e+03 2.16000000e+03
 1.00000000e+00 4.04020000e+01 9.47000000e-01 8.95330000e+01
 1.20000000e+01 1.26018286e+00 1.76777900e+04 4.49678800e+06
 3.84000000e+03 2.16000000e+03 1.00000000e+00 1.94610000e+01
 8.72000000e-01 1.00530000e+01 1.20000000e+01 0.00000000e+00
 1.62615850e+04 4.14263900e+06 3.84000000e+03 2.16000000e+03
 1.00000000e+00 2.10410000e+01 8.68000000e-01 8.47000000e-01
 2.20000000e+02]
deleted_idx_col 153
query_origi 844
query_idx 556
deleted_scaled [1.         0.         0.82819456 0.82653683 1.         1.
 1.         0.13333619 0.20232558 0.07762694 1.         0.
 0.8269354  0.82653272 1.         1.         1.         0.10099215
 0.05121951 0.03681815 1.         0.         0.86531179 0.87401433
 1.         1.         1.         0.10907341 0.18316832 0.03816128
 1.         0.         0.89485405 0.88682483 1.         1.
 1.         0.27928937 0.49882904 0.0077977 ]
deleted_not_scaled [1.2000000e+01 0.0000000e+00 1.6620498e+04 4.2340720e+06 3.8400000e+03
 2.1600000e+03 1.0000000e+00 1.9844000e+01 6.5700000e-01 7.4910000e+00
 1.2000000e+01 0.0000000e+00 1.6596515e+04 4.2341860e+06 3.8400000e+03
 2.1600000e+03 1.0000000e+00 1.7030000e+01 6.0800000e-01 3.4140000e+00
 1.2000000e+01 0.0000000e+00 1.6680477e+04 4.2618620e+06 3.8400000e+03
 2.1600000e+03 1.0000000e+00 1.7597000e+01 6.6500000e-01 3.4560000e+00
 1.2000000e+01 0.0000000e+00 1.7931241e+04 4.5366040e+06 3.8400000e+03
 2.1600000e+03 1.0000000e+00 2.2862000e+01 7.8300000e-01 7.3700000e-01
 1.1000000e+02]
deleted_idx_col 556
query_origi 469
query_idx 30
deleted_scaled [1.         0.16851943 0.80243174 0.79962071 1.         1.
 1.         0.11139913 0.11162791 0.08939896 1.         0.26336434
 0.8282807  0.8266357  1.         1.         1.         0.18676144
 0.12195122 0.09449345 1.         0.41632058 0.87320311 0.88066501
 1.         1.         1.         0.03709101 0.14851485 0.12572463
 1.         0.         0.81405003 0.81486776 1.         1.
 1.         0.14609122 0.40515222 0.02223986]
deleted_not_scaled [1.20000000e+01 7.91786966e-01 1.61136660e+04 4.09891400e+06
 3.84000000e+03 2.16000000e+03 1.00000000e+00 1.88200000e+01
 6.18000000e-01 8.62700000e+00 1.20000000e+01 8.64242835e-01
 1.66229750e+04 4.23470300e+06 3.84000000e+03 2.16000000e+03
 1.00000000e+00 1.99260000e+01 6.37000000e-01 8.76200000e+00
 1.20000000e+01 2.04669810e+00 1.68296670e+04 4.29366900e+06
 3.84000000e+03 2.16000000e+03 1.00000000e+00 1.49790000e+01
 6.51000000e-01 1.13860000e+01 1.20000000e+01 0.00000000e+00
 1.63410840e+04 4.17514700e+06 3.84000000e+03 2.16000000e+03
 1.00000000e+00 1.84610000e+01 7.43000000e-01 2.10200000e+00
 2.37000000e+02]
deleted_idx_col 30
query_origi 301
query_idx 605
deleted_scaled [1.         0.         0.82832047 0.82666249 1.         1.
 1.         0.13509287 0.15581395 0.09079793 1.         0.
 0.83878951 0.83838033 1.         1.         1.         0.04024878
 0.15609756 0.12279188 1.         0.         0.8473598  0.85588264
 1.         1.         1.         0.13282925 0.37623762 0.02321036
 1.         0.         0.96068993 0.95207885 1.         1.
 1.         0.84927817 0.8852459  0.95818653]
deleted_not_scaled [1.2000000e+01 0.0000000e+00 1.6622975e+04 4.2347030e+06 3.8400000e+03
 2.1600000e+03 1.0000000e+00 1.9926000e+01 6.3700000e-01 8.7620000e+00
 1.2000000e+01 0.0000000e+00 1.6829667e+04 4.2936690e+06 3.8400000e+03
 2.1600000e+03 1.0000000e+00 1.4979000e+01 6.5100000e-01 1.1386000e+01
 1.2000000e+01 0.0000000e+00 1.6341084e+04 4.1751470e+06 3.8400000e+03
 2.1600000e+03 1.0000000e+00 1.8461000e+01 7.4300000e-01 2.1020000e+00
 1.2000000e+01 0.0000000e+00 1.9226837e+04 4.8643900e+06 3.8400000e+03
 2.1600000e+03 1.0000000e+00 4.1695000e+01 9.4800000e-01 9.0563000e+01
 2.3800000e+02]
deleted_idx_col 605
query_origi 721
query_idx 6
deleted_scaled [1.         0.07892131 0.83326435 0.82660215 1.         1.
 1.         0.32528546 0.5627907  0.45451813 1.         0.10324475
 0.83201734 0.82662355 1.         1.         1.         0.23468088
 0.05609756 0.11319371 1.         0.06893017 0.86481797 0.86828679
 1.         1.         1.         0.21814682 0.0519802  0.10879719
 1.         0.         0.82959803 0.82670238 1.         1.
 1.         0.34139403 0.45667447 0.16276781]
deleted_not_scaled [1.20000000e+01 3.70811025e-01 1.67202360e+04 4.23440000e+06
 3.84000000e+03 2.16000000e+03 1.00000000e+00 2.88040000e+01
 8.12000000e-01 4.38610000e+01 1.20000000e+01 3.38802637e-01
 1.66964690e+04 4.23464200e+06 3.84000000e+03 2.16000000e+03
 1.00000000e+00 2.15440000e+01 6.10000000e-01 1.04960000e+01
 1.20000000e+01 3.38871678e-01 1.66711410e+04 4.23447000e+06
 3.84000000e+03 2.16000000e+03 1.00000000e+00 2.15640000e+01
 6.12000000e-01 9.85300000e+00 1.20000000e+01 0.00000000e+00
 1.66470560e+04 4.23459500e+06 3.84000000e+03 2.16000000e+03
 1.00000000e+00 2.49140000e+01 7.65000000e-01 1.53840000e+01
 9.10000000e+01]
deleted_idx_col 6
query_origi 579
query_idx 175
deleted_scaled [1.00000000e+00 1.29321019e-01 8.38575636e-01 8.38154183e-01
 1.00000000e+00 1.00000000e+00 1.00000000e+00 1.02487200e-01
 5.02325581e-01 5.63730570e-03 1.00000000e+00 2.30164039e-01
 8.14267136e-01 8.15092430e-01 1.00000000e+00 1.00000000e+00
 1.00000000e+00 1.77254554e-01 6.12195122e-01 1.85492742e-03
 1.00000000e+00 1.00827818e-01 8.95668212e-01 8.95655045e-01
 1.00000000e+00 1.00000000e+00 1.00000000e+00 2.59829530e-01
 6.80693069e-01 9.93783333e-03 1.00000000e+00 0.00000000e+00
 8.06677057e-01 8.00636284e-01 1.00000000e+00 1.00000000e+00
 1.00000000e+00 1.35316728e-01 5.12880562e-01 4.44373909e-04]
deleted_not_scaled [1.20000000e+01 6.07613597e-01 1.68247250e+04 4.29240800e+06
 3.84000000e+03 2.16000000e+03 1.00000000e+00 1.84040000e+01
 7.86000000e-01 5.44000000e-01 1.20000000e+01 7.55294432e-01
 1.63473500e+04 4.17674800e+06 3.84000000e+03 2.16000000e+03
 1.00000000e+00 1.96050000e+01 8.38000000e-01 1.72000000e-01
 1.20000000e+01 4.95685566e-01 1.72543830e+04 4.36535900e+06
 3.84000000e+03 2.16000000e+03 1.00000000e+00 2.30800000e+01
 8.66000000e-01 9.00000000e-01 1.20000000e+01 0.00000000e+00
 1.61959900e+04 4.10365900e+06 3.84000000e+03 2.16000000e+03
 1.00000000e+00 1.81050000e+01 7.89000000e-01 4.20000000e-02
 2.09000000e+02]
deleted_idx_col 175
query_origi 125
query_idx 599
deleted_scaled [1.         0.         0.8196896  0.8176388  1.         1.
 1.         0.16846976 0.65581395 0.01847668 1.         0.
 0.90201743 0.90112347 1.         1.         1.         0.16034355
 0.67560976 0.00796972 0.91666667 0.         0.60862226 0.61444655
 1.         1.         0.         0.17871872 0.67574257 0.
 1.         0.         0.76672981 0.76826927 1.         1.
 1.         0.26691081 0.73302108 0.00756494]
deleted_not_scaled [1.2000000e+01 0.0000000e+00 1.6453180e+04 4.1893910e+06 3.8400000e+03
 2.1600000e+03 1.0000000e+00 2.1484000e+01 8.5200000e-01 1.7830000e+00
 1.2000000e+01 0.0000000e+00 1.8073262e+04 4.6086820e+06 3.8400000e+03
 2.1600000e+03 1.0000000e+00 1.9034000e+01 8.6400000e-01 7.3900000e-01
 1.1000000e+01 0.0000000e+00 1.1827610e+04 3.0204760e+06 3.8400000e+03
 2.1600000e+03 0.0000000e+00 2.0130000e+01 8.6400000e-01 0.0000000e+00
 1.2000000e+01 0.0000000e+00 1.5409861e+04 3.9410720e+06 3.8400000e+03
 2.1600000e+03 1.0000000e+00 2.2453000e+01 8.8300000e-01 7.1500000e-01
 1.7000000e+02]
deleted_idx_col 599
query_origi 347
query_idx 237
deleted_scaled [1.         0.15847189 0.83512497 0.82928245 1.         1.
 1.         0.02911373 0.         0.03474611 1.         0.25996863
 0.77903919 0.77476539 1.         1.         1.         0.08861247
 0.2902439  0.03839268 1.         0.09232453 0.89841978 0.9029303
 1.         1.         1.         0.11737696 0.44059406 0.02445811
 1.         0.         0.79574769 0.79376421 1.         1.
 1.         0.45219576 0.81498829 0.36661906]
deleted_not_scaled [1.20000000e+01 7.44578712e-01 1.67568400e+04 4.24785900e+06
 3.84000000e+03 2.16000000e+03 1.00000000e+00 1.49790000e+01
 5.70000000e-01 3.35300000e+00 1.20000000e+01 8.53099655e-01
 1.56544710e+04 3.97427900e+06 3.84000000e+03 2.16000000e+03
 1.00000000e+00 1.66120000e+01 7.06000000e-01 3.56000000e+00
 1.20000000e+01 4.53882070e-01 1.73064030e+04 4.40015300e+06
 3.84000000e+03 2.16000000e+03 1.00000000e+00 1.78990000e+01
 7.69000000e-01 2.21500000e+00 1.20000000e+01 0.00000000e+00
 1.59809090e+04 4.06913900e+06 3.84000000e+03 2.16000000e+03
 1.00000000e+00 2.85750000e+01 9.18000000e-01 3.46510000e+01
 2.40000000e+01]
deleted_idx_col 237
query_origi 571
query_idx 721
deleted_scaled [1.         0.         0.73254571 0.72813859 1.         1.
 1.         0.14100559 0.30930233 0.02589637 1.         0.
 0.88541261 0.88144306 1.         1.         1.         0.0249963
 0.50487805 0.07931972 1.         0.         0.81671098 0.82163139
 1.         1.         1.         0.05949959 0.33168317 0.12655279
 1.         0.         0.81764174 0.81642095 1.         1.
 1.         0.06395085 0.53395785 0.15646194]
deleted_not_scaled [1.2000000e+01 0.0000000e+00 1.4738798e+04 3.7399700e+06 3.8400000e+03
 2.1600000e+03 1.0000000e+00 2.0202000e+01 7.0300000e-01 2.4990000e+00
 1.2000000e+01 0.0000000e+00 1.7746671e+04 4.5098730e+06 3.8400000e+03
 2.1600000e+03 1.0000000e+00 1.4464000e+01 7.9400000e-01 7.3550000e+00
 1.2000000e+01 0.0000000e+00 1.5761650e+04 4.0113400e+06 3.8400000e+03
 2.1600000e+03 1.0000000e+00 1.5794000e+01 7.2500000e-01 1.1461000e+01
 1.2000000e+01 0.0000000e+00 1.6411766e+04 4.1829490e+06 3.8400000e+03
 2.1600000e+03 1.0000000e+00 1.5747000e+01 7.9800000e-01 1.4788000e+01
 2.4300000e+02]
deleted_idx_col 721
query_origi 780
query_idx 353
deleted_scaled [0.33333333 0.         0.04744466 0.04752331 0.09090909 0.09090909
 0.         0.23252426 0.41627907 0.35815544 0.33333333 0.
 0.03949976 0.03908876 0.09090909 0.09090909 0.         0.09483193
 0.16341463 0.44002761 0.33333333 0.         0.04967018 0.04968226
 0.09090909 0.09090909 0.         0.03964806 0.02227723 0.25649548
 0.33333333 0.         0.03658674 0.03632483 0.09090909 0.09090909
 0.         0.09215823 0.37470726 0.23914723]
deleted_not_scaled [4.000000e+00 0.000000e+00 1.260803e+03 3.222930e+05 6.400000e+02
 3.600000e+02 0.000000e+00 2.447400e+01 7.490000e-01 3.456200e+01
 4.000000e+00 0.000000e+00 1.108879e+03 2.806850e+05 6.400000e+02
 3.600000e+02 0.000000e+00 1.682200e+01 6.540000e-01 4.080200e+01
 4.000000e+00 0.000000e+00 1.260291e+03 3.194840e+05 6.400000e+02
 3.600000e+02 0.000000e+00 1.507200e+01 6.000000e-01 2.322900e+01
 4.000000e+00 0.000000e+00 1.041244e+03 2.643460e+05 6.400000e+02
 3.600000e+02 0.000000e+00 1.667900e+01 7.300000e-01 2.260300e+01
 2.200000e+01]
deleted_idx_col 353
query_origi 836
query_idx 206
deleted_scaled [1.         0.1290645  0.84926373 0.84841317 1.         1.
 1.         0.61413055 0.92093023 0.77       1.         0.13462823
 0.83248962 0.83291573 1.         1.         1.         0.33987857
 0.78536585 0.07772362 1.         0.12302871 0.81253047 0.82152455
 1.         1.         1.         0.68199065 0.80940594 0.81206453
 1.         0.         0.83331028 0.82665719 1.         1.
 1.         0.15577616 0.42388759 0.03134952]
deleted_not_scaled [1.20000000e+01 6.06408352e-01 1.70349920e+04 4.34392300e+06
 3.84000000e+03 2.16000000e+03 1.00000000e+00 4.22870000e+01
 9.66000000e-01 7.43050000e+01 1.20000000e+01 4.41789066e-01
 1.67057580e+04 4.26623300e+06 3.84000000e+03 2.16000000e+03
 1.00000000e+00 2.50960000e+01 9.09000000e-01 7.20700000e+00
 1.20000000e+01 6.04828658e-01 1.56826150e+04 4.01082900e+06
 3.84000000e+03 2.16000000e+03 1.00000000e+00 3.84340000e+01
 9.18000000e-01 7.35430000e+01 1.20000000e+01 0.00000000e+00
 1.67201100e+04 4.23436800e+06 3.84000000e+03 2.16000000e+03
 1.00000000e+00 1.87810000e+01 7.51000000e-01 2.96300000e+00
 1.86000000e+02]
deleted_idx_col 206
query_origi 93
query_idx 475
deleted_scaled [1.         0.         0.8252157  0.82026553 1.         1.
 1.         0.08642002 0.61162791 0.00251813 0.91666667 0.
 0.57492917 0.57234683 1.         1.         0.         0.04880794
 0.4902439  0.04743006 1.         0.         0.89627142 0.90167364
 1.         1.         1.         0.0719824  0.39108911 0.05291344
 1.         0.         0.75020849 0.74908839 1.         1.
 1.         0.2899428  0.35362998 0.15048405]
deleted_not_scaled [1.2000000e+01 0.0000000e+00 1.6561895e+04 4.2025810e+06 3.8400000e+03
 2.1600000e+03 1.0000000e+00 1.7654000e+01 8.3300000e-01 2.4300000e-01
 1.1000000e+01 0.0000000e+00 1.1639944e+04 2.9580010e+06 3.8400000e+03
 2.1600000e+03 0.0000000e+00 1.5268000e+01 7.8800000e-01 4.3980000e+00
 1.2000000e+01 0.0000000e+00 1.7265787e+04 4.3941430e+06 3.8400000e+03
 2.1600000e+03 1.0000000e+00 1.6248000e+01 7.4900000e-01 4.7920000e+00
 1.2000000e+01 0.0000000e+00 1.5084735e+04 3.8447220e+06 3.8400000e+03
 2.1600000e+03 1.0000000e+00 2.3214000e+01 7.2100000e-01 1.4223000e+01
 2.2800000e+02]
deleted_idx_col 475
query_origi 206
query_idx 490
deleted_scaled [8.33333333e-02 5.02185696e-01 9.06114842e-03 8.86874952e-03
 1.81818182e-02 1.81818182e-02 0.00000000e+00 1.44883138e-01
 7.20930233e-01 0.00000000e+00 8.33333333e-02 0.00000000e+00
 1.01945009e-02 1.01087981e-02 1.81818182e-02 1.81818182e-02
 0.00000000e+00 7.15237672e-02 4.17073171e-01 6.47067705e-05
 0.00000000e+00 0.00000000e+00 1.30606873e-03 1.27067115e-03
 0.00000000e+00 0.00000000e+00 0.00000000e+00 5.31454495e-01
 7.92079208e-01 4.24014222e-03 0.00000000e+00 0.00000000e+00
 2.26239101e-03 2.24078885e-03 0.00000000e+00 0.00000000e+00
 0.00000000e+00 2.46784298e-01 5.66744731e-01 9.20488811e-03]
deleted_not_scaled [1.00000000e+00 2.35951479e+00 5.05684000e+02 1.28191000e+05
 3.84000000e+02 2.16000000e+02 0.00000000e+00 2.03830000e+01
 8.80000000e-01 0.00000000e+00 1.00000000e+00 0.00000000e+00
 5.32490000e+02 1.35186000e+05 3.84000000e+02 2.16000000e+02
 0.00000000e+00 1.60350000e+01 7.58000000e-01 6.00000000e-03
 0.00000000e+00 0.00000000e+00 3.45939000e+02 8.79550000e+04
 3.20000000e+02 1.80000000e+02 0.00000000e+00 3.29590000e+01
 9.11000000e-01 3.84000000e-01 0.00000000e+00 0.00000000e+00
 3.65769000e+02 9.31340000e+04 3.20000000e+02 1.80000000e+02
 0.00000000e+00 2.17880000e+01 8.12000000e-01 8.70000000e-01
 1.52000000e+02]
deleted_idx_col 490
query_origi 3
query_idx 579
deleted_scaled [0.         0.         0.00202364 0.00198907 0.         0.
 0.         0.04552368 0.23023256 0.06009326 0.33333333 0.
 0.04218782 0.04230387 0.09090909 0.09090909 0.         0.6339997
 0.81219512 0.65680607 0.         0.         0.00227737 0.00237072
 0.         0.         0.         0.10266703 0.17326733 0.02467895
 0.5        0.         0.11329918 0.11230481 0.27272727 0.27272727
 0.         0.08559063 0.23653396 0.3277046 ]
deleted_not_scaled [0.000000e+00 0.000000e+00 3.672350e+02 9.364500e+04 3.200000e+02
 1.800000e+02 0.000000e+00 1.574500e+01 6.690000e-01 5.799000e+00
 4.000000e+00 0.000000e+00 1.161749e+03 2.968270e+05 6.400000e+02
 3.600000e+02 0.000000e+00 3.502700e+01 9.200000e-01 6.090300e+01
 0.000000e+00 0.000000e+00 3.643020e+02 9.321600e+04 3.200000e+02
 1.800000e+02 0.000000e+00 1.736400e+01 6.610000e-01 2.235000e+00
 6.000000e+00 0.000000e+00 2.550882e+03 6.460110e+05 1.280000e+03
 7.200000e+02 0.000000e+00 1.646200e+01 6.710000e-01 3.097300e+01
 1.410000e+02]
deleted_idx_col 579
query_origi 732
query_idx 405
deleted_scaled [0.83333333 0.         0.39612646 0.39348878 0.63636364 0.63636364
 0.         0.05392146 0.43488372 0.0180829  0.83333333 0.
 0.41400457 0.41193019 0.63636364 0.63636364 0.         0.78208204
 0.87073171 0.9328128  0.83333333 0.         0.41192171 0.41417899
 0.63636364 0.63636364 0.         0.16037943 0.70049505 0.11110498
 0.83333333 0.         0.39342203 0.39263394 0.63636364 0.63636364
 0.         0.22420629 0.70023419 0.00849601]
deleted_not_scaled [1.000000e+01 0.000000e+00 8.120421e+03 2.059542e+06 2.560000e+03
 1.440000e+03 0.000000e+00 1.613700e+01 7.570000e-01 1.745000e+00
 1.000000e+01 0.000000e+00 8.474807e+03 2.152601e+06 2.560000e+03
 1.440000e+03 0.000000e+00 4.002700e+01 9.440000e-01 8.649600e+01
 1.000000e+01 0.000000e+00 8.108870e+03 2.062694e+06 2.560000e+03
 1.440000e+03 0.000000e+00 1.946300e+01 8.740000e-01 1.006200e+01
 1.000000e+01 0.000000e+00 8.063470e+03 2.054169e+06 2.560000e+03
 1.440000e+03 0.000000e+00 2.104200e+01 8.690000e-01 8.030000e-01
 2.200000e+02]
deleted_idx_col 405
query_origi 421
query_idx 349
deleted_scaled [1.         0.         0.91605196 0.91148297 1.         1.
 1.         0.32063669 0.79302326 0.23541969 1.         0.
 0.74420797 0.74161467 1.         1.         1.         0.51467496
 0.7902439  0.27260962 1.         0.         0.86223059 0.86829557
 1.         1.         1.         0.25900467 0.59405941 0.02197365
 1.         0.         0.83066307 0.83066715 1.         1.
 1.         0.3013226  0.6323185  0.01341586]
deleted_not_scaled [1.2000000e+01 0.0000000e+00 1.8348917e+04 4.6606250e+06 3.8400000e+03
 2.1600000e+03 1.0000000e+00 2.8587000e+01 9.1100000e-01 2.2718000e+01
 1.2000000e+01 0.0000000e+00 1.4969395e+04 3.8078400e+06 3.8400000e+03
 2.1600000e+03 1.0000000e+00 3.0998000e+01 9.1100000e-01 2.5278000e+01
 1.2000000e+01 0.0000000e+00 1.6622225e+04 4.2345120e+06 3.8400000e+03
 2.1600000e+03 1.0000000e+00 2.3050000e+01 8.3100000e-01 1.9900000e+00
 1.2000000e+01 0.0000000e+00 1.6668015e+04 4.2545110e+06 3.8400000e+03
 2.1600000e+03 1.0000000e+00 2.3590000e+01 8.4000000e-01 1.2680000e+00
 1.7600000e+02]
deleted_idx_col 349
query_origi 273
query_idx 111
deleted_scaled [1.         0.07833125 0.83252841 0.83294155 1.         1.
 1.         0.24584931 0.78837209 0.07468394 1.         0.18551408
 0.78047011 0.78204529 1.         1.         1.         0.73490301
 0.80731707 0.79312167 1.         0.1099702  0.86740816 0.86826546
 1.         1.         1.         0.14162772 0.3960396  0.03271756
 1.         0.         0.86940528 0.86376975 1.         1.
 1.         0.97085439 0.96252927 0.94812464]
deleted_not_scaled [1.20000000e+01 3.68038646e-01 1.67057580e+04 4.26623300e+06
 3.84000000e+03 2.16000000e+03 1.00000000e+00 2.50960000e+01
 9.09000000e-01 7.20700000e+00 1.20000000e+01 6.08773441e-01
 1.56826150e+04 4.01082900e+06 3.84000000e+03 2.16000000e+03
 1.00000000e+00 3.84340000e+01 9.18000000e-01 7.35430000e+01
 1.20000000e+01 5.40630960e-01 1.67201100e+04 4.23436800e+06
 3.84000000e+03 2.16000000e+03 1.00000000e+00 1.87810000e+01
 7.51000000e-01 2.96300000e+00 1.20000000e+01 0.00000000e+00
 1.74304300e+04 4.42079300e+06 3.84000000e+03 2.16000000e+03
 1.00000000e+00 4.57120000e+01 9.81000000e-01 8.96120000e+01
 1.87000000e+02]
deleted_idx_col 111
query_origi 172
query_idx 56
deleted_scaled [1.         0.07269408 0.87858    0.87726279 1.         1.
 1.         0.18093789 0.57209302 0.03465285 1.         0.12072833
 0.7760205  0.77603414 1.         1.         1.         0.91260181
 0.93902439 0.87743459 1.         0.04007247 0.91307968 0.9227199
 1.         1.         1.         0.2788837  0.71039604 0.00535539
 1.         0.         0.81561249 0.80869106 1.         1.
 1.         0.24481705 0.68384075 0.        ]
deleted_not_scaled [1.20000000e+01 3.41552471e-01 1.76117310e+04 4.48879000e+06
 3.84000000e+03 2.16000000e+03 1.00000000e+00 2.20660000e+01
 8.16000000e-01 3.34400000e+00 1.20000000e+01 3.96175861e-01
 1.55950980e+04 3.98064900e+06 3.84000000e+03 2.16000000e+03
 1.00000000e+00 4.44340000e+01 9.72000000e-01 8.13610000e+01
 1.20000000e+01 1.97002603e-01 1.75835570e+04 4.49479700e+06
 3.84000000e+03 2.16000000e+03 1.00000000e+00 2.37730000e+01
 8.78000000e-01 4.85000000e-01 1.20000000e+01 0.00000000e+00
 1.63718320e+04 4.14412000e+06 3.84000000e+03 2.16000000e+03
 1.00000000e+00 2.17230000e+01 8.62000000e-01 0.00000000e+00
 2.76000000e+02]
deleted_idx_col 56
query_origi 518
query_idx 439
deleted_scaled [1.         0.03640551 0.83189658 0.82940054 1.         1.
 1.         0.14089848 0.5255814  0.04721244 1.         0.02219106
 0.82507185 0.82384563 1.         1.         1.         0.17683992
 0.25365854 0.00344024 1.         0.03226093 0.86116773 0.86896091
 1.         1.         1.         0.45894968 0.6460396  0.67081479
 1.         0.         0.86093836 0.8622305  1.         1.
 1.         0.31942133 0.38407494 0.31873248]
deleted_not_scaled [1.20000000e+01 1.71050940e-01 1.66933280e+04 4.24845200e+06
 3.84000000e+03 2.16000000e+03 1.00000000e+00 2.01970000e+01
 7.96000000e-01 4.55600000e+00 1.20000000e+01 7.28210451e-02
 1.65598620e+04 4.22069500e+06 3.84000000e+03 2.16000000e+03
 1.00000000e+00 1.95910000e+01 6.91000000e-01 3.19000000e-01
 1.20000000e+01 1.58599869e-01 1.66021310e+04 4.23769400e+06
 3.84000000e+03 2.16000000e+03 1.00000000e+00 3.03220000e+01
 8.52000000e-01 6.07510000e+01 1.20000000e+01 0.00000000e+00
 1.72638080e+04 4.41306100e+06 3.84000000e+03 2.16000000e+03
 1.00000000e+00 2.41880000e+01 7.34000000e-01 3.01250000e+01
 1.90000000e+01]
deleted_idx_col 439
query_origi 341
query_idx 239
deleted_scaled [1.         0.08747722 0.77607237 0.77606875 1.         1.
 1.         0.66012554 0.93488372 0.84311917 1.         0.1061797
 0.87711943 0.87844027 1.         1.         1.         0.30069599
 0.7097561  0.00523046 1.         0.0975675  0.8489862  0.84939505
 1.         1.         1.         0.22251856 0.67079208 0.
 1.         0.         0.80952799 0.80387066 1.         1.
 1.         0.28128689 0.67447307 0.03490451]
deleted_not_scaled [1.20000000e+01 4.11010906e-01 1.55950980e+04 3.98064900e+06
 3.84000000e+03 2.16000000e+03 1.00000000e+00 4.44340000e+01
 9.72000000e-01 8.13610000e+01 1.20000000e+01 3.48433829e-01
 1.75835570e+04 4.49479700e+06 3.84000000e+03 2.16000000e+03
 1.00000000e+00 2.37730000e+01 8.78000000e-01 4.85000000e-01
 1.20000000e+01 4.79657318e-01 1.63718320e+04 4.14412000e+06
 3.84000000e+03 2.16000000e+03 1.00000000e+00 2.17230000e+01
 8.62000000e-01 0.00000000e+00 1.20000000e+01 0.00000000e+00
 1.62520940e+04 4.11990600e+06 3.84000000e+03 2.16000000e+03
 1.00000000e+00 2.29280000e+01 8.58000000e-01 3.29900000e+00
 2.77000000e+02]
deleted_idx_col 239
query_origi 192
query_idx 516
deleted_scaled [1.00000000e+00 0.00000000e+00 7.95190495e-01 7.92006575e-01
 1.00000000e+00 1.00000000e+00 1.00000000e+00 2.25347587e-01
 6.88372093e-01 1.35834197e-01 1.00000000e+00 0.00000000e+00
 8.18510684e-01 8.16885415e-01 1.00000000e+00 1.00000000e+00
 1.00000000e+00 1.74885236e-01 4.82926829e-01 7.22558937e-04
 1.00000000e+00 0.00000000e+00 9.09346283e-01 9.17116361e-01
 1.00000000e+00 1.00000000e+00 1.00000000e+00 1.49711301e-01
 3.41584158e-01 1.15610128e-02 1.00000000e+00 0.00000000e+00
 7.27737487e-01 7.28472770e-01 1.00000000e+00 1.00000000e+00
 1.00000000e+00 1.57561817e-01 4.02810304e-01 3.74437920e-02]
deleted_not_scaled [1.2000000e+01 0.0000000e+00 1.5971209e+04 4.0606800e+06 3.8400000e+03
 2.1600000e+03 1.0000000e+00 2.4139000e+01 8.6600000e-01 1.3108000e+01
 1.2000000e+01 0.0000000e+00 1.6430814e+04 4.1857500e+06 3.8400000e+03
 2.1600000e+03 1.0000000e+00 1.9525000e+01 7.8500000e-01 6.7000000e-02
 1.2000000e+01 0.0000000e+00 1.7512975e+04 4.4679980e+06 3.8400000e+03
 2.1600000e+03 1.0000000e+00 1.9075000e+01 7.2900000e-01 1.0470000e+00
 1.2000000e+01 0.0000000e+00 1.4642524e+04 3.7411650e+06 3.8400000e+03
 2.1600000e+03 1.0000000e+00 1.8840000e+01 7.4200000e-01 3.5390000e+00
 2.5200000e+02]
deleted_idx_col 516
query_origi 534
query_idx 116
deleted_scaled [1.         0.3412623  0.82737546 0.82654599 1.         1.
 1.         0.11292016 0.53953488 0.06082902 1.         0.34004739
 0.88467691 0.88512543 1.         1.         1.         0.07344884
 0.45121951 0.00162845 1.         0.24262021 0.85413621 0.8635878
 1.         1.         1.         0.6074512  0.92821782 0.49091792
 1.         0.         0.85404407 0.84722801 1.         1.
 1.         0.58624134 0.90398126 0.40483521]
deleted_not_scaled [1.20000000e+01 1.60341772e+00 1.66043840e+04 4.23411800e+06
 3.84000000e+03 2.16000000e+03 1.00000000e+00 1.88910000e+01
 8.02000000e-01 5.87000000e+00 1.20000000e+01 1.11588198e+00
 1.77322010e+04 4.52836100e+06 3.84000000e+03 2.16000000e+03
 1.00000000e+00 1.61000000e+01 7.72000000e-01 1.51000000e-01
 1.20000000e+01 1.19275950e+00 1.64691960e+04 4.21199700e+06
 3.84000000e+03 2.16000000e+03 1.00000000e+00 3.57230000e+01
 9.66000000e-01 4.44590000e+01 1.20000000e+01 0.00000000e+00
 1.71281340e+04 4.33770000e+06 3.84000000e+03 2.16000000e+03
 1.00000000e+00 3.30040000e+01 9.56000000e-01 3.82630000e+01
 2.80000000e+01]
deleted_idx_col 116
query_origi 739
query_idx 776
deleted_scaled [0.33333333 0.         0.04289426 0.04244131 0.09090909 0.09090909
 0.         0.48019452 0.98837209 0.66275648 0.33333333 0.
 0.04260438 0.04231303 0.09090909 0.09090909 0.         0.75761884
 0.98780488 0.5705843  0.41666667 0.         0.08116086 0.08148166
 0.18181818 0.17171717 0.         0.72205114 1.         0.766483
 0.41666667 0.         0.07852075 0.07826417 0.18181818 0.17171717
 0.         0.72325293 0.61124122 0.54498228]
deleted_not_scaled [4.000000e+00 0.000000e+00 1.171283e+03 2.967740e+05 6.400000e+02
 3.600000e+02 0.000000e+00 3.603500e+01 9.950000e-01 6.395600e+01
 4.000000e+00 0.000000e+00 1.169942e+03 2.968730e+05 6.400000e+02
 3.600000e+02 0.000000e+00 3.920100e+01 9.920000e-01 5.290800e+01
 5.000000e+00 0.000000e+00 1.855641e+03 4.715650e+05 9.600000e+02
 5.200000e+02 0.000000e+00 3.989100e+01 9.950000e-01 6.941500e+01
 5.000000e+00 0.000000e+00 1.866471e+03 4.750170e+05 9.600000e+02
 5.200000e+02 0.000000e+00 3.753100e+01 8.310000e-01 5.150900e+01
 1.000000e+00]
deleted_idx_col 776
query_origi 527
query_idx 75
deleted_scaled [0.5        0.04502675 0.09958637 0.0990594  0.27272727 0.27272727
 0.         0.19709077 0.73255814 0.13915026 0.41666667 0.16713891
 0.08000927 0.07978049 0.18181818 0.17171717 0.         0.19555753
 0.60243902 0.01341587 0.41666667 0.06736392 0.08543838 0.08608238
 0.18181818 0.17171717 0.         0.69991751 0.86138614 0.70288087
 0.41666667 0.         0.07077551 0.07084046 0.18181818 0.17171717
 0.         0.22217851 0.58548009 0.01965826]
deleted_not_scaled [6.00000000e+00 2.11557784e-01 2.28658700e+03 5.81079000e+05
 1.28000000e+03 7.20000000e+02 0.00000000e+00 2.28200000e+01
 8.85000000e-01 1.34280000e+01 5.00000000e+00 5.48474420e-01
 1.90563800e+03 4.84985000e+05 9.60000000e+02 5.20000000e+02
 0.00000000e+00 2.02230000e+01 8.34000000e-01 1.24400000e+00
 5.00000000e+00 3.31171723e-01 1.93651000e+03 4.93568000e+05
 9.60000000e+02 5.20000000e+02 0.00000000e+00 3.90860000e+01
 9.39000000e-01 6.36550000e+01 5.00000000e+00 0.00000000e+00
 1.71405100e+03 4.37726000e+05 9.60000000e+02 5.20000000e+02
 0.00000000e+00 2.09750000e+01 8.20000000e-01 1.85800000e+00
 2.14000000e+02]
deleted_idx_col 75
query_origi 690
query_idx 338
deleted_scaled [0.83333333 0.         0.3896914  0.38908447 0.63636364 0.63636364
 0.         0.04560937 0.53255814 0.15702591 0.83333333 0.
 0.42206718 0.42210232 0.63636364 0.63636364 0.         0.08417
 0.49512195 0.09880724 0.83333333 0.         0.39213048 0.39629927
 0.63636364 0.63636364 0.         0.71190542 0.89851485 0.96950189
 0.83333333 0.         0.39739049 0.39396078 0.63636364 0.63636364
 0.         0.11301111 0.57845433 0.05894302]
deleted_not_scaled [1.000000e+01 0.000000e+00 7.993824e+03 2.037426e+06 2.560000e+03
 1.440000e+03 0.000000e+00 1.574900e+01 7.990000e-01 1.515300e+01
 1.000000e+01 0.000000e+00 8.633386e+03 2.203672e+06 2.560000e+03
 1.440000e+03 0.000000e+00 1.646200e+01 7.900000e-01 9.162000e+00
 1.000000e+01 0.000000e+00 7.734705e+03 1.977184e+06 2.560000e+03
 1.440000e+03 0.000000e+00 3.952200e+01 9.540000e-01 8.780100e+01
 1.000000e+01 0.000000e+00 8.141566e+03 2.060834e+06 2.560000e+03
 1.440000e+03 0.000000e+00 1.736800e+01 8.170000e-01 5.571000e+00
 2.460000e+02]
deleted_idx_col 338
query_origi 434
query_idx 751
deleted_scaled [0.         0.         0.0019967  0.00200779 0.         0.
 0.         0.14584717 0.33255814 0.00075648 0.         0.
 0.00184763 0.00175235 0.         0.         0.         0.11944321
 0.49268293 0.         0.41666667 0.         0.08148093 0.08155986
 0.18181818 0.17171717 0.         0.18314545 0.69554455 0.
 0.41666667 0.         0.08104123 0.0805388  0.18181818 0.17171717
 0.         0.07324234 0.41920375 0.00504682]
deleted_not_scaled [0.000000e+00 0.000000e+00 3.667050e+02 9.373900e+04 3.200000e+02
 1.800000e+02 0.000000e+00 2.042800e+01 7.130000e-01 7.300000e-02
 0.000000e+00 0.000000e+00 3.683200e+02 9.323100e+04 3.200000e+02
 1.800000e+02 0.000000e+00 1.765300e+01 7.890000e-01 0.000000e+00
 5.000000e+00 0.000000e+00 1.861692e+03 4.719390e+05 9.600000e+02
 5.200000e+02 0.000000e+00 2.029100e+01 8.720000e-01 0.000000e+00
 5.000000e+00 0.000000e+00 1.916072e+03 4.864430e+05 9.600000e+02
 5.200000e+02 0.000000e+00 1.605400e+01 7.490000e-01 4.770000e-01
 1.500000e+02]
deleted_idx_col 751
query_origi 360
query_idx 758
deleted_scaled [0.5        0.         0.10728169 0.10696368 0.27272727 0.27272727
 0.         0.16885537 0.67209302 0.01904663 0.33333333 0.
 0.0423218  0.04232199 0.09090909 0.09090909 0.         0.16075818
 0.69512195 0.15368936 0.5        0.         0.11184814 0.11294587
 0.27272727 0.27272727 0.         0.17899368 0.68564356 0.
 0.5        0.         0.10731103 0.10757459 0.27272727 0.27272727
 0.         0.26736479 0.74238876 0.00686663]
deleted_not_scaled [6.000000e+00 0.000000e+00 2.437977e+03 6.207700e+05 1.280000e+03
 7.200000e+02 0.000000e+00 2.150200e+01 8.590000e-01 1.838000e+00
 4.000000e+00 0.000000e+00 1.164384e+03 2.969180e+05 6.400000e+02
 3.600000e+02 0.000000e+00 1.904800e+01 8.720000e-01 1.425100e+01
 6.000000e+00 0.000000e+00 2.435802e+03 6.220430e+05 1.280000e+03
 7.200000e+02 0.000000e+00 2.014000e+01 8.680000e-01 0.000000e+00
 6.000000e+00 0.000000e+00 2.433040e+03 6.222500e+05 1.280000e+03
 7.200000e+02 0.000000e+00 2.246800e+01 8.870000e-01 6.490000e-01
 1.700000e+02]
deleted_idx_col 758
query_origi 829
query_idx 260
deleted_scaled [0.00000000e+00 3.54925767e-01 2.06709672e-03 2.06912264e-03
 0.00000000e+00 0.00000000e+00 0.00000000e+00 2.61616573e-01
 6.81395349e-01 1.65803109e-03 3.33333333e-01 0.00000000e+00
 4.27099811e-02 4.22429171e-02 9.09090909e-02 9.09090909e-02
 0.00000000e+00 6.85561972e-01 8.80487805e-01 5.28546470e-01
 0.00000000e+00 0.00000000e+00 4.22150274e-03 4.12753800e-03
 0.00000000e+00 0.00000000e+00 0.00000000e+00 4.07451196e-01
 7.25247525e-01 0.00000000e+00 0.00000000e+00 0.00000000e+00
 5.30967246e-04 4.55881882e-04 0.00000000e+00 0.00000000e+00
 0.00000000e+00 3.96749493e-01 6.97892272e-01 0.00000000e+00]
deleted_not_scaled [0.00000000e+00 1.66761539e+00 3.68090000e+02 9.40470000e+04
 3.20000000e+02 1.80000000e+02 0.00000000e+00 2.58320000e+01
 8.63000000e-01 1.60000000e-01 4.00000000e+00 0.00000000e+00
 1.17201900e+03 2.96521000e+05 6.40000000e+02 3.60000000e+02
 0.00000000e+00 3.67680000e+01 9.48000000e-01 4.90100000e+01
 0.00000000e+00 0.00000000e+00 4.01057000e+02 1.01618000e+05
 3.20000000e+02 1.80000000e+02 0.00000000e+00 2.84490000e+01
 8.84000000e-01 0.00000000e+00 0.00000000e+00 0.00000000e+00
 3.31696000e+02 8.41680000e+04 3.20000000e+02 1.80000000e+02
 0.00000000e+00 2.67430000e+01 8.68000000e-01 0.00000000e+00
 6.70000000e+01]
deleted_idx_col 260
