query_origi 8
query_idx 12
deleted_scaled [1.66666667e-01 0.00000000e+00 1.81388678e-02 1.81228457e-02
 5.45454545e-02 5.45454545e-02 0.00000000e+00 5.45834315e-01
 8.81395349e-01 5.06466321e-01 8.33333333e-02 4.45394773e-01
 8.67475709e-03 8.77252386e-03 1.81818182e-02 1.81818182e-02
 0.00000000e+00 3.05641937e-01 7.53658537e-01 0.00000000e+00
 8.33333333e-02 0.00000000e+00 1.12787805e-02 1.11681894e-02
 1.81818182e-02 1.81818182e-02 0.00000000e+00 2.25570525e-01
 7.10396040e-01 0.00000000e+00 0.00000000e+00 0.00000000e+00
 1.92873890e-03 1.82750903e-03 0.00000000e+00 0.00000000e+00
 0.00000000e+00 2.79561757e-01 7.21311475e-01 2.11606623e-05]
deleted_not_scaled [2.00000000e+00 0.00000000e+00 6.84270000e+02 1.74660000e+05
 5.12000000e+02 2.88000000e+02 0.00000000e+00 3.90990000e+01
 9.49000000e-01 4.88740000e+01 1.00000000e+00 1.46158451e+00
 5.02599000e+02 1.28477000e+05 3.84000000e+02 2.16000000e+02
 0.00000000e+00 2.39400000e+01 8.96000000e-01 0.00000000e+00
 1.00000000e+00 0.00000000e+00 5.34479000e+02 1.35290000e+05
 3.84000000e+02 2.16000000e+02 0.00000000e+00 2.18340000e+01
 8.78000000e-01 0.00000000e+00 0.00000000e+00 0.00000000e+00
 3.59203000e+02 9.10580000e+04 3.20000000e+02 1.80000000e+02
 0.00000000e+00 2.28710000e+01 8.78000000e-01 2.00000000e-03
 2.77000000e+02]
deleted_idx_col 12
query_origi 634
query_idx 96
deleted_scaled [1.         0.06823407 0.83214581 0.82673936 1.         1.
 1.         0.31262452 0.58372093 0.07807254 1.         0.16071157
 0.83067575 0.82653571 1.         1.         1.         0.36306827
 0.48292683 0.00786187 1.         0.13351528 0.86354877 0.86831774
 1.         1.         1.         0.15515535 0.34405941 0.07892848
 1.         0.         0.8283464  0.82669601 1.         1.
 1.         0.25550074 0.54098361 0.13796752]
deleted_not_scaled [1.20000000e+01 3.20597144e-01 1.66982310e+04 4.23508900e+06
 3.84000000e+03 2.16000000e+03 1.00000000e+00 2.82130000e+01
 8.21000000e-01 7.53400000e+00 1.20000000e+01 5.27382807e-01
 1.66700820e+04 4.23420100e+06 3.84000000e+03 2.16000000e+03
 1.00000000e+00 2.58790000e+01 7.85000000e-01 7.29000000e-01
 1.20000000e+01 6.56382343e-01 1.66471460e+04 4.23461800e+06
 3.84000000e+03 2.16000000e+03 1.00000000e+00 1.92730000e+01
 7.30000000e-01 7.14800000e+00 1.20000000e+01 0.00000000e+00
 1.66224250e+04 4.23456300e+06 3.84000000e+03 2.16000000e+03
 1.00000000e+00 2.20760000e+01 8.01000000e-01 1.30400000e+01
 7.70000000e+01]
deleted_idx_col 96
query_origi 424
query_idx 447
deleted_scaled [0.41666667 0.         0.07626492 0.07624986 0.18181818 0.17171717
 0.         0.05998415 0.26976744 0.00592746 0.41666667 0.
 0.07720106 0.07739535 0.18181818 0.17171717 0.         0.18311861
 0.26829268 0.01847378 0.5        0.         0.11298563 0.11293814
 0.27272727 0.27272727 0.         0.10478416 0.43811881 0.22693595
 0.58333333 0.         0.14092483 0.13986735 0.27272727 0.27272727
 0.         0.20120456 0.70257611 0.13476168]
deleted_not_scaled [5.000000e+00 0.000000e+00 1.827784e+03 4.665420e+05 9.600000e+02
 5.200000e+02 0.000000e+00 1.642000e+01 6.860000e-01 5.720000e-01
 5.000000e+00 0.000000e+00 1.850405e+03 4.730100e+05 9.600000e+02
 5.200000e+02 0.000000e+00 1.980300e+01 6.970000e-01 1.713000e+00
 6.000000e+00 0.000000e+00 2.457307e+03 6.220060e+05 1.280000e+03
 7.200000e+02 0.000000e+00 1.744100e+01 7.680000e-01 2.055200e+01
 7.000000e+00 0.000000e+00 3.094532e+03 7.844640e+05 1.280000e+03
 7.200000e+02 0.000000e+00 2.028200e+01 8.700000e-01 1.273700e+01
 1.490000e+02]
deleted_idx_col 447
query_origi 830
query_idx 565
deleted_scaled [0.25       0.         0.03174126 0.03160699 0.05454545 0.05454545
 0.         0.12817327 0.60930233 0.16746114 0.16666667 0.
 0.01596186 0.01598948 0.05454545 0.05454545 0.         0.18122316
 0.60487805 0.19491836 0.25       0.         0.02733086 0.02764635
 0.05454545 0.05454545 0.         0.17970855 0.63118812 0.1939313
 0.25       0.         0.02889511 0.02902912 0.05454545 0.05454545
 0.         0.30292667 0.67213115 0.24516743]
deleted_not_scaled [3.00000e+00 0.00000e+00 9.51870e+02 2.42370e+05 5.12000e+02 2.88000e+02
 0.00000e+00 1.96030e+01 8.32000e-01 1.61600e+01 2.00000e+00 0.00000e+00
 6.45925e+02 1.64711e+05 5.12000e+02 2.88000e+02 0.00000e+00 1.97390e+01
 8.35000e-01 1.80740e+01 3.00000e+00 0.00000e+00 8.37953e+02 2.14097e+05
 5.12000e+02 2.88000e+02 0.00000e+00 2.01660e+01 8.46000e-01 1.75630e+01
 3.00000e+00 0.00000e+00 8.89879e+02 2.27698e+05 5.12000e+02 2.88000e+02
 0.00000e+00 2.36430e+01 8.57000e-01 2.31720e+01 2.68000e+02]
deleted_idx_col 565
query_origi 194
query_idx 519
deleted_scaled [0.5        0.         0.0916337  0.09183101 0.27272727 0.27272727
 0.         0.18554382 0.67674419 0.27235233 0.5        0.
 0.10792759 0.10700392 0.27272727 0.27272727 0.         0.16700726
 0.58292683 0.20474301 0.5        0.         0.11314966 0.11335946
 0.27272727 0.27272727 0.         0.11811933 0.53712871 0.25097446
 0.5        0.         0.10757425 0.10698891 0.27272727 0.27272727
 0.         0.45143912 0.78220141 0.49192192]
deleted_not_scaled [6.000000e+00 0.000000e+00 2.130134e+03 5.447820e+05 1.280000e+03
 7.200000e+02 0.000000e+00 2.228100e+01 8.610000e-01 2.628200e+01
 6.000000e+00 0.000000e+00 2.454748e+03 6.216650e+05 1.280000e+03
 7.200000e+02 0.000000e+00 1.925900e+01 8.260000e-01 1.898500e+01
 6.000000e+00 0.000000e+00 2.460408e+03 6.240210e+05 1.280000e+03
 7.200000e+02 0.000000e+00 1.792600e+01 8.080000e-01 2.272900e+01
 6.000000e+00 0.000000e+00 2.438220e+03 6.193080e+05 1.280000e+03
 7.200000e+02 0.000000e+00 2.855000e+01 9.040000e-01 4.649400e+01
 6.000000e+01]
deleted_idx_col 519
query_origi 90
query_idx 753
deleted_scaled [0.16666667 0.         0.01814822 0.01809815 0.05454545 0.05454545
 0.         0.0458236  0.21395349 0.38260104 0.16666667 0.
 0.01781152 0.01790516 0.05454545 0.05454545 0.         0.58735377
 0.78292683 0.51133447 0.25       0.1072546  0.02864079 0.02903704
 0.05454545 0.05454545 0.         0.09747044 0.13861386 0.3198326
 0.16666667 0.         0.02132192 0.0210504  0.05454545 0.05454545
 0.         0.08849611 0.26932084 0.28936148]
deleted_not_scaled [2.00000000e+00 0.00000000e+00 6.84454000e+02 1.74536000e+05
 5.12000000e+02 2.88000000e+02 0.00000000e+00 1.57590000e+01
 6.62000000e-01 3.69210000e+01 2.00000000e+00 0.00000000e+00
 6.82305000e+02 1.74329000e+05 5.12000000e+02 2.88000000e+02
 0.00000000e+00 3.34520000e+01 9.08000000e-01 4.74140000e+01
 3.00000000e+00 5.27280643e-01 8.62718000e+02 2.20748000e+05
 5.12000000e+02 2.88000000e+02 0.00000000e+00 1.71750000e+01
 6.47000000e-01 2.89650000e+01 2.00000000e+00 0.00000000e+00
 7.40845000e+02 1.87619000e+05 5.12000000e+02 2.88000000e+02
 0.00000000e+00 1.65580000e+01 6.85000000e-01 2.73490000e+01
 1.41000000e+02]
deleted_idx_col 753
query_origi 507
query_idx 520
deleted_scaled [0.16666667 0.         0.01820551 0.01812125 0.05454545 0.05454545
 0.         0.14927483 0.26976744 0.27471503 0.25       0.
 0.02923576 0.02927215 0.05454545 0.05454545 0.         0.04309196
 0.23170732 0.40155943 0.25       0.         0.02695838 0.02727019
 0.05454545 0.05454545 0.         0.13112455 0.43069307 0.19242958
 0.25       0.         0.03242193 0.03201545 0.05454545 0.05454545
 0.         0.68790291 0.82669789 0.58768449]
deleted_not_scaled [2.00000e+00 0.00000e+00 6.85581e+02 1.74652e+05 5.12000e+02 2.88000e+02
 0.00000e+00 2.05880e+01 6.86000e-01 2.65100e+01 3.00000e+00 0.00000e+00
 9.07002e+02 2.31399e+05 5.12000e+02 2.88000e+02 0.00000e+00 1.50750e+01
 6.82000e-01 3.72350e+01 3.00000e+00 0.00000e+00 8.30911e+02 2.12298e+05
 5.12000e+02 2.88000e+02 0.00000e+00 1.83990e+01 7.65000e-01 1.74270e+01
 3.00000e+00 0.00000e+00 9.59284e+02 2.42699e+05 5.12000e+02 2.88000e+02
 0.00000e+00 3.63630e+01 9.23000e-01 5.55450e+01 2.38000e+02]
deleted_idx_col 520
query_origi 939
query_idx 965
deleted_scaled [0.58333333 0.         0.1406007  0.13966259 0.27272727 0.27272727
 0.         0.19259196 0.4627907  0.22415544 0.58333333 0.
 0.13998004 0.139341   0.27272727 0.27272727 0.         0.6931734
 0.86585366 0.76803701 0.58333333 0.         0.14599449 0.14685337
 0.27272727 0.27272727 0.         0.17629915 0.4950495  0.31979948
 0.58333333 0.         0.1399728  0.13976383 0.27272727 0.27272727
 0.         0.20417058 0.46604215 0.33129133]
deleted_not_scaled [7.000000e+00 0.000000e+00 3.093462e+03 7.849660e+05 1.280000e+03
 7.200000e+02 0.000000e+00 2.261000e+01 7.690000e-01 2.163100e+01
 7.000000e+00 0.000000e+00 3.085170e+03 7.840190e+05 1.280000e+03
 7.200000e+02 0.000000e+00 3.702500e+01 9.420000e-01 7.121700e+01
 7.000000e+00 0.000000e+00 3.081359e+03 7.842060e+05 1.280000e+03
 7.200000e+02 0.000000e+00 2.004200e+01 7.910000e-01 2.896200e+01
 7.000000e+00 0.000000e+00 3.075797e+03 7.839440e+05 1.280000e+03
 7.200000e+02 0.000000e+00 2.038000e+01 7.690000e-01 3.131200e+01
 8.500000e+01]
deleted_idx_col 965
query_origi 707
query_idx 787
deleted_scaled [0.41666667 0.         0.07723066 0.07739953 0.18181818 0.17171717
 0.         0.55843099 0.88139535 0.85380311 0.5        0.
 0.1079645  0.10704057 0.27272727 0.27272727 0.         0.45262846
 0.56829268 0.42710782 0.5        0.         0.11274983 0.11295863
 0.27272727 0.27272727 0.         0.22680781 0.11138614 0.36018021
 0.5        0.         0.10809861 0.10751068 0.27272727 0.27272727
 0.         0.24953845 0.15456674 0.32557795]
deleted_not_scaled [5.000000e+00 0.000000e+00 1.846783e+03 4.723150e+05 9.600000e+02
 5.200000e+02 0.000000e+00 3.968700e+01 9.490000e-01 8.239200e+01
 6.000000e+00 0.000000e+00 2.455474e+03 6.218490e+05 1.280000e+03
 7.200000e+02 0.000000e+00 2.890300e+01 8.200000e-01 3.960400e+01
 6.000000e+00 0.000000e+00 2.452849e+03 6.221040e+05 1.280000e+03
 7.200000e+02 0.000000e+00 2.187900e+01 6.360000e-01 3.261900e+01
 6.000000e+00 0.000000e+00 2.448539e+03 6.219290e+05 1.280000e+03
 7.200000e+02 0.000000e+00 2.187900e+01 6.360000e-01 3.077200e+01
 9.000000e+01]
deleted_idx_col 787
query_origi 731
query_idx 630
deleted_scaled [1.         0.         0.8275702  0.82674055 1.         1.
 1.         0.27228518 0.58372093 0.22115026 1.         0.
 0.90362401 0.90408065 1.         1.         1.         0.12287872
 0.36097561 0.11227703 1.         0.         0.85407914 0.86353009
 1.         1.         1.         0.22760517 0.58415842 0.0165741
 1.         0.         0.75991337 0.75383712 1.         1.
 1.         0.2296238  0.36065574 0.06032905]
deleted_not_scaled [1.2000000e+01 0.0000000e+00 1.6608215e+04 4.2350950e+06 3.8400000e+03
 2.1600000e+03 1.0000000e+00 2.6330000e+01 8.2100000e-01 2.1341000e+01
 1.2000000e+01 0.0000000e+00 1.8104861e+04 4.6235290e+06 3.8400000e+03
 2.1600000e+03 1.0000000e+00 1.7769000e+01 7.3500000e-01 1.0411000e+01
 1.2000000e+01 0.0000000e+00 1.6468117e+04 4.2117210e+06 3.8400000e+03
 2.1600000e+03 1.0000000e+00 2.1908000e+01 8.2700000e-01 1.5010000e+00
 1.2000000e+01 0.0000000e+00 1.5275719e+04 3.8685760e+06 3.8400000e+03
 2.1600000e+03 1.0000000e+00 2.1221000e+01 7.2400000e-01 5.7020000e+00
 2.8400000e+02]
deleted_idx_col 630
query_origi 731
query_idx 775
deleted_scaled [0.25       0.         0.02576206 0.02551772 0.05454545 0.05454545
 0.         0.24842006 0.73953488 0.12557513 0.33333333 0.
 0.04256803 0.0423933  0.09090909 0.09090909 0.         0.3805716
 0.76585366 0.25173091 0.33333333 0.         0.04485181 0.04512879
 0.09090909 0.09090909 0.         0.21710201 0.67574257 0.23368263
 0.33333333 0.         0.04284411 0.0428091  0.09090909 0.09090909
 0.         0.16385703 0.70725995 0.1507803 ]
deleted_not_scaled [3.000000e+00 0.000000e+00 8.342410e+02 2.117930e+05 5.120000e+02
 2.880000e+02 0.000000e+00 2.521600e+01 8.880000e-01 1.211800e+01
 4.000000e+00 0.000000e+00 1.169227e+03 2.972760e+05 6.400000e+02
 3.600000e+02 0.000000e+00 2.647000e+01 9.010000e-01 2.334200e+01
 4.000000e+00 0.000000e+00 1.169197e+03 2.977070e+05 6.400000e+02
 3.600000e+02 0.000000e+00 2.152600e+01 8.640000e-01 2.116300e+01
 4.000000e+00 0.000000e+00 1.164384e+03 2.969180e+05 6.400000e+02
 3.600000e+02 0.000000e+00 1.904800e+01 8.720000e-01 1.425100e+01
 1.680000e+02]
deleted_idx_col 775
query_origi 10
query_idx 25
deleted_scaled [0.         0.31220851 0.00177802 0.00159934 0.         0.
 0.         0.74395338 0.99302326 0.67647668 0.         0.44810769
 0.00178519 0.00170873 0.         0.         0.         0.53955279
 0.98780488 0.15846688 0.         0.29684603 0.00241627 0.00234814
 0.         0.         0.         0.63717349 0.98762376 0.40337665
 0.         0.         0.00223399 0.00217609 0.         0.
 0.         0.58739142 0.97189696 0.1361477 ]
deleted_not_scaled [0.00000000e+00 1.46690878e+00 3.62403000e+02 9.16880000e+04
 3.20000000e+02 1.80000000e+02 0.00000000e+00 4.83470000e+01
 9.97000000e-01 6.52800000e+01 0.00000000e+00 1.47048706e+00
 3.67092000e+02 9.30120000e+04 3.20000000e+02 1.80000000e+02
 0.00000000e+00 3.18380000e+01 9.92000000e-01 1.46940000e+01
 0.00000000e+00 1.45934220e+00 3.66928000e+02 9.31080000e+04
 3.20000000e+02 1.80000000e+02 0.00000000e+00 3.68040000e+01
 9.90000000e-01 3.65310000e+01 0.00000000e+00 0.00000000e+00
 3.65210000e+02 9.28090000e+04 3.20000000e+02 1.80000000e+02
 0.00000000e+00 3.30420000e+01 9.85000000e-01 1.28680000e+01
 0.00000000e+00]
deleted_idx_col 25
query_origi 244
query_idx 574
deleted_scaled [0.91666667 0.         0.57000759 0.5697133  1.         1.
 0.         0.02924227 0.2        0.11596891 0.91666667 0.
 0.56505575 0.56565212 1.         1.         0.         0.14295869
 0.38780488 0.02176304 1.         0.         1.         1.
 1.         1.         1.         0.77165246 0.88366337 1.
 0.91666667 0.         0.54587625 0.54175749 1.         1.
 0.         0.08686178 0.52693208 0.11360102]
deleted_not_scaled [1.1000000e+01 0.0000000e+00 1.1541185e+04 2.9444450e+06 3.8400000e+03
 2.1600000e+03 0.0000000e+00 1.4985000e+01 6.5600000e-01 1.1191000e+01
 1.1000000e+01 0.0000000e+00 1.1445749e+04 2.9243890e+06 3.8400000e+03
 2.1600000e+03 0.0000000e+00 1.8447000e+01 7.4600000e-01 2.0180000e+00
 1.2000000e+01 0.0000000e+00 1.9226837e+04 4.8643900e+06 3.8400000e+03
 2.1600000e+03 1.0000000e+00 4.1695000e+01 9.4800000e-01 9.0563000e+01
 1.1000000e+01 0.0000000e+00 1.1063644e+04 2.8032510e+06 3.8400000e+03
 2.1600000e+03 0.0000000e+00 1.6504000e+01 7.9500000e-01 1.0737000e+01
 2.3900000e+02]
deleted_idx_col 574
query_origi 596
query_idx 512
deleted_scaled [1.         0.         0.82901309 0.82652548 1.         1.
 1.         0.19274192 0.41395349 0.1333057  0.91666667 0.
 0.568473   0.5676393  1.         1.         0.         0.75205094
 0.86097561 0.90601342 0.91666667 0.         0.59103572 0.59639223
 1.         1.         0.         0.12930987 0.20792079 0.11357839
 1.         0.         0.8818089  0.8831312  1.         1.
 1.         0.05456857 0.16627635 0.16620642]
deleted_not_scaled [1.2000000e+01 0.0000000e+00 1.6636601e+04 4.2340150e+06 3.8400000e+03
 2.1600000e+03 1.0000000e+00 2.2617000e+01 7.4800000e-01 1.2864000e+01
 1.1000000e+01 0.0000000e+00 1.1512961e+04 2.9343660e+06 3.8400000e+03
 2.1600000e+03 0.0000000e+00 3.9013000e+01 9.4000000e-01 8.4011000e+01
 1.1000000e+01 0.0000000e+00 1.1495126e+04 2.9341310e+06 3.8400000e+03
 2.1600000e+03 0.0000000e+00 1.8333000e+01 6.7500000e-01 1.0286000e+01
 1.2000000e+01 0.0000000e+00 1.7674523e+04 4.5180500e+06 3.8400000e+03
 2.1600000e+03 1.0000000e+00 1.5437000e+01 6.4100000e-01 1.5709000e+01
 1.3200000e+02]
deleted_idx_col 512
query_origi 822
query_idx 133
deleted_scaled [1.         0.06425106 0.83882684 0.83840531 1.         1.
 1.         0.02911373 0.18837209 0.11798964 1.         0.24353603
 0.81394855 0.81477355 1.         1.         1.         0.14337332
 0.3804878  0.02266894 1.         0.02986542 1.         1.
 1.         1.         1.         0.77165246 0.88366337 1.
 1.         0.         0.8058257  0.79979121 1.         1.
 1.         0.08680125 0.52459016 0.11470137]
deleted_not_scaled [1.20000000e+01 3.01883015e-01 1.68296670e+04 4.29366900e+06
 3.84000000e+03 2.16000000e+03 1.00000000e+00 1.49790000e+01
 6.51000000e-01 1.13860000e+01 1.20000000e+01 7.99175276e-01
 1.63410840e+04 4.17514700e+06 3.84000000e+03 2.16000000e+03
 1.00000000e+00 1.84610000e+01 7.43000000e-01 2.10200000e+00
 1.20000000e+01 1.46823144e-01 1.92268370e+04 4.86439000e+06
 3.84000000e+03 2.16000000e+03 1.00000000e+00 4.16950000e+01
 9.48000000e-01 9.05630000e+01 1.20000000e+01 0.00000000e+00
 1.61792360e+04 4.09941400e+06 3.84000000e+03 2.16000000e+03
 1.00000000e+00 1.65020000e+01 7.94000000e-01 1.08410000e+01
 2.39000000e+02]
deleted_idx_col 133
query_origi 765
query_idx 776
deleted_scaled [0.33333333 0.         0.04289426 0.04244131 0.09090909 0.09090909
 0.         0.48019452 0.98837209 0.66275648 0.33333333 0.
 0.04260438 0.04231303 0.09090909 0.09090909 0.         0.75761884
 0.98780488 0.5705843  0.41666667 0.         0.08116086 0.08148166
 0.18181818 0.17171717 0.         0.72205114 1.         0.766483
 0.41666667 0.         0.07852075 0.07826417 0.18181818 0.17171717
 0.         0.72325293 0.61124122 0.54498228]
deleted_not_scaled [4.000000e+00 0.000000e+00 1.171283e+03 2.967740e+05 6.400000e+02
 3.600000e+02 0.000000e+00 3.603500e+01 9.950000e-01 6.395600e+01
 4.000000e+00 0.000000e+00 1.169942e+03 2.968730e+05 6.400000e+02
 3.600000e+02 0.000000e+00 3.920100e+01 9.920000e-01 5.290800e+01
 5.000000e+00 0.000000e+00 1.855641e+03 4.715650e+05 9.600000e+02
 5.200000e+02 0.000000e+00 3.989100e+01 9.950000e-01 6.941500e+01
 5.000000e+00 0.000000e+00 1.866471e+03 4.750170e+05 9.600000e+02
 5.200000e+02 0.000000e+00 3.753100e+01 8.310000e-01 5.150900e+01
 1.000000e+00]
deleted_idx_col 776
query_origi 467
query_idx 478
deleted_scaled [0.         0.         0.00201637 0.00186301 0.         0.
 0.         0.39028257 0.98139535 0.15226943 0.         0.
 0.00177686 0.00172785 0.         0.         0.         0.68662817
 0.98292683 0.39396717 0.25       0.         0.02912509 0.02920787
 0.05454545 0.05454545 0.         0.5965906  0.98762376 0.40075969
 0.58333333 0.         0.14053655 0.14009628 0.27272727 0.27272727
 0.         1.         0.60421546 0.55613395]
deleted_not_scaled [0.000000e+00 0.000000e+00 3.670920e+02 9.301200e+04 3.200000e+02
 1.800000e+02 0.000000e+00 3.183800e+01 9.920000e-01 1.469400e+01
 0.000000e+00 0.000000e+00 3.669280e+02 9.310800e+04 3.200000e+02
 1.800000e+02 0.000000e+00 3.680400e+01 9.900000e-01 3.653100e+01
 3.000000e+00 0.000000e+00 8.718740e+02 2.215650e+05 5.120000e+02
 2.880000e+02 0.000000e+00 3.532800e+01 9.900000e-01 3.629400e+01
 7.000000e+00 0.000000e+00 3.086891e+03 7.856140e+05 1.280000e+03
 7.200000e+02 0.000000e+00 4.667500e+01 8.280000e-01 5.256300e+01
 1.000000e+00]
deleted_idx_col 478
query_origi 512
query_idx 23
deleted_scaled [0.41666667 0.04043739 0.0728355  0.072908   0.18181818 0.17171717
 0.         0.25626085 0.48604651 0.28976166 0.25       0.94242099
 0.03105126 0.03122747 0.05454545 0.05454545 0.         0.23755368
 0.4097561  0.29499817 0.16666667 0.         0.01689278 0.01681919
 0.05454545 0.05454545 0.         0.07195491 0.32673267 0.29760498
 0.08333333 0.         0.00941818 0.00929063 0.01818182 0.01818182
 0.         0.32483884 0.50117096 0.02713855]
deleted_not_scaled [5.00000000e+00 1.89994716e-01 1.76031700e+03 4.49761000e+05
 9.60000000e+02 5.20000000e+02 0.00000000e+00 2.55820000e+01
 7.79000000e-01 2.79620000e+01 3.00000000e+00 3.09260008e+00
 9.42710000e+02 2.41216000e+05 5.12000000e+02 2.88000000e+02
 0.00000000e+00 2.16410000e+01 7.55000000e-01 2.73540000e+01
 2.00000000e+00 0.00000000e+00 6.40615000e+02 1.62316000e+05
 5.12000000e+02 2.88000000e+02 0.00000000e+00 1.62470000e+01
 7.23000000e-01 2.69520000e+01 1.00000000e+00 0.00000000e+00
 5.06589000e+02 1.28547000e+05 3.84000000e+02 2.16000000e+02
 0.00000000e+00 2.43670000e+01 7.84000000e-01 2.56500000e+00
 1.27000000e+02]
deleted_idx_col 23
query_origi 803
query_idx 591
deleted_scaled [1.         0.         0.76665657 0.76818717 1.         1.
 1.         0.18922856 0.72790698 0.00740933 1.         0.
 0.79403992 0.78769891 1.         1.         1.         0.16825115
 0.28292683 0.03631128 1.         0.         0.86615514 0.86832025
 1.         1.         1.         0.22449821 0.69554455 0.46608438
 0.91666667 0.         0.62020841 0.61710043 1.         1.
 0.         0.45268    0.80093677 0.2389462 ]
deleted_not_scaled [1.2000000e+01 0.0000000e+00 1.5409861e+04 3.9410720e+06 3.8400000e+03
 2.1600000e+03 1.0000000e+00 2.2453000e+01 8.8300000e-01 7.1500000e-01
 1.2000000e+01 0.0000000e+00 1.5949512e+04 4.0392140e+06 3.8400000e+03
 2.1600000e+03 1.0000000e+00 1.9301000e+01 7.0300000e-01 3.3670000e+00
 1.2000000e+01 0.0000000e+00 1.6696421e+04 4.2346300e+06 3.8400000e+03
 2.1600000e+03 1.0000000e+00 2.1795000e+01 8.7200000e-01 4.2210000e+01
 1.1000000e+01 0.0000000e+00 1.2526440e+04 3.1817160e+06 3.8400000e+03
 2.1600000e+03 0.0000000e+00 2.8591000e+01 9.1200000e-01 2.2584000e+01
 1.7300000e+02]
deleted_idx_col 591
query_origi 909
query_idx 187
deleted_scaled [0.33333333 0.         0.04253001 0.04257235 0.09090909 0.09090909
 0.         0.06827481 0.55348837 0.23474611 0.33333333 0.
 0.04274877 0.04228136 0.09090909 0.09090909 0.         0.10273952
 0.57073171 0.17382395 0.25       0.94608443 0.02900232 0.02894818
 0.05454545 0.05454545 0.         0.27415452 0.75990099 0.22964124
 0.08333333 0.         0.0095161  0.00938798 0.01818182 0.01818182
 0.         0.12348295 0.64168618 0.        ]
deleted_not_scaled [4.00000000e+00 0.00000000e+00 1.16411700e+03 2.97432000e+05
 6.40000000e+02 3.60000000e+02 0.00000000e+00 1.68070000e+01
 8.08000000e-01 2.26530000e+01 4.00000000e+00 0.00000000e+00
 1.17278200e+03 2.96714000e+05 6.40000000e+02 3.60000000e+02
 0.00000000e+00 1.70890000e+01 8.21000000e-01 1.61180000e+01
 3.00000000e+00 4.65110132e+00 8.69553000e+02 2.20323000e+05
 5.12000000e+02 2.88000000e+02 0.00000000e+00 2.36010000e+01
 8.98000000e-01 2.07970000e+01 1.00000000e+00 0.00000000e+00
 5.08516000e+02 1.29036000e+05 3.84000000e+02 2.16000000e+02
 0.00000000e+00 1.77140000e+01 8.44000000e-01 0.00000000e+00
 2.25000000e+02]
deleted_idx_col 187
query_origi 849
query_idx 206
deleted_scaled [1.         0.1290645  0.84926373 0.84841317 1.         1.
 1.         0.61413055 0.92093023 0.77       1.         0.13462823
 0.83248962 0.83291573 1.         1.         1.         0.33987857
 0.78536585 0.07772362 1.         0.12302871 0.81253047 0.82152455
 1.         1.         1.         0.68199065 0.80940594 0.81206453
 1.         0.         0.83331028 0.82665719 1.         1.
 1.         0.15577616 0.42388759 0.03134952]
deleted_not_scaled [1.20000000e+01 6.06408352e-01 1.70349920e+04 4.34392300e+06
 3.84000000e+03 2.16000000e+03 1.00000000e+00 4.22870000e+01
 9.66000000e-01 7.43050000e+01 1.20000000e+01 4.41789066e-01
 1.67057580e+04 4.26623300e+06 3.84000000e+03 2.16000000e+03
 1.00000000e+00 2.50960000e+01 9.09000000e-01 7.20700000e+00
 1.20000000e+01 6.04828658e-01 1.56826150e+04 4.01082900e+06
 3.84000000e+03 2.16000000e+03 1.00000000e+00 3.84340000e+01
 9.18000000e-01 7.35430000e+01 1.20000000e+01 0.00000000e+00
 1.67201100e+04 4.23436800e+06 3.84000000e+03 2.16000000e+03
 1.00000000e+00 1.87810000e+01 7.51000000e-01 2.96300000e+00
 1.86000000e+02]
deleted_idx_col 206
query_origi 56
query_idx 538
deleted_scaled [1.         0.         0.72983448 0.72617442 1.         1.
 1.         0.04406693 0.15348837 0.08377202 1.         0.
 0.80238597 0.79958974 1.         1.         1.         0.15400563
 0.07560976 0.09303755 0.91666667 0.         0.59234787 0.59651183
 1.         1.         0.         0.1737421  0.12376238 0.09514923
 1.         0.         0.83887743 0.83846254 1.         1.
 1.         0.040707   0.18969555 0.12046765]
deleted_not_scaled [1.2000000e+01 0.0000000e+00 1.4685460e+04 3.7301070e+06 3.8400000e+03
 2.1600000e+03 1.0000000e+00 1.5677000e+01 6.3600000e-01 8.0840000e+00
 1.2000000e+01 0.0000000e+00 1.6113666e+04 4.0989140e+06 3.8400000e+03
 2.1600000e+03 1.0000000e+00 1.8820000e+01 6.1800000e-01 8.6270000e+00
 1.1000000e+01 0.0000000e+00 1.1519933e+04 2.9347030e+06 3.8400000e+03
 2.1600000e+03 0.0000000e+00 1.9949000e+01 6.4100000e-01 8.6170000e+00
 1.2000000e+01 0.0000000e+00 1.6829667e+04 4.2936690e+06 3.8400000e+03
 2.1600000e+03 1.0000000e+00 1.4979000e+01 6.5100000e-01 1.1386000e+01
 2.3600000e+02]
deleted_idx_col 538
query_origi 558
query_idx 89
deleted_scaled [0.         0.26305568 0.00182529 0.00179092 0.         0.
 0.         0.11510529 0.57209302 0.         0.         0.38211618
 0.0016225  0.0016922  0.         0.         0.         0.07602547
 0.49512195 0.         0.         0.25397979 0.00233418 0.0024186
 0.         0.         0.         0.57618917 0.91336634 0.10945971
 0.         0.         0.00239502 0.00227224 0.         0.
 0.         0.58451621 0.90398126 0.12052055]
deleted_not_scaled [0.00000000e+00 1.23596465e+00 3.63333000e+02 9.26500000e+04
 3.20000000e+02 1.80000000e+02 0.00000000e+00 1.89930000e+01
 8.16000000e-01 0.00000000e+00 0.00000000e+00 1.25393275e+00
 3.63892000e+02 9.29290000e+04 3.20000000e+02 1.80000000e+02
 0.00000000e+00 1.61870000e+01 7.90000000e-01 0.00000000e+00
 0.00000000e+00 1.24860500e+00 3.65376000e+02 9.34450000e+04
 3.20000000e+02 1.80000000e+02 0.00000000e+00 3.45860000e+01
 9.60000000e-01 9.91300000e+00 0.00000000e+00 0.00000000e+00
 3.68379000e+02 9.32920000e+04 3.20000000e+02 1.80000000e+02
 0.00000000e+00 3.29470000e+01 9.56000000e-01 1.13910000e+01
 2.80000000e+01]
deleted_idx_col 89
query_origi 604
query_idx 923
deleted_scaled [0.41666667 0.08850352 0.08014582 0.08013081 0.18181818 0.17171717
 0.         0.09895242 0.49302326 0.30905699 0.41666667 0.39536623
 0.07437954 0.07456984 0.18181818 0.17171717 0.         0.20616023
 0.21707317 0.46588875 0.33333333 0.43891859 0.049709   0.04962225
 0.09090909 0.09090909 0.         0.18875447 0.46039604 0.33430871
 0.33333333 0.         0.04516626 0.0447676  0.09090909 0.09090909
 0.         0.0373778  0.40983607 0.30612072]
deleted_not_scaled [5.00000000e+00 4.15832963e-01 1.90413300e+03 4.86030000e+05
 9.60000000e+02 5.20000000e+02 0.00000000e+00 1.82390000e+01
 7.82000000e-01 2.98240000e+01 5.00000000e+00 1.29741342e+00
 1.79491000e+03 4.58824000e+05 9.60000000e+02 5.20000000e+02
 0.00000000e+00 2.05810000e+01 6.76000000e-01 4.32000000e+01
 4.00000000e+00 2.15779349e+00 1.26102500e+03 3.19197000e+05
 6.40000000e+02 3.60000000e+02 0.00000000e+00 2.04950000e+01
 7.77000000e-01 3.02760000e+01 4.00000000e+00 0.00000000e+00
 1.21008200e+03 3.06756000e+05 6.40000000e+02 3.60000000e+02
 0.00000000e+00 1.48690000e+01 7.45000000e-01 2.89330000e+01
 1.04000000e+02]
deleted_idx_col 923
query_origi 734
query_idx 846
deleted_scaled [0.         0.         0.00199858 0.00191837 0.         0.
 0.         0.12723066 0.23023256 0.         0.         0.
 0.00175926 0.00178343 0.         0.         0.         0.21658522
 0.27073171 0.00084119 0.41666667 0.         0.08360887 0.08433852
 0.18181818 0.17171717 0.         0.03816332 0.20049505 0.43175469
 0.         0.         0.00108399 0.00112497 0.         0.
 0.         0.14633334 0.48009368 0.00068772]
deleted_not_scaled [0.000000e+00 0.000000e+00 3.667420e+02 9.329000e+04 3.200000e+02
 1.800000e+02 0.000000e+00 1.955900e+01 6.690000e-01 0.000000e+00
 0.000000e+00 0.000000e+00 3.665820e+02 9.338700e+04 3.200000e+02
 1.800000e+02 0.000000e+00 2.093300e+01 6.980000e-01 7.800000e-02
 5.000000e+00 0.000000e+00 1.901922e+03 4.852280e+05 9.600000e+02
 5.200000e+02 0.000000e+00 1.501800e+01 6.720000e-01 3.910100e+01
 0.000000e+00 0.000000e+00 3.425790e+02 8.752900e+04 3.200000e+02
 1.800000e+02 0.000000e+00 1.846900e+01 7.750000e-01 6.500000e-02
 2.370000e+02]
deleted_idx_col 846
query_origi 763
query_idx 570
deleted_scaled [6.66666667e-01 0.00000000e+00 2.05540252e-01 2.04221608e-01
 4.54545455e-01 4.54545455e-01 0.00000000e+00 2.07609418e-01
 7.06976744e-01 1.76891192e-02 6.66666667e-01 0.00000000e+00
 2.05010187e-01 2.04189237e-01 4.54545455e-01 4.54545455e-01
 0.00000000e+00 3.49622390e-01 7.09756098e-01 1.63999310e-01
 6.66666667e-01 1.57276910e-02 2.15312561e-01 2.16705990e-01
 4.54545455e-01 4.54545455e-01 0.00000000e+00 1.24800660e-01
 4.85148515e-01 6.84606296e-04 6.66666667e-01 0.00000000e+00
 2.02894633e-01 2.02699020e-01 4.54545455e-01 4.54545455e-01
 0.00000000e+00 1.88916800e-01 5.57377049e-01 5.64989684e-03]
deleted_not_scaled [8.00000000e+00 0.00000000e+00 4.37101800e+03 1.10914600e+06
 1.92000000e+03 1.08000000e+03 0.00000000e+00 2.33110000e+01
 8.74000000e-01 1.70700000e+00 8.00000000e+00 0.00000000e+00
 4.36421200e+03 1.10960100e+06 1.92000000e+03 1.08000000e+03
 0.00000000e+00 2.54250000e+01 8.78000000e-01 1.52070000e+01
 8.00000000e+00 7.73198264e-02 4.39185800e+03 1.11827700e+06
 1.92000000e+03 1.08000000e+03 0.00000000e+00 1.81690000e+01
 7.87000000e-01 6.20000000e-02 8.00000000e+00 0.00000000e+00
 4.31404700e+03 1.10008200e+06 1.92000000e+03 1.08000000e+03
 0.00000000e+00 1.98760000e+01 8.08000000e-01 5.34000000e-01
 1.98000000e+02]
deleted_idx_col 570
query_origi 278
query_idx 111
deleted_scaled [1.         0.07833125 0.83252841 0.83294155 1.         1.
 1.         0.24584931 0.78837209 0.07468394 1.         0.18551408
 0.78047011 0.78204529 1.         1.         1.         0.73490301
 0.80731707 0.79312167 1.         0.1099702  0.86740816 0.86826546
 1.         1.         1.         0.14162772 0.3960396  0.03271756
 1.         0.         0.86940528 0.86376975 1.         1.
 1.         0.97085439 0.96252927 0.94812464]
deleted_not_scaled [1.20000000e+01 3.68038646e-01 1.67057580e+04 4.26623300e+06
 3.84000000e+03 2.16000000e+03 1.00000000e+00 2.50960000e+01
 9.09000000e-01 7.20700000e+00 1.20000000e+01 6.08773441e-01
 1.56826150e+04 4.01082900e+06 3.84000000e+03 2.16000000e+03
 1.00000000e+00 3.84340000e+01 9.18000000e-01 7.35430000e+01
 1.20000000e+01 5.40630960e-01 1.67201100e+04 4.23436800e+06
 3.84000000e+03 2.16000000e+03 1.00000000e+00 1.87810000e+01
 7.51000000e-01 2.96300000e+00 1.20000000e+01 0.00000000e+00
 1.74304300e+04 4.42079300e+06 3.84000000e+03 2.16000000e+03
 1.00000000e+00 4.57120000e+01 9.81000000e-01 8.96120000e+01
 1.87000000e+02]
deleted_idx_col 111
query_origi 1
query_idx 856
deleted_scaled [0.25       0.         0.02754064 0.02761134 0.05454545 0.05454545
 0.         0.50489513 0.83953488 0.60982383 0.25       0.
 0.029537   0.02923232 0.05454545 0.05454545 0.         0.43642825
 0.54634146 0.4154606  0.25       0.         0.02737302 0.0273601
 0.05454545 0.05454545 0.         0.24679681 0.16831683 0.26621247
 0.25       0.         0.0280718  0.02787767 0.05454545 0.05454545
 0.         0.2678793  0.20608899 0.23401576]
deleted_not_scaled [3.00000e+00 0.00000e+00 8.69231e+02 2.22306e+05 5.12000e+02 2.88000e+02
 0.00000e+00 3.71880e+01 9.31000e-01 5.88480e+01 3.00000e+00 0.00000e+00
 9.12927e+02 2.31199e+05 5.12000e+02 2.88000e+02 0.00000e+00 2.83560e+01
 8.11000e-01 3.85240e+01 3.00000e+00 0.00000e+00 8.38750e+02 2.12728e+05
 5.12000e+02 2.88000e+02 0.00000e+00 2.26060e+01 6.59000e-01 2.41090e+01
 3.00000e+00 0.00000e+00 8.73677e+02 2.21914e+05 5.12000e+02 2.88000e+02
 0.00000e+00 2.24850e+01 6.58000e-01 2.21180e+01 9.00000e+01]
deleted_idx_col 856
query_origi 238
query_idx 997
deleted_scaled [0.         0.         0.0018717  0.00187356 0.         0.
 0.         0.36054757 0.71860465 0.0181658  0.5        0.
 0.10671219 0.10706905 0.27272727 0.27272727 0.         0.10250259
 0.12195122 0.35351466 0.         0.         0.00359936 0.00349419
 0.         0.         0.         0.08430025 0.27475248 0.02666652
 0.         0.         0.00135463 0.00127468 0.         0.
 0.         0.05871493 0.43793911 0.        ]
deleted_not_scaled [0.000000e+00 0.000000e+00 3.642460e+02 9.306500e+04 3.200000e+02
 1.800000e+02 0.000000e+00 3.045000e+01 8.790000e-01 1.753000e+00
 6.000000e+00 0.000000e+00 2.430843e+03 6.219920e+05 1.280000e+03
 7.200000e+02 0.000000e+00 1.708100e+01 6.370000e-01 3.278000e+01
 0.000000e+00 0.000000e+00 3.892950e+02 9.858900e+04 3.200000e+02
 1.800000e+02 0.000000e+00 1.669600e+01 7.020000e-01 2.415000e+00
 0.000000e+00 0.000000e+00 3.479050e+02 8.828100e+04 3.200000e+02
 1.800000e+02 0.000000e+00 1.557400e+01 7.570000e-01 0.000000e+00
 1.420000e+02]
deleted_idx_col 997
query_origi 550
query_idx 614
deleted_scaled [0.5        0.         0.09855226 0.09819909 0.27272727 0.27272727
 0.         0.0471304  0.38604651 0.11131606 0.         0.
 0.00116069 0.00119486 0.         0.         0.         0.06536354
 0.55853659 0.12719194 0.5        0.         0.12110519 0.1222228
 0.27272727 0.27272727 0.         0.07596921 0.5        0.39759063
 0.25       0.         0.02764561 0.02773354 0.05454545 0.05454545
 0.         0.59093248 0.77985948 0.62477914]
deleted_not_scaled [6.000000e+00 0.000000e+00 2.266243e+03 5.767590e+05 1.280000e+03
 7.200000e+02 0.000000e+00 1.582000e+01 7.360000e-01 1.074200e+01
 0.000000e+00 0.000000e+00 3.548090e+02 9.043200e+04 3.200000e+02
 1.800000e+02 0.000000e+00 1.582700e+01 8.160000e-01 1.179400e+01
 6.000000e+00 0.000000e+00 2.610812e+03 6.664100e+05 1.280000e+03
 7.200000e+02 0.000000e+00 1.639300e+01 7.930000e-01 3.600700e+01
 3.000000e+00 0.000000e+00 8.652900e+02 2.211900e+05 5.120000e+02
 2.880000e+02 0.000000e+00 3.315900e+01 9.030000e-01 5.905100e+01
 2.450000e+02]
deleted_idx_col 614
query_origi 774
query_idx 949
deleted_scaled [0.83333333 0.         0.394915   0.39188187 0.63636364 0.63636364
 0.         0.06180509 0.52790698 0.11022798 0.83333333 0.
 0.34736179 0.34526108 0.63636364 0.63636364 0.         0.19603139
 0.3        0.02606604 0.83333333 0.         0.43264283 0.434571
 0.63636364 0.63636364 0.         0.02295848 0.50742574 0.07931495
 0.83333333 0.         0.37930818 0.37816059 0.63636364 0.63636364
 0.         0.06555492 0.37002342 0.11848913]
deleted_not_scaled [1.000000e+01 0.000000e+00 8.096588e+03 2.051473e+06 2.560000e+03
 1.440000e+03 0.000000e+00 1.650500e+01 7.970000e-01 1.063700e+01
 1.000000e+01 0.000000e+00 7.164047e+03 1.817877e+06 2.560000e+03
 1.440000e+03 0.000000e+00 2.023900e+01 7.100000e-01 2.417000e+00
 1.000000e+01 0.000000e+00 8.500615e+03 2.160219e+06 2.560000e+03
 1.440000e+03 0.000000e+00 1.446500e+01 7.960000e-01 7.183000e+00
 1.000000e+01 0.000000e+00 7.785721e+03 1.981466e+06 2.560000e+03
 1.440000e+03 0.000000e+00 1.580000e+01 7.280000e-01 1.119900e+01
 2.420000e+02]
deleted_idx_col 949
query_origi 396
query_idx 644
deleted_scaled [1.         0.         0.84942477 0.84475686 1.         1.
 1.         0.05490692 0.4        0.01918135 1.         0.
 0.81720118 0.81394478 1.         1.         1.         0.82508515
 0.91707317 0.87264629 0.91666667 0.         0.58312113 0.58692357
 1.         1.         0.         0.21836679 0.5        0.02188532
 1.         0.         0.80826757 0.80746456 1.         1.
 1.         0.23122787 0.49180328 0.02946622]
deleted_not_scaled [1.2000000e+01 0.0000000e+00 1.7038160e+04 4.3255630e+06 3.8400000e+03
 2.1600000e+03 1.0000000e+00 1.6183000e+01 7.4200000e-01 1.8510000e+00
 1.2000000e+01 0.0000000e+00 1.6405058e+04 4.1709860e+06 3.8400000e+03
 2.1600000e+03 1.0000000e+00 4.1479000e+01 9.6300000e-01 8.0917000e+01
 1.1000000e+01 0.0000000e+00 1.1345496e+04 2.8888470e+06 3.8400000e+03
 2.1600000e+03 0.0000000e+00 2.1572000e+01 7.9300000e-01 1.9820000e+00
 1.2000000e+01 0.0000000e+00 1.6227290e+04 4.1379590e+06 3.8400000e+03
 2.1600000e+03 1.0000000e+00 2.1274000e+01 7.8000000e-01 2.7850000e+00
 1.5300000e+02]
deleted_idx_col 644
query_origi 2
query_idx 579
deleted_scaled [0.         0.         0.00202364 0.00198907 0.         0.
 0.         0.04552368 0.23023256 0.06009326 0.33333333 0.
 0.04218782 0.04230387 0.09090909 0.09090909 0.         0.6339997
 0.81219512 0.65680607 0.         0.         0.00227737 0.00237072
 0.         0.         0.         0.10266703 0.17326733 0.02467895
 0.5        0.         0.11329918 0.11230481 0.27272727 0.27272727
 0.         0.08559063 0.23653396 0.3277046 ]
deleted_not_scaled [0.000000e+00 0.000000e+00 3.672350e+02 9.364500e+04 3.200000e+02
 1.800000e+02 0.000000e+00 1.574500e+01 6.690000e-01 5.799000e+00
 4.000000e+00 0.000000e+00 1.161749e+03 2.968270e+05 6.400000e+02
 3.600000e+02 0.000000e+00 3.502700e+01 9.200000e-01 6.090300e+01
 0.000000e+00 0.000000e+00 3.643020e+02 9.321600e+04 3.200000e+02
 1.800000e+02 0.000000e+00 1.736400e+01 6.610000e-01 2.235000e+00
 6.000000e+00 0.000000e+00 2.550882e+03 6.460110e+05 1.280000e+03
 7.200000e+02 0.000000e+00 1.646200e+01 6.710000e-01 3.097300e+01
 1.410000e+02]
deleted_idx_col 579
query_origi 227
query_idx 389
deleted_scaled [1.         0.09432611 0.77393624 0.77315824 1.         1.
 1.         0.04698044 0.17906977 0.13473575 1.         0.16570031
 0.82573672 0.82657256 1.         1.         1.         0.81297201
 0.88292683 1.         1.         0.16040825 0.85837178 0.86830247
 1.         1.         1.         0.09408853 0.09158416 0.10117819
 1.         0.         0.90574023 0.89851791 1.         1.
 1.         0.08495506 0.21311475 0.09197482]
deleted_not_scaled [1.20000000e+01 4.43190329e-01 1.55530740e+04 3.96603400e+06
 3.84000000e+03 2.16000000e+03 1.00000000e+00 1.58130000e+01
 6.47000000e-01 1.30020000e+01 1.20000000e+01 5.43753595e-01
 1.65729390e+04 4.23438600e+06 3.84000000e+03 2.16000000e+03
 1.00000000e+00 4.10700000e+01 9.49000000e-01 9.27260000e+01
 1.20000000e+01 7.88592439e-01 1.65492720e+04 4.23454500e+06
 3.84000000e+03 2.16000000e+03 1.00000000e+00 1.70520000e+01
 6.28000000e-01 9.16300000e+00 1.20000000e+01 0.00000000e+00
 1.81454720e+04 4.59534100e+06 3.84000000e+03 2.16000000e+03
 1.00000000e+00 1.64410000e+01 6.61000000e-01 8.69300000e+00
 1.41000000e+02]
deleted_idx_col 389
query_origi 687
query_idx 641
deleted_scaled [0.25       0.         0.02775331 0.02756354 0.05454545 0.05454545
 0.         0.25818891 0.73488372 0.25858031 0.5        0.
 0.10859902 0.10834597 0.27272727 0.27272727 0.         0.13490301
 0.49268293 0.19918901 0.         0.         0.00224457 0.00227098
 0.         0.         0.         0.17572175 0.58910891 0.
 0.41666667 0.         0.07762707 0.07769521 0.18181818 0.17171717
 0.         0.45464726 0.81030445 0.33057187]
deleted_not_scaled [3.000000e+00 0.000000e+00 8.734150e+02 2.220660e+05 5.120000e+02
 2.880000e+02 0.000000e+00 2.567200e+01 8.860000e-01 2.495300e+01
 6.000000e+00 0.000000e+00 2.467954e+03 6.284030e+05 1.280000e+03
 7.200000e+02 0.000000e+00 1.817500e+01 7.890000e-01 1.847000e+01
 0.000000e+00 0.000000e+00 3.636820e+02 9.273900e+04 3.200000e+02
 1.800000e+02 0.000000e+00 2.002100e+01 8.290000e-01 0.000000e+00
 5.000000e+00 0.000000e+00 1.848884e+03 4.721590e+05 9.600000e+02
 5.200000e+02 0.000000e+00 2.865600e+01 9.160000e-01 3.124400e+01
 1.990000e+02]
deleted_idx_col 641
query_origi 401
query_idx 876
deleted_scaled [0.33333333 0.         0.04242865 0.04252873 0.09090909 0.09090909
 0.         0.47271792 0.92093023 0.5284456  0.33333333 0.
 0.04275996 0.04235087 0.09090909 0.09090909 0.         0.57837998
 0.90487805 0.50998641 0.33333333 0.         0.04512634 0.04515953
 0.09090909 0.09090909 0.         0.4480066  0.81188119 0.23658669
 0.33333333 0.         0.04302542 0.04275774 0.09090909 0.09090909
 0.         0.56759783 0.9882904  0.31099825]
deleted_not_scaled [4.000000e+00 0.000000e+00 1.162123e+03 2.972130e+05 6.400000e+02
 3.600000e+02 0.000000e+00 3.568600e+01 9.660000e-01 5.099500e+01
 4.000000e+00 0.000000e+00 1.173002e+03 2.970630e+05 6.400000e+02
 3.600000e+02 0.000000e+00 3.314900e+01 9.580000e-01 4.728900e+01
 4.000000e+00 0.000000e+00 1.174387e+03 2.978540e+05 6.400000e+02
 3.600000e+02 0.000000e+00 2.992400e+01 9.190000e-01 2.142600e+01
 4.000000e+00 0.000000e+00 1.167952e+03 2.966600e+05 6.400000e+02
 3.600000e+02 0.000000e+00 3.238800e+01 9.920000e-01 2.939400e+01
 3.000000e+01]
deleted_idx_col 876
query_origi 634
query_idx 525
deleted_scaled [0.66666667 0.         0.20948561 0.20770088 0.45454545 0.45454545
 0.         0.06064826 0.22790698 0.08643523 0.66666667 0.
 0.20208505 0.20084686 0.45454545 0.45454545 0.         0.05520509
 0.35121951 0.00136963 0.66666667 0.         0.21385119 0.21477876
 0.45454545 0.45454545 0.         0.14281001 0.40594059 0.05047315
 0.66666667 0.         0.20809333 0.20745293 0.45454545 0.45454545
 0.         0.05695954 0.33957845 0.05611808]
deleted_not_scaled [8.000000e+00 0.000000e+00 4.448635e+03 1.126617e+06 1.920000e+03
 1.080000e+03 0.000000e+00 1.645100e+01 6.680000e-01 8.341000e+00
 8.000000e+00 0.000000e+00 4.306679e+03 1.092820e+06 1.920000e+03
 1.080000e+03 0.000000e+00 1.548400e+01 7.310000e-01 1.270000e-01
 8.000000e+00 0.000000e+00 4.364230e+03 1.109060e+06 1.920000e+03
 1.080000e+03 0.000000e+00 1.882400e+01 7.550000e-01 4.571000e+00
 8.000000e+00 0.000000e+00 4.416353e+03 1.123962e+06 1.920000e+03
 1.080000e+03 0.000000e+00 1.551600e+01 7.150000e-01 5.304000e+00
 1.440000e+02]
deleted_idx_col 525
query_origi 411
query_idx 903
deleted_scaled [0.         0.         0.00175133 0.00168099 0.         0.
 0.         0.04944408 0.43953488 0.06992746 0.         0.
 0.00116069 0.00119486 0.         0.         0.         0.06536354
 0.55853659 0.12719194 0.         0.         0.00268534 0.00273476
 0.         0.         0.         0.07467693 0.52722772 0.07324183
 0.08333333 0.         0.0088618  0.00892254 0.01818182 0.01818182
 0.         0.5277988  0.73770492 0.17543247]
deleted_not_scaled [0.00000e+00 0.00000e+00 3.61878e+02 9.20980e+04 3.20000e+02 1.80000e+02
 0.00000e+00 1.59280e+01 7.59000e-01 6.74800e+00 0.00000e+00 0.00000e+00
 3.54809e+02 9.04320e+04 3.20000e+02 1.80000e+02 0.00000e+00 1.58270e+01
 8.16000e-01 1.17940e+01 0.00000e+00 0.00000e+00 3.72015e+02 9.49570e+04
 3.20000e+02 1.80000e+02 0.00000e+00 1.63460e+01 8.04000e-01 6.63300e+00
 1.00000e+00 0.00000e+00 4.95640e+02 1.26698e+05 3.84000e+02 2.16000e+02
 0.00000e+00 3.10730e+01 8.85000e-01 1.65810e+01 2.45000e+02]
deleted_idx_col 903
query_origi 775
query_idx 353
deleted_scaled [0.33333333 0.         0.04744466 0.04752331 0.09090909 0.09090909
 0.         0.23252426 0.41627907 0.35815544 0.33333333 0.
 0.03949976 0.03908876 0.09090909 0.09090909 0.         0.09483193
 0.16341463 0.44002761 0.33333333 0.         0.04967018 0.04968226
 0.09090909 0.09090909 0.         0.03964806 0.02227723 0.25649548
 0.33333333 0.         0.03658674 0.03632483 0.09090909 0.09090909
 0.         0.09215823 0.37470726 0.23914723]
deleted_not_scaled [4.000000e+00 0.000000e+00 1.260803e+03 3.222930e+05 6.400000e+02
 3.600000e+02 0.000000e+00 2.447400e+01 7.490000e-01 3.456200e+01
 4.000000e+00 0.000000e+00 1.108879e+03 2.806850e+05 6.400000e+02
 3.600000e+02 0.000000e+00 1.682200e+01 6.540000e-01 4.080200e+01
 4.000000e+00 0.000000e+00 1.260291e+03 3.194840e+05 6.400000e+02
 3.600000e+02 0.000000e+00 1.507200e+01 6.000000e-01 2.322900e+01
 4.000000e+00 0.000000e+00 1.041244e+03 2.643460e+05 6.400000e+02
 3.600000e+02 0.000000e+00 1.667900e+01 7.300000e-01 2.260300e+01
 2.200000e+01]
deleted_idx_col 353
query_origi 818
query_idx 660
deleted_scaled [0.41666667 0.         0.08211395 0.08180881 0.18181818 0.17171717
 0.         0.04074637 0.34883721 0.04981347 0.25       0.
 0.02290954 0.02291046 0.05454545 0.05454545 0.         0.13472531
 0.5        0.15888747 0.25       0.         0.02793851 0.02821572
 0.05454545 0.05454545 0.         0.07874622 0.25247525 0.18762629
 0.16666667 0.         0.01856642 0.01864119 0.05454545 0.05454545
 0.         0.19615024 0.31850117 0.22022959]
deleted_not_scaled [5.000000e+00 0.000000e+00 1.942852e+03 4.944560e+05 9.600000e+02
 5.200000e+02 0.000000e+00 1.552200e+01 7.200000e-01 4.807000e+00
 3.000000e+00 0.000000e+00 7.825750e+02 1.994590e+05 5.120000e+02
 2.880000e+02 0.000000e+00 1.816900e+01 7.920000e-01 1.473300e+01
 3.000000e+00 0.000000e+00 8.494410e+02 2.168200e+05 5.120000e+02
 2.880000e+02 0.000000e+00 1.649400e+01 6.930000e-01 1.699200e+01
 2.000000e+00 0.000000e+00 6.866190e+02 1.755170e+05 5.120000e+02
 2.880000e+02 0.000000e+00 2.011500e+01 7.060000e-01 2.081500e+01
 1.470000e+02]
deleted_idx_col 660
query_origi 843
query_idx 717
deleted_scaled [0.25       0.         0.027471   0.02751993 0.05454545 0.05454545
 0.         0.04016796 0.22093023 0.46445596 0.25       0.
 0.02770661 0.02739452 0.05454545 0.05454545 0.         0.03476973
 0.24878049 0.48129974 0.25       0.         0.0293026  0.02927186
 0.05454545 0.05454545 0.         0.14063789 0.40841584 0.58452127
 0.25       0.         0.0280344  0.02781875 0.05454545 0.05454545
 0.         0.11164916 0.4028103  0.50949585]
deleted_not_scaled [3.00000e+00 0.00000e+00 8.67861e+02 2.21847e+05 5.12000e+02 2.88000e+02
 0.00000e+00 1.54950e+01 6.65000e-01 4.48200e+01 3.00000e+00 0.00000e+00
 8.76926e+02 2.21972e+05 5.12000e+02 2.88000e+02 0.00000e+00 1.47940e+01
 6.89000e-01 4.46290e+01 3.00000e+00 0.00000e+00 8.75230e+02 2.21871e+05
 5.12000e+02 2.88000e+02 0.00000e+00 1.87450e+01 7.56000e-01 5.29360e+01
 3.00000e+00 0.00000e+00 8.72941e+02 2.21618e+05 5.12000e+02 2.88000e+02
 0.00000e+00 1.73230e+01 7.42000e-01 4.81550e+01 1.35000e+02]
deleted_idx_col 717
query_origi 36
query_idx 786
deleted_scaled [0.58333333 0.         0.1355029  0.13526526 0.27272727 0.27272727
 0.         0.09625313 0.5        0.18106736 0.58333333 0.
 0.13931024 0.13936251 0.27272727 0.27272727 0.         0.08239301
 0.23414634 0.21949615 0.58333333 0.05691196 0.14555198 0.14713105
 0.27272727 0.27272727 0.         0.16714325 0.25247525 0.29311087
 0.58333333 0.         0.14116884 0.1398783  0.27272727 0.27272727
 0.         0.11503889 0.46135831 0.2166217 ]
deleted_not_scaled [7.00000000e+00 0.00000000e+00 2.99317300e+03 7.62885000e+05
 1.28000000e+03 7.20000000e+02 0.00000000e+00 1.81130000e+01
 7.85000000e-01 1.74730000e+01 7.00000000e+00 0.00000000e+00
 3.07199600e+03 7.84127000e+05 1.28000000e+03 7.20000000e+02
 0.00000000e+00 1.64020000e+01 6.83000000e-01 2.03530000e+01
 7.00000000e+00 2.79788245e-01 3.07299300e+03 7.85534000e+05
 1.28000000e+03 7.20000000e+02 0.00000000e+00 1.97090000e+01
 6.93000000e-01 2.65450000e+01 7.00000000e+00 0.00000000e+00
 3.09933400e+03 7.84519000e+05 1.28000000e+03 7.20000000e+02
 0.00000000e+00 1.74350000e+01 7.67000000e-01 2.04740000e+01
 1.48000000e+02]
deleted_idx_col 786
query_origi 278
query_idx 178
deleted_scaled [0.58333333 0.11807126 0.14020717 0.13942501 0.27272727 0.27272727
 0.         0.17142612 0.27906977 0.0306114  0.5        0.82180303
 0.10733705 0.10696548 0.27272727 0.27272727 0.         0.26998371
 0.25853659 0.27889697 0.41666667 0.         0.08147035 0.08208448
 0.18181818 0.17171717 0.         0.33739346 0.38366337 0.38601857
 0.33333333 0.         0.04268562 0.04270857 0.09090909 0.09090909
 0.         0.31609213 0.40749415 0.22875734]
deleted_not_scaled [7.00000000e+00 5.54756686e-01 3.08572000e+03 7.83773000e+05
 1.28000000e+03 7.20000000e+02 0.00000000e+00 2.16220000e+01
 6.90000000e-01 2.95400000e+00 6.00000000e+00 2.69678641e+00
 2.44313300e+03 6.21472000e+05 1.28000000e+03 7.20000000e+02
 0.00000000e+00 2.27360000e+01 6.93000000e-01 2.58610000e+01
 5.00000000e+00 0.00000000e+00 1.86149200e+03 4.74448000e+05
 9.60000000e+02 5.20000000e+02 0.00000000e+00 2.59010000e+01
 7.46000000e-01 3.49590000e+01 4.00000000e+00 0.00000000e+00
 1.16126500e+03 2.96413000e+05 6.40000000e+02 3.60000000e+02
 0.00000000e+00 2.40780000e+01 7.44000000e-01 2.16210000e+01
 2.89000000e+02]
deleted_idx_col 178
query_origi 552
query_idx 173
deleted_scaled [0.41666667 0.11192013 0.08094179 0.08111797 0.18181818 0.17171717
 0.         0.10775724 0.50930233 0.02141969 0.41666667 0.45013212
 0.07419523 0.07353791 0.18181818 0.17171717 0.         0.12341182
 0.60243902 0.00386084 0.33333333 0.02066971 0.04494824 0.04498096
 0.09090909 0.09090909 0.         0.06849051 0.43316832 0.17416605
 0.33333333 0.         0.04308005 0.04281209 0.09090909 0.09090909
 0.         0.7255531  0.85714286 0.6832143 ]
deleted_not_scaled [5.00000000e+00 5.25855687e-01 1.91979200e+03 4.90987000e+05
 9.60000000e+02 5.20000000e+02 0.00000000e+00 1.86500000e+01
 7.89000000e-01 2.06700000e+00 5.00000000e+00 1.47713033e+00
 1.79128500e+03 4.53643000e+05 9.60000000e+02 5.20000000e+02
 0.00000000e+00 1.77870000e+01 8.34000000e-01 3.58000000e-01
 4.00000000e+00 1.01615582e-01 1.17102000e+03 2.97000000e+05
 6.40000000e+02 3.60000000e+02 0.00000000e+00 1.61210000e+01
 7.66000000e-01 1.57730000e+01 4.00000000e+00 0.00000000e+00
 1.16902700e+03 2.96933000e+05 6.40000000e+02 3.60000000e+02
 0.00000000e+00 3.76070000e+01 9.36000000e-01 6.45740000e+01
 2.18000000e+02]
deleted_idx_col 173
query_origi 660
query_idx 971
deleted_scaled [0.91666667 0.         0.57153344 0.56951017 1.         1.
 0.         0.23526639 0.69534884 0.06897409 1.         0.
 0.89347191 0.89169526 1.         1.         1.         0.31186139
 0.66829268 0.05452624 1.         0.         0.80576449 0.81265138
 1.         1.         1.         0.42320594 0.74009901 0.12777845
 1.         0.         0.76634784 0.76712001 1.         1.
 1.         0.3713568  0.66276347 0.17403587]
deleted_not_scaled [1.1000000e+01 0.0000000e+00 1.1571203e+04 2.9434250e+06 3.8400000e+03
 2.1600000e+03 0.0000000e+00 2.4602000e+01 8.6900000e-01 6.6560000e+00
 1.2000000e+01 0.0000000e+00 1.7905185e+04 4.5613460e+06 3.8400000e+03
 2.1600000e+03 1.0000000e+00 2.4150000e+01 8.6100000e-01 5.0560000e+00
 1.2000000e+01 0.0000000e+00 1.5554700e+04 3.9683930e+06 3.8400000e+03
 2.1600000e+03 1.0000000e+00 2.9022000e+01 8.9000000e-01 1.1572000e+01
 1.2000000e+01 0.0000000e+00 1.5402344e+04 3.9352990e+06 3.8400000e+03
 2.1600000e+03 1.0000000e+00 2.5904000e+01 8.5300000e-01 1.6449000e+01
 6.4000000e+01]
deleted_idx_col 971
query_origi 21
query_idx 463
deleted_scaled [1.         0.         0.83411185 0.82660971 1.         1.
 1.         0.23646608 0.55813953 0.04356477 0.91666667 0.
 0.57196982 0.56767057 1.         1.         0.         0.26779209
 0.4804878  0.01467765 1.         0.         0.86579768 0.86839803
 1.         1.         1.         0.24844652 0.42574257 0.02938286
 0.91666667 0.         0.57037356 0.5677981  1.         1.
 0.         0.71626161 0.88056206 0.68819764]
deleted_not_scaled [1.2000000e+01 0.0000000e+00 1.6736909e+04 4.2344380e+06 3.8400000e+03
 2.1600000e+03 1.0000000e+00 2.4658000e+01 8.1000000e-01 4.2040000e+00
 1.1000000e+01 0.0000000e+00 1.1581738e+04 2.9345230e+06 3.8400000e+03
 2.1600000e+03 0.0000000e+00 2.2662000e+01 7.8400000e-01 1.3610000e+00
 1.2000000e+01 0.0000000e+00 1.6689663e+04 4.2350020e+06 3.8400000e+03
 2.1600000e+03 1.0000000e+00 2.2666000e+01 7.6300000e-01 2.6610000e+00
 1.1000000e+01 0.0000000e+00 1.1545731e+04 2.9340590e+06 3.8400000e+03
 2.1600000e+03 0.0000000e+00 3.7300000e+01 9.4600000e-01 6.5045000e+01
 8.3000000e+01]
deleted_idx_col 463
query_origi 579
query_idx 533
deleted_scaled [1.         0.         0.76665657 0.76818717 1.         1.
 1.         0.18922856 0.72790698 0.00740933 0.91666667 0.
 0.54689285 0.54250324 1.         1.         0.         0.16845846
 0.28536585 0.03594461 0.91666667 0.         0.59503549 0.59649657
 1.         1.         0.         0.22449821 0.69554455 0.46112651
 1.         0.         0.91607831 0.91151432 1.         1.
 1.         0.45255894 0.79859485 0.24036396]
deleted_not_scaled [1.2000000e+01 0.0000000e+00 1.5409861e+04 3.9410720e+06 3.8400000e+03
 2.1600000e+03 1.0000000e+00 2.2453000e+01 8.8300000e-01 7.1500000e-01
 1.1000000e+01 0.0000000e+00 1.1088513e+04 2.8081660e+06 3.8400000e+03
 2.1600000e+03 0.0000000e+00 1.9308000e+01 7.0400000e-01 3.3330000e+00
 1.1000000e+01 0.0000000e+00 1.1570744e+04 2.9346300e+06 3.8400000e+03
 2.1600000e+03 0.0000000e+00 2.1795000e+01 8.7200000e-01 4.1761000e+01
 1.2000000e+01 0.0000000e+00 1.8348917e+04 4.6606250e+06 3.8400000e+03
 2.1600000e+03 1.0000000e+00 2.8587000e+01 9.1100000e-01 2.2718000e+01
 1.7300000e+02]
deleted_idx_col 533
query_origi 843
query_idx 437
deleted_scaled [0.91666667 0.         0.56423791 0.56366187 1.         1.
 0.         0.13397888 0.55116279 0.00568912 0.91666667 0.
 0.56739798 0.5677104  1.         1.         0.         0.44116689
 0.7902439  0.14615103 1.         0.         0.85729083 0.86677712
 1.         1.         1.         0.27613418 0.67079208 0.00986054
 1.         0.         0.83732691 0.83064227 1.         1.
 1.         0.18095699 0.57845433 0.        ]
deleted_not_scaled [1.1000000e+01 0.0000000e+00 1.1427678e+04 2.9140580e+06 3.8400000e+03
 2.1600000e+03 0.0000000e+00 1.9874000e+01 8.0700000e-01 5.4900000e-01
 1.1000000e+01 0.0000000e+00 1.1491817e+04 2.9347230e+06 3.8400000e+03
 2.1600000e+03 0.0000000e+00 2.8516000e+01 9.1100000e-01 1.3552000e+01
 1.2000000e+01 0.0000000e+00 1.6528836e+04 4.2272500e+06 3.8400000e+03
 2.1600000e+03 1.0000000e+00 2.3673000e+01 8.6200000e-01 8.9300000e-01
 1.2000000e+01 0.0000000e+00 1.6799154e+04 4.2543860e+06 3.8400000e+03
 2.1600000e+03 1.0000000e+00 1.9613000e+01 8.1700000e-01 0.0000000e+00
 2.0100000e+02]
deleted_idx_col 437
query_origi 262
query_idx 65
deleted_scaled [1.         0.10036835 0.89921788 0.89248847 1.         1.
 1.         0.30009212 0.69302326 0.13670466 1.         0.08248772
 0.84367342 0.83862611 1.         1.         1.         0.37331556
 0.64390244 0.05530272 1.         0.11789518 0.78246899 0.78639196
 1.         1.         1.         0.27957108 0.5990099  0.17665051
 1.         0.         0.90116733 0.89892322 1.         1.
 1.         0.56211979 0.85714286 0.66179971]
deleted_not_scaled [1.20000000e+01 4.71579758e-01 1.80177400e+04 4.56524500e+06
 3.84000000e+03 2.16000000e+03 1.00000000e+00 2.76280000e+01
 8.68000000e-01 1.31920000e+01 1.20000000e+01 2.70687457e-01
 1.69257260e+04 4.29490300e+06 3.84000000e+03 2.16000000e+03
 1.00000000e+00 2.62250000e+01 8.51000000e-01 5.12800000e+00
 1.20000000e+01 5.79591429e-01 1.51142850e+04 3.84280700e+06
 3.84000000e+03 2.16000000e+03 1.00000000e+00 2.37980000e+01
 8.33000000e-01 1.59980000e+01 1.20000000e+01 0.00000000e+00
 1.80554810e+04 4.59737700e+06 3.84000000e+03 2.16000000e+03
 1.00000000e+00 3.22070000e+01 9.36000000e-01 6.25500000e+01
 6.90000000e+01]
deleted_idx_col 65
query_origi 494
query_idx 90
deleted_scaled [0.91666667 0.21971778 0.57025209 0.56765832 1.         1.
 0.         1.         1.         1.         0.91666667 0.07854106
 0.57076489 0.5690644  1.         1.         0.         1.
 0.56829268 0.39120635 0.83333333 0.         0.44177928 0.44510939
 0.63636364 0.63636364 0.         0.14118779 0.37623762 0.05761735
 0.83333333 0.         0.35907899 0.35909438 0.63636364 0.63636364
 0.         0.03973851 0.44496487 0.16303232]
deleted_not_scaled [1.10000000e+01 1.03234195e+00 1.15459950e+04 2.93412600e+06
 3.84000000e+03 2.16000000e+03 0.00000000e+00 6.02990000e+01
 1.00000000e+00 9.65000000e+01 1.10000000e+01 2.57736305e-01
 1.15580390e+04 2.94152100e+06 3.84000000e+03 2.16000000e+03
 0.00000000e+00 4.73850000e+01 8.20000000e-01 3.62750000e+01
 1.00000000e+01 0.00000000e+00 8.67334500e+03 2.21061900e+06
 2.56000000e+03 1.44000000e+03 0.00000000e+00 1.87650000e+01
 7.43000000e-01 5.21800000e+00 1.00000000e+01 0.00000000e+00
 7.38762700e+03 1.88569200e+06 2.56000000e+03 1.44000000e+03
 0.00000000e+00 1.49470000e+01 7.60000000e-01 1.54090000e+01
 3.00000000e+00]
deleted_idx_col 90
