query_origi 8
query_idx 12
deleted_scaled [1.66666667e-01 0.00000000e+00 1.81388678e-02 1.81228457e-02
 5.45454545e-02 5.45454545e-02 0.00000000e+00 5.45834315e-01
 8.81395349e-01 5.06466321e-01 8.33333333e-02 4.45394773e-01
 8.67475709e-03 8.77252386e-03 1.81818182e-02 1.81818182e-02
 0.00000000e+00 3.05641937e-01 7.53658537e-01 0.00000000e+00
 8.33333333e-02 0.00000000e+00 1.12787805e-02 1.11681894e-02
 1.81818182e-02 1.81818182e-02 0.00000000e+00 2.25570525e-01
 7.10396040e-01 0.00000000e+00 0.00000000e+00 0.00000000e+00
 1.92873890e-03 1.82750903e-03 0.00000000e+00 0.00000000e+00
 0.00000000e+00 2.79561757e-01 7.21311475e-01 2.11606623e-05]
deleted_not_scaled [2.00000000e+00 0.00000000e+00 6.84270000e+02 1.74660000e+05
 5.12000000e+02 2.88000000e+02 0.00000000e+00 3.90990000e+01
 9.49000000e-01 4.88740000e+01 1.00000000e+00 1.46158451e+00
 5.02599000e+02 1.28477000e+05 3.84000000e+02 2.16000000e+02
 0.00000000e+00 2.39400000e+01 8.96000000e-01 0.00000000e+00
 1.00000000e+00 0.00000000e+00 5.34479000e+02 1.35290000e+05
 3.84000000e+02 2.16000000e+02 0.00000000e+00 2.18340000e+01
 8.78000000e-01 0.00000000e+00 0.00000000e+00 0.00000000e+00
 3.59203000e+02 9.10580000e+04 3.20000000e+02 1.80000000e+02
 0.00000000e+00 2.28710000e+01 8.78000000e-01 2.00000000e-03
 2.77000000e+02]
deleted_idx_col 12
query_origi 634
query_idx 96
deleted_scaled [1.         0.06823407 0.83214581 0.82673936 1.         1.
 1.         0.31262452 0.58372093 0.07807254 1.         0.16071157
 0.83067575 0.82653571 1.         1.         1.         0.36306827
 0.48292683 0.00786187 1.         0.13351528 0.86354877 0.86831774
 1.         1.         1.         0.15515535 0.34405941 0.07892848
 1.         0.         0.8283464  0.82669601 1.         1.
 1.         0.25550074 0.54098361 0.13796752]
deleted_not_scaled [1.20000000e+01 3.20597144e-01 1.66982310e+04 4.23508900e+06
 3.84000000e+03 2.16000000e+03 1.00000000e+00 2.82130000e+01
 8.21000000e-01 7.53400000e+00 1.20000000e+01 5.27382807e-01
 1.66700820e+04 4.23420100e+06 3.84000000e+03 2.16000000e+03
 1.00000000e+00 2.58790000e+01 7.85000000e-01 7.29000000e-01
 1.20000000e+01 6.56382343e-01 1.66471460e+04 4.23461800e+06
 3.84000000e+03 2.16000000e+03 1.00000000e+00 1.92730000e+01
 7.30000000e-01 7.14800000e+00 1.20000000e+01 0.00000000e+00
 1.66224250e+04 4.23456300e+06 3.84000000e+03 2.16000000e+03
 1.00000000e+00 2.20760000e+01 8.01000000e-01 1.30400000e+01
 7.70000000e+01]
deleted_idx_col 96
query_origi 424
query_idx 447
deleted_scaled [0.41666667 0.         0.07626492 0.07624986 0.18181818 0.17171717
 0.         0.05998415 0.26976744 0.00592746 0.41666667 0.
 0.07720106 0.07739535 0.18181818 0.17171717 0.         0.18311861
 0.26829268 0.01847378 0.5        0.         0.11298563 0.11293814
 0.27272727 0.27272727 0.         0.10478416 0.43811881 0.22693595
 0.58333333 0.         0.14092483 0.13986735 0.27272727 0.27272727
 0.         0.20120456 0.70257611 0.13476168]
deleted_not_scaled [5.000000e+00 0.000000e+00 1.827784e+03 4.665420e+05 9.600000e+02
 5.200000e+02 0.000000e+00 1.642000e+01 6.860000e-01 5.720000e-01
 5.000000e+00 0.000000e+00 1.850405e+03 4.730100e+05 9.600000e+02
 5.200000e+02 0.000000e+00 1.980300e+01 6.970000e-01 1.713000e+00
 6.000000e+00 0.000000e+00 2.457307e+03 6.220060e+05 1.280000e+03
 7.200000e+02 0.000000e+00 1.744100e+01 7.680000e-01 2.055200e+01
 7.000000e+00 0.000000e+00 3.094532e+03 7.844640e+05 1.280000e+03
 7.200000e+02 0.000000e+00 2.028200e+01 8.700000e-01 1.273700e+01
 1.490000e+02]
deleted_idx_col 447
query_origi 830
query_idx 565
deleted_scaled [0.25       0.         0.03174126 0.03160699 0.05454545 0.05454545
 0.         0.12817327 0.60930233 0.16746114 0.16666667 0.
 0.01596186 0.01598948 0.05454545 0.05454545 0.         0.18122316
 0.60487805 0.19491836 0.25       0.         0.02733086 0.02764635
 0.05454545 0.05454545 0.         0.17970855 0.63118812 0.1939313
 0.25       0.         0.02889511 0.02902912 0.05454545 0.05454545
 0.         0.30292667 0.67213115 0.24516743]
deleted_not_scaled [3.00000e+00 0.00000e+00 9.51870e+02 2.42370e+05 5.12000e+02 2.88000e+02
 0.00000e+00 1.96030e+01 8.32000e-01 1.61600e+01 2.00000e+00 0.00000e+00
 6.45925e+02 1.64711e+05 5.12000e+02 2.88000e+02 0.00000e+00 1.97390e+01
 8.35000e-01 1.80740e+01 3.00000e+00 0.00000e+00 8.37953e+02 2.14097e+05
 5.12000e+02 2.88000e+02 0.00000e+00 2.01660e+01 8.46000e-01 1.75630e+01
 3.00000e+00 0.00000e+00 8.89879e+02 2.27698e+05 5.12000e+02 2.88000e+02
 0.00000e+00 2.36430e+01 8.57000e-01 2.31720e+01 2.68000e+02]
deleted_idx_col 565
query_origi 194
query_idx 519
deleted_scaled [0.5        0.         0.0916337  0.09183101 0.27272727 0.27272727
 0.         0.18554382 0.67674419 0.27235233 0.5        0.
 0.10792759 0.10700392 0.27272727 0.27272727 0.         0.16700726
 0.58292683 0.20474301 0.5        0.         0.11314966 0.11335946
 0.27272727 0.27272727 0.         0.11811933 0.53712871 0.25097446
 0.5        0.         0.10757425 0.10698891 0.27272727 0.27272727
 0.         0.45143912 0.78220141 0.49192192]
deleted_not_scaled [6.000000e+00 0.000000e+00 2.130134e+03 5.447820e+05 1.280000e+03
 7.200000e+02 0.000000e+00 2.228100e+01 8.610000e-01 2.628200e+01
 6.000000e+00 0.000000e+00 2.454748e+03 6.216650e+05 1.280000e+03
 7.200000e+02 0.000000e+00 1.925900e+01 8.260000e-01 1.898500e+01
 6.000000e+00 0.000000e+00 2.460408e+03 6.240210e+05 1.280000e+03
 7.200000e+02 0.000000e+00 1.792600e+01 8.080000e-01 2.272900e+01
 6.000000e+00 0.000000e+00 2.438220e+03 6.193080e+05 1.280000e+03
 7.200000e+02 0.000000e+00 2.855000e+01 9.040000e-01 4.649400e+01
 6.000000e+01]
deleted_idx_col 519
query_origi 90
query_idx 753
deleted_scaled [0.16666667 0.         0.01814822 0.01809815 0.05454545 0.05454545
 0.         0.0458236  0.21395349 0.38260104 0.16666667 0.
 0.01781152 0.01790516 0.05454545 0.05454545 0.         0.58735377
 0.78292683 0.51133447 0.25       0.1072546  0.02864079 0.02903704
 0.05454545 0.05454545 0.         0.09747044 0.13861386 0.3198326
 0.16666667 0.         0.02132192 0.0210504  0.05454545 0.05454545
 0.         0.08849611 0.26932084 0.28936148]
deleted_not_scaled [2.00000000e+00 0.00000000e+00 6.84454000e+02 1.74536000e+05
 5.12000000e+02 2.88000000e+02 0.00000000e+00 1.57590000e+01
 6.62000000e-01 3.69210000e+01 2.00000000e+00 0.00000000e+00
 6.82305000e+02 1.74329000e+05 5.12000000e+02 2.88000000e+02
 0.00000000e+00 3.34520000e+01 9.08000000e-01 4.74140000e+01
 3.00000000e+00 5.27280643e-01 8.62718000e+02 2.20748000e+05
 5.12000000e+02 2.88000000e+02 0.00000000e+00 1.71750000e+01
 6.47000000e-01 2.89650000e+01 2.00000000e+00 0.00000000e+00
 7.40845000e+02 1.87619000e+05 5.12000000e+02 2.88000000e+02
 0.00000000e+00 1.65580000e+01 6.85000000e-01 2.73490000e+01
 1.41000000e+02]
deleted_idx_col 753
query_origi 507
query_idx 520
deleted_scaled [0.16666667 0.         0.01820551 0.01812125 0.05454545 0.05454545
 0.         0.14927483 0.26976744 0.27471503 0.25       0.
 0.02923576 0.02927215 0.05454545 0.05454545 0.         0.04309196
 0.23170732 0.40155943 0.25       0.         0.02695838 0.02727019
 0.05454545 0.05454545 0.         0.13112455 0.43069307 0.19242958
 0.25       0.         0.03242193 0.03201545 0.05454545 0.05454545
 0.         0.68790291 0.82669789 0.58768449]
deleted_not_scaled [2.00000e+00 0.00000e+00 6.85581e+02 1.74652e+05 5.12000e+02 2.88000e+02
 0.00000e+00 2.05880e+01 6.86000e-01 2.65100e+01 3.00000e+00 0.00000e+00
 9.07002e+02 2.31399e+05 5.12000e+02 2.88000e+02 0.00000e+00 1.50750e+01
 6.82000e-01 3.72350e+01 3.00000e+00 0.00000e+00 8.30911e+02 2.12298e+05
 5.12000e+02 2.88000e+02 0.00000e+00 1.83990e+01 7.65000e-01 1.74270e+01
 3.00000e+00 0.00000e+00 9.59284e+02 2.42699e+05 5.12000e+02 2.88000e+02
 0.00000e+00 3.63630e+01 9.23000e-01 5.55450e+01 2.38000e+02]
deleted_idx_col 520
query_origi 939
query_idx 965
deleted_scaled [0.58333333 0.         0.1406007  0.13966259 0.27272727 0.27272727
 0.         0.19259196 0.4627907  0.22415544 0.58333333 0.
 0.13998004 0.139341   0.27272727 0.27272727 0.         0.6931734
 0.86585366 0.76803701 0.58333333 0.         0.14599449 0.14685337
 0.27272727 0.27272727 0.         0.17629915 0.4950495  0.31979948
 0.58333333 0.         0.1399728  0.13976383 0.27272727 0.27272727
 0.         0.20417058 0.46604215 0.33129133]
deleted_not_scaled [7.000000e+00 0.000000e+00 3.093462e+03 7.849660e+05 1.280000e+03
 7.200000e+02 0.000000e+00 2.261000e+01 7.690000e-01 2.163100e+01
 7.000000e+00 0.000000e+00 3.085170e+03 7.840190e+05 1.280000e+03
 7.200000e+02 0.000000e+00 3.702500e+01 9.420000e-01 7.121700e+01
 7.000000e+00 0.000000e+00 3.081359e+03 7.842060e+05 1.280000e+03
 7.200000e+02 0.000000e+00 2.004200e+01 7.910000e-01 2.896200e+01
 7.000000e+00 0.000000e+00 3.075797e+03 7.839440e+05 1.280000e+03
 7.200000e+02 0.000000e+00 2.038000e+01 7.690000e-01 3.131200e+01
 8.500000e+01]
deleted_idx_col 965
query_origi 707
query_idx 787
deleted_scaled [0.41666667 0.         0.07723066 0.07739953 0.18181818 0.17171717
 0.         0.55843099 0.88139535 0.85380311 0.5        0.
 0.1079645  0.10704057 0.27272727 0.27272727 0.         0.45262846
 0.56829268 0.42710782 0.5        0.         0.11274983 0.11295863
 0.27272727 0.27272727 0.         0.22680781 0.11138614 0.36018021
 0.5        0.         0.10809861 0.10751068 0.27272727 0.27272727
 0.         0.24953845 0.15456674 0.32557795]
deleted_not_scaled [5.000000e+00 0.000000e+00 1.846783e+03 4.723150e+05 9.600000e+02
 5.200000e+02 0.000000e+00 3.968700e+01 9.490000e-01 8.239200e+01
 6.000000e+00 0.000000e+00 2.455474e+03 6.218490e+05 1.280000e+03
 7.200000e+02 0.000000e+00 2.890300e+01 8.200000e-01 3.960400e+01
 6.000000e+00 0.000000e+00 2.452849e+03 6.221040e+05 1.280000e+03
 7.200000e+02 0.000000e+00 2.187900e+01 6.360000e-01 3.261900e+01
 6.000000e+00 0.000000e+00 2.448539e+03 6.219290e+05 1.280000e+03
 7.200000e+02 0.000000e+00 2.187900e+01 6.360000e-01 3.077200e+01
 9.000000e+01]
deleted_idx_col 787
query_origi 731
query_idx 630
deleted_scaled [1.         0.         0.8275702  0.82674055 1.         1.
 1.         0.27228518 0.58372093 0.22115026 1.         0.
 0.90362401 0.90408065 1.         1.         1.         0.12287872
 0.36097561 0.11227703 1.         0.         0.85407914 0.86353009
 1.         1.         1.         0.22760517 0.58415842 0.0165741
 1.         0.         0.75991337 0.75383712 1.         1.
 1.         0.2296238  0.36065574 0.06032905]
deleted_not_scaled [1.2000000e+01 0.0000000e+00 1.6608215e+04 4.2350950e+06 3.8400000e+03
 2.1600000e+03 1.0000000e+00 2.6330000e+01 8.2100000e-01 2.1341000e+01
 1.2000000e+01 0.0000000e+00 1.8104861e+04 4.6235290e+06 3.8400000e+03
 2.1600000e+03 1.0000000e+00 1.7769000e+01 7.3500000e-01 1.0411000e+01
 1.2000000e+01 0.0000000e+00 1.6468117e+04 4.2117210e+06 3.8400000e+03
 2.1600000e+03 1.0000000e+00 2.1908000e+01 8.2700000e-01 1.5010000e+00
 1.2000000e+01 0.0000000e+00 1.5275719e+04 3.8685760e+06 3.8400000e+03
 2.1600000e+03 1.0000000e+00 2.1221000e+01 7.2400000e-01 5.7020000e+00
 2.8400000e+02]
deleted_idx_col 630
query_origi 731
query_idx 775
deleted_scaled [0.25       0.         0.02576206 0.02551772 0.05454545 0.05454545
 0.         0.24842006 0.73953488 0.12557513 0.33333333 0.
 0.04256803 0.0423933  0.09090909 0.09090909 0.         0.3805716
 0.76585366 0.25173091 0.33333333 0.         0.04485181 0.04512879
 0.09090909 0.09090909 0.         0.21710201 0.67574257 0.23368263
 0.33333333 0.         0.04284411 0.0428091  0.09090909 0.09090909
 0.         0.16385703 0.70725995 0.1507803 ]
deleted_not_scaled [3.000000e+00 0.000000e+00 8.342410e+02 2.117930e+05 5.120000e+02
 2.880000e+02 0.000000e+00 2.521600e+01 8.880000e-01 1.211800e+01
 4.000000e+00 0.000000e+00 1.169227e+03 2.972760e+05 6.400000e+02
 3.600000e+02 0.000000e+00 2.647000e+01 9.010000e-01 2.334200e+01
 4.000000e+00 0.000000e+00 1.169197e+03 2.977070e+05 6.400000e+02
 3.600000e+02 0.000000e+00 2.152600e+01 8.640000e-01 2.116300e+01
 4.000000e+00 0.000000e+00 1.164384e+03 2.969180e+05 6.400000e+02
 3.600000e+02 0.000000e+00 1.904800e+01 8.720000e-01 1.425100e+01
 1.680000e+02]
deleted_idx_col 775
query_origi 259
query_idx 446
deleted_scaled [1.         0.05228403 0.77909036 0.7748002  1.         1.
 1.         0.06409735 0.31627907 0.03689119 1.         0.01893309
 0.86302813 0.85958943 1.         1.         1.         0.12672886
 0.44390244 0.02388758 1.         0.02964444 0.82830856 0.83371688
 1.         1.         1.         0.41091559 0.80940594 0.38261763
 1.         0.         0.82742965 0.82660742 1.         1.
 1.         0.15910535 0.54332553 0.06210654]
deleted_not_scaled [1.20000000e+01 2.45656023e-01 1.56544710e+04 3.97427900e+06
 3.84000000e+03 2.16000000e+03 1.00000000e+00 1.66120000e+01
 7.06000000e-01 3.56000000e+00 1.20000000e+01 6.21298657e-02
 1.73064030e+04 4.40015300e+06 3.84000000e+03 2.16000000e+03
 1.00000000e+00 1.78990000e+01 7.69000000e-01 2.21500000e+00
 1.20000000e+01 1.45736772e-01 1.59809090e+04 4.06913900e+06
 3.84000000e+03 2.16000000e+03 1.00000000e+00 2.85750000e+01
 9.18000000e-01 3.46510000e+01 1.20000000e+01 0.00000000e+00
 1.66043840e+04 4.23411800e+06 3.84000000e+03 2.16000000e+03
 1.00000000e+00 1.88910000e+01 8.02000000e-01 5.87000000e+00
 2.50000000e+01]
deleted_idx_col 446
query_origi 579
query_idx 7
deleted_scaled [1.         0.041243   0.84927756 0.84800293 1.         1.
 1.         0.59448574 0.88837209 0.86926425 1.         0.29061545
 0.73668104 0.73706608 1.         1.         1.         0.21614097
 0.54390244 0.03205142 1.         0.0358217  0.98014402 0.99098131
 1.         1.         1.         0.13706351 0.46039604 0.02813511
 1.         0.         0.69264319 0.68709562 1.         1.
 1.         0.12496595 0.5971897  0.00448606]
deleted_not_scaled [1.20000000e+01 1.93779871e-01 1.70352640e+04 4.34186300e+06
 3.84000000e+03 2.16000000e+03 1.00000000e+00 4.13700000e+01
 9.52000000e-01 8.38840000e+01 1.20000000e+01 9.53668651e-01
 1.48213520e+04 3.78500300e+06 3.84000000e+03 2.16000000e+03
 1.00000000e+00 2.09180000e+01 8.10000000e-01 2.97200000e+00
 1.20000000e+01 1.76105153e-01 1.88514480e+04 4.82125800e+06
 3.84000000e+03 2.16000000e+03 1.00000000e+00 1.86150000e+01
 7.77000000e-01 2.54800000e+00 1.20000000e+01 0.00000000e+00
 1.39518970e+04 3.53331800e+06 3.84000000e+03 2.16000000e+03
 1.00000000e+00 1.77630000e+01 8.25000000e-01 4.24000000e-01
 2.16000000e+02]
deleted_idx_col 7
query_origi 800
query_idx 815
deleted_scaled [0.58333333 0.         0.1414263  0.14172196 0.27272727 0.27272727
 0.         0.10745731 0.50232558 0.26032124 0.66666667 0.
 0.20594941 0.20425178 0.45454545 0.45454545 0.         0.12305642
 0.59268293 0.00433535 0.41666667 0.         0.08144512 0.08157261
 0.18181818 0.17171717 0.         0.06879296 0.42821782 0.01387984
 0.58333333 0.         0.14061368 0.13986576 0.27272727 0.27272727
 0.         0.77748857 0.86885246 0.8893509 ]
deleted_not_scaled [7.000000e+00 0.000000e+00 3.109704e+03 7.953070e+05 1.280000e+03
 7.200000e+02 0.000000e+00 1.863600e+01 7.860000e-01 2.512100e+01
 8.000000e+00 0.000000e+00 4.382685e+03 1.109915e+06 1.920000e+03
 1.080000e+03 0.000000e+00 1.777500e+01 8.300000e-01 4.020000e-01
 5.000000e+00 0.000000e+00 1.861015e+03 4.720000e+05 9.600000e+02
 5.200000e+02 0.000000e+00 1.613200e+01 7.640000e-01 1.257000e+00
 7.000000e+00 0.000000e+00 3.088409e+03 7.844560e+05 1.280000e+03
 7.200000e+02 0.000000e+00 3.932300e+01 9.410000e-01 8.405700e+01
 2.180000e+02]
deleted_idx_col 815
query_origi 948
query_idx 318
deleted_scaled [0.83333333 0.         0.39533695 0.39351128 0.63636364 0.63636364
 0.         0.21455044 0.54418605 0.04798964 0.83333333 0.
 0.39758731 0.39640618 0.63636364 0.63636364 0.         0.27066489
 0.43414634 0.11444471 0.83333333 0.         0.40735719 0.41042783
 0.63636364 0.63636364 0.         0.22601045 0.28465347 0.0822963
 0.83333333 0.         0.3937597  0.39377425 0.63636364 0.63636364
 0.         0.52023244 0.7236534  0.44751627]
deleted_not_scaled [1.000000e+01 0.000000e+00 8.104889e+03 2.059655e+06 2.560000e+03
 1.440000e+03 0.000000e+00 2.363500e+01 8.040000e-01 4.631000e+00
 1.000000e+01 0.000000e+00 8.151905e+03 2.074660e+06 2.560000e+03
 1.440000e+03 0.000000e+00 2.275900e+01 7.650000e-01 1.061200e+01
 1.000000e+01 0.000000e+00 8.022575e+03 2.044754e+06 2.560000e+03
 1.440000e+03 0.000000e+00 2.185000e+01 7.060000e-01 7.453000e+00
 1.000000e+01 0.000000e+00 8.070115e+03 2.059897e+06 2.560000e+03
 1.440000e+03 0.000000e+00 3.082300e+01 8.790000e-01 4.229700e+01
 1.160000e+02]
deleted_idx_col 318
query_origi 305
query_idx 887
deleted_scaled [0.58333333 0.         0.11965138 0.11896957 0.27272727 0.27272727
 0.         0.0456308  0.19302326 0.35179275 0.66666667 0.
 0.20489915 0.20418724 0.45454545 0.45454545 0.         0.1562861
 0.11707317 0.08655609 0.66666667 0.17602953 0.21341043 0.21490526
 0.45454545 0.45454545 0.         0.1754193  0.15346535 0.0915937
 0.66666667 0.         0.20832591 0.2082349  0.45454545 0.45454545
 0.         0.04116098 0.22014052 0.11573824]
deleted_not_scaled [7.00000000e+00 0.00000000e+00 2.68132600e+03 6.81057000e+05
 1.28000000e+03 7.20000000e+02 0.00000000e+00 1.57500000e+01
 6.53000000e-01 3.39480000e+01 8.00000000e+00 0.00000000e+00
 4.36202800e+03 1.10959100e+06 1.92000000e+03 1.08000000e+03
 0.00000000e+00 1.88970000e+01 6.35000000e-01 8.02600000e+00
 8.00000000e+00 8.65389132e-01 4.35589700e+03 1.10966500e+06
 1.92000000e+03 1.08000000e+03 0.00000000e+00 2.00100000e+01
 6.53000000e-01 8.29500000e+00 8.00000000e+00 0.00000000e+00
 4.42093000e+03 1.12789000e+06 1.92000000e+03 1.08000000e+03
 0.00000000e+00 1.49940000e+01 6.64000000e-01 1.09390000e+01
 2.36000000e+02]
deleted_idx_col 887
query_origi 11
query_idx 412
deleted_scaled [5.83333333e-01 0.00000000e+00 1.40960737e-01 1.39557443e-01
 2.72727273e-01 2.72727273e-01 0.00000000e+00 2.03260567e-01
 6.97674419e-01 2.28062176e-01 6.66666667e-01 0.00000000e+00
 2.05761187e-01 2.04174099e-01 4.54545455e-01 4.54545455e-01
 0.00000000e+00 1.33274100e-01 5.04878049e-01 9.70601557e-05
 6.66666667e-01 0.00000000e+00 2.24654242e-01 2.25273036e-01
 4.54545455e-01 4.54545455e-01 0.00000000e+00 2.26890294e-01
 6.23762376e-01 5.96270000e-04 6.66666667e-01 0.00000000e+00
 1.95504792e-01 1.94590494e-01 4.54545455e-01 4.54545455e-01
 0.00000000e+00 2.77745831e-01 7.33021077e-01 0.00000000e+00]
deleted_not_scaled [7.000000e+00 0.000000e+00 3.100545e+03 7.844380e+05 1.280000e+03
 7.200000e+02 0.000000e+00 2.310800e+01 8.700000e-01 2.200800e+01
 8.000000e+00 0.000000e+00 4.378983e+03 1.109525e+06 1.920000e+03
 1.080000e+03 0.000000e+00 1.812000e+01 7.940000e-01 9.000000e-03
 8.000000e+00 0.000000e+00 4.568468e+03 1.159249e+06 1.920000e+03
 1.080000e+03 0.000000e+00 2.188200e+01 8.430000e-01 5.400000e-02
 8.000000e+00 0.000000e+00 4.168621e+03 1.059351e+06 1.920000e+03
 1.080000e+03 0.000000e+00 2.281100e+01 8.830000e-01 0.000000e+00
 2.110000e+02]
deleted_idx_col 412
query_origi 263
query_idx 40
deleted_scaled [1.         0.09702738 0.69254668 0.68698476 1.         1.
 1.         0.08875511 0.59302326 0.00439378 1.         0.25182809
 0.81636486 0.81107166 1.         1.         1.         0.0748112
 0.4097561  0.02000518 1.         0.31773259 0.86481988 0.86828867
 1.         1.         1.         0.73610118 0.88118812 0.9886267
 1.         0.         0.88197491 0.87889846 1.         1.
 1.         0.17635665 0.70725995 0.10636407]
deleted_not_scaled [1.20000000e+01 4.55882214e-01 1.39518970e+04 3.53331800e+06
 3.84000000e+03 2.16000000e+03 1.00000000e+00 1.77630000e+01
 8.25000000e-01 4.24000000e-01 1.20000000e+01 8.26386072e-01
 1.63886090e+04 4.15656100e+06 3.84000000e+03 2.16000000e+03
 1.00000000e+00 1.61460000e+01 7.55000000e-01 1.85500000e+00
 1.20000000e+01 1.56202388e+00 1.66711770e+04 4.23447900e+06
 3.84000000e+03 2.16000000e+03 1.00000000e+00 4.04020000e+01
 9.47000000e-01 8.95330000e+01 1.20000000e+01 0.00000000e+00
 1.76777900e+04 4.49678800e+06 3.84000000e+03 2.16000000e+03
 1.00000000e+00 1.94610000e+01 8.72000000e-01 1.00530000e+01
 2.19000000e+02]
deleted_idx_col 40
query_origi 21
query_idx 483
deleted_scaled [0.5        0.         0.10721154 0.10713634 0.27272727 0.27272727
 0.         0.07384477 0.13023256 0.25995855 0.33333333 0.
 0.04587241 0.04599181 0.09090909 0.09090909 0.         0.12021324
 0.25609756 0.25649764 0.5        0.         0.11292168 0.11280996
 0.27272727 0.27272727 0.         0.25466043 0.5        0.25530294
 0.58333333 0.         0.14097691 0.13984207 0.27272727 0.27272727
 0.         0.19587785 0.42388759 0.00084643]
deleted_not_scaled [6.000000e+00 0.000000e+00 2.436597e+03 6.216370e+05 1.280000e+03
 7.200000e+02 0.000000e+00 1.706700e+01 6.260000e-01 2.508600e+01
 4.000000e+00 0.000000e+00 1.234219e+03 3.153430e+05 6.400000e+02
 3.600000e+02 0.000000e+00 1.767900e+01 6.920000e-01 2.378400e+01
 6.000000e+00 0.000000e+00 2.456098e+03 6.213930e+05 1.280000e+03
 7.200000e+02 0.000000e+00 2.289200e+01 7.930000e-01 2.312100e+01
 7.000000e+00 0.000000e+00 3.095557e+03 7.843370e+05 1.280000e+03
 7.200000e+02 0.000000e+00 2.010600e+01 7.510000e-01 8.000000e-02
 1.110000e+02]
deleted_idx_col 483
query_origi 937
query_idx 414
deleted_scaled [0.5        0.         0.10754479 0.10722616 0.27272727 0.27272727
 0.         0.03376251 0.20232558 0.45210363 0.5        0.
 0.10714145 0.10707423 0.27272727 0.27272727 0.         0.06435658
 0.16341463 0.43884132 0.5        0.11847631 0.11174266 0.11290301
 0.27272727 0.27272727 0.         0.66750069 0.8539604  0.92510186
 0.41666667 0.         0.07765522 0.07790743 0.18181818 0.17171717
 0.         0.10483944 0.16159251 0.08597577]
deleted_not_scaled [6.00000000e+00 0.00000000e+00 2.44315300e+03 6.22088000e+05
 1.28000000e+03 7.20000000e+02 0.00000000e+00 1.51960000e+01
 6.57000000e-01 4.36280000e+01 6.00000000e+00 0.00000000e+00
 2.43928600e+03 6.22018000e+05 1.28000000e+03 7.20000000e+02
 0.00000000e+00 1.57930000e+01 6.54000000e-01 4.06920000e+01
 6.00000000e+00 5.82448354e-01 2.43380800e+03 6.21838000e+05
 1.28000000e+03 7.20000000e+02 0.00000000e+00 3.79070000e+01
 9.36000000e-01 8.37800000e+01 5.00000000e+00 0.00000000e+00
 1.84943800e+03 4.73225000e+05 9.60000000e+02 5.20000000e+02
 0.00000000e+00 1.70980000e+01 6.39000000e-01 8.12600000e+00
 1.40000000e+02]
deleted_idx_col 414
query_origi 438
query_idx 251
deleted_scaled [0.66666667 0.26278744 0.20459978 0.20480351 0.45454545 0.45454545
 0.         0.08543456 0.24418605 0.27264249 0.66666667 0.
 0.20556468 0.20365226 0.45454545 0.45454545 0.         0.27415963
 0.49756098 0.25339171 0.58333333 0.08387504 0.14674549 0.14688076
 0.27272727 0.27272727 0.         0.17805884 0.3960396  0.00088336
 0.58333333 0.         0.14078351 0.13988089 0.27272727 0.27272727
 0.         0.38076935 0.56908665 0.08813416]
deleted_not_scaled [8.00000000e+00 1.23470434e+00 4.35251600e+03 1.11206800e+06
 1.92000000e+03 1.08000000e+03 0.00000000e+00 1.76080000e+01
 6.75000000e-01 2.63100000e+01 8.00000000e+00 0.00000000e+00
 4.37511800e+03 1.10690500e+06 1.92000000e+03 1.08000000e+03
 0.00000000e+00 2.28770000e+01 7.91000000e-01 2.34960000e+01
 7.00000000e+00 4.12343036e-01 3.09555700e+03 7.84337000e+05
 1.28000000e+03 7.20000000e+02 0.00000000e+00 2.01060000e+01
 7.51000000e-01 8.00000000e-02 7.00000000e+00 0.00000000e+00
 3.09175100e+03 7.84532000e+05 1.28000000e+03 7.20000000e+02
 0.00000000e+00 2.62150000e+01 8.13000000e-01 8.33000000e+00
 1.12000000e+02]
deleted_idx_col 251
query_origi 37
query_idx 786
deleted_scaled [0.58333333 0.         0.1355029  0.13526526 0.27272727 0.27272727
 0.         0.09625313 0.5        0.18106736 0.58333333 0.
 0.13931024 0.13936251 0.27272727 0.27272727 0.         0.08239301
 0.23414634 0.21949615 0.58333333 0.05691196 0.14555198 0.14713105
 0.27272727 0.27272727 0.         0.16714325 0.25247525 0.29311087
 0.58333333 0.         0.14116884 0.1398783  0.27272727 0.27272727
 0.         0.11503889 0.46135831 0.2166217 ]
deleted_not_scaled [7.00000000e+00 0.00000000e+00 2.99317300e+03 7.62885000e+05
 1.28000000e+03 7.20000000e+02 0.00000000e+00 1.81130000e+01
 7.85000000e-01 1.74730000e+01 7.00000000e+00 0.00000000e+00
 3.07199600e+03 7.84127000e+05 1.28000000e+03 7.20000000e+02
 0.00000000e+00 1.64020000e+01 6.83000000e-01 2.03530000e+01
 7.00000000e+00 2.79788245e-01 3.07299300e+03 7.85534000e+05
 1.28000000e+03 7.20000000e+02 0.00000000e+00 1.97090000e+01
 6.93000000e-01 2.65450000e+01 7.00000000e+00 0.00000000e+00
 3.09933400e+03 7.84519000e+05 1.28000000e+03 7.20000000e+02
 0.00000000e+00 1.74350000e+01 7.67000000e-01 2.04740000e+01
 1.48000000e+02]
deleted_idx_col 786
query_origi 287
query_idx 582
deleted_scaled [0.41666667 0.         0.07810963 0.07735213 0.18181818 0.17171717
 0.         0.19203496 0.46511628 0.18407254 0.33333333 0.
 0.0427654  0.04244389 0.09090909 0.09090909 0.         0.45721901
 0.59756098 0.25836335 0.5        0.         0.11246356 0.11286349
 0.27272727 0.27272727 0.         0.34324993 0.51485149 0.00161214
 0.5        0.         0.10794174 0.10753716 0.27272727 0.27272727
 0.         0.17124179 0.39578454 0.0722425 ]
deleted_not_scaled [5.000000e+00 0.000000e+00 1.864075e+03 4.720770e+05 9.600000e+02
 5.200000e+02 0.000000e+00 2.258400e+01 7.700000e-01 1.776300e+01
 4.000000e+00 0.000000e+00 1.173109e+03 2.975300e+05 6.400000e+02
 3.600000e+02 0.000000e+00 2.905800e+01 8.320000e-01 2.395700e+01
 6.000000e+00 0.000000e+00 2.447437e+03 6.216490e+05 1.280000e+03
 7.200000e+02 0.000000e+00 2.611400e+01 7.990000e-01 1.460000e-01
 6.000000e+00 0.000000e+00 2.445452e+03 6.220620e+05 1.280000e+03
 7.200000e+02 0.000000e+00 1.929200e+01 7.390000e-01 6.828000e+00
 7.600000e+01]
deleted_idx_col 582
query_origi 235
query_idx 321
deleted_scaled [1.         0.03375549 0.82726094 0.82725813 1.         1.
 1.         0.35780544 0.65581395 0.62954404 1.         0.25879131
 0.86086248 0.86216039 1.         1.         1.         0.31298682
 0.35853659 0.32488191 1.         0.1888167  0.8814356  0.88186459
 1.         1.         1.         0.08405279 0.09653465 0.13379636
 1.         0.         0.83517672 0.82934291 1.         1.
 1.         0.040707   0.         0.03547585]
deleted_not_scaled [1.20000000e+01 1.58599869e-01 1.66021310e+04 4.23769400e+06
 3.84000000e+03 2.16000000e+03 1.00000000e+00 3.03220000e+01
 8.52000000e-01 6.07510000e+01 1.20000000e+01 8.49236209e-01
 1.72638080e+04 4.41306100e+06 3.84000000e+03 2.16000000e+03
 1.00000000e+00 2.41880000e+01 7.34000000e-01 3.01250000e+01
 1.20000000e+01 9.28252873e-01 1.69853070e+04 4.29940600e+06
 3.84000000e+03 2.16000000e+03 1.00000000e+00 1.66870000e+01
 6.30000000e-01 1.21170000e+01 1.20000000e+01 0.00000000e+00
 1.67568400e+04 4.24785900e+06 3.84000000e+03 2.16000000e+03
 1.00000000e+00 1.49790000e+01 5.70000000e-01 3.35300000e+00
 2.10000000e+01]
deleted_idx_col 321
query_origi 377
query_idx 230
deleted_scaled [0.33333333 0.06066115 0.04271295 0.04246481 0.09090909 0.09090909
 0.         0.04243878 0.2627907  0.53626943 0.33333333 0.2358093
 0.04236267 0.04227578 0.09090909 0.09090909 0.         0.0472975
 0.18292683 0.45081207 0.25       0.00296371 0.02911245 0.02935466
 0.05454545 0.05454545 0.         0.0588397  0.17326733 0.40863266
 0.16666667 0.         0.01834721 0.01840469 0.05454545 0.05454545
 0.         0.59980025 0.79156909 0.50165582]
deleted_not_scaled [4.00000000e+00 2.85015845e-01 1.16771600e+03 2.96892000e+05
 6.40000000e+02 3.60000000e+02 0.00000000e+00 1.56010000e+01
 6.83000000e-01 5.17500000e+01 4.00000000e+00 7.73819632e-01
 1.16518800e+03 2.96686000e+05 6.40000000e+02 3.60000000e+02
 0.00000000e+00 1.52170000e+01 6.62000000e-01 4.18020000e+01
 3.00000000e+00 1.45700480e-02 8.71635000e+02 2.22267000e+05
 5.12000000e+02 2.88000000e+02 0.00000000e+00 1.57700000e+01
 6.61000000e-01 3.70070000e+01 2.00000000e+00 0.00000000e+00
 6.82305000e+02 1.74329000e+05 5.12000000e+02 2.88000000e+02
 0.00000000e+00 3.34520000e+01 9.08000000e-01 4.74140000e+01
 1.39000000e+02]
deleted_idx_col 230
query_origi 639
query_idx 525
deleted_scaled [0.66666667 0.         0.20948561 0.20770088 0.45454545 0.45454545
 0.         0.06064826 0.22790698 0.08643523 0.66666667 0.
 0.20208505 0.20084686 0.45454545 0.45454545 0.         0.05520509
 0.35121951 0.00136963 0.66666667 0.         0.21385119 0.21477876
 0.45454545 0.45454545 0.         0.14281001 0.40594059 0.05047315
 0.66666667 0.         0.20809333 0.20745293 0.45454545 0.45454545
 0.         0.05695954 0.33957845 0.05611808]
deleted_not_scaled [8.000000e+00 0.000000e+00 4.448635e+03 1.126617e+06 1.920000e+03
 1.080000e+03 0.000000e+00 1.645100e+01 6.680000e-01 8.341000e+00
 8.000000e+00 0.000000e+00 4.306679e+03 1.092820e+06 1.920000e+03
 1.080000e+03 0.000000e+00 1.548400e+01 7.310000e-01 1.270000e-01
 8.000000e+00 0.000000e+00 4.364230e+03 1.109060e+06 1.920000e+03
 1.080000e+03 0.000000e+00 1.882400e+01 7.550000e-01 4.571000e+00
 8.000000e+00 0.000000e+00 4.416353e+03 1.123962e+06 1.920000e+03
 1.080000e+03 0.000000e+00 1.551600e+01 7.150000e-01 5.304000e+00
 1.440000e+02]
deleted_idx_col 525
query_origi 752
query_idx 990
deleted_scaled [0.83333333 0.         0.39508559 0.39346269 0.63636364 0.63636364
 0.         0.17748881 0.39302326 0.06048705 0.83333333 0.
 0.39435417 0.39338408 0.63636364 0.63636364 0.         0.22005035
 0.2902439  0.04885361 0.83333333 0.         0.41032742 0.41363158
 0.63636364 0.63636364 0.         0.3502612  0.57920792 0.23415744
 0.91666667 0.         0.62083964 0.62116076 1.         1.
 0.         0.12526861 0.3911007  0.10814156]
deleted_not_scaled [1.0000000e+01 0.0000000e+00 8.0999440e+03 2.0594110e+06 2.5600000e+03
 1.4400000e+03 0.0000000e+00 2.1905000e+01 7.3900000e-01 5.8370000e+00
 1.0000000e+01 0.0000000e+00 8.0883140e+03 2.0594870e+06 2.5600000e+03
 1.4400000e+03 0.0000000e+00 2.1050000e+01 7.0600000e-01 4.5300000e+00
 1.0000000e+01 0.0000000e+00 8.0787290e+03 2.0600760e+06 2.5600000e+03
 1.4400000e+03 0.0000000e+00 2.6369000e+01 8.2500000e-01 2.1206000e+01
 1.1000000e+01 0.0000000e+00 1.2538862e+04 3.2021120e+06 3.8400000e+03
 2.1600000e+03 0.0000000e+00 1.7773000e+01 7.3700000e-01 1.0221000e+01
 2.8200000e+02]
deleted_idx_col 990
query_origi 91
query_idx 197
deleted_scaled [0.58333333 0.25144935 0.14060502 0.1395899  0.27272727 0.27272727
 0.         0.63015489 0.94186047 0.8013057  0.58333333 0.05792249
 0.14013389 0.13941728 0.27272727 0.27272727 0.         0.25849252
 0.73414634 0.00656774 0.5        0.12136087 0.11237666 0.11296804
 0.27272727 0.27272727 0.         0.20533407 0.67326733 0.17260912
 0.5        0.         0.10787929 0.1076574  0.27272727 0.27272727
 0.         0.26775824 0.68384075 0.21813469]
deleted_not_scaled [7.00000000e+00 1.18143242e+00 3.09354700e+03 7.84601000e+05
 1.28000000e+03 7.20000000e+02 0.00000000e+00 4.30350000e+01
 9.75000000e-01 7.73260000e+01 7.00000000e+00 1.90075460e-01
 3.08819600e+03 7.84402000e+05 1.28000000e+03 7.20000000e+02
 0.00000000e+00 2.23480000e+01 8.88000000e-01 6.09000000e-01
 6.00000000e+00 5.96629286e-01 2.44579400e+03 6.22149000e+05
 1.28000000e+03 7.20000000e+02 0.00000000e+00 2.10980000e+01
 8.63000000e-01 1.56320000e+01 6.00000000e+00 0.00000000e+00
 2.44422300e+03 6.22666000e+05 1.28000000e+03 7.20000000e+02
 0.00000000e+00 2.24810000e+01 8.62000000e-01 2.06170000e+01
 1.90000000e+02]
deleted_idx_col 197
query_origi 466
query_idx 825
deleted_scaled [0.5        0.         0.10751983 0.10720126 0.27272727 0.27272727
 0.         0.15932218 0.33488372 0.26926425 0.08333333 0.
 0.0087978  0.00883287 0.01818182 0.01818182 0.         0.38921961
 0.55853659 0.         0.5        0.         0.11516504 0.11629432
 0.27272727 0.27272727 0.         0.11498488 0.38861386 0.4302861
 0.41666667 0.         0.07323318 0.07343083 0.18181818 0.17171717
 0.         0.25292818 0.63466042 0.22458869]
deleted_not_scaled [6.000000e+00 0.000000e+00 2.442662e+03 6.219630e+05 1.280000e+03
 7.200000e+02 0.000000e+00 2.105700e+01 7.140000e-01 2.598400e+01
 1.000000e+00 0.000000e+00 5.050190e+02 1.287800e+05 3.840000e+02
 2.160000e+02 0.000000e+00 2.676200e+01 8.160000e-01 0.000000e+00
 6.000000e+00 0.000000e+00 2.498510e+03 6.380570e+05 1.280000e+03
 7.200000e+02 0.000000e+00 1.781200e+01 7.480000e-01 3.896800e+01
 5.000000e+00 0.000000e+00 1.762416e+03 4.507380e+05 9.600000e+02
 5.200000e+02 0.000000e+00 2.199100e+01 8.410000e-01 2.122700e+01
 2.830000e+02]
deleted_idx_col 825
query_origi 837
query_idx 628
deleted_scaled [0.00000000e+00 0.00000000e+00 1.83556115e-03 1.79211113e-03
 0.00000000e+00 0.00000000e+00 0.00000000e+00 1.49274835e-01
 5.00000000e-01 1.65803109e-04 5.00000000e-01 0.00000000e+00
 1.06878088e-01 1.06992963e-01 2.72727273e-01 2.72727273e-01
 0.00000000e+00 2.61957648e-01 5.90243902e-01 1.95382093e-01
 0.00000000e+00 0.00000000e+00 2.35549380e-03 2.44014024e-03
 0.00000000e+00 0.00000000e+00 0.00000000e+00 5.62854001e-01
 7.84653465e-01 5.34213752e-02 5.00000000e-01 0.00000000e+00
 1.08451013e-01 1.07494758e-01 2.72727273e-01 2.72727273e-01
 0.00000000e+00 4.62122817e-01 5.85480094e-01 4.19023435e-01]
deleted_not_scaled [0.000000e+00 0.000000e+00 3.635350e+02 9.265600e+04 3.200000e+02
 1.800000e+02 0.000000e+00 2.058800e+01 7.850000e-01 1.600000e-02
 6.000000e+00 0.000000e+00 2.434106e+03 6.216100e+05 1.280000e+03
 7.200000e+02 0.000000e+00 2.246500e+01 8.290000e-01 1.811700e+01
 0.000000e+00 0.000000e+00 3.657790e+02 9.354800e+04 3.200000e+02
 1.800000e+02 0.000000e+00 3.410100e+01 9.080000e-01 4.838000e+00
 6.000000e+00 0.000000e+00 2.455474e+03 6.218490e+05 1.280000e+03
 7.200000e+02 0.000000e+00 2.890300e+01 8.200000e-01 3.960400e+01
 8.800000e+01]
deleted_idx_col 628
query_origi 750
query_idx 820
deleted_scaled [0.25       0.         0.02482798 0.02446683 0.05454545 0.05454545
 0.         0.0696673  0.20930233 0.41202073 0.5        0.
 0.11879357 0.11791699 0.27272727 0.27272727 0.         0.04140382
 0.         0.27071156 0.25       0.         0.02461161 0.02463266
 0.05454545 0.05454545 0.         0.08446522 0.35643564 0.23097733
 0.5        0.         0.11834274 0.11783631 0.27272727 0.27272727
 0.         0.1294755  0.47775176 0.22252553]
deleted_not_scaled [3.000000e+00 0.000000e+00 8.158650e+02 2.065160e+05 5.120000e+02
 2.880000e+02 0.000000e+00 1.687200e+01 6.600000e-01 3.976000e+01
 6.000000e+00 0.000000e+00 2.668465e+03 6.764560e+05 1.280000e+03
 7.200000e+02 0.000000e+00 1.501800e+01 5.870000e-01 2.510200e+01
 3.000000e+00 0.000000e+00 7.865440e+02 1.996840e+05 5.120000e+02
 2.880000e+02 0.000000e+00 1.670200e+01 7.350000e-01 2.091800e+01
 6.000000e+00 0.000000e+00 2.650135e+03 6.737970e+05 1.280000e+03
 7.200000e+02 0.000000e+00 1.791200e+01 7.740000e-01 2.103200e+01
 2.300000e+01]
deleted_idx_col 820
query_origi 223
query_idx 961
deleted_scaled [0.25       0.         0.02759121 0.02751037 0.05454545 0.05454545
 0.         0.39023972 0.70232558 0.47681865 0.25       0.
 0.02725396 0.02731306 0.05454545 0.05454545 0.         0.14408411
 0.2804878  0.35326661 0.25       0.         0.02891282 0.02926684
 0.05454545 0.05454545 0.         0.05127853 0.18316832 0.4949041
 0.25       0.         0.0282369  0.02788922 0.05454545 0.05454545
 0.         0.0351079  0.27868852 0.4721896 ]
deleted_not_scaled [3.00000e+00 0.00000e+00 8.70226e+02 2.21799e+05 5.12000e+02 2.88000e+02
 0.00000e+00 3.18360e+01 8.72000e-01 4.60130e+01 3.00000e+00 0.00000e+00
 8.68023e+02 2.21563e+05 5.12000e+02 2.88000e+02 0.00000e+00 1.84850e+01
 7.02000e-01 3.27570e+01 3.00000e+00 0.00000e+00 8.67861e+02 2.21847e+05
 5.12000e+02 2.88000e+02 0.00000e+00 1.54950e+01 6.65000e-01 4.48200e+01
 3.00000e+00 0.00000e+00 8.76926e+02 2.21972e+05 5.12000e+02 2.88000e+02
 0.00000e+00 1.47940e+01 6.89000e-01 4.46290e+01 1.33000e+02]
deleted_idx_col 961
query_origi 613
query_idx 851
deleted_scaled [0.00000000e+00 3.09336717e-01 6.97809074e-04 6.39058185e-04
 0.00000000e+00 0.00000000e+00 0.00000000e+00 2.98999550e-01
 6.90697674e-01 0.00000000e+00 0.00000000e+00 4.46074497e-01
 1.59407603e-03 1.63663220e-03 0.00000000e+00 0.00000000e+00
 0.00000000e+00 1.59129276e-01 5.58536585e-01 0.00000000e+00
 0.00000000e+00 3.01668108e-01 2.25568205e-03 2.31071035e-03
 0.00000000e+00 0.00000000e+00 0.00000000e+00 7.03051966e-02
 4.92574257e-01 0.00000000e+00 0.00000000e+00 0.00000000e+00
 2.24242067e-03 2.30270119e-03 0.00000000e+00 0.00000000e+00
 0.00000000e+00 6.34121243e-01 9.13348946e-01 1.04882823e-01]
deleted_not_scaled [0.00000000e+00 1.45341567e+00 3.41152000e+02 8.68660000e+04
 3.20000000e+02 1.80000000e+02 0.00000000e+00 2.75770000e+01
 8.67000000e-01 0.00000000e+00 0.00000000e+00 1.46381505e+00
 3.63333000e+02 9.26500000e+04 3.20000000e+02 1.80000000e+02
 0.00000000e+00 1.89930000e+01 8.16000000e-01 0.00000000e+00
 0.00000000e+00 1.48304832e+00 3.63892000e+02 9.29290000e+04
 3.20000000e+02 1.80000000e+02 0.00000000e+00 1.61870000e+01
 7.90000000e-01 0.00000000e+00 0.00000000e+00 0.00000000e+00
 3.65376000e+02 9.34450000e+04 3.20000000e+02 1.80000000e+02
 0.00000000e+00 3.45860000e+01 9.60000000e-01 9.91300000e+00
 2.70000000e+01]
deleted_idx_col 851
query_origi 793
query_idx 731
deleted_scaled [0.5        0.         0.10733089 0.10719489 0.27272727 0.27272727
 0.         0.11624071 0.69767442 0.00679793 0.41666667 0.
 0.07709887 0.07720096 0.18181818 0.17171717 0.         0.19318821
 0.68780488 0.14773634 0.33333333 0.         0.0442714  0.04481703
 0.09090909 0.09090909 0.         0.24374484 0.74257426 0.19740954
 0.5        0.         0.10854736 0.10759031 0.27272727 0.27272727
 0.         0.17314851 0.33723653 0.02886314]
deleted_not_scaled [6.000000e+00 0.000000e+00 2.438945e+03 6.219310e+05 1.280000e+03
 7.200000e+02 0.000000e+00 1.904600e+01 8.700000e-01 6.560000e-01
 5.000000e+00 0.000000e+00 1.848395e+03 4.720340e+05 9.600000e+02
 5.200000e+02 0.000000e+00 2.014300e+01 8.690000e-01 1.369900e+01
 4.000000e+00 0.000000e+00 1.158224e+03 2.962160e+05 6.400000e+02
 3.600000e+02 0.000000e+00 2.249500e+01 8.910000e-01 1.787800e+01
 6.000000e+00 0.000000e+00 2.457370e+03 6.223290e+05 1.280000e+03
 7.200000e+02 0.000000e+00 1.935500e+01 7.140000e-01 2.728000e+00
 1.710000e+02]
deleted_idx_col 731
query_origi 899
query_idx 609
deleted_scaled [0.41666667 0.         0.07779961 0.07732206 0.18181818 0.17171717
 0.         0.18076651 0.16976744 0.30003109 0.58333333 0.
 0.13993484 0.13944955 0.27272727 0.27272727 0.         0.34740116
 0.46829268 0.34347432 0.58333333 0.         0.14598656 0.14700643
 0.27272727 0.27272727 0.         0.29172395 0.62128713 0.19484779
 0.58333333 0.         0.1408484  0.14079205 0.27272727 0.27272727
 0.         0.17986744 0.55971897 0.19778871]
deleted_not_scaled [5.000000e+00 0.000000e+00 1.857976e+03 4.719260e+05 9.600000e+02
 5.200000e+02 0.000000e+00 2.205800e+01 6.430000e-01 2.895300e+01
 7.000000e+00 0.000000e+00 3.084281e+03 7.845640e+05 1.280000e+03
 7.200000e+02 0.000000e+00 2.535000e+01 7.790000e-01 3.184900e+01
 7.000000e+00 0.000000e+00 3.081209e+03 7.849380e+05 1.280000e+03
 7.200000e+02 0.000000e+00 2.424000e+01 8.420000e-01 1.764600e+01
 7.000000e+00 0.000000e+00 3.093028e+03 7.891090e+05 1.280000e+03
 7.200000e+02 0.000000e+00 1.957700e+01 8.090000e-01 1.869400e+01
 9.300000e+01]
deleted_idx_col 609
query_origi 438
query_idx 751
deleted_scaled [0.         0.         0.0019967  0.00200779 0.         0.
 0.         0.14584717 0.33255814 0.00075648 0.         0.
 0.00184763 0.00175235 0.         0.         0.         0.11944321
 0.49268293 0.         0.41666667 0.         0.08148093 0.08155986
 0.18181818 0.17171717 0.         0.18314545 0.69554455 0.
 0.41666667 0.         0.08104123 0.0805388  0.18181818 0.17171717
 0.         0.07324234 0.41920375 0.00504682]
deleted_not_scaled [0.000000e+00 0.000000e+00 3.667050e+02 9.373900e+04 3.200000e+02
 1.800000e+02 0.000000e+00 2.042800e+01 7.130000e-01 7.300000e-02
 0.000000e+00 0.000000e+00 3.683200e+02 9.323100e+04 3.200000e+02
 1.800000e+02 0.000000e+00 1.765300e+01 7.890000e-01 0.000000e+00
 5.000000e+00 0.000000e+00 1.861692e+03 4.719390e+05 9.600000e+02
 5.200000e+02 0.000000e+00 2.029100e+01 8.720000e-01 0.000000e+00
 5.000000e+00 0.000000e+00 1.916072e+03 4.864430e+05 9.600000e+02
 5.200000e+02 0.000000e+00 1.605400e+01 7.490000e-01 4.770000e-01
 1.500000e+02]
deleted_idx_col 751
query_origi 239
query_idx 574
deleted_scaled [0.91666667 0.         0.57000759 0.5697133  1.         1.
 0.         0.02924227 0.2        0.11596891 0.91666667 0.
 0.56505575 0.56565212 1.         1.         0.         0.14295869
 0.38780488 0.02176304 1.         0.         1.         1.
 1.         1.         1.         0.77165246 0.88366337 1.
 0.91666667 0.         0.54587625 0.54175749 1.         1.
 0.         0.08686178 0.52693208 0.11360102]
deleted_not_scaled [1.1000000e+01 0.0000000e+00 1.1541185e+04 2.9444450e+06 3.8400000e+03
 2.1600000e+03 0.0000000e+00 1.4985000e+01 6.5600000e-01 1.1191000e+01
 1.1000000e+01 0.0000000e+00 1.1445749e+04 2.9243890e+06 3.8400000e+03
 2.1600000e+03 0.0000000e+00 1.8447000e+01 7.4600000e-01 2.0180000e+00
 1.2000000e+01 0.0000000e+00 1.9226837e+04 4.8643900e+06 3.8400000e+03
 2.1600000e+03 1.0000000e+00 4.1695000e+01 9.4800000e-01 9.0563000e+01
 1.1000000e+01 0.0000000e+00 1.1063644e+04 2.8032510e+06 3.8400000e+03
 2.1600000e+03 0.0000000e+00 1.6504000e+01 7.9500000e-01 1.0737000e+01
 2.3900000e+02]
deleted_idx_col 574
query_origi 92
query_idx 475
deleted_scaled [1.         0.         0.8252157  0.82026553 1.         1.
 1.         0.08642002 0.61162791 0.00251813 0.91666667 0.
 0.57492917 0.57234683 1.         1.         0.         0.04880794
 0.4902439  0.04743006 1.         0.         0.89627142 0.90167364
 1.         1.         1.         0.0719824  0.39108911 0.05291344
 1.         0.         0.75020849 0.74908839 1.         1.
 1.         0.2899428  0.35362998 0.15048405]
deleted_not_scaled [1.2000000e+01 0.0000000e+00 1.6561895e+04 4.2025810e+06 3.8400000e+03
 2.1600000e+03 1.0000000e+00 1.7654000e+01 8.3300000e-01 2.4300000e-01
 1.1000000e+01 0.0000000e+00 1.1639944e+04 2.9580010e+06 3.8400000e+03
 2.1600000e+03 0.0000000e+00 1.5268000e+01 7.8800000e-01 4.3980000e+00
 1.2000000e+01 0.0000000e+00 1.7265787e+04 4.3941430e+06 3.8400000e+03
 2.1600000e+03 1.0000000e+00 1.6248000e+01 7.4900000e-01 4.7920000e+00
 1.2000000e+01 0.0000000e+00 1.5084735e+04 3.8447220e+06 3.8400000e+03
 2.1600000e+03 1.0000000e+00 2.3214000e+01 7.2100000e-01 1.4223000e+01
 2.2800000e+02]
deleted_idx_col 475
query_origi 645
query_idx 468
deleted_scaled [0.         0.69623367 0.00206191 0.00194486 0.         0.
 0.         0.40774224 0.87209302 0.0378342  0.         0.11350786
 0.00174055 0.00172825 0.         0.         0.         0.26717015
 0.4195122  0.         0.         0.13168999 0.00236554 0.00236424
 0.         0.         0.         0.21391257 0.37623762 0.
 0.         0.         0.00236199 0.0023676  0.         0.
 0.         0.38721588 0.55503513 0.        ]
deleted_not_scaled [0.00000000e+00 3.27124736e+00 3.67988000e+02 9.34230000e+04
 3.20000000e+02 1.80000000e+02 0.00000000e+00 3.26530000e+01
 9.45000000e-01 3.65100000e+00 0.00000000e+00 3.72481550e-01
 3.66214000e+02 9.31100000e+04 3.20000000e+02 1.80000000e+02
 0.00000000e+00 2.26410000e+01 7.59000000e-01 0.00000000e+00
 0.00000000e+00 6.47408916e-01 3.65969000e+02 9.31850000e+04
 3.20000000e+02 1.80000000e+02 0.00000000e+00 2.14100000e+01
 7.43000000e-01 0.00000000e+00 0.00000000e+00 0.00000000e+00
 3.67729000e+02 9.37710000e+04 3.20000000e+02 1.80000000e+02
 0.00000000e+00 2.64280000e+01 8.07000000e-01 0.00000000e+00
 2.81000000e+02]
deleted_idx_col 468
query_origi 90
query_idx 669
deleted_scaled [1.         0.13895765 0.73674202 0.73710672 1.         1.
 1.         0.15634439 0.55813953 0.03079793 1.         0.
 0.94158263 0.94346359 1.         1.         1.         0.14793425
 0.46341463 0.02747881 1.         0.06040252 0.72098517 0.72167932
 1.         1.         1.         0.11363761 0.57920792 0.00468182
 1.         0.         0.81646502 0.81116775 1.         1.
 1.         0.07602675 0.43325527 0.01962651]
deleted_not_scaled [1.20000000e+01 6.52891225e-01 1.48213520e+04 3.78500300e+06
 3.84000000e+03 2.16000000e+03 1.00000000e+00 2.09180000e+01
 8.10000000e-01 2.97200000e+00 1.20000000e+01 0.00000000e+00
 1.88514480e+04 4.82125800e+06 3.84000000e+03 2.16000000e+03
 1.00000000e+00 1.86150000e+01 7.77000000e-01 2.54800000e+00
 1.20000000e+01 2.96948392e-01 1.39518970e+04 3.53331800e+06
 3.84000000e+03 2.16000000e+03 1.00000000e+00 1.77630000e+01
 8.25000000e-01 4.24000000e-01 1.20000000e+01 0.00000000e+00
 1.63886090e+04 4.15656100e+06 3.84000000e+03 2.16000000e+03
 1.00000000e+00 1.61460000e+01 7.55000000e-01 1.85500000e+00
 2.17000000e+02]
deleted_idx_col 669
query_origi 572
query_idx 225
deleted_scaled [0.00000000e+00 0.00000000e+00 2.17150376e-04 1.01763394e-04
 0.00000000e+00 0.00000000e+00 0.00000000e+00 2.81132843e-01
 6.93023256e-01 0.00000000e+00 0.00000000e+00 7.55108673e-01
 2.10250459e-03 2.08876255e-03 0.00000000e+00 0.00000000e+00
 0.00000000e+00 3.07270843e-01 6.29268293e-01 2.02747881e-03
 0.00000000e+00 4.61953224e-01 3.92021619e-03 3.92910671e-03
 0.00000000e+00 0.00000000e+00 0.00000000e+00 4.83942810e-01
 8.29207921e-01 8.81375396e-02 0.00000000e+00 0.00000000e+00
 5.45398741e-04 5.52831435e-04 0.00000000e+00 0.00000000e+00
 0.00000000e+00 3.93722950e-01 7.72833724e-01 0.00000000e+00]
deleted_not_scaled [0.00000000e+00 0.00000000e+00 3.31696000e+02 8.41680000e+04
 3.20000000e+02 1.80000000e+02 0.00000000e+00 2.67430000e+01
 8.68000000e-01 0.00000000e+00 0.00000000e+00 2.47792566e+00
 3.73333000e+02 9.49200000e+04 3.20000000e+02 1.80000000e+02
 0.00000000e+00 2.39950000e+01 8.45000000e-01 1.88000000e-01
 0.00000000e+00 2.27103541e+00 3.95361000e+02 1.00669000e+05
 3.20000000e+02 1.80000000e+02 0.00000000e+00 3.12310000e+01
 9.26000000e-01 7.98200000e+00 0.00000000e+00 0.00000000e+00
 3.31980000e+02 8.46550000e+04 3.20000000e+02 1.80000000e+02
 0.00000000e+00 2.66430000e+01 9.00000000e-01 0.00000000e+00
 7.00000000e+01]
deleted_idx_col 225
query_origi 284
query_idx 384
deleted_scaled [9.16666667e-01 0.00000000e+00 6.06702291e-01 6.02422168e-01
 1.00000000e+00 1.00000000e+00 0.00000000e+00 9.93166092e-02
 2.16279070e-01 7.32849741e-02 9.16666667e-01 0.00000000e+00
 5.72511749e-01 5.69362970e-01 1.00000000e+00 1.00000000e+00
 0.00000000e+00 2.05242115e-01 5.36585366e-01 6.00155296e-02
 9.16666667e-01 0.00000000e+00 5.82357123e-01 5.85266069e-01
 1.00000000e+00 1.00000000e+00 0.00000000e+00 2.89249381e-01
 6.80693069e-01 1.40554089e-01 9.16666667e-01 0.00000000e+00
 5.69723484e-01 5.68585836e-01 1.00000000e+00 1.00000000e+00
 0.00000000e+00 1.78414697e-01 5.08196721e-01 6.87721526e-04]
deleted_not_scaled [1.1000000e+01 0.0000000e+00 1.2263080e+04 3.1086910e+06 3.8400000e+03
 2.1600000e+03 0.0000000e+00 1.8256000e+01 6.6300000e-01 7.0720000e+00
 1.1000000e+01 0.0000000e+00 1.1592397e+04 2.9430200e+06 3.8400000e+03
 2.1600000e+03 0.0000000e+00 2.0550000e+01 8.0700000e-01 5.5650000e+00
 1.1000000e+01 0.0000000e+00 1.1331052e+04 2.8809200e+06 3.8400000e+03
 2.1600000e+03 0.0000000e+00 2.4150000e+01 8.6600000e-01 1.2729000e+01
 1.1000000e+01 0.0000000e+00 1.1532938e+04 2.9380160e+06 3.8400000e+03
 2.1600000e+03 0.0000000e+00 1.9529000e+01 7.8700000e-01 6.5000000e-02
 2.5000000e+02]
deleted_idx_col 384
query_origi 183
query_idx 104
deleted_scaled [0.41666667 0.96208746 0.07950545 0.07911377 0.18181818 0.17171717
 0.         0.21917779 0.62790698 0.31003109 0.25       0.04787334
 0.02987424 0.02981869 0.05454545 0.05454545 0.         0.54275137
 0.84634146 0.5697539  0.08333333 0.         0.00701189 0.00707662
 0.01818182 0.01818182 0.         0.35732747 0.76485149 0.00500204
 0.         0.         0.00211767 0.00215061 0.         0.
 0.         0.36463787 0.76346604 0.        ]
deleted_not_scaled [5.00000000e+00 4.52035891e+00 1.89153500e+03 4.80923000e+05
 9.60000000e+02 5.20000000e+02 0.00000000e+00 2.38510000e+01
 8.40000000e-01 2.99180000e+01 3.00000000e+00 1.57098684e-01
 9.19560000e+02 2.34143000e+05 5.12000000e+02 2.88000000e+02
 0.00000000e+00 3.19460000e+01 9.34000000e-01 5.28310000e+01
 1.00000000e+00 0.00000000e+00 4.53811000e+02 1.15722000e+05
 3.84000000e+02 2.16000000e+02 0.00000000e+00 2.66260000e+01
 9.00000000e-01 4.53000000e-01 0.00000000e+00 0.00000000e+00
 3.62921000e+02 9.26810000e+04 3.20000000e+02 1.80000000e+02
 0.00000000e+00 2.56820000e+01 8.96000000e-01 0.00000000e+00
 7.10000000e+01]
deleted_idx_col 104
query_origi 471
query_idx 875
deleted_scaled [0.91666667 0.         0.5946721  0.59346798 1.         1.
 0.         0.22569035 0.67906977 0.05239378 0.91666667 0.
 0.55976951 0.5595139  1.         1.         0.         0.4566563
 0.74390244 0.12308306 0.91666667 0.         0.55396208 0.55954841
 1.         1.         0.         0.33736596 0.6509901  0.18025021
 1.         0.         0.83336674 0.82588099 1.         1.
 1.         0.78239157 0.93208431 0.73912077]
deleted_not_scaled [1.1000000e+01 0.0000000e+00 1.2026410e+04 3.0637280e+06 3.8400000e+03
 2.1600000e+03 0.0000000e+00 2.4155000e+01 8.6200000e-01 5.0560000e+00
 1.1000000e+01 0.0000000e+00 1.1341777e+04 2.8935710e+06 3.8400000e+03
 2.1600000e+03 0.0000000e+00 2.9039000e+01 8.9200000e-01 1.1413000e+01
 1.1000000e+01 0.0000000e+00 1.0794227e+04 2.7579250e+06 3.8400000e+03
 2.1600000e+03 0.0000000e+00 2.5900000e+01 8.5400000e-01 1.6324000e+01
 1.2000000e+01 0.0000000e+00 1.6721221e+04 4.2304690e+06 3.8400000e+03
 2.1600000e+03 1.0000000e+00 3.9485000e+01 9.6800000e-01 6.9858000e+01
 6.5000000e+01]
deleted_idx_col 875
query_origi 718
query_idx 634
deleted_scaled [9.16666667e-01 0.00000000e+00 5.68018365e-01 5.67725033e-01
 1.00000000e+00 1.00000000e+00 0.00000000e+00 1.51288588e-01
 6.27906977e-01 4.66321244e-04 9.16666667e-01 0.00000000e+00
 5.71611577e-01 5.72213981e-01 1.00000000e+00 1.00000000e+00
 0.00000000e+00 1.90019251e-01 6.51219512e-01 2.04904773e-04
 9.16666667e-01 0.00000000e+00 5.92009559e-01 5.91958159e-01
 1.00000000e+00 1.00000000e+00 0.00000000e+00 1.69837778e-01
 5.86633663e-01 2.65450570e-02 9.16666667e-01 0.00000000e+00
 6.09707671e-01 6.05118498e-01 1.00000000e+00 1.00000000e+00
 0.00000000e+00 9.20190067e-01 9.46135831e-01 9.58958895e-01]
deleted_not_scaled [1.1000000e+01 0.0000000e+00 1.1502051e+04 2.9344610e+06 3.8400000e+03
 2.1600000e+03 0.0000000e+00 2.0682000e+01 8.4000000e-01 4.5000000e-02
 1.1000000e+01 0.0000000e+00 1.1574692e+04 2.9573340e+06 3.8400000e+03
 2.1600000e+03 0.0000000e+00 2.0036000e+01 8.5400000e-01 1.9000000e-02
 1.1000000e+01 0.0000000e+00 1.1513537e+04 2.9129250e+06 3.8400000e+03
 2.1600000e+03 0.0000000e+00 1.9807000e+01 8.2800000e-01 2.4040000e+00
 1.1000000e+01 0.0000000e+00 1.2319794e+04 3.1215280e+06 3.8400000e+03
 2.1600000e+03 0.0000000e+00 4.4038000e+01 9.7400000e-01 9.0636000e+01
 1.9400000e+02]
deleted_idx_col 634
query_origi 22
query_idx 463
deleted_scaled [1.         0.         0.83411185 0.82660971 1.         1.
 1.         0.23646608 0.55813953 0.04356477 0.91666667 0.
 0.57196982 0.56767057 1.         1.         0.         0.26779209
 0.4804878  0.01467765 1.         0.         0.86579768 0.86839803
 1.         1.         1.         0.24844652 0.42574257 0.02938286
 0.91666667 0.         0.57037356 0.5677981  1.         1.
 0.         0.71626161 0.88056206 0.68819764]
deleted_not_scaled [1.2000000e+01 0.0000000e+00 1.6736909e+04 4.2344380e+06 3.8400000e+03
 2.1600000e+03 1.0000000e+00 2.4658000e+01 8.1000000e-01 4.2040000e+00
 1.1000000e+01 0.0000000e+00 1.1581738e+04 2.9345230e+06 3.8400000e+03
 2.1600000e+03 0.0000000e+00 2.2662000e+01 7.8400000e-01 1.3610000e+00
 1.2000000e+01 0.0000000e+00 1.6689663e+04 4.2350020e+06 3.8400000e+03
 2.1600000e+03 1.0000000e+00 2.2666000e+01 7.6300000e-01 2.6610000e+00
 1.1000000e+01 0.0000000e+00 1.1545731e+04 2.9340590e+06 3.8400000e+03
 2.1600000e+03 0.0000000e+00 3.7300000e+01 9.4600000e-01 6.5045000e+01
 8.3000000e+01]
deleted_idx_col 463
query_origi 79
query_idx 377
deleted_scaled [0.91666667 0.         0.55408038 0.55491161 1.         1.
 0.         0.56423659 0.89767442 0.92324352 0.91666667 0.
 0.54045365 0.53584199 1.         1.         0.         0.11103213
 0.55853659 0.06168712 0.91666667 0.         0.63165619 0.63289188
 1.         1.         0.         0.12719274 0.17821782 0.07808929
 0.91666667 0.         0.5727449  0.56958201 1.         1.
 0.         0.2093157  0.55503513 0.05887954]
deleted_not_scaled [1.1000000e+01 0.0000000e+00 1.1227849e+04 2.8701190e+06 3.8400000e+03
 2.1600000e+03 0.0000000e+00 3.9958000e+01 9.5600000e-01 8.9093000e+01
 1.1000000e+01 0.0000000e+00 1.0961864e+04 2.7747220e+06 3.8400000e+03
 2.1600000e+03 0.0000000e+00 1.7369000e+01 8.1600000e-01 5.7200000e+00
 1.1000000e+01 0.0000000e+00 1.2263080e+04 3.1086910e+06 3.8400000e+03
 2.1600000e+03 0.0000000e+00 1.8256000e+01 6.6300000e-01 7.0720000e+00
 1.1000000e+01 0.0000000e+00 1.1592397e+04 2.9430200e+06 3.8400000e+03
 2.1600000e+03 0.0000000e+00 2.0550000e+01 8.0700000e-01 5.5650000e+00
 2.4800000e+02]
deleted_idx_col 377
query_origi 225
query_idx 970
deleted_scaled [0.91666667 0.         0.56772151 0.56771448 1.         1.
 0.         0.35846955 0.65581395 0.62279793 0.91666667 0.
 0.5879631  0.58887668 1.         1.         0.         0.31357915
 0.36341463 0.32400837 0.91666667 0.         0.61312966 0.61339229
 1.         1.         0.         0.08427275 0.10148515 0.13308967
 0.91666667 0.         0.5718004  0.56777859 1.         1.
 0.         0.04088859 0.00468384 0.03432259]
deleted_not_scaled [1.1000000e+01 0.0000000e+00 1.1496211e+04 2.9344080e+06 3.8400000e+03
 2.1600000e+03 0.0000000e+00 3.0353000e+01 8.5200000e-01 6.0100000e+01
 1.1000000e+01 0.0000000e+00 1.1896301e+04 3.0409920e+06 3.8400000e+03
 2.1600000e+03 0.0000000e+00 2.4208000e+01 7.3600000e-01 3.0044000e+01
 1.1000000e+01 0.0000000e+00 1.1912825e+04 3.0154340e+06 3.8400000e+03
 2.1600000e+03 0.0000000e+00 1.6695000e+01 6.3200000e-01 1.2053000e+01
 1.1000000e+01 0.0000000e+00 1.1573810e+04 2.9339610e+06 3.8400000e+03
 2.1600000e+03 0.0000000e+00 1.4985000e+01 5.7200000e-01 3.2440000e+00
 2.1000000e+01]
deleted_idx_col 970
query_origi 573
query_idx 512
deleted_scaled [1.         0.         0.82901309 0.82652548 1.         1.
 1.         0.19274192 0.41395349 0.1333057  0.91666667 0.
 0.568473   0.5676393  1.         1.         0.         0.75205094
 0.86097561 0.90601342 0.91666667 0.         0.59103572 0.59639223
 1.         1.         0.         0.12930987 0.20792079 0.11357839
 1.         0.         0.8818089  0.8831312  1.         1.
 1.         0.05456857 0.16627635 0.16620642]
deleted_not_scaled [1.2000000e+01 0.0000000e+00 1.6636601e+04 4.2340150e+06 3.8400000e+03
 2.1600000e+03 1.0000000e+00 2.2617000e+01 7.4800000e-01 1.2864000e+01
 1.1000000e+01 0.0000000e+00 1.1512961e+04 2.9343660e+06 3.8400000e+03
 2.1600000e+03 0.0000000e+00 3.9013000e+01 9.4000000e-01 8.4011000e+01
 1.1000000e+01 0.0000000e+00 1.1495126e+04 2.9341310e+06 3.8400000e+03
 2.1600000e+03 0.0000000e+00 1.8333000e+01 6.7500000e-01 1.0286000e+01
 1.2000000e+01 0.0000000e+00 1.7674523e+04 4.5180500e+06 3.8400000e+03
 2.1600000e+03 1.0000000e+00 1.5437000e+01 6.4100000e-01 1.5709000e+01
 1.3200000e+02]
deleted_idx_col 512
query_origi 487
query_idx 90
deleted_scaled [0.91666667 0.21971778 0.57025209 0.56765832 1.         1.
 0.         1.         1.         1.         0.91666667 0.07854106
 0.57076489 0.5690644  1.         1.         0.         1.
 0.56829268 0.39120635 0.83333333 0.         0.44177928 0.44510939
 0.63636364 0.63636364 0.         0.14118779 0.37623762 0.05761735
 0.83333333 0.         0.35907899 0.35909438 0.63636364 0.63636364
 0.         0.03973851 0.44496487 0.16303232]
deleted_not_scaled [1.10000000e+01 1.03234195e+00 1.15459950e+04 2.93412600e+06
 3.84000000e+03 2.16000000e+03 0.00000000e+00 6.02990000e+01
 1.00000000e+00 9.65000000e+01 1.10000000e+01 2.57736305e-01
 1.15580390e+04 2.94152100e+06 3.84000000e+03 2.16000000e+03
 0.00000000e+00 4.73850000e+01 8.20000000e-01 3.62750000e+01
 1.00000000e+01 0.00000000e+00 8.67334500e+03 2.21061900e+06
 2.56000000e+03 1.44000000e+03 0.00000000e+00 1.87650000e+01
 7.43000000e-01 5.21800000e+00 1.00000000e+01 0.00000000e+00
 7.38762700e+03 1.88569200e+06 2.56000000e+03 1.44000000e+03
 0.00000000e+00 1.49470000e+01 7.60000000e-01 1.54090000e+01
 3.00000000e+00]
deleted_idx_col 90
