query_origi 8
query_idx 12
deleted_scaled [1.66666667e-01 0.00000000e+00 1.81388678e-02 1.81228457e-02
 5.45454545e-02 5.45454545e-02 0.00000000e+00 5.45834315e-01
 8.81395349e-01 5.06466321e-01 8.33333333e-02 4.45394773e-01
 8.67475709e-03 8.77252386e-03 1.81818182e-02 1.81818182e-02
 0.00000000e+00 3.05641937e-01 7.53658537e-01 0.00000000e+00
 8.33333333e-02 0.00000000e+00 1.12787805e-02 1.11681894e-02
 1.81818182e-02 1.81818182e-02 0.00000000e+00 2.25570525e-01
 7.10396040e-01 0.00000000e+00 0.00000000e+00 0.00000000e+00
 1.92873890e-03 1.82750903e-03 0.00000000e+00 0.00000000e+00
 0.00000000e+00 2.79561757e-01 7.21311475e-01 2.11606623e-05]
deleted_not_scaled [2.00000000e+00 0.00000000e+00 6.84270000e+02 1.74660000e+05
 5.12000000e+02 2.88000000e+02 0.00000000e+00 3.90990000e+01
 9.49000000e-01 4.88740000e+01 1.00000000e+00 1.46158451e+00
 5.02599000e+02 1.28477000e+05 3.84000000e+02 2.16000000e+02
 0.00000000e+00 2.39400000e+01 8.96000000e-01 0.00000000e+00
 1.00000000e+00 0.00000000e+00 5.34479000e+02 1.35290000e+05
 3.84000000e+02 2.16000000e+02 0.00000000e+00 2.18340000e+01
 8.78000000e-01 0.00000000e+00 0.00000000e+00 0.00000000e+00
 3.59203000e+02 9.10580000e+04 3.20000000e+02 1.80000000e+02
 0.00000000e+00 2.28710000e+01 8.78000000e-01 2.00000000e-03
 2.77000000e+02]
deleted_idx_col 12
query_origi 634
query_idx 96
deleted_scaled [1.         0.06823407 0.83214581 0.82673936 1.         1.
 1.         0.31262452 0.58372093 0.07807254 1.         0.16071157
 0.83067575 0.82653571 1.         1.         1.         0.36306827
 0.48292683 0.00786187 1.         0.13351528 0.86354877 0.86831774
 1.         1.         1.         0.15515535 0.34405941 0.07892848
 1.         0.         0.8283464  0.82669601 1.         1.
 1.         0.25550074 0.54098361 0.13796752]
deleted_not_scaled [1.20000000e+01 3.20597144e-01 1.66982310e+04 4.23508900e+06
 3.84000000e+03 2.16000000e+03 1.00000000e+00 2.82130000e+01
 8.21000000e-01 7.53400000e+00 1.20000000e+01 5.27382807e-01
 1.66700820e+04 4.23420100e+06 3.84000000e+03 2.16000000e+03
 1.00000000e+00 2.58790000e+01 7.85000000e-01 7.29000000e-01
 1.20000000e+01 6.56382343e-01 1.66471460e+04 4.23461800e+06
 3.84000000e+03 2.16000000e+03 1.00000000e+00 1.92730000e+01
 7.30000000e-01 7.14800000e+00 1.20000000e+01 0.00000000e+00
 1.66224250e+04 4.23456300e+06 3.84000000e+03 2.16000000e+03
 1.00000000e+00 2.20760000e+01 8.01000000e-01 1.30400000e+01
 7.70000000e+01]
deleted_idx_col 96
query_origi 424
query_idx 447
deleted_scaled [0.41666667 0.         0.07626492 0.07624986 0.18181818 0.17171717
 0.         0.05998415 0.26976744 0.00592746 0.41666667 0.
 0.07720106 0.07739535 0.18181818 0.17171717 0.         0.18311861
 0.26829268 0.01847378 0.5        0.         0.11298563 0.11293814
 0.27272727 0.27272727 0.         0.10478416 0.43811881 0.22693595
 0.58333333 0.         0.14092483 0.13986735 0.27272727 0.27272727
 0.         0.20120456 0.70257611 0.13476168]
deleted_not_scaled [5.000000e+00 0.000000e+00 1.827784e+03 4.665420e+05 9.600000e+02
 5.200000e+02 0.000000e+00 1.642000e+01 6.860000e-01 5.720000e-01
 5.000000e+00 0.000000e+00 1.850405e+03 4.730100e+05 9.600000e+02
 5.200000e+02 0.000000e+00 1.980300e+01 6.970000e-01 1.713000e+00
 6.000000e+00 0.000000e+00 2.457307e+03 6.220060e+05 1.280000e+03
 7.200000e+02 0.000000e+00 1.744100e+01 7.680000e-01 2.055200e+01
 7.000000e+00 0.000000e+00 3.094532e+03 7.844640e+05 1.280000e+03
 7.200000e+02 0.000000e+00 2.028200e+01 8.700000e-01 1.273700e+01
 1.490000e+02]
deleted_idx_col 447
query_origi 830
query_idx 565
deleted_scaled [0.25       0.         0.03174126 0.03160699 0.05454545 0.05454545
 0.         0.12817327 0.60930233 0.16746114 0.16666667 0.
 0.01596186 0.01598948 0.05454545 0.05454545 0.         0.18122316
 0.60487805 0.19491836 0.25       0.         0.02733086 0.02764635
 0.05454545 0.05454545 0.         0.17970855 0.63118812 0.1939313
 0.25       0.         0.02889511 0.02902912 0.05454545 0.05454545
 0.         0.30292667 0.67213115 0.24516743]
deleted_not_scaled [3.00000e+00 0.00000e+00 9.51870e+02 2.42370e+05 5.12000e+02 2.88000e+02
 0.00000e+00 1.96030e+01 8.32000e-01 1.61600e+01 2.00000e+00 0.00000e+00
 6.45925e+02 1.64711e+05 5.12000e+02 2.88000e+02 0.00000e+00 1.97390e+01
 8.35000e-01 1.80740e+01 3.00000e+00 0.00000e+00 8.37953e+02 2.14097e+05
 5.12000e+02 2.88000e+02 0.00000e+00 2.01660e+01 8.46000e-01 1.75630e+01
 3.00000e+00 0.00000e+00 8.89879e+02 2.27698e+05 5.12000e+02 2.88000e+02
 0.00000e+00 2.36430e+01 8.57000e-01 2.31720e+01 2.68000e+02]
deleted_idx_col 565
query_origi 194
query_idx 519
deleted_scaled [0.5        0.         0.0916337  0.09183101 0.27272727 0.27272727
 0.         0.18554382 0.67674419 0.27235233 0.5        0.
 0.10792759 0.10700392 0.27272727 0.27272727 0.         0.16700726
 0.58292683 0.20474301 0.5        0.         0.11314966 0.11335946
 0.27272727 0.27272727 0.         0.11811933 0.53712871 0.25097446
 0.5        0.         0.10757425 0.10698891 0.27272727 0.27272727
 0.         0.45143912 0.78220141 0.49192192]
deleted_not_scaled [6.000000e+00 0.000000e+00 2.130134e+03 5.447820e+05 1.280000e+03
 7.200000e+02 0.000000e+00 2.228100e+01 8.610000e-01 2.628200e+01
 6.000000e+00 0.000000e+00 2.454748e+03 6.216650e+05 1.280000e+03
 7.200000e+02 0.000000e+00 1.925900e+01 8.260000e-01 1.898500e+01
 6.000000e+00 0.000000e+00 2.460408e+03 6.240210e+05 1.280000e+03
 7.200000e+02 0.000000e+00 1.792600e+01 8.080000e-01 2.272900e+01
 6.000000e+00 0.000000e+00 2.438220e+03 6.193080e+05 1.280000e+03
 7.200000e+02 0.000000e+00 2.855000e+01 9.040000e-01 4.649400e+01
 6.000000e+01]
deleted_idx_col 519
query_origi 90
query_idx 753
deleted_scaled [0.16666667 0.         0.01814822 0.01809815 0.05454545 0.05454545
 0.         0.0458236  0.21395349 0.38260104 0.16666667 0.
 0.01781152 0.01790516 0.05454545 0.05454545 0.         0.58735377
 0.78292683 0.51133447 0.25       0.1072546  0.02864079 0.02903704
 0.05454545 0.05454545 0.         0.09747044 0.13861386 0.3198326
 0.16666667 0.         0.02132192 0.0210504  0.05454545 0.05454545
 0.         0.08849611 0.26932084 0.28936148]
deleted_not_scaled [2.00000000e+00 0.00000000e+00 6.84454000e+02 1.74536000e+05
 5.12000000e+02 2.88000000e+02 0.00000000e+00 1.57590000e+01
 6.62000000e-01 3.69210000e+01 2.00000000e+00 0.00000000e+00
 6.82305000e+02 1.74329000e+05 5.12000000e+02 2.88000000e+02
 0.00000000e+00 3.34520000e+01 9.08000000e-01 4.74140000e+01
 3.00000000e+00 5.27280643e-01 8.62718000e+02 2.20748000e+05
 5.12000000e+02 2.88000000e+02 0.00000000e+00 1.71750000e+01
 6.47000000e-01 2.89650000e+01 2.00000000e+00 0.00000000e+00
 7.40845000e+02 1.87619000e+05 5.12000000e+02 2.88000000e+02
 0.00000000e+00 1.65580000e+01 6.85000000e-01 2.73490000e+01
 1.41000000e+02]
deleted_idx_col 753
query_origi 507
query_idx 520
deleted_scaled [0.16666667 0.         0.01820551 0.01812125 0.05454545 0.05454545
 0.         0.14927483 0.26976744 0.27471503 0.25       0.
 0.02923576 0.02927215 0.05454545 0.05454545 0.         0.04309196
 0.23170732 0.40155943 0.25       0.         0.02695838 0.02727019
 0.05454545 0.05454545 0.         0.13112455 0.43069307 0.19242958
 0.25       0.         0.03242193 0.03201545 0.05454545 0.05454545
 0.         0.68790291 0.82669789 0.58768449]
deleted_not_scaled [2.00000e+00 0.00000e+00 6.85581e+02 1.74652e+05 5.12000e+02 2.88000e+02
 0.00000e+00 2.05880e+01 6.86000e-01 2.65100e+01 3.00000e+00 0.00000e+00
 9.07002e+02 2.31399e+05 5.12000e+02 2.88000e+02 0.00000e+00 1.50750e+01
 6.82000e-01 3.72350e+01 3.00000e+00 0.00000e+00 8.30911e+02 2.12298e+05
 5.12000e+02 2.88000e+02 0.00000e+00 1.83990e+01 7.65000e-01 1.74270e+01
 3.00000e+00 0.00000e+00 9.59284e+02 2.42699e+05 5.12000e+02 2.88000e+02
 0.00000e+00 3.63630e+01 9.23000e-01 5.55450e+01 2.38000e+02]
deleted_idx_col 520
query_origi 939
query_idx 965
deleted_scaled [0.58333333 0.         0.1406007  0.13966259 0.27272727 0.27272727
 0.         0.19259196 0.4627907  0.22415544 0.58333333 0.
 0.13998004 0.139341   0.27272727 0.27272727 0.         0.6931734
 0.86585366 0.76803701 0.58333333 0.         0.14599449 0.14685337
 0.27272727 0.27272727 0.         0.17629915 0.4950495  0.31979948
 0.58333333 0.         0.1399728  0.13976383 0.27272727 0.27272727
 0.         0.20417058 0.46604215 0.33129133]
deleted_not_scaled [7.000000e+00 0.000000e+00 3.093462e+03 7.849660e+05 1.280000e+03
 7.200000e+02 0.000000e+00 2.261000e+01 7.690000e-01 2.163100e+01
 7.000000e+00 0.000000e+00 3.085170e+03 7.840190e+05 1.280000e+03
 7.200000e+02 0.000000e+00 3.702500e+01 9.420000e-01 7.121700e+01
 7.000000e+00 0.000000e+00 3.081359e+03 7.842060e+05 1.280000e+03
 7.200000e+02 0.000000e+00 2.004200e+01 7.910000e-01 2.896200e+01
 7.000000e+00 0.000000e+00 3.075797e+03 7.839440e+05 1.280000e+03
 7.200000e+02 0.000000e+00 2.038000e+01 7.690000e-01 3.131200e+01
 8.500000e+01]
deleted_idx_col 965
query_origi 707
query_idx 787
deleted_scaled [0.41666667 0.         0.07723066 0.07739953 0.18181818 0.17171717
 0.         0.55843099 0.88139535 0.85380311 0.5        0.
 0.1079645  0.10704057 0.27272727 0.27272727 0.         0.45262846
 0.56829268 0.42710782 0.5        0.         0.11274983 0.11295863
 0.27272727 0.27272727 0.         0.22680781 0.11138614 0.36018021
 0.5        0.         0.10809861 0.10751068 0.27272727 0.27272727
 0.         0.24953845 0.15456674 0.32557795]
deleted_not_scaled [5.000000e+00 0.000000e+00 1.846783e+03 4.723150e+05 9.600000e+02
 5.200000e+02 0.000000e+00 3.968700e+01 9.490000e-01 8.239200e+01
 6.000000e+00 0.000000e+00 2.455474e+03 6.218490e+05 1.280000e+03
 7.200000e+02 0.000000e+00 2.890300e+01 8.200000e-01 3.960400e+01
 6.000000e+00 0.000000e+00 2.452849e+03 6.221040e+05 1.280000e+03
 7.200000e+02 0.000000e+00 2.187900e+01 6.360000e-01 3.261900e+01
 6.000000e+00 0.000000e+00 2.448539e+03 6.219290e+05 1.280000e+03
 7.200000e+02 0.000000e+00 2.187900e+01 6.360000e-01 3.077200e+01
 9.000000e+01]
deleted_idx_col 787
query_origi 731
query_idx 630
deleted_scaled [1.         0.         0.8275702  0.82674055 1.         1.
 1.         0.27228518 0.58372093 0.22115026 1.         0.
 0.90362401 0.90408065 1.         1.         1.         0.12287872
 0.36097561 0.11227703 1.         0.         0.85407914 0.86353009
 1.         1.         1.         0.22760517 0.58415842 0.0165741
 1.         0.         0.75991337 0.75383712 1.         1.
 1.         0.2296238  0.36065574 0.06032905]
deleted_not_scaled [1.2000000e+01 0.0000000e+00 1.6608215e+04 4.2350950e+06 3.8400000e+03
 2.1600000e+03 1.0000000e+00 2.6330000e+01 8.2100000e-01 2.1341000e+01
 1.2000000e+01 0.0000000e+00 1.8104861e+04 4.6235290e+06 3.8400000e+03
 2.1600000e+03 1.0000000e+00 1.7769000e+01 7.3500000e-01 1.0411000e+01
 1.2000000e+01 0.0000000e+00 1.6468117e+04 4.2117210e+06 3.8400000e+03
 2.1600000e+03 1.0000000e+00 2.1908000e+01 8.2700000e-01 1.5010000e+00
 1.2000000e+01 0.0000000e+00 1.5275719e+04 3.8685760e+06 3.8400000e+03
 2.1600000e+03 1.0000000e+00 2.1221000e+01 7.2400000e-01 5.7020000e+00
 2.8400000e+02]
deleted_idx_col 630
query_origi 731
query_idx 775
deleted_scaled [0.25       0.         0.02576206 0.02551772 0.05454545 0.05454545
 0.         0.24842006 0.73953488 0.12557513 0.33333333 0.
 0.04256803 0.0423933  0.09090909 0.09090909 0.         0.3805716
 0.76585366 0.25173091 0.33333333 0.         0.04485181 0.04512879
 0.09090909 0.09090909 0.         0.21710201 0.67574257 0.23368263
 0.33333333 0.         0.04284411 0.0428091  0.09090909 0.09090909
 0.         0.16385703 0.70725995 0.1507803 ]
deleted_not_scaled [3.000000e+00 0.000000e+00 8.342410e+02 2.117930e+05 5.120000e+02
 2.880000e+02 0.000000e+00 2.521600e+01 8.880000e-01 1.211800e+01
 4.000000e+00 0.000000e+00 1.169227e+03 2.972760e+05 6.400000e+02
 3.600000e+02 0.000000e+00 2.647000e+01 9.010000e-01 2.334200e+01
 4.000000e+00 0.000000e+00 1.169197e+03 2.977070e+05 6.400000e+02
 3.600000e+02 0.000000e+00 2.152600e+01 8.640000e-01 2.116300e+01
 4.000000e+00 0.000000e+00 1.164384e+03 2.969180e+05 6.400000e+02
 3.600000e+02 0.000000e+00 1.904800e+01 8.720000e-01 1.425100e+01
 1.680000e+02]
deleted_idx_col 775
query_origi 768
query_idx 776
deleted_scaled [0.33333333 0.         0.04289426 0.04244131 0.09090909 0.09090909
 0.         0.48019452 0.98837209 0.66275648 0.33333333 0.
 0.04260438 0.04231303 0.09090909 0.09090909 0.         0.75761884
 0.98780488 0.5705843  0.41666667 0.         0.08116086 0.08148166
 0.18181818 0.17171717 0.         0.72205114 1.         0.766483
 0.41666667 0.         0.07852075 0.07826417 0.18181818 0.17171717
 0.         0.72325293 0.61124122 0.54498228]
deleted_not_scaled [4.000000e+00 0.000000e+00 1.171283e+03 2.967740e+05 6.400000e+02
 3.600000e+02 0.000000e+00 3.603500e+01 9.950000e-01 6.395600e+01
 4.000000e+00 0.000000e+00 1.169942e+03 2.968730e+05 6.400000e+02
 3.600000e+02 0.000000e+00 3.920100e+01 9.920000e-01 5.290800e+01
 5.000000e+00 0.000000e+00 1.855641e+03 4.715650e+05 9.600000e+02
 5.200000e+02 0.000000e+00 3.989100e+01 9.950000e-01 6.941500e+01
 5.000000e+00 0.000000e+00 1.866471e+03 4.750170e+05 9.600000e+02
 5.200000e+02 0.000000e+00 3.753100e+01 8.310000e-01 5.150900e+01
 1.000000e+00]
deleted_idx_col 776
query_origi 245
query_idx 574
deleted_scaled [0.91666667 0.         0.57000759 0.5697133  1.         1.
 0.         0.02924227 0.2        0.11596891 0.91666667 0.
 0.56505575 0.56565212 1.         1.         0.         0.14295869
 0.38780488 0.02176304 1.         0.         1.         1.
 1.         1.         1.         0.77165246 0.88366337 1.
 0.91666667 0.         0.54587625 0.54175749 1.         1.
 0.         0.08686178 0.52693208 0.11360102]
deleted_not_scaled [1.1000000e+01 0.0000000e+00 1.1541185e+04 2.9444450e+06 3.8400000e+03
 2.1600000e+03 0.0000000e+00 1.4985000e+01 6.5600000e-01 1.1191000e+01
 1.1000000e+01 0.0000000e+00 1.1445749e+04 2.9243890e+06 3.8400000e+03
 2.1600000e+03 0.0000000e+00 1.8447000e+01 7.4600000e-01 2.0180000e+00
 1.2000000e+01 0.0000000e+00 1.9226837e+04 4.8643900e+06 3.8400000e+03
 2.1600000e+03 1.0000000e+00 4.1695000e+01 9.4800000e-01 9.0563000e+01
 1.1000000e+01 0.0000000e+00 1.1063644e+04 2.8032510e+06 3.8400000e+03
 2.1600000e+03 0.0000000e+00 1.6504000e+01 7.9500000e-01 1.0737000e+01
 2.3900000e+02]
deleted_idx_col 574
query_origi 280
query_idx 111
deleted_scaled [1.         0.07833125 0.83252841 0.83294155 1.         1.
 1.         0.24584931 0.78837209 0.07468394 1.         0.18551408
 0.78047011 0.78204529 1.         1.         1.         0.73490301
 0.80731707 0.79312167 1.         0.1099702  0.86740816 0.86826546
 1.         1.         1.         0.14162772 0.3960396  0.03271756
 1.         0.         0.86940528 0.86376975 1.         1.
 1.         0.97085439 0.96252927 0.94812464]
deleted_not_scaled [1.20000000e+01 3.68038646e-01 1.67057580e+04 4.26623300e+06
 3.84000000e+03 2.16000000e+03 1.00000000e+00 2.50960000e+01
 9.09000000e-01 7.20700000e+00 1.20000000e+01 6.08773441e-01
 1.56826150e+04 4.01082900e+06 3.84000000e+03 2.16000000e+03
 1.00000000e+00 3.84340000e+01 9.18000000e-01 7.35430000e+01
 1.20000000e+01 5.40630960e-01 1.67201100e+04 4.23436800e+06
 3.84000000e+03 2.16000000e+03 1.00000000e+00 1.87810000e+01
 7.51000000e-01 2.96300000e+00 1.20000000e+01 0.00000000e+00
 1.74304300e+04 4.42079300e+06 3.84000000e+03 2.16000000e+03
 1.00000000e+00 4.57120000e+01 9.81000000e-01 8.96120000e+01
 1.87000000e+02]
deleted_idx_col 111
query_origi 734
query_idx 999
deleted_scaled [0.41666667 0.         0.07757489 0.07728302 0.18181818 0.17171717
 0.         0.24612781 0.54418605 0.25918135 0.5        0.
 0.10723358 0.1071055  0.27272727 0.27272727 0.         0.24848216
 0.5804878  0.25595842 0.5        0.         0.11193652 0.11297138
 0.27272727 0.27272727 0.         0.79051416 0.92821782 0.85585725
 0.41666667 0.         0.07754891 0.07770895 0.18181818 0.17171717
 0.         0.30782967 0.73770492 0.18415066]
deleted_not_scaled [5.000000e+00 0.000000e+00 1.853555e+03 4.717300e+05 9.600000e+02
 5.200000e+02 0.000000e+00 2.510900e+01 8.040000e-01 2.501100e+01
 6.000000e+00 0.000000e+00 2.441098e+03 6.221750e+05 1.280000e+03
 7.200000e+02 0.000000e+00 2.201000e+01 8.250000e-01 2.373400e+01
 6.000000e+00 0.000000e+00 2.437473e+03 6.221650e+05 1.280000e+03
 7.200000e+02 0.000000e+00 4.238100e+01 9.660000e-01 7.750900e+01
 5.000000e+00 0.000000e+00 1.847346e+03 4.722280e+05 9.600000e+02
 5.200000e+02 0.000000e+00 2.380500e+01 8.850000e-01 1.740500e+01
 2.750000e+02]
deleted_idx_col 999
query_origi 511
query_idx 760
deleted_scaled [0.33333333 0.         0.0445079  0.04401317 0.09090909 0.09090909
 0.         0.32209345 0.5744186  0.47564767 0.41666667 0.
 0.07597799 0.07544303 0.18181818 0.17171717 0.         0.25031838
 0.13902439 0.33250652 0.5        0.         0.11252185 0.11292204
 0.27272727 0.27272727 0.         0.22680781 0.11138614 0.33978556
 0.08333333 0.         0.00951193 0.00944711 0.01818182 0.01818182
 0.         0.36696831 0.470726   0.        ]
deleted_not_scaled [4.000000e+00 0.000000e+00 1.203028e+03 3.046670e+05 6.400000e+02
 3.600000e+02 0.000000e+00 2.865500e+01 8.170000e-01 4.590000e+01
 5.000000e+00 0.000000e+00 1.826349e+03 4.632080e+05 9.600000e+02
 5.200000e+02 0.000000e+00 2.207200e+01 6.440000e-01 3.083200e+01
 6.000000e+00 0.000000e+00 2.448539e+03 6.219290e+05 1.280000e+03
 7.200000e+02 0.000000e+00 2.187900e+01 6.360000e-01 3.077200e+01
 1.000000e+00 0.000000e+00 5.084340e+02 1.293330e+05 3.840000e+02
 2.160000e+02 0.000000e+00 2.575900e+01 7.710000e-01 0.000000e+00
 9.100000e+01]
deleted_idx_col 760
query_origi 357
query_idx 891
deleted_scaled [0.5        0.         0.10792816 0.10718155 0.27272727 0.27272727
 0.         0.77936545 0.98837209 0.65370984 0.5        0.
 0.10747803 0.1069842  0.27272727 0.27272727 0.         0.91363838
 1.         0.80238552 0.41666667 0.         0.08173371 0.08220345
 0.18181818 0.17171717 0.         0.6571625  0.59405941 0.56876429
 0.41666667 0.         0.0796243  0.0795054  0.18181818 0.17171717
 0.         0.15692624 0.44262295 0.33453949]
deleted_not_scaled [6.000000e+00 0.000000e+00 2.450695e+03 6.218640e+05 1.280000e+03
 7.200000e+02 0.000000e+00 5.000000e+01 9.950000e-01 6.308300e+01
 6.000000e+00 0.000000e+00 2.445906e+03 6.215660e+05 1.280000e+03
 7.200000e+02 0.000000e+00 4.446900e+01 9.970000e-01 7.440200e+01
 5.000000e+00 0.000000e+00 1.866471e+03 4.750170e+05 9.600000e+02
 5.200000e+02 0.000000e+00 3.753100e+01 8.310000e-01 5.150900e+01
 5.000000e+00 0.000000e+00 1.888188e+03 4.812520e+05 9.600000e+02
 5.200000e+02 0.000000e+00 1.881900e+01 7.590000e-01 3.161900e+01
 2.000000e+00]
deleted_idx_col 891
query_origi 565
query_idx 173
deleted_scaled [0.41666667 0.11192013 0.08094179 0.08111797 0.18181818 0.17171717
 0.         0.10775724 0.50930233 0.02141969 0.41666667 0.45013212
 0.07419523 0.07353791 0.18181818 0.17171717 0.         0.12341182
 0.60243902 0.00386084 0.33333333 0.02066971 0.04494824 0.04498096
 0.09090909 0.09090909 0.         0.06849051 0.43316832 0.17416605
 0.33333333 0.         0.04308005 0.04281209 0.09090909 0.09090909
 0.         0.7255531  0.85714286 0.6832143 ]
deleted_not_scaled [5.00000000e+00 5.25855687e-01 1.91979200e+03 4.90987000e+05
 9.60000000e+02 5.20000000e+02 0.00000000e+00 1.86500000e+01
 7.89000000e-01 2.06700000e+00 5.00000000e+00 1.47713033e+00
 1.79128500e+03 4.53643000e+05 9.60000000e+02 5.20000000e+02
 0.00000000e+00 1.77870000e+01 8.34000000e-01 3.58000000e-01
 4.00000000e+00 1.01615582e-01 1.17102000e+03 2.97000000e+05
 6.40000000e+02 3.60000000e+02 0.00000000e+00 1.61210000e+01
 7.66000000e-01 1.57730000e+01 4.00000000e+00 0.00000000e+00
 1.16902700e+03 2.96933000e+05 6.40000000e+02 3.60000000e+02
 0.00000000e+00 3.76070000e+01 9.36000000e-01 6.45740000e+01
 2.18000000e+02]
deleted_idx_col 173
query_origi 766
query_idx 570
deleted_scaled [6.66666667e-01 0.00000000e+00 2.05540252e-01 2.04221608e-01
 4.54545455e-01 4.54545455e-01 0.00000000e+00 2.07609418e-01
 7.06976744e-01 1.76891192e-02 6.66666667e-01 0.00000000e+00
 2.05010187e-01 2.04189237e-01 4.54545455e-01 4.54545455e-01
 0.00000000e+00 3.49622390e-01 7.09756098e-01 1.63999310e-01
 6.66666667e-01 1.57276910e-02 2.15312561e-01 2.16705990e-01
 4.54545455e-01 4.54545455e-01 0.00000000e+00 1.24800660e-01
 4.85148515e-01 6.84606296e-04 6.66666667e-01 0.00000000e+00
 2.02894633e-01 2.02699020e-01 4.54545455e-01 4.54545455e-01
 0.00000000e+00 1.88916800e-01 5.57377049e-01 5.64989684e-03]
deleted_not_scaled [8.00000000e+00 0.00000000e+00 4.37101800e+03 1.10914600e+06
 1.92000000e+03 1.08000000e+03 0.00000000e+00 2.33110000e+01
 8.74000000e-01 1.70700000e+00 8.00000000e+00 0.00000000e+00
 4.36421200e+03 1.10960100e+06 1.92000000e+03 1.08000000e+03
 0.00000000e+00 2.54250000e+01 8.78000000e-01 1.52070000e+01
 8.00000000e+00 7.73198264e-02 4.39185800e+03 1.11827700e+06
 1.92000000e+03 1.08000000e+03 0.00000000e+00 1.81690000e+01
 7.87000000e-01 6.20000000e-02 8.00000000e+00 0.00000000e+00
 4.31404700e+03 1.10008200e+06 1.92000000e+03 1.08000000e+03
 0.00000000e+00 1.98760000e+01 8.08000000e-01 5.34000000e-01
 1.98000000e+02]
deleted_idx_col 570
query_origi 507
query_idx 90
deleted_scaled [0.91666667 0.21971778 0.57025209 0.56765832 1.         1.
 0.         1.         1.         1.         0.91666667 0.07854106
 0.57076489 0.5690644  1.         1.         0.         1.
 0.56829268 0.39120635 0.83333333 0.         0.44177928 0.44510939
 0.63636364 0.63636364 0.         0.14118779 0.37623762 0.05761735
 0.83333333 0.         0.35907899 0.35909438 0.63636364 0.63636364
 0.         0.03973851 0.44496487 0.16303232]
deleted_not_scaled [1.10000000e+01 1.03234195e+00 1.15459950e+04 2.93412600e+06
 3.84000000e+03 2.16000000e+03 0.00000000e+00 6.02990000e+01
 1.00000000e+00 9.65000000e+01 1.10000000e+01 2.57736305e-01
 1.15580390e+04 2.94152100e+06 3.84000000e+03 2.16000000e+03
 0.00000000e+00 4.73850000e+01 8.20000000e-01 3.62750000e+01
 1.00000000e+01 0.00000000e+00 8.67334500e+03 2.21061900e+06
 2.56000000e+03 1.44000000e+03 0.00000000e+00 1.87650000e+01
 7.43000000e-01 5.21800000e+00 1.00000000e+01 0.00000000e+00
 7.38762700e+03 1.88569200e+06 2.56000000e+03 1.44000000e+03
 0.00000000e+00 1.49470000e+01 7.60000000e-01 1.54090000e+01
 3.00000000e+00]
deleted_idx_col 90
query_origi 790
query_idx 362
deleted_scaled [3.33333333e-01 0.00000000e+00 4.28444503e-02 4.28288471e-02
 9.09090909e-02 9.09090909e-02 0.00000000e+00 9.98307590e-02
 5.04651163e-01 2.97005181e-01 5.83333333e-01 0.00000000e+00
 1.31722499e-01 1.31993580e-01 2.72727273e-01 2.72727273e-01
 0.00000000e+00 2.03672442e-01 2.04878049e-01 1.54142312e-01
 0.00000000e+00 0.00000000e+00 3.17424635e-03 3.05864366e-03
 0.00000000e+00 0.00000000e+00 0.00000000e+00 1.87792136e-01
 4.60396040e-01 3.09177037e-04 4.16666667e-01 0.00000000e+00
 7.91741323e-02 7.85414806e-02 1.81818182e-01 1.71717172e-01
 0.00000000e+00 3.69540873e-02 4.02810304e-01 3.18806539e-01]
deleted_not_scaled [4.000000e+00 0.000000e+00 1.170303e+03 2.987200e+05 6.400000e+02
 3.600000e+02 0.000000e+00 1.828000e+01 7.870000e-01 2.866100e+01
 7.000000e+00 0.000000e+00 2.922757e+03 7.471300e+05 1.280000e+03
 7.200000e+02 0.000000e+00 2.049700e+01 6.710000e-01 1.429300e+01
 0.000000e+00 0.000000e+00 3.812580e+02 9.650600e+04 3.200000e+02
 1.800000e+02 0.000000e+00 2.046000e+01 7.770000e-01 2.800000e-02
 5.000000e+00 0.000000e+00 1.879329e+03 4.764100e+05 9.600000e+02
 5.200000e+02 0.000000e+00 1.485500e+01 7.420000e-01 3.013200e+01
 1.040000e+02]
deleted_idx_col 362
query_origi 553
query_idx 614
deleted_scaled [0.5        0.         0.09855226 0.09819909 0.27272727 0.27272727
 0.         0.0471304  0.38604651 0.11131606 0.         0.
 0.00116069 0.00119486 0.         0.         0.         0.06536354
 0.55853659 0.12719194 0.5        0.         0.12110519 0.1222228
 0.27272727 0.27272727 0.         0.07596921 0.5        0.39759063
 0.25       0.         0.02764561 0.02773354 0.05454545 0.05454545
 0.         0.59093248 0.77985948 0.62477914]
deleted_not_scaled [6.000000e+00 0.000000e+00 2.266243e+03 5.767590e+05 1.280000e+03
 7.200000e+02 0.000000e+00 1.582000e+01 7.360000e-01 1.074200e+01
 0.000000e+00 0.000000e+00 3.548090e+02 9.043200e+04 3.200000e+02
 1.800000e+02 0.000000e+00 1.582700e+01 8.160000e-01 1.179400e+01
 6.000000e+00 0.000000e+00 2.610812e+03 6.664100e+05 1.280000e+03
 7.200000e+02 0.000000e+00 1.639300e+01 7.930000e-01 3.600700e+01
 3.000000e+00 0.000000e+00 8.652900e+02 2.211900e+05 5.120000e+02
 2.880000e+02 0.000000e+00 3.315900e+01 9.030000e-01 5.905100e+01
 2.450000e+02]
deleted_idx_col 614
query_origi 543
query_idx 933
deleted_scaled [0.00000000e+00 0.00000000e+00 4.99517028e-04 4.58034847e-04
 0.00000000e+00 0.00000000e+00 0.00000000e+00 2.10372973e-01
 3.23255814e-01 0.00000000e+00 5.00000000e-01 0.00000000e+00
 1.18064583e-01 1.18118158e-01 2.72727273e-01 2.72727273e-01
 0.00000000e+00 2.87783207e-01 6.87804878e-01 6.07413239e-01
 1.66666667e-01 0.00000000e+00 1.63246955e-02 1.65465345e-02
 5.45454545e-02 5.45454545e-02 0.00000000e+00 1.36678581e-01
 6.60891089e-01 3.35324581e-01 5.00000000e-01 0.00000000e+00
 1.11223588e-01 1.10183067e-01 2.72727273e-01 2.72727273e-01
 0.00000000e+00 0.00000000e+00 4.23887588e-01 5.53774533e-01]
deleted_not_scaled [0.000000e+00 0.000000e+00 3.372510e+02 8.595700e+04 3.200000e+02
 1.800000e+02 0.000000e+00 2.344000e+01 7.090000e-01 0.000000e+00
 6.000000e+00 0.000000e+00 2.654127e+03 6.774660e+05 1.280000e+03
 7.200000e+02 0.000000e+00 2.333700e+01 8.690000e-01 5.632300e+01
 2.000000e+00 0.000000e+00 6.298750e+02 1.610120e+05 5.120000e+02
 2.880000e+02 0.000000e+00 1.860100e+01 8.580000e-01 3.036800e+01
 6.000000e+00 0.000000e+00 2.510036e+03 6.353530e+05 1.280000e+03
 7.200000e+02 0.000000e+00 1.363400e+01 7.510000e-01 5.234000e+01
 2.310000e+02]
deleted_idx_col 933
query_origi 3
query_idx 579
deleted_scaled [0.         0.         0.00202364 0.00198907 0.         0.
 0.         0.04552368 0.23023256 0.06009326 0.33333333 0.
 0.04218782 0.04230387 0.09090909 0.09090909 0.         0.6339997
 0.81219512 0.65680607 0.         0.         0.00227737 0.00237072
 0.         0.         0.         0.10266703 0.17326733 0.02467895
 0.5        0.         0.11329918 0.11230481 0.27272727 0.27272727
 0.         0.08559063 0.23653396 0.3277046 ]
deleted_not_scaled [0.000000e+00 0.000000e+00 3.672350e+02 9.364500e+04 3.200000e+02
 1.800000e+02 0.000000e+00 1.574500e+01 6.690000e-01 5.799000e+00
 4.000000e+00 0.000000e+00 1.161749e+03 2.968270e+05 6.400000e+02
 3.600000e+02 0.000000e+00 3.502700e+01 9.200000e-01 6.090300e+01
 0.000000e+00 0.000000e+00 3.643020e+02 9.321600e+04 3.200000e+02
 1.800000e+02 0.000000e+00 1.736400e+01 6.610000e-01 2.235000e+00
 6.000000e+00 0.000000e+00 2.550882e+03 6.460110e+05 1.280000e+03
 7.200000e+02 0.000000e+00 1.646200e+01 6.710000e-01 3.097300e+01
 1.410000e+02]
deleted_idx_col 579
query_origi 729
query_idx 738
deleted_scaled [0.41666667 0.         0.07823142 0.07793762 0.18181818 0.17171717
 0.         0.51224319 0.60697674 0.53377202 0.41666667 0.21135092
 0.07912206 0.07903697 0.18181818 0.17171717 0.         0.15397601
 0.4195122  0.3409939  0.41666667 0.63500961 0.0780165  0.07874544
 0.18181818 0.17171717 0.         0.03607369 0.44059406 0.29104601
 0.33333333 0.         0.04272546 0.04283518 0.09090909 0.09090909
 0.         0.08713417 0.60187354 0.4217849 ]
deleted_not_scaled [5.0000000e+00 0.0000000e+00 1.8664710e+03 4.7501700e+05 9.6000000e+02
 5.2000000e+02 0.0000000e+00 3.7531000e+01 8.3100000e-01 5.1509000e+01
 5.0000000e+00 6.9355827e-01 1.8881880e+03 4.8125200e+05 9.6000000e+02
 5.2000000e+02 0.0000000e+00 1.8819000e+01 7.5900000e-01 3.1619000e+01
 5.0000000e+00 3.1218081e+00 1.7961950e+03 4.5847900e+05 9.6000000e+02
 5.2000000e+02 0.0000000e+00 1.4942000e+01 7.6900000e-01 2.6358000e+01
 4.0000000e+00 0.0000000e+00 1.1620490e+03 2.9704900e+05 6.4000000e+02
 3.6000000e+02 0.0000000e+00 1.6513000e+01 8.2700000e-01 3.9865000e+01
 4.0000000e+00]
deleted_idx_col 738
query_origi 166
query_idx 35
deleted_scaled [0.5        0.         0.10749721 0.1072395  0.27272727 0.27272727
 0.         0.13894899 0.21162791 0.07843523 0.5        0.8228571
 0.10854324 0.10853598 0.27272727 0.27272727 0.         0.04113727
 0.2        0.11051916 0.5        0.         0.11019492 0.11133981
 0.27272727 0.27272727 0.         0.1308496  0.40841584 0.01450924
 0.41666667 0.         0.08592848 0.08504905 0.18181818 0.17171717
 0.         0.7475258  0.84777518 0.7975771 ]
deleted_not_scaled [6.0000000e+00 0.0000000e+00 2.4422170e+03 6.2215500e+05 1.2800000e+03
 7.2000000e+02 0.0000000e+00 2.0106000e+01 6.6100000e-01 7.5690000e+00
 6.0000000e+00 2.7002454e+00 2.4668570e+03 6.2935700e+05 1.2800000e+03
 7.2000000e+02 0.0000000e+00 1.5009000e+01 6.6900000e-01 1.0248000e+01
 6.0000000e+00 0.0000000e+00 2.4045470e+03 6.1436200e+05 1.2800000e+03
 7.2000000e+02 0.0000000e+00 1.8389000e+01 7.5600000e-01 1.3140000e+00
 5.0000000e+00 0.0000000e+00 2.0122490e+03 5.0909900e+05 9.6000000e+02
 5.2000000e+02 0.0000000e+00 3.8333000e+01 9.3200000e-01 7.5383000e+01
 2.3800000e+02]
deleted_idx_col 35
query_origi 884
query_idx 892
deleted_scaled [0.5        0.30478528 0.11797091 0.11815427 0.27272727 0.27272727
 0.         0.2326528  0.41627907 0.23030052 0.5        0.4351572
 0.09872188 0.09781432 0.27272727 0.27272727 0.         0.09272916
 0.13902439 0.12614585 0.41666667 0.         0.09060193 0.09070003
 0.18181818 0.17171717 0.         0.03857575 0.         0.27184391
 0.33333333 0.         0.03658674 0.03632483 0.09090909 0.09090909
 0.         0.09215823 0.37470726 0.23914723]
deleted_not_scaled [6.00000000e+00 1.43203080e+00 2.64826600e+03 6.76963000e+05
 1.28000000e+03 7.20000000e+02 0.00000000e+00 2.44800000e+01
 7.49000000e-01 2.22240000e+01 6.00000000e+00 1.42798942e+00
 2.27368600e+03 5.75527000e+05 1.28000000e+03 7.20000000e+02
 0.00000000e+00 1.67510000e+01 6.44000000e-01 1.16970000e+01
 5.00000000e+00 0.00000000e+00 2.03413000e+03 5.15652000e+05
 9.60000000e+02 5.20000000e+02 0.00000000e+00 1.50330000e+01
 5.91000000e-01 2.46190000e+01 4.00000000e+00 0.00000000e+00
 1.04124400e+03 2.64346000e+05 6.40000000e+02 3.60000000e+02
 0.00000000e+00 1.66790000e+01 7.30000000e-01 2.26030000e+01
 2.20000000e+01]
deleted_idx_col 892
query_origi 201
query_idx 706
deleted_scaled [0.25       0.         0.02787505 0.02751037 0.05454545 0.05454545
 0.         0.10797146 0.46046512 0.2227772  0.33333333 0.
 0.04267439 0.04235346 0.09090909 0.09090909 0.         0.79967422
 0.92926829 0.71914026 0.41666667 0.         0.08127459 0.08154731
 0.18181818 0.17171717 0.         0.2400055  0.73762376 0.22380001
 0.5        0.         0.10795912 0.10755448 0.27272727 0.27272727
 0.         0.22590115 0.68618267 0.16539174]
deleted_not_scaled [3.000000e+00 0.000000e+00 8.758100e+02 2.217990e+05 5.120000e+02
 2.880000e+02 0.000000e+00 1.866000e+01 7.680000e-01 2.149800e+01
 4.000000e+00 0.000000e+00 1.171319e+03 2.970760e+05 6.400000e+02
 3.600000e+02 0.000000e+00 4.062100e+01 9.680000e-01 6.668300e+01
 5.000000e+00 0.000000e+00 1.857791e+03 4.718790e+05 9.600000e+02
 5.200000e+02 0.000000e+00 2.235900e+01 8.890000e-01 2.026800e+01
 6.000000e+00 0.000000e+00 2.445794e+03 6.221490e+05 1.280000e+03
 7.200000e+02 0.000000e+00 2.109800e+01 8.630000e-01 1.563200e+01
 1.890000e+02]
deleted_idx_col 706
query_origi 861
query_idx 874
deleted_scaled [0.00000000e+00 0.00000000e+00 1.90077743e-03 1.85723173e-03
 0.00000000e+00 0.00000000e+00 0.00000000e+00 1.57522655e-01
 5.18604651e-01 2.48704663e-04 4.16666667e-01 0.00000000e+00
 7.99327471e-02 7.99886310e-02 1.81818182e-01 1.71717172e-01
 0.00000000e+00 1.36798460e-01 4.75609756e-01 3.21635787e-01
 0.00000000e+00 0.00000000e+00 1.99433078e-03 2.06565085e-03
 0.00000000e+00 0.00000000e+00 0.00000000e+00 1.97003024e-01
 2.54950495e-01 8.03308194e-02 0.00000000e+00 0.00000000e+00
 3.04946649e-03 2.91206994e-03 0.00000000e+00 0.00000000e+00
 0.00000000e+00 2.06591810e-01 4.84777518e-01 2.96249273e-04]
deleted_not_scaled [0.000000e+00 0.000000e+00 3.648180e+02 9.298300e+04 3.200000e+02
 1.800000e+02 0.000000e+00 2.097300e+01 7.930000e-01 2.400000e-02
 5.000000e+00 0.000000e+00 1.904133e+03 4.860300e+05 9.600000e+02
 5.200000e+02 0.000000e+00 1.823900e+01 7.820000e-01 2.982400e+01
 0.000000e+00 0.000000e+00 3.589510e+02 9.175700e+04 3.200000e+02
 1.800000e+02 0.000000e+00 2.079500e+01 6.940000e-01 7.275000e+00
 0.000000e+00 0.000000e+00 3.812580e+02 9.650600e+04 3.200000e+02
 1.800000e+02 0.000000e+00 2.046000e+01 7.770000e-01 2.800000e-02
 1.030000e+02]
deleted_idx_col 874
query_origi 129
query_idx 909
deleted_scaled [0.         0.         0.00177802 0.00159934 0.         0.
 0.         0.74395338 0.99302326 0.67647668 0.41666667 0.
 0.07778687 0.07714758 0.18181818 0.17171717 0.         0.70451651
 0.99756098 0.84936264 0.58333333 0.         0.14651206 0.14688933
 0.27272727 0.27272727 0.         1.         1.         0.7411084
 0.58333333 0.         0.14046088 0.13979051 0.27272727 0.27272727
 0.         0.93323447 1.         0.86506904]
deleted_not_scaled [0.000000e+00 0.000000e+00 3.624030e+02 9.168800e+04 3.200000e+02
 1.800000e+02 0.000000e+00 4.834700e+01 9.970000e-01 6.528000e+01
 5.000000e+00 0.000000e+00 1.861927e+03 4.717660e+05 9.600000e+02
 5.200000e+02 0.000000e+00 3.740800e+01 9.960000e-01 7.875800e+01
 7.000000e+00 0.000000e+00 3.091144e+03 7.843780e+05 1.280000e+03
 7.200000e+02 0.000000e+00 5.000000e+01 9.950000e-01 6.711700e+01
 7.000000e+00 0.000000e+00 3.085402e+03 7.840780e+05 1.280000e+03
 7.200000e+02 0.000000e+00 4.446900e+01 9.970000e-01 8.176200e+01
 0.000000e+00]
deleted_idx_col 909
query_origi 184
query_idx 401
deleted_scaled [0.33333333 0.         0.04268977 0.04273226 0.09090909 0.09090909
 0.         0.26277341 0.67674419 0.22325389 0.41666667 0.
 0.07796899 0.07718901 0.18181818 0.17171717 0.         0.72353028
 0.90487805 0.68539568 0.41666667 0.         0.09207832 0.09212564
 0.18181818 0.17171717 0.         0.39529832 0.70792079 0.30803971
 0.41666667 0.         0.06795537 0.06748246 0.18181818 0.17171717
 0.         0.38546049 0.67915691 0.21048511]
deleted_not_scaled [4.000000e+00 0.000000e+00 1.167260e+03 2.982350e+05 6.400000e+02
 3.600000e+02 0.000000e+00 2.588600e+01 8.610000e-01 2.154400e+01
 5.000000e+00 0.000000e+00 1.865509e+03 4.719740e+05 9.600000e+02
 5.200000e+02 0.000000e+00 3.805000e+01 9.580000e-01 6.355400e+01
 5.000000e+00 0.000000e+00 2.062042e+03 5.224700e+05 9.600000e+02
 5.200000e+02 0.000000e+00 2.800700e+01 8.770000e-01 2.789700e+01
 5.000000e+00 0.000000e+00 1.658553e+03 4.208580e+05 9.600000e+02
 5.200000e+02 0.000000e+00 2.637000e+01 8.600000e-01 1.989400e+01
 6.700000e+01]
deleted_idx_col 401
query_origi 693
query_idx 559
deleted_scaled [0.33333333 0.         0.04262232 0.04243255 0.09090909 0.09090909
 0.         0.14353349 0.54186047 0.21453886 0.         0.
 0.00176572 0.00179896 0.         0.         0.         0.19354361
 0.36829268 0.         0.         0.         0.0022707  0.00231636
 0.         0.         0.         0.38567501 0.46287129 0.
 0.33333333 0.         0.04774366 0.04786063 0.09090909 0.09090909
 0.         0.32807724 0.41920375 0.36567741]
deleted_not_scaled [4.000000e+00 0.000000e+00 1.165933e+03 2.967300e+05 6.400000e+02
 3.600000e+02 0.000000e+00 2.032000e+01 8.030000e-01 2.070300e+01
 0.000000e+00 0.000000e+00 3.667090e+02 9.346500e+04 3.200000e+02
 1.800000e+02 0.000000e+00 2.015500e+01 7.380000e-01 0.000000e+00
 0.000000e+00 0.000000e+00 3.641760e+02 9.295600e+04 3.200000e+02
 1.800000e+02 0.000000e+00 2.765700e+01 7.780000e-01 0.000000e+00
 4.000000e+00 0.000000e+00 1.260803e+03 3.222930e+05 6.400000e+02
 3.600000e+02 0.000000e+00 2.447400e+01 7.490000e-01 3.456200e+01
 1.900000e+01]
deleted_idx_col 559
query_origi 871
query_idx 814
deleted_scaled [0.16666667 0.         0.01850119 0.01826145 0.05454545 0.05454545
 0.         0.35352086 0.81395349 0.19865285 0.5        0.
 0.10755643 0.10700133 0.27272727 0.27272727 0.         0.54669036
 0.99268293 0.44505317 0.         0.         0.00457436 0.00456622
 0.         0.         0.         0.53252681 0.88366337 0.01193644
 0.         0.         0.         0.         0.         0.
 0.         0.43055598 0.73067916 0.        ]
deleted_not_scaled [2.000000e+00 0.000000e+00 6.913980e+02 1.753560e+05 5.120000e+02
 2.880000e+02 0.000000e+00 3.012200e+01 9.200000e-01 1.917000e+01
 6.000000e+00 0.000000e+00 2.447448e+03 6.216520e+05 1.280000e+03
 7.200000e+02 0.000000e+00 3.207900e+01 9.940000e-01 4.126800e+01
 0.000000e+00 0.000000e+00 4.077280e+02 1.037160e+05 3.200000e+02
 1.800000e+02 0.000000e+00 3.299800e+01 9.480000e-01 1.081000e+00
 0.000000e+00 0.000000e+00 3.212470e+02 8.187800e+04 3.200000e+02
 1.800000e+02 0.000000e+00 2.786000e+01 8.820000e-01 0.000000e+00
 3.200000e+01]
deleted_idx_col 814
query_origi 94
query_idx 765
deleted_scaled [0.33333333 0.         0.04262445 0.04252176 0.09090909 0.09090909
 0.         0.18029521 0.61627907 0.21474611 0.33333333 0.
 0.04231142 0.04236959 0.09090909 0.09090909 0.         0.78338516
 0.89756098 0.63658521 0.33333333 0.         0.04451202 0.04502989
 0.09090909 0.09090909 0.         0.28075337 0.74009901 0.17818535
 0.33333333 0.         0.04489181 0.04440509 0.09090909 0.09090909
 0.         0.24596713 0.70491803 0.16355076]
deleted_not_scaled [4.000000e+00 0.000000e+00 1.165975e+03 2.971780e+05 6.400000e+02
 3.600000e+02 0.000000e+00 2.203600e+01 8.350000e-01 2.072300e+01
 4.000000e+00 0.000000e+00 1.164180e+03 2.971570e+05 6.400000e+02
 3.600000e+02 0.000000e+00 4.007100e+01 9.550000e-01 5.902800e+01
 4.000000e+00 0.000000e+00 1.162773e+03 2.972340e+05 6.400000e+02
 3.600000e+02 0.000000e+00 2.384100e+01 8.900000e-01 1.613700e+01
 4.000000e+00 0.000000e+00 1.204681e+03 3.049350e+05 6.400000e+02
 3.600000e+02 0.000000e+00 2.176100e+01 8.710000e-01 1.545800e+01
 2.760000e+02]
deleted_idx_col 765
query_origi 536
query_idx 75
deleted_scaled [0.5        0.04502675 0.09958637 0.0990594  0.27272727 0.27272727
 0.         0.19709077 0.73255814 0.13915026 0.41666667 0.16713891
 0.08000927 0.07978049 0.18181818 0.17171717 0.         0.19555753
 0.60243902 0.01341587 0.41666667 0.06736392 0.08543838 0.08608238
 0.18181818 0.17171717 0.         0.69991751 0.86138614 0.70288087
 0.41666667 0.         0.07077551 0.07084046 0.18181818 0.17171717
 0.         0.22217851 0.58548009 0.01965826]
deleted_not_scaled [6.00000000e+00 2.11557784e-01 2.28658700e+03 5.81079000e+05
 1.28000000e+03 7.20000000e+02 0.00000000e+00 2.28200000e+01
 8.85000000e-01 1.34280000e+01 5.00000000e+00 5.48474420e-01
 1.90563800e+03 4.84985000e+05 9.60000000e+02 5.20000000e+02
 0.00000000e+00 2.02230000e+01 8.34000000e-01 1.24400000e+00
 5.00000000e+00 3.31171723e-01 1.93651000e+03 4.93568000e+05
 9.60000000e+02 5.20000000e+02 0.00000000e+00 3.90860000e+01
 9.39000000e-01 6.36550000e+01 5.00000000e+00 0.00000000e+00
 1.71405100e+03 4.37726000e+05 9.60000000e+02 5.20000000e+02
 0.00000000e+00 2.09750000e+01 8.20000000e-01 1.85800000e+00
 2.14000000e+02]
deleted_idx_col 75
query_origi 525
query_idx 862
deleted_scaled [0.41666667 0.         0.07784816 0.07741665 0.18181818 0.17171717
 0.         0.1509244  0.5255814  0.27370984 0.41666667 0.
 0.07746712 0.07724597 0.18181818 0.17171717 0.         0.73780542
 0.82926829 0.85053814 0.41666667 0.         0.08094447 0.08155463
 0.18181818 0.17171717 0.         0.19166896 0.4529703  0.23032585
 0.41666667 0.         0.08043455 0.08045658 0.18181818 0.17171717
 0.         0.1393723  0.49648712 0.3155478 ]
deleted_not_scaled [5.000000e+00 0.000000e+00 1.858931e+03 4.724010e+05 9.600000e+02
 5.200000e+02 0.000000e+00 2.066500e+01 7.960000e-01 2.641300e+01
 5.000000e+00 0.000000e+00 1.855638e+03 4.722600e+05 9.600000e+02
 5.200000e+02 0.000000e+00 3.853200e+01 9.270000e-01 7.886700e+01
 5.000000e+00 0.000000e+00 1.851550e+03 4.719140e+05 9.600000e+02
 5.200000e+02 0.000000e+00 2.060100e+01 7.740000e-01 2.085900e+01
 5.000000e+00 0.000000e+00 1.904133e+03 4.860300e+05 9.600000e+02
 5.200000e+02 0.000000e+00 1.823900e+01 7.820000e-01 2.982400e+01
 1.010000e+02]
deleted_idx_col 862
query_origi 775
query_idx 928
deleted_scaled [0.         0.         0.00195893 0.00194267 0.         0.
 0.         0.27194242 0.67906977 0.00201036 0.5        0.
 0.10699035 0.1072266  0.27272727 0.27272727 0.         0.27341922
 0.67317073 0.10867502 0.         0.         0.00289047 0.00277469
 0.         0.         0.         0.19527083 0.62128713 0.
 0.5        0.         0.109672   0.10882956 0.27272727 0.27272727
 0.         0.25368482 0.63466042 0.        ]
deleted_not_scaled [0.000000e+00 0.000000e+00 3.659620e+02 9.341200e+04 3.200000e+02
 1.800000e+02 0.000000e+00 2.631400e+01 8.620000e-01 1.940000e-01
 6.000000e+00 0.000000e+00 2.436314e+03 6.227830e+05 1.280000e+03
 7.200000e+02 0.000000e+00 2.285200e+01 8.630000e-01 1.007700e+01
 0.000000e+00 0.000000e+00 3.758930e+02 9.514800e+04 3.200000e+02
 1.800000e+02 0.000000e+00 2.073200e+01 8.420000e-01 0.000000e+00
 6.000000e+00 0.000000e+00 2.479502e+03 6.285540e+05 1.280000e+03
 7.200000e+02 0.000000e+00 2.201600e+01 8.410000e-01 0.000000e+00
 1.640000e+02]
deleted_idx_col 928
query_origi 640
query_idx 299
deleted_scaled [0.         0.87596051 0.00195928 0.00189746 0.         0.
 0.         0.16688447 0.40232558 0.         0.         0.
 0.00181758 0.00185991 0.         0.         0.         0.37932771
 0.53658537 0.         0.         0.         0.00286957 0.00293047
 0.         0.         0.         0.12122629 0.45049505 0.05798174
 0.         0.         0.00233958 0.00240005 0.         0.
 0.         0.2614025  0.67681499 0.00669735]
deleted_not_scaled [0.00000000e+00 4.11569227e+00 3.65969000e+02 9.31850000e+04
 3.20000000e+02 1.80000000e+02 0.00000000e+00 2.14100000e+01
 7.43000000e-01 0.00000000e+00 0.00000000e+00 0.00000000e+00
 3.67729000e+02 9.37710000e+04 3.20000000e+02 1.80000000e+02
 0.00000000e+00 2.64280000e+01 8.07000000e-01 0.00000000e+00
 0.00000000e+00 0.00000000e+00 3.75498000e+02 9.58930000e+04
 3.20000000e+02 1.80000000e+02 0.00000000e+00 1.80390000e+01
 7.73000000e-01 5.25100000e+00 0.00000000e+00 0.00000000e+00
 3.67288000e+02 9.39340000e+04 3.20000000e+02 1.80000000e+02
 0.00000000e+00 2.22710000e+01 8.59000000e-01 6.33000000e-01
 2.83000000e+02]
deleted_idx_col 299
query_origi 271
query_idx 204
deleted_scaled [0.00000000e+00 0.00000000e+00 1.83556115e-03 1.79211113e-03
 0.00000000e+00 0.00000000e+00 0.00000000e+00 1.49274835e-01
 5.00000000e-01 1.65803109e-04 0.00000000e+00 5.95621835e-01
 1.60216005e-03 1.67188642e-03 0.00000000e+00 0.00000000e+00
 0.00000000e+00 2.62698060e-01 5.92682927e-01 0.00000000e+00
 3.33333333e-01 0.00000000e+00 4.44986906e-02 4.50468289e-02
 9.09090909e-02 9.09090909e-02 0.00000000e+00 6.76409128e-01
 8.61386139e-01 7.70126873e-01 0.00000000e+00 0.00000000e+00
 3.05094013e-03 2.92301907e-03 0.00000000e+00 0.00000000e+00
 0.00000000e+00 4.16724675e-01 5.24590164e-01 6.66560863e-03]
deleted_not_scaled [0.00000000e+00 0.00000000e+00 3.63535000e+02 9.26560000e+04
 3.20000000e+02 1.80000000e+02 0.00000000e+00 2.05880000e+01
 7.85000000e-01 1.60000000e-02 0.00000000e+00 1.95456188e+00
 3.63492000e+02 9.28270000e+04 3.20000000e+02 1.80000000e+02
 0.00000000e+00 2.24900000e+01 8.30000000e-01 0.00000000e+00
 4.00000000e+00 0.00000000e+00 1.16252100e+03 2.97315000e+05
 6.40000000e+02 3.60000000e+02 0.00000000e+00 3.82310000e+01
 9.39000000e-01 6.97450000e+01 0.00000000e+00 0.00000000e+00
 3.81287000e+02 9.65610000e+04 3.20000000e+02 1.80000000e+02
 0.00000000e+00 2.74030000e+01 7.94000000e-01 6.30000000e-01
 8.80000000e+01]
deleted_idx_col 204
query_origi 709
query_idx 139
deleted_scaled [0.         0.         0.00264571 0.0026578  0.         0.
 0.         0.25825318 0.71162791 0.         0.         0.
 0.00113415 0.00104488 0.         0.         0.         0.22188657
 0.58780488 0.         0.         1.         0.00271311 0.00262644
 0.         0.         0.         0.16442123 0.44059406 0.
 0.33333333 0.         0.04270036 0.04240538 0.09090909 0.09090909
 0.         0.51902182 0.76112412 0.34770142]
deleted_not_scaled [0.0000000e+00 0.0000000e+00 3.7947300e+02 9.7003000e+04 3.2000000e+02
 1.8000000e+02 0.0000000e+00 2.5675000e+01 8.7600000e-01 0.0000000e+00
 0.0000000e+00 0.0000000e+00 3.5428700e+02 8.9679000e+04 3.2000000e+02
 1.8000000e+02 0.0000000e+00 2.1112000e+01 8.2800000e-01 0.0000000e+00
 0.0000000e+00 4.9161588e+00 3.7254000e+02 9.4439000e+04 3.2000000e+02
 1.8000000e+02 0.0000000e+00 1.9610000e+01 7.6900000e-01 0.0000000e+00
 4.0000000e+00 0.0000000e+00 1.1615550e+03 2.9489000e+05 6.4000000e+02
 3.6000000e+02 0.0000000e+00 3.0783000e+01 8.9500000e-01 3.2863000e+01
 3.7000000e+01]
deleted_idx_col 139
query_origi 33
query_idx 878
deleted_scaled [0.91666667 0.         0.56892733 0.56777323 1.         1.
 0.         0.1355856  0.16511628 0.08929534 0.91666667 0.
 0.56990799 0.5696468  1.         1.         0.         0.04042648
 0.16829268 0.12068891 0.91666667 0.         0.58842395 0.59435523
 1.         1.         0.         0.13244432 0.38366337 0.02228283
 0.91666667 0.         0.65514666 0.64923612 1.         1.
 0.         0.82833449 0.87587822 0.927165  ]
deleted_not_scaled [1.1000000e+01 0.0000000e+00 1.1519933e+04 2.9347030e+06 3.8400000e+03
 2.1600000e+03 0.0000000e+00 1.9949000e+01 6.4100000e-01 8.6170000e+00
 1.1000000e+01 0.0000000e+00 1.1541185e+04 2.9444450e+06 3.8400000e+03
 2.1600000e+03 0.0000000e+00 1.4985000e+01 6.5600000e-01 1.1191000e+01
 1.1000000e+01 0.0000000e+00 1.1445749e+04 2.9243890e+06 3.8400000e+03
 2.1600000e+03 0.0000000e+00 1.8447000e+01 7.4600000e-01 2.0180000e+00
 1.1000000e+01 0.0000000e+00 1.3213996e+04 3.3431410e+06 3.8400000e+03
 2.1600000e+03 0.0000000e+00 4.1003000e+01 9.4400000e-01 8.7631000e+01
 2.3800000e+02]
deleted_idx_col 878
query_origi 47
query_idx 604
deleted_scaled [0.33333333 0.         0.0382906  0.03835564 0.09090909 0.09090909
 0.         0.10608625 0.6627907  0.32275648 0.33333333 0.
 0.04485769 0.04440179 0.09090909 0.09090909 0.         0.00068118
 0.4097561  0.55729785 0.33333333 0.         0.04929923 0.04931049
 0.09090909 0.09090909 0.         0.01800935 0.41336634 0.66480792
 0.33333333 0.         0.03551718 0.03528645 0.09090909 0.09090909
 0.         0.06794589 0.22248244 0.33552346]
deleted_not_scaled [4.000000e+00 0.000000e+00 1.080715e+03 2.762580e+05 6.400000e+02
 3.600000e+02 0.000000e+00 1.857200e+01 8.550000e-01 3.114600e+01
 4.000000e+00 0.000000e+00 1.214261e+03 3.073600e+05 6.400000e+02
 3.600000e+02 0.000000e+00 1.364300e+01 7.550000e-01 5.167600e+01
 4.000000e+00 0.000000e+00 1.253278e+03 3.177060e+05 6.400000e+02
 3.600000e+02 0.000000e+00 1.428500e+01 7.580000e-01 6.020700e+01
 4.000000e+00 0.000000e+00 1.020196e+03 2.591300e+05 6.400000e+02
 3.600000e+02 0.000000e+00 1.587900e+01 6.650000e-01 3.171200e+01
 2.330000e+02]
deleted_idx_col 604
query_origi 642
query_idx 391
deleted_scaled [0.33333333 0.         0.04221801 0.04234652 0.09090909 0.09090909
 0.         0.24030078 0.72325581 0.3144456  0.5        0.
 0.10800609 0.1070818  0.27272727 0.27272727 0.         0.23438472
 0.62682927 0.10574165 0.         0.         0.0023977  0.00232953
 0.         0.         0.         0.28691229 0.62623762 0.
 0.5        0.         0.10802721 0.10750053 0.27272727 0.27272727
 0.         0.48739445 0.83138173 0.41190287]
deleted_not_scaled [4.000000e+00 0.000000e+00 1.157979e+03 2.962980e+05 6.400000e+02
 3.600000e+02 0.000000e+00 2.483700e+01 8.810000e-01 3.034400e+01
 6.000000e+00 0.000000e+00 2.456292e+03 6.220560e+05 1.280000e+03
 7.200000e+02 0.000000e+00 2.153400e+01 8.440000e-01 9.805000e+00
 0.000000e+00 0.000000e+00 3.665770e+02 9.301900e+04 3.200000e+02
 1.800000e+02 0.000000e+00 2.406500e+01 8.440000e-01 0.000000e+00
 6.000000e+00 0.000000e+00 2.447134e+03 6.218780e+05 1.280000e+03
 7.200000e+02 0.000000e+00 2.973800e+01 9.250000e-01 3.893100e+01
 1.500000e+01]
deleted_idx_col 391
query_origi 659
query_idx 27
deleted_scaled [0.41666667 0.         0.07813993 0.0773358  0.18181818 0.17171717
 0.         0.08224255 0.46511628 0.01030052 0.41666667 0.32472303
 0.07777493 0.07718204 0.18181818 0.17171717 0.         0.19757145
 0.69512195 0.         0.58333333 0.         0.14961178 0.15008096
 0.27272727 0.27272727 0.         0.06703327 0.38366337 0.17962082
 0.33333333 0.         0.04017439 0.03997606 0.09090909 0.09090909
 0.         0.66574862 0.83138173 0.4333492 ]
deleted_not_scaled [5.00000000e+00 0.00000000e+00 1.86467100e+03 4.71995000e+05
 9.60000000e+02 5.20000000e+02 0.00000000e+00 1.74590000e+01
 7.70000000e-01 9.94000000e-01 5.00000000e+00 1.06559434e+00
 1.86169200e+03 4.71939000e+05 9.60000000e+02 5.20000000e+02
 0.00000000e+00 2.02910000e+01 8.72000000e-01 0.00000000e+00
 7.00000000e+00 0.00000000e+00 3.14974600e+03 7.99642000e+05
 1.28000000e+03 7.20000000e+02 0.00000000e+00 1.60680000e+01
 7.46000000e-01 1.62670000e+01 4.00000000e+00 0.00000000e+00
 1.11184600e+03 2.82687000e+05 6.40000000e+02 3.60000000e+02
 0.00000000e+00 3.56310000e+01 9.25000000e-01 4.09580000e+01
 1.51000000e+02]
deleted_idx_col 27
query_origi 823
query_idx 628
deleted_scaled [0.00000000e+00 0.00000000e+00 1.83556115e-03 1.79211113e-03
 0.00000000e+00 0.00000000e+00 0.00000000e+00 1.49274835e-01
 5.00000000e-01 1.65803109e-04 5.00000000e-01 0.00000000e+00
 1.06878088e-01 1.06992963e-01 2.72727273e-01 2.72727273e-01
 0.00000000e+00 2.61957648e-01 5.90243902e-01 1.95382093e-01
 0.00000000e+00 0.00000000e+00 2.35549380e-03 2.44014024e-03
 0.00000000e+00 0.00000000e+00 0.00000000e+00 5.62854001e-01
 7.84653465e-01 5.34213752e-02 5.00000000e-01 0.00000000e+00
 1.08451013e-01 1.07494758e-01 2.72727273e-01 2.72727273e-01
 0.00000000e+00 4.62122817e-01 5.85480094e-01 4.19023435e-01]
deleted_not_scaled [0.000000e+00 0.000000e+00 3.635350e+02 9.265600e+04 3.200000e+02
 1.800000e+02 0.000000e+00 2.058800e+01 7.850000e-01 1.600000e-02
 6.000000e+00 0.000000e+00 2.434106e+03 6.216100e+05 1.280000e+03
 7.200000e+02 0.000000e+00 2.246500e+01 8.290000e-01 1.811700e+01
 0.000000e+00 0.000000e+00 3.657790e+02 9.354800e+04 3.200000e+02
 1.800000e+02 0.000000e+00 3.410100e+01 9.080000e-01 4.838000e+00
 6.000000e+00 0.000000e+00 2.455474e+03 6.218490e+05 1.280000e+03
 7.200000e+02 0.000000e+00 2.890300e+01 8.200000e-01 3.960400e+01
 8.800000e+01]
deleted_idx_col 628
query_origi 762
query_idx 427
deleted_scaled [0.         0.         0.00207396 0.001911   0.         0.
 0.         0.17365411 0.62093023 0.         0.5        0.
 0.10770932 0.1070314  0.27272727 0.27272727 0.         0.30188065
 0.63658537 0.05713608 0.08333333 0.         0.00971194 0.00970599
 0.01818182 0.01818182 0.         0.42381083 0.76485149 0.00088336
 0.5        0.         0.10785693 0.10751347 0.27272727 0.27272727
 0.         0.20017554 0.54098361 0.03503148]
deleted_not_scaled [0.000000e+00 0.000000e+00 3.682250e+02 9.325300e+04 3.200000e+02
 1.800000e+02 0.000000e+00 2.172600e+01 8.370000e-01 0.000000e+00
 6.000000e+00 0.000000e+00 2.450455e+03 6.218030e+05 1.280000e+03
 7.200000e+02 0.000000e+00 2.381300e+01 8.480000e-01 5.298000e+00
 1.000000e+00 0.000000e+00 5.048570e+02 1.282970e+05 3.840000e+02
 2.160000e+02 0.000000e+00 2.904400e+01 9.000000e-01 8.000000e-02
 6.000000e+00 0.000000e+00 2.443783e+03 6.219430e+05 1.280000e+03
 7.200000e+02 0.000000e+00 2.024800e+01 8.010000e-01 3.311000e+00
 1.600000e+01]
deleted_idx_col 427
query_origi 75
query_idx 575
deleted_scaled [0.         0.         0.00187043 0.00188133 0.         0.
 0.         0.25401144 0.73488372 0.         0.33333333 0.
 0.04306832 0.04259805 0.09090909 0.09090909 0.         0.36001777
 0.67804878 0.10302396 0.33333333 0.         0.04461881 0.04462027
 0.09090909 0.09090909 0.         0.31572725 0.69306931 0.09817475
 0.33333333 0.         0.04310891 0.04281169 0.09090909 0.09090909
 0.         0.32102539 0.69555035 0.04964291]
deleted_not_scaled [0.000000e+00 0.000000e+00 3.642210e+02 9.310400e+04 3.200000e+02
 1.800000e+02 0.000000e+00 2.547700e+01 8.860000e-01 0.000000e+00
 4.000000e+00 0.000000e+00 1.179067e+03 2.983040e+05 6.400000e+02
 3.600000e+02 0.000000e+00 2.577600e+01 8.650000e-01 9.553000e+00
 4.000000e+00 0.000000e+00 1.164792e+03 2.952750e+05 6.400000e+02
 3.600000e+02 0.000000e+00 2.511300e+01 8.710000e-01 8.891000e+00
 4.000000e+00 0.000000e+00 1.169595e+03 2.969310e+05 6.400000e+02
 3.600000e+02 0.000000e+00 2.424100e+01 8.670000e-01 4.692000e+00
 5.200000e+01]
deleted_idx_col 575
query_origi 582
query_idx 325
deleted_scaled [0.         0.         0.00194302 0.00183572 0.         0.
 0.         0.28584588 0.59534884 0.         0.58333333 0.
 0.13993799 0.13945274 0.27272727 0.27272727 0.         0.16792537
 0.36829268 0.32867804 0.5        0.         0.11215402 0.11293563
 0.27272727 0.27272727 0.         0.2325543  0.53217822 0.14024491
 0.5        0.         0.10763162 0.1075923  0.27272727 0.27272727
 0.         0.17684089 0.55269321 0.01946781]
deleted_not_scaled [0.000000e+00 0.000000e+00 3.656490e+02 9.287500e+04 3.200000e+02
 1.800000e+02 0.000000e+00 2.696300e+01 8.260000e-01 0.000000e+00
 7.000000e+00 0.000000e+00 3.084343e+03 7.845800e+05 1.280000e+03
 7.200000e+02 0.000000e+00 1.929000e+01 7.380000e-01 3.047700e+01
 6.000000e+00 0.000000e+00 2.441585e+03 6.219940e+05 1.280000e+03
 7.200000e+02 0.000000e+00 2.208800e+01 8.060000e-01 1.270100e+01
 6.000000e+00 0.000000e+00 2.439349e+03 6.223390e+05 1.280000e+03
 7.200000e+02 0.000000e+00 1.947700e+01 8.060000e-01 1.840000e+00
 7.800000e+01]
deleted_idx_col 325
query_origi 49
query_idx 430
deleted_scaled [0.00000000e+00 0.00000000e+00 1.90077743e-03 1.85723173e-03
 0.00000000e+00 0.00000000e+00 0.00000000e+00 1.57522655e-01
 5.18604651e-01 2.48704663e-04 5.00000000e-01 0.00000000e+00
 1.11618218e-01 1.11672213e-01 2.72727273e-01 2.72727273e-01
 0.00000000e+00 1.36235747e-01 4.70731707e-01 3.25237797e-01
 8.33333333e-02 0.00000000e+00 9.22129381e-03 9.36850760e-03
 1.81818182e-02 1.81818182e-02 0.00000000e+00 1.96975529e-01
 2.45049505e-01 8.62272672e-02 5.00000000e-01 0.00000000e+00
 1.16118304e-01 1.15036915e-01 2.72727273e-01 2.72727273e-01
 0.00000000e+00 2.06198360e-01 4.77751756e-01 3.87303603e-01]
deleted_not_scaled [0.000000e+00 0.000000e+00 3.648180e+02 9.298300e+04 3.200000e+02
 1.800000e+02 0.000000e+00 2.097300e+01 7.930000e-01 2.400000e-02
 6.000000e+00 0.000000e+00 2.527337e+03 6.451030e+05 1.280000e+03
 7.200000e+02 0.000000e+00 1.822000e+01 7.800000e-01 3.015800e+01
 1.000000e+00 0.000000e+00 4.955810e+02 1.266830e+05 3.840000e+02
 2.160000e+02 0.000000e+00 2.079400e+01 6.900000e-01 7.809000e+00
 6.000000e+00 0.000000e+00 2.606360e+03 6.597350e+05 1.280000e+03
 7.200000e+02 0.000000e+00 2.044700e+01 7.740000e-01 3.660600e+01
 1.030000e+02]
deleted_idx_col 430
query_origi 69
query_idx 967
deleted_scaled [0.         0.         0.00199746 0.00188989 0.         0.
 0.         0.19724073 0.2255814  0.         0.25       0.02442323
 0.02772258 0.02762875 0.05454545 0.05454545 0.         0.36129128
 0.46341463 0.20226258 0.41666667 0.         0.08105751 0.08162008
 0.18181818 0.17171717 0.         0.29422601 0.63118812 0.17475128
 0.         0.         0.00270956 0.00272414 0.         0.
 0.         0.18528495 0.60655738 0.        ]
deleted_not_scaled [0.00000000e+00 0.00000000e+00 3.66720000e+02 9.31470000e+04
 3.20000000e+02 1.80000000e+02 0.00000000e+00 2.28270000e+01
 6.67000000e-01 0.00000000e+00 3.00000000e+00 8.01460073e-02
 8.77240000e+02 2.23148000e+05 5.12000000e+02 2.88000000e+02
 0.00000000e+00 2.58190000e+01 7.77000000e-01 1.87550000e+01
 5.00000000e+00 0.00000000e+00 1.85368700e+03 4.72227000e+05
 9.60000000e+02 5.20000000e+02 0.00000000e+00 2.43310000e+01
 8.46000000e-01 1.58260000e+01 0.00000000e+00 0.00000000e+00
 3.74569000e+02 9.55620000e+04 3.20000000e+02 1.80000000e+02
 0.00000000e+00 1.97560000e+01 8.29000000e-01 0.00000000e+00
 9.30000000e+01]
deleted_idx_col 967
