query_origi 8
query_idx 12
deleted_scaled [1.66666667e-01 0.00000000e+00 1.81388678e-02 1.81228457e-02
 5.45454545e-02 5.45454545e-02 0.00000000e+00 5.45834315e-01
 8.81395349e-01 5.06466321e-01 8.33333333e-02 4.45394773e-01
 8.67475709e-03 8.77252386e-03 1.81818182e-02 1.81818182e-02
 0.00000000e+00 3.05641937e-01 7.53658537e-01 0.00000000e+00
 8.33333333e-02 0.00000000e+00 1.12787805e-02 1.11681894e-02
 1.81818182e-02 1.81818182e-02 0.00000000e+00 2.25570525e-01
 7.10396040e-01 0.00000000e+00 0.00000000e+00 0.00000000e+00
 1.92873890e-03 1.82750903e-03 0.00000000e+00 0.00000000e+00
 0.00000000e+00 2.79561757e-01 7.21311475e-01 2.11606623e-05]
deleted_not_scaled [2.00000000e+00 0.00000000e+00 6.84270000e+02 1.74660000e+05
 5.12000000e+02 2.88000000e+02 0.00000000e+00 3.90990000e+01
 9.49000000e-01 4.88740000e+01 1.00000000e+00 1.46158451e+00
 5.02599000e+02 1.28477000e+05 3.84000000e+02 2.16000000e+02
 0.00000000e+00 2.39400000e+01 8.96000000e-01 0.00000000e+00
 1.00000000e+00 0.00000000e+00 5.34479000e+02 1.35290000e+05
 3.84000000e+02 2.16000000e+02 0.00000000e+00 2.18340000e+01
 8.78000000e-01 0.00000000e+00 0.00000000e+00 0.00000000e+00
 3.59203000e+02 9.10580000e+04 3.20000000e+02 1.80000000e+02
 0.00000000e+00 2.28710000e+01 8.78000000e-01 2.00000000e-03
 2.77000000e+02]
deleted_idx_col 12
query_origi 634
query_idx 96
deleted_scaled [1.         0.06823407 0.83214581 0.82673936 1.         1.
 1.         0.31262452 0.58372093 0.07807254 1.         0.16071157
 0.83067575 0.82653571 1.         1.         1.         0.36306827
 0.48292683 0.00786187 1.         0.13351528 0.86354877 0.86831774
 1.         1.         1.         0.15515535 0.34405941 0.07892848
 1.         0.         0.8283464  0.82669601 1.         1.
 1.         0.25550074 0.54098361 0.13796752]
deleted_not_scaled [1.20000000e+01 3.20597144e-01 1.66982310e+04 4.23508900e+06
 3.84000000e+03 2.16000000e+03 1.00000000e+00 2.82130000e+01
 8.21000000e-01 7.53400000e+00 1.20000000e+01 5.27382807e-01
 1.66700820e+04 4.23420100e+06 3.84000000e+03 2.16000000e+03
 1.00000000e+00 2.58790000e+01 7.85000000e-01 7.29000000e-01
 1.20000000e+01 6.56382343e-01 1.66471460e+04 4.23461800e+06
 3.84000000e+03 2.16000000e+03 1.00000000e+00 1.92730000e+01
 7.30000000e-01 7.14800000e+00 1.20000000e+01 0.00000000e+00
 1.66224250e+04 4.23456300e+06 3.84000000e+03 2.16000000e+03
 1.00000000e+00 2.20760000e+01 8.01000000e-01 1.30400000e+01
 7.70000000e+01]
deleted_idx_col 96
query_origi 424
query_idx 447
deleted_scaled [0.41666667 0.         0.07626492 0.07624986 0.18181818 0.17171717
 0.         0.05998415 0.26976744 0.00592746 0.41666667 0.
 0.07720106 0.07739535 0.18181818 0.17171717 0.         0.18311861
 0.26829268 0.01847378 0.5        0.         0.11298563 0.11293814
 0.27272727 0.27272727 0.         0.10478416 0.43811881 0.22693595
 0.58333333 0.         0.14092483 0.13986735 0.27272727 0.27272727
 0.         0.20120456 0.70257611 0.13476168]
deleted_not_scaled [5.000000e+00 0.000000e+00 1.827784e+03 4.665420e+05 9.600000e+02
 5.200000e+02 0.000000e+00 1.642000e+01 6.860000e-01 5.720000e-01
 5.000000e+00 0.000000e+00 1.850405e+03 4.730100e+05 9.600000e+02
 5.200000e+02 0.000000e+00 1.980300e+01 6.970000e-01 1.713000e+00
 6.000000e+00 0.000000e+00 2.457307e+03 6.220060e+05 1.280000e+03
 7.200000e+02 0.000000e+00 1.744100e+01 7.680000e-01 2.055200e+01
 7.000000e+00 0.000000e+00 3.094532e+03 7.844640e+05 1.280000e+03
 7.200000e+02 0.000000e+00 2.028200e+01 8.700000e-01 1.273700e+01
 1.490000e+02]
deleted_idx_col 447
query_origi 830
query_idx 565
deleted_scaled [0.25       0.         0.03174126 0.03160699 0.05454545 0.05454545
 0.         0.12817327 0.60930233 0.16746114 0.16666667 0.
 0.01596186 0.01598948 0.05454545 0.05454545 0.         0.18122316
 0.60487805 0.19491836 0.25       0.         0.02733086 0.02764635
 0.05454545 0.05454545 0.         0.17970855 0.63118812 0.1939313
 0.25       0.         0.02889511 0.02902912 0.05454545 0.05454545
 0.         0.30292667 0.67213115 0.24516743]
deleted_not_scaled [3.00000e+00 0.00000e+00 9.51870e+02 2.42370e+05 5.12000e+02 2.88000e+02
 0.00000e+00 1.96030e+01 8.32000e-01 1.61600e+01 2.00000e+00 0.00000e+00
 6.45925e+02 1.64711e+05 5.12000e+02 2.88000e+02 0.00000e+00 1.97390e+01
 8.35000e-01 1.80740e+01 3.00000e+00 0.00000e+00 8.37953e+02 2.14097e+05
 5.12000e+02 2.88000e+02 0.00000e+00 2.01660e+01 8.46000e-01 1.75630e+01
 3.00000e+00 0.00000e+00 8.89879e+02 2.27698e+05 5.12000e+02 2.88000e+02
 0.00000e+00 2.36430e+01 8.57000e-01 2.31720e+01 2.68000e+02]
deleted_idx_col 565
query_origi 194
query_idx 519
deleted_scaled [0.5        0.         0.0916337  0.09183101 0.27272727 0.27272727
 0.         0.18554382 0.67674419 0.27235233 0.5        0.
 0.10792759 0.10700392 0.27272727 0.27272727 0.         0.16700726
 0.58292683 0.20474301 0.5        0.         0.11314966 0.11335946
 0.27272727 0.27272727 0.         0.11811933 0.53712871 0.25097446
 0.5        0.         0.10757425 0.10698891 0.27272727 0.27272727
 0.         0.45143912 0.78220141 0.49192192]
deleted_not_scaled [6.000000e+00 0.000000e+00 2.130134e+03 5.447820e+05 1.280000e+03
 7.200000e+02 0.000000e+00 2.228100e+01 8.610000e-01 2.628200e+01
 6.000000e+00 0.000000e+00 2.454748e+03 6.216650e+05 1.280000e+03
 7.200000e+02 0.000000e+00 1.925900e+01 8.260000e-01 1.898500e+01
 6.000000e+00 0.000000e+00 2.460408e+03 6.240210e+05 1.280000e+03
 7.200000e+02 0.000000e+00 1.792600e+01 8.080000e-01 2.272900e+01
 6.000000e+00 0.000000e+00 2.438220e+03 6.193080e+05 1.280000e+03
 7.200000e+02 0.000000e+00 2.855000e+01 9.040000e-01 4.649400e+01
 6.000000e+01]
deleted_idx_col 519
query_origi 90
query_idx 753
deleted_scaled [0.16666667 0.         0.01814822 0.01809815 0.05454545 0.05454545
 0.         0.0458236  0.21395349 0.38260104 0.16666667 0.
 0.01781152 0.01790516 0.05454545 0.05454545 0.         0.58735377
 0.78292683 0.51133447 0.25       0.1072546  0.02864079 0.02903704
 0.05454545 0.05454545 0.         0.09747044 0.13861386 0.3198326
 0.16666667 0.         0.02132192 0.0210504  0.05454545 0.05454545
 0.         0.08849611 0.26932084 0.28936148]
deleted_not_scaled [2.00000000e+00 0.00000000e+00 6.84454000e+02 1.74536000e+05
 5.12000000e+02 2.88000000e+02 0.00000000e+00 1.57590000e+01
 6.62000000e-01 3.69210000e+01 2.00000000e+00 0.00000000e+00
 6.82305000e+02 1.74329000e+05 5.12000000e+02 2.88000000e+02
 0.00000000e+00 3.34520000e+01 9.08000000e-01 4.74140000e+01
 3.00000000e+00 5.27280643e-01 8.62718000e+02 2.20748000e+05
 5.12000000e+02 2.88000000e+02 0.00000000e+00 1.71750000e+01
 6.47000000e-01 2.89650000e+01 2.00000000e+00 0.00000000e+00
 7.40845000e+02 1.87619000e+05 5.12000000e+02 2.88000000e+02
 0.00000000e+00 1.65580000e+01 6.85000000e-01 2.73490000e+01
 1.41000000e+02]
deleted_idx_col 753
query_origi 507
query_idx 520
deleted_scaled [0.16666667 0.         0.01820551 0.01812125 0.05454545 0.05454545
 0.         0.14927483 0.26976744 0.27471503 0.25       0.
 0.02923576 0.02927215 0.05454545 0.05454545 0.         0.04309196
 0.23170732 0.40155943 0.25       0.         0.02695838 0.02727019
 0.05454545 0.05454545 0.         0.13112455 0.43069307 0.19242958
 0.25       0.         0.03242193 0.03201545 0.05454545 0.05454545
 0.         0.68790291 0.82669789 0.58768449]
deleted_not_scaled [2.00000e+00 0.00000e+00 6.85581e+02 1.74652e+05 5.12000e+02 2.88000e+02
 0.00000e+00 2.05880e+01 6.86000e-01 2.65100e+01 3.00000e+00 0.00000e+00
 9.07002e+02 2.31399e+05 5.12000e+02 2.88000e+02 0.00000e+00 1.50750e+01
 6.82000e-01 3.72350e+01 3.00000e+00 0.00000e+00 8.30911e+02 2.12298e+05
 5.12000e+02 2.88000e+02 0.00000e+00 1.83990e+01 7.65000e-01 1.74270e+01
 3.00000e+00 0.00000e+00 9.59284e+02 2.42699e+05 5.12000e+02 2.88000e+02
 0.00000e+00 3.63630e+01 9.23000e-01 5.55450e+01 2.38000e+02]
deleted_idx_col 520
query_origi 939
query_idx 965
deleted_scaled [0.58333333 0.         0.1406007  0.13966259 0.27272727 0.27272727
 0.         0.19259196 0.4627907  0.22415544 0.58333333 0.
 0.13998004 0.139341   0.27272727 0.27272727 0.         0.6931734
 0.86585366 0.76803701 0.58333333 0.         0.14599449 0.14685337
 0.27272727 0.27272727 0.         0.17629915 0.4950495  0.31979948
 0.58333333 0.         0.1399728  0.13976383 0.27272727 0.27272727
 0.         0.20417058 0.46604215 0.33129133]
deleted_not_scaled [7.000000e+00 0.000000e+00 3.093462e+03 7.849660e+05 1.280000e+03
 7.200000e+02 0.000000e+00 2.261000e+01 7.690000e-01 2.163100e+01
 7.000000e+00 0.000000e+00 3.085170e+03 7.840190e+05 1.280000e+03
 7.200000e+02 0.000000e+00 3.702500e+01 9.420000e-01 7.121700e+01
 7.000000e+00 0.000000e+00 3.081359e+03 7.842060e+05 1.280000e+03
 7.200000e+02 0.000000e+00 2.004200e+01 7.910000e-01 2.896200e+01
 7.000000e+00 0.000000e+00 3.075797e+03 7.839440e+05 1.280000e+03
 7.200000e+02 0.000000e+00 2.038000e+01 7.690000e-01 3.131200e+01
 8.500000e+01]
deleted_idx_col 965
query_origi 707
query_idx 787
deleted_scaled [0.41666667 0.         0.07723066 0.07739953 0.18181818 0.17171717
 0.         0.55843099 0.88139535 0.85380311 0.5        0.
 0.1079645  0.10704057 0.27272727 0.27272727 0.         0.45262846
 0.56829268 0.42710782 0.5        0.         0.11274983 0.11295863
 0.27272727 0.27272727 0.         0.22680781 0.11138614 0.36018021
 0.5        0.         0.10809861 0.10751068 0.27272727 0.27272727
 0.         0.24953845 0.15456674 0.32557795]
deleted_not_scaled [5.000000e+00 0.000000e+00 1.846783e+03 4.723150e+05 9.600000e+02
 5.200000e+02 0.000000e+00 3.968700e+01 9.490000e-01 8.239200e+01
 6.000000e+00 0.000000e+00 2.455474e+03 6.218490e+05 1.280000e+03
 7.200000e+02 0.000000e+00 2.890300e+01 8.200000e-01 3.960400e+01
 6.000000e+00 0.000000e+00 2.452849e+03 6.221040e+05 1.280000e+03
 7.200000e+02 0.000000e+00 2.187900e+01 6.360000e-01 3.261900e+01
 6.000000e+00 0.000000e+00 2.448539e+03 6.219290e+05 1.280000e+03
 7.200000e+02 0.000000e+00 2.187900e+01 6.360000e-01 3.077200e+01
 9.000000e+01]
deleted_idx_col 787
query_origi 731
query_idx 630
deleted_scaled [1.         0.         0.8275702  0.82674055 1.         1.
 1.         0.27228518 0.58372093 0.22115026 1.         0.
 0.90362401 0.90408065 1.         1.         1.         0.12287872
 0.36097561 0.11227703 1.         0.         0.85407914 0.86353009
 1.         1.         1.         0.22760517 0.58415842 0.0165741
 1.         0.         0.75991337 0.75383712 1.         1.
 1.         0.2296238  0.36065574 0.06032905]
deleted_not_scaled [1.2000000e+01 0.0000000e+00 1.6608215e+04 4.2350950e+06 3.8400000e+03
 2.1600000e+03 1.0000000e+00 2.6330000e+01 8.2100000e-01 2.1341000e+01
 1.2000000e+01 0.0000000e+00 1.8104861e+04 4.6235290e+06 3.8400000e+03
 2.1600000e+03 1.0000000e+00 1.7769000e+01 7.3500000e-01 1.0411000e+01
 1.2000000e+01 0.0000000e+00 1.6468117e+04 4.2117210e+06 3.8400000e+03
 2.1600000e+03 1.0000000e+00 2.1908000e+01 8.2700000e-01 1.5010000e+00
 1.2000000e+01 0.0000000e+00 1.5275719e+04 3.8685760e+06 3.8400000e+03
 2.1600000e+03 1.0000000e+00 2.1221000e+01 7.2400000e-01 5.7020000e+00
 2.8400000e+02]
deleted_idx_col 630
query_origi 731
query_idx 775
deleted_scaled [0.25       0.         0.02576206 0.02551772 0.05454545 0.05454545
 0.         0.24842006 0.73953488 0.12557513 0.33333333 0.
 0.04256803 0.0423933  0.09090909 0.09090909 0.         0.3805716
 0.76585366 0.25173091 0.33333333 0.         0.04485181 0.04512879
 0.09090909 0.09090909 0.         0.21710201 0.67574257 0.23368263
 0.33333333 0.         0.04284411 0.0428091  0.09090909 0.09090909
 0.         0.16385703 0.70725995 0.1507803 ]
deleted_not_scaled [3.000000e+00 0.000000e+00 8.342410e+02 2.117930e+05 5.120000e+02
 2.880000e+02 0.000000e+00 2.521600e+01 8.880000e-01 1.211800e+01
 4.000000e+00 0.000000e+00 1.169227e+03 2.972760e+05 6.400000e+02
 3.600000e+02 0.000000e+00 2.647000e+01 9.010000e-01 2.334200e+01
 4.000000e+00 0.000000e+00 1.169197e+03 2.977070e+05 6.400000e+02
 3.600000e+02 0.000000e+00 2.152600e+01 8.640000e-01 2.116300e+01
 4.000000e+00 0.000000e+00 1.164384e+03 2.969180e+05 6.400000e+02
 3.600000e+02 0.000000e+00 1.904800e+01 8.720000e-01 1.425100e+01
 1.680000e+02]
deleted_idx_col 775
query_origi 889
query_idx 124
deleted_scaled [1.         0.12677032 0.82910474 0.82661688 1.         1.
 1.         0.56871398 0.85116279 0.89611399 1.         0.24914555
 0.82782809 0.82659765 1.         1.         1.         0.15080705
 0.28292683 0.10299161 1.         0.06847295 0.9410102  0.9495236
 1.         1.         1.         0.08982678 0.29207921 0.05558561
 1.         0.         0.74965558 0.75078689 1.         1.
 1.         0.04288611 0.33723653 0.004412  ]
deleted_not_scaled [1.20000000e+01 5.95629156e-01 1.66384040e+04 4.23447400e+06
 3.84000000e+03 2.16000000e+03 1.00000000e+00 4.01670000e+01
 9.36000000e-01 8.64750000e+01 1.20000000e+01 8.17583181e-01
 1.66140730e+04 4.23451200e+06 3.84000000e+03 2.16000000e+03
 1.00000000e+00 1.87120000e+01 7.03000000e-01 9.55000000e+00
 1.20000000e+01 3.36623877e-01 1.81116000e+04 4.62298600e+06
 3.84000000e+03 2.16000000e+03 1.00000000e+00 1.68970000e+01
 7.09000000e-01 5.03400000e+00 1.20000000e+01 0.00000000e+00
 1.50738540e+04 3.85325400e+06 3.84000000e+03 2.16000000e+03
 1.00000000e+00 1.50510000e+01 7.14000000e-01 4.17000000e-01
 2.60000000e+02]
deleted_idx_col 124
query_origi 485
query_idx 855
deleted_scaled [0.83333333 0.         0.4184413  0.41672727 0.63636364 0.63636364
 0.         0.0917329  0.46511628 0.02259067 0.83333333 0.
 0.3710993  0.3701876  0.63636364 0.63636364 0.         0.44341774
 0.80731707 0.37056489 0.83333333 0.         0.41012478 0.4134273
 0.63636364 0.63636364 0.         0.14473467 0.52722772 0.06451862
 0.83333333 0.         0.39342844 0.39364365 0.63636364 0.63636364
 0.         0.07469508 0.47540984 0.00149183]
deleted_not_scaled [1.000000e+01 0.000000e+00 8.559421e+03 2.176233e+06 2.560000e+03
 1.440000e+03 0.000000e+00 1.790200e+01 7.700000e-01 2.180000e+00
 1.000000e+01 0.000000e+00 7.630927e+03 1.943025e+06 2.560000e+03
 1.440000e+03 0.000000e+00 2.859200e+01 9.180000e-01 3.436100e+01
 1.000000e+01 0.000000e+00 8.074898e+03 2.059099e+06 2.560000e+03
 1.440000e+03 0.000000e+00 1.889400e+01 8.040000e-01 5.843000e+00
 1.000000e+01 0.000000e+00 8.063596e+03 2.059241e+06 2.560000e+03
 1.440000e+03 0.000000e+00 1.610200e+01 7.730000e-01 1.410000e-01
 2.600000e+01]
deleted_idx_col 855
query_origi 297
query_idx 108
deleted_scaled [1.         0.47907371 0.85437287 0.85095805 1.         1.
 1.         0.10848561 0.57906977 0.05373057 1.         0.41945903
 0.73161943 0.72980312 1.         1.         1.         0.18071968
 0.52926829 0.02476112 1.         0.10424979 0.88406366 0.89117288
 1.         1.         1.         0.78792961 0.92821782 0.82047856
 1.         0.         0.83258098 0.83300071 1.         1.
 1.         0.34690233 0.79391101 0.07625245]
deleted_not_scaled [1.20000000e+01 2.25092335e+00 1.71355040e+04 4.35670200e+06
 3.84000000e+03 2.16000000e+03 1.00000000e+00 1.86840000e+01
 8.19000000e-01 5.18500000e+00 1.20000000e+01 1.37647510e+00
 1.47217980e+04 3.74853800e+06 3.84000000e+03 2.16000000e+03
 1.00000000e+00 1.97220000e+01 8.04000000e-01 2.29600000e+00
 1.20000000e+01 5.12508516e-01 1.70349920e+04 4.34392300e+06
 3.84000000e+03 2.16000000e+03 1.00000000e+00 4.22870000e+01
 9.66000000e-01 7.43050000e+01 1.20000000e+01 0.00000000e+00
 1.67057580e+04 4.26623300e+06 3.84000000e+03 2.16000000e+03
 1.00000000e+00 2.50960000e+01 9.09000000e-01 7.20700000e+00
 1.84000000e+02]
deleted_idx_col 108
query_origi 539
query_idx 956
deleted_scaled [0.91666667 0.         0.55408038 0.55491161 1.         1.
 0.         0.56423659 0.89767442 0.92324352 1.         0.
 0.79254346 0.78581789 1.         1.         1.         0.11091367
 0.55853659 0.06331557 0.91666667 0.         0.63165619 0.63289188
 1.         1.         0.         0.12719274 0.17821782 0.07808929
 0.91666667 0.         0.5727449  0.56958201 1.         1.
 0.         0.2093157  0.55503513 0.05887954]
deleted_not_scaled [1.1000000e+01 0.0000000e+00 1.1227849e+04 2.8701190e+06 3.8400000e+03
 2.1600000e+03 0.0000000e+00 3.9958000e+01 9.5600000e-01 8.9093000e+01
 1.2000000e+01 0.0000000e+00 1.5920079e+04 4.0297700e+06 3.8400000e+03
 2.1600000e+03 1.0000000e+00 1.7365000e+01 8.1600000e-01 5.8710000e+00
 1.1000000e+01 0.0000000e+00 1.2263080e+04 3.1086910e+06 3.8400000e+03
 2.1600000e+03 0.0000000e+00 1.8256000e+01 6.6300000e-01 7.0720000e+00
 1.1000000e+01 0.0000000e+00 1.1592397e+04 2.9430200e+06 3.8400000e+03
 2.1600000e+03 0.0000000e+00 2.0550000e+01 8.0700000e-01 5.5650000e+00
 2.4800000e+02]
deleted_idx_col 956
query_origi 692
query_idx 449
deleted_scaled [0.91666667 0.         0.57024644 0.56765274 1.         1.
 0.         0.11133486 0.42093023 0.0480829  1.         0.
 0.83767651 0.83517558 1.         1.         1.         0.05585666
 0.3        0.05618705 0.91666667 0.         0.65641675 0.66136478
 1.         1.         0.         0.12301347 0.47029703 0.
 0.91666667 0.         0.50594339 0.50595523 1.         1.
 0.         0.08326019 0.2529274  0.01077078]
deleted_not_scaled [1.1000000e+01 0.0000000e+00 1.1545884e+04 2.9340980e+06 3.8400000e+03
 2.1600000e+03 0.0000000e+00 1.8817000e+01 7.5100000e-01 4.6400000e+00
 1.2000000e+01 0.0000000e+00 1.6807776e+04 4.2775790e+06 3.8400000e+03
 2.1600000e+03 1.0000000e+00 1.5506000e+01 7.1000000e-01 5.2100000e+00
 1.1000000e+01 0.0000000e+00 1.2731193e+04 3.2448630e+06 3.8400000e+03
 2.1600000e+03 0.0000000e+00 1.8104000e+01 7.8100000e-01 0.0000000e+00
 1.1000000e+01 0.0000000e+00 1.0277798e+04 2.6234080e+06 3.8400000e+03
 2.1600000e+03 0.0000000e+00 1.6385000e+01 6.7800000e-01 1.0180000e+00
 1.4600000e+02]
deleted_idx_col 449
query_origi 83
query_idx 377
deleted_scaled [0.91666667 0.         0.55408038 0.55491161 1.         1.
 0.         0.56423659 0.89767442 0.92324352 0.91666667 0.
 0.54045365 0.53584199 1.         1.         0.         0.11103213
 0.55853659 0.06168712 0.91666667 0.         0.63165619 0.63289188
 1.         1.         0.         0.12719274 0.17821782 0.07808929
 0.91666667 0.         0.5727449  0.56958201 1.         1.
 0.         0.2093157  0.55503513 0.05887954]
deleted_not_scaled [1.1000000e+01 0.0000000e+00 1.1227849e+04 2.8701190e+06 3.8400000e+03
 2.1600000e+03 0.0000000e+00 3.9958000e+01 9.5600000e-01 8.9093000e+01
 1.1000000e+01 0.0000000e+00 1.0961864e+04 2.7747220e+06 3.8400000e+03
 2.1600000e+03 0.0000000e+00 1.7369000e+01 8.1600000e-01 5.7200000e+00
 1.1000000e+01 0.0000000e+00 1.2263080e+04 3.1086910e+06 3.8400000e+03
 2.1600000e+03 0.0000000e+00 1.8256000e+01 6.6300000e-01 7.0720000e+00
 1.1000000e+01 0.0000000e+00 1.1592397e+04 2.9430200e+06 3.8400000e+03
 2.1600000e+03 0.0000000e+00 2.0550000e+01 8.0700000e-01 5.5650000e+00
 2.4800000e+02]
deleted_idx_col 377
query_origi 280
query_idx 111
deleted_scaled [1.         0.07833125 0.83252841 0.83294155 1.         1.
 1.         0.24584931 0.78837209 0.07468394 1.         0.18551408
 0.78047011 0.78204529 1.         1.         1.         0.73490301
 0.80731707 0.79312167 1.         0.1099702  0.86740816 0.86826546
 1.         1.         1.         0.14162772 0.3960396  0.03271756
 1.         0.         0.86940528 0.86376975 1.         1.
 1.         0.97085439 0.96252927 0.94812464]
deleted_not_scaled [1.20000000e+01 3.68038646e-01 1.67057580e+04 4.26623300e+06
 3.84000000e+03 2.16000000e+03 1.00000000e+00 2.50960000e+01
 9.09000000e-01 7.20700000e+00 1.20000000e+01 6.08773441e-01
 1.56826150e+04 4.01082900e+06 3.84000000e+03 2.16000000e+03
 1.00000000e+00 3.84340000e+01 9.18000000e-01 7.35430000e+01
 1.20000000e+01 5.40630960e-01 1.67201100e+04 4.23436800e+06
 3.84000000e+03 2.16000000e+03 1.00000000e+00 1.87810000e+01
 7.51000000e-01 2.96300000e+00 1.20000000e+01 0.00000000e+00
 1.74304300e+04 4.42079300e+06 3.84000000e+03 2.16000000e+03
 1.00000000e+00 4.57120000e+01 9.81000000e-01 8.96120000e+01
 1.87000000e+02]
deleted_idx_col 111
query_origi 642
query_idx 346
deleted_scaled [9.16666667e-01 0.00000000e+00 5.91408287e-01 5.86041647e-01
 1.00000000e+00 1.00000000e+00 0.00000000e+00 2.02832109e-01
 6.90697674e-01 8.99481865e-03 9.16666667e-01 0.00000000e+00
 5.53520113e-01 5.49357497e-01 1.00000000e+00 1.00000000e+00
 0.00000000e+00 1.32977936e-01 4.95121951e-01 3.45102776e-04
 9.16666667e-01 0.00000000e+00 6.15005403e-01 6.16830653e-01
 1.00000000e+00 1.00000000e+00 0.00000000e+00 2.26477866e-01
 6.11386139e-01 3.64387222e-04 9.16666667e-01 0.00000000e+00
 5.87814990e-01 5.85162219e-01 1.00000000e+00 1.00000000e+00
 0.00000000e+00 2.77564238e-01 7.28337237e-01 0.00000000e+00]
deleted_not_scaled [1.1000000e+01 0.0000000e+00 1.1962201e+04 3.0264370e+06 3.8400000e+03
 2.1600000e+03 0.0000000e+00 2.3088000e+01 8.6700000e-01 8.6800000e-01
 1.1000000e+01 0.0000000e+00 1.1218861e+04 2.8425790e+06 3.8400000e+03
 2.1600000e+03 0.0000000e+00 1.8110000e+01 7.9000000e-01 3.2000000e-02
 1.1000000e+01 0.0000000e+00 1.1948287e+04 3.0318780e+06 3.8400000e+03
 2.1600000e+03 0.0000000e+00 2.1867000e+01 8.3800000e-01 3.3000000e-02
 1.1000000e+01 0.0000000e+00 1.1888964e+04 3.0212830e+06 3.8400000e+03
 2.1600000e+03 0.0000000e+00 2.2805000e+01 8.8100000e-01 0.0000000e+00
 2.1100000e+02]
deleted_idx_col 346
query_origi 302
query_idx 605
deleted_scaled [1.         0.         0.82832047 0.82666249 1.         1.
 1.         0.13509287 0.15581395 0.09079793 1.         0.
 0.83878951 0.83838033 1.         1.         1.         0.04024878
 0.15609756 0.12279188 1.         0.         0.8473598  0.85588264
 1.         1.         1.         0.13282925 0.37623762 0.02321036
 1.         0.         0.96068993 0.95207885 1.         1.
 1.         0.84927817 0.8852459  0.95818653]
deleted_not_scaled [1.2000000e+01 0.0000000e+00 1.6622975e+04 4.2347030e+06 3.8400000e+03
 2.1600000e+03 1.0000000e+00 1.9926000e+01 6.3700000e-01 8.7620000e+00
 1.2000000e+01 0.0000000e+00 1.6829667e+04 4.2936690e+06 3.8400000e+03
 2.1600000e+03 1.0000000e+00 1.4979000e+01 6.5100000e-01 1.1386000e+01
 1.2000000e+01 0.0000000e+00 1.6341084e+04 4.1751470e+06 3.8400000e+03
 2.1600000e+03 1.0000000e+00 1.8461000e+01 7.4300000e-01 2.1020000e+00
 1.2000000e+01 0.0000000e+00 1.9226837e+04 4.8643900e+06 3.8400000e+03
 2.1600000e+03 1.0000000e+00 4.1695000e+01 9.4800000e-01 9.0563000e+01
 2.3800000e+02]
deleted_idx_col 605
query_origi 451
query_idx 143
deleted_scaled [1.00000000e+00 2.08096526e-01 8.20943503e-01 8.20530396e-01
 1.00000000e+00 1.00000000e+00 1.00000000e+00 1.51202896e-01
 6.23255814e-01 5.07772021e-04 1.00000000e+00 4.49408683e-01
 8.31558079e-01 8.32399263e-01 1.00000000e+00 1.00000000e+00
 1.00000000e+00 1.89930401e-01 6.46341463e-01 2.04904773e-04
 1.00000000e+00 4.60546018e-01 8.62479351e-01 8.62462028e-01
 1.00000000e+00 1.00000000e+00 1.00000000e+00 1.70030245e-01
 5.81683168e-01 2.67658978e-02 1.00000000e+00 0.00000000e+00
 8.90061578e-01 8.83406318e-01 1.00000000e+00 1.00000000e+00
 1.00000000e+00 9.39287552e-01 9.50819672e-01 9.72268952e-01]
deleted_not_scaled [1.20000000e+01 9.77739579e-01 1.64778480e+04 4.20391100e+06
 3.84000000e+03 2.16000000e+03 1.00000000e+00 2.06780000e+01
 8.38000000e-01 4.90000000e-02 1.20000000e+01 1.47475634e+00
 1.66874360e+04 4.26364000e+06 3.84000000e+03 2.16000000e+03
 1.00000000e+00 2.00330000e+01 8.52000000e-01 1.90000000e-02
 1.20000000e+01 2.26411736e+00 1.66269280e+04 4.20661300e+06
 3.84000000e+03 2.16000000e+03 1.00000000e+00 1.98140000e+01
 8.26000000e-01 2.42400000e+00 1.20000000e+01 0.00000000e+00
 1.78369290e+04 4.51943200e+06 3.84000000e+03 2.16000000e+03
 1.00000000e+00 4.46690000e+01 9.76000000e-01 9.18940000e+01
 1.94000000e+02]
deleted_idx_col 143
query_origi 230
query_idx 389
deleted_scaled [1.         0.09432611 0.77393624 0.77315824 1.         1.
 1.         0.04698044 0.17906977 0.13473575 1.         0.16570031
 0.82573672 0.82657256 1.         1.         1.         0.81297201
 0.88292683 1.         1.         0.16040825 0.85837178 0.86830247
 1.         1.         1.         0.09408853 0.09158416 0.10117819
 1.         0.         0.90574023 0.89851791 1.         1.
 1.         0.08495506 0.21311475 0.09197482]
deleted_not_scaled [1.20000000e+01 4.43190329e-01 1.55530740e+04 3.96603400e+06
 3.84000000e+03 2.16000000e+03 1.00000000e+00 1.58130000e+01
 6.47000000e-01 1.30020000e+01 1.20000000e+01 5.43753595e-01
 1.65729390e+04 4.23438600e+06 3.84000000e+03 2.16000000e+03
 1.00000000e+00 4.10700000e+01 9.49000000e-01 9.27260000e+01
 1.20000000e+01 7.88592439e-01 1.65492720e+04 4.23454500e+06
 3.84000000e+03 2.16000000e+03 1.00000000e+00 1.70520000e+01
 6.28000000e-01 9.16300000e+00 1.20000000e+01 0.00000000e+00
 1.81454720e+04 4.59534100e+06 3.84000000e+03 2.16000000e+03
 1.00000000e+00 1.64410000e+01 6.61000000e-01 8.69300000e+00
 1.41000000e+02]
deleted_idx_col 389
query_origi 397
query_idx 644
deleted_scaled [1.         0.         0.84942477 0.84475686 1.         1.
 1.         0.05490692 0.4        0.01918135 1.         0.
 0.81720118 0.81394478 1.         1.         1.         0.82508515
 0.91707317 0.87264629 0.91666667 0.         0.58312113 0.58692357
 1.         1.         0.         0.21836679 0.5        0.02188532
 1.         0.         0.80826757 0.80746456 1.         1.
 1.         0.23122787 0.49180328 0.02946622]
deleted_not_scaled [1.2000000e+01 0.0000000e+00 1.7038160e+04 4.3255630e+06 3.8400000e+03
 2.1600000e+03 1.0000000e+00 1.6183000e+01 7.4200000e-01 1.8510000e+00
 1.2000000e+01 0.0000000e+00 1.6405058e+04 4.1709860e+06 3.8400000e+03
 2.1600000e+03 1.0000000e+00 4.1479000e+01 9.6300000e-01 8.0917000e+01
 1.1000000e+01 0.0000000e+00 1.1345496e+04 2.8888470e+06 3.8400000e+03
 2.1600000e+03 0.0000000e+00 2.1572000e+01 7.9300000e-01 1.9820000e+00
 1.2000000e+01 0.0000000e+00 1.6227290e+04 4.1379590e+06 3.8400000e+03
 2.1600000e+03 1.0000000e+00 2.1274000e+01 7.8000000e-01 2.7850000e+00
 1.5300000e+02]
deleted_idx_col 644
query_origi 348
query_idx 237
deleted_scaled [1.         0.15847189 0.83512497 0.82928245 1.         1.
 1.         0.02911373 0.         0.03474611 1.         0.25996863
 0.77903919 0.77476539 1.         1.         1.         0.08861247
 0.2902439  0.03839268 1.         0.09232453 0.89841978 0.9029303
 1.         1.         1.         0.11737696 0.44059406 0.02445811
 1.         0.         0.79574769 0.79376421 1.         1.
 1.         0.45219576 0.81498829 0.36661906]
deleted_not_scaled [1.20000000e+01 7.44578712e-01 1.67568400e+04 4.24785900e+06
 3.84000000e+03 2.16000000e+03 1.00000000e+00 1.49790000e+01
 5.70000000e-01 3.35300000e+00 1.20000000e+01 8.53099655e-01
 1.56544710e+04 3.97427900e+06 3.84000000e+03 2.16000000e+03
 1.00000000e+00 1.66120000e+01 7.06000000e-01 3.56000000e+00
 1.20000000e+01 4.53882070e-01 1.73064030e+04 4.40015300e+06
 3.84000000e+03 2.16000000e+03 1.00000000e+00 1.78990000e+01
 7.69000000e-01 2.21500000e+00 1.20000000e+01 0.00000000e+00
 1.59809090e+04 4.06913900e+06 3.84000000e+03 2.16000000e+03
 1.00000000e+00 2.85750000e+01 9.18000000e-01 3.46510000e+01
 2.40000000e+01]
deleted_idx_col 237
query_origi 74
query_idx 202
deleted_scaled [1.         0.13298641 0.88110854 0.87627045 1.         1.
 1.         0.13738512 0.60697674 0.056      1.         0.0773543
 0.85433914 0.85093501 1.         1.         1.         0.14997779
 0.56585366 0.05591743 1.         0.09417204 0.76170863 0.76668077
 1.         1.         1.         0.16750069 0.52722772 0.02535252
 1.         0.         0.84931105 0.84846685 1.         1.
 1.         0.8671953  0.92740047 0.78617151]
deleted_not_scaled [1.20000000e+01 6.24835419e-01 1.76614750e+04 4.48380700e+06
 3.84000000e+03 2.16000000e+03 1.00000000e+00 2.00330000e+01
 8.31000000e-01 5.40400000e+00 1.20000000e+01 2.53841894e-01
 1.71355040e+04 4.35670200e+06 3.84000000e+03 2.16000000e+03
 1.00000000e+00 1.86840000e+01 8.19000000e-01 5.18500000e+00
 1.20000000e+01 4.62964701e-01 1.47217980e+04 3.74853800e+06
 3.84000000e+03 2.16000000e+03 1.00000000e+00 1.97220000e+01
 8.04000000e-01 2.29600000e+00 1.20000000e+01 0.00000000e+00
 1.70349920e+04 4.34392300e+06 3.84000000e+03 2.16000000e+03
 1.00000000e+00 4.22870000e+01 9.66000000e-01 7.43050000e+01
 1.83000000e+02]
deleted_idx_col 202
query_origi 34
query_idx 878
deleted_scaled [0.91666667 0.         0.56892733 0.56777323 1.         1.
 0.         0.1355856  0.16511628 0.08929534 0.91666667 0.
 0.56990799 0.5696468  1.         1.         0.         0.04042648
 0.16829268 0.12068891 0.91666667 0.         0.58842395 0.59435523
 1.         1.         0.         0.13244432 0.38366337 0.02228283
 0.91666667 0.         0.65514666 0.64923612 1.         1.
 0.         0.82833449 0.87587822 0.927165  ]
deleted_not_scaled [1.1000000e+01 0.0000000e+00 1.1519933e+04 2.9347030e+06 3.8400000e+03
 2.1600000e+03 0.0000000e+00 1.9949000e+01 6.4100000e-01 8.6170000e+00
 1.1000000e+01 0.0000000e+00 1.1541185e+04 2.9444450e+06 3.8400000e+03
 2.1600000e+03 0.0000000e+00 1.4985000e+01 6.5600000e-01 1.1191000e+01
 1.1000000e+01 0.0000000e+00 1.1445749e+04 2.9243890e+06 3.8400000e+03
 2.1600000e+03 0.0000000e+00 1.8447000e+01 7.4600000e-01 2.0180000e+00
 1.1000000e+01 0.0000000e+00 1.3213996e+04 3.3431410e+06 3.8400000e+03
 2.1600000e+03 0.0000000e+00 4.1003000e+01 9.4400000e-01 8.7631000e+01
 2.3800000e+02]
deleted_idx_col 878
query_origi 524
query_idx 439
deleted_scaled [1.         0.03640551 0.83189658 0.82940054 1.         1.
 1.         0.14089848 0.5255814  0.04721244 1.         0.02219106
 0.82507185 0.82384563 1.         1.         1.         0.17683992
 0.25365854 0.00344024 1.         0.03226093 0.86116773 0.86896091
 1.         1.         1.         0.45894968 0.6460396  0.67081479
 1.         0.         0.86093836 0.8622305  1.         1.
 1.         0.31942133 0.38407494 0.31873248]
deleted_not_scaled [1.20000000e+01 1.71050940e-01 1.66933280e+04 4.24845200e+06
 3.84000000e+03 2.16000000e+03 1.00000000e+00 2.01970000e+01
 7.96000000e-01 4.55600000e+00 1.20000000e+01 7.28210451e-02
 1.65598620e+04 4.22069500e+06 3.84000000e+03 2.16000000e+03
 1.00000000e+00 1.95910000e+01 6.91000000e-01 3.19000000e-01
 1.20000000e+01 1.58599869e-01 1.66021310e+04 4.23769400e+06
 3.84000000e+03 2.16000000e+03 1.00000000e+00 3.03220000e+01
 8.52000000e-01 6.07510000e+01 1.20000000e+01 0.00000000e+00
 1.72638080e+04 4.41306100e+06 3.84000000e+03 2.16000000e+03
 1.00000000e+00 2.41880000e+01 7.34000000e-01 3.01250000e+01
 1.90000000e+01]
deleted_idx_col 439
query_origi 351
query_idx 891
deleted_scaled [0.5        0.         0.10792816 0.10718155 0.27272727 0.27272727
 0.         0.77936545 0.98837209 0.65370984 0.5        0.
 0.10747803 0.1069842  0.27272727 0.27272727 0.         0.91363838
 1.         0.80238552 0.41666667 0.         0.08173371 0.08220345
 0.18181818 0.17171717 0.         0.6571625  0.59405941 0.56876429
 0.41666667 0.         0.0796243  0.0795054  0.18181818 0.17171717
 0.         0.15692624 0.44262295 0.33453949]
deleted_not_scaled [6.000000e+00 0.000000e+00 2.450695e+03 6.218640e+05 1.280000e+03
 7.200000e+02 0.000000e+00 5.000000e+01 9.950000e-01 6.308300e+01
 6.000000e+00 0.000000e+00 2.445906e+03 6.215660e+05 1.280000e+03
 7.200000e+02 0.000000e+00 4.446900e+01 9.970000e-01 7.440200e+01
 5.000000e+00 0.000000e+00 1.866471e+03 4.750170e+05 9.600000e+02
 5.200000e+02 0.000000e+00 3.753100e+01 8.310000e-01 5.150900e+01
 5.000000e+00 0.000000e+00 1.888188e+03 4.812520e+05 9.600000e+02
 5.200000e+02 0.000000e+00 1.881900e+01 7.590000e-01 3.161900e+01
 2.000000e+00]
deleted_idx_col 891
query_origi 899
query_idx 635
deleted_scaled [8.33333333e-01 0.00000000e+00 3.71823254e-01 3.71052038e-01
 6.36363636e-01 6.36363636e-01 0.00000000e+00 1.26566550e-01
 5.06976744e-01 6.63212435e-04 8.33333333e-01 0.00000000e+00
 4.41746926e-01 4.41556276e-01 6.36363636e-01 6.36363636e-01
 0.00000000e+00 1.61617059e-01 3.51219512e-01 1.11834868e-02
 9.16666667e-01 0.00000000e+00 5.13786928e-01 5.18971202e-01
 1.00000000e+00 1.00000000e+00 0.00000000e+00 1.43497388e-01
 3.76237624e-01 3.85808774e-02 9.16666667e-01 0.00000000e+00
 5.66474365e-01 5.67911768e-01 1.00000000e+00 1.00000000e+00
 0.00000000e+00 2.57104809e-01 5.38641686e-01 9.15198646e-02]
deleted_not_scaled [1.0000000e+01 0.0000000e+00 7.6423040e+03 1.9468770e+06 2.5600000e+03
 1.4400000e+03 0.0000000e+00 1.9528000e+01 7.8800000e-01 6.4000000e-02
 1.0000000e+01 0.0000000e+00 9.0204560e+03 2.3013440e+06 2.5600000e+03
 1.4400000e+03 0.0000000e+00 1.9077000e+01 7.3100000e-01 1.0370000e+00
 1.1000000e+01 0.0000000e+00 1.0034692e+04 2.5638640e+06 3.8400000e+03
 2.1600000e+03 0.0000000e+00 1.8849000e+01 7.4300000e-01 3.4940000e+00
 1.1000000e+01 0.0000000e+00 1.1468998e+04 2.9346300e+06 3.8400000e+03
 2.1600000e+03 0.0000000e+00 2.2129000e+01 8.0000000e-01 8.6500000e+00
 2.5300000e+02]
deleted_idx_col 635
query_origi 187
query_idx 872
deleted_scaled [9.16666667e-01 0.00000000e+00 5.54589556e-01 5.49826624e-01
 1.00000000e+00 1.00000000e+00 0.00000000e+00 4.28458193e-05
 4.02325581e-01 1.61668394e-01 9.16666667e-01 0.00000000e+00
 6.12950224e-01 6.08655886e-01 1.00000000e+00 1.00000000e+00
 0.00000000e+00 1.84806753e-02 3.73170732e-01 2.01734141e-01
 9.16666667e-01 0.00000000e+00 5.18060796e-01 5.20115161e-01
 1.00000000e+00 1.00000000e+00 0.00000000e+00 5.66675832e-02
 1.18811881e-01 8.83142122e-02 8.33333333e-01 0.00000000e+00
 3.95111585e-01 3.93715718e-01 6.36363636e-01 6.36363636e-01
 0.00000000e+00 1.57743410e-01 1.31147541e-01 8.89594244e-02]
deleted_not_scaled [1.1000000e+01 0.0000000e+00 1.1237866e+04 2.8445850e+06 3.8400000e+03
 2.1600000e+03 0.0000000e+00 1.3622000e+01 7.4300000e-01 1.5601000e+01
 1.1000000e+01 0.0000000e+00 1.2387759e+04 3.1402970e+06 3.8400000e+03
 2.1600000e+03 0.0000000e+00 1.4244000e+01 7.4000000e-01 1.8706000e+01
 1.1000000e+01 0.0000000e+00 1.0115492e+04 2.5693350e+06 3.8400000e+03
 2.1600000e+03 0.0000000e+00 1.5691000e+01 6.3900000e-01 7.9980000e+00
 1.0000000e+01 0.0000000e+00 8.0967190e+03 2.0596030e+06 2.5600000e+03
 1.4400000e+03 0.0000000e+00 1.8846000e+01 6.2600000e-01 8.4080000e+00
 2.3400000e+02]
deleted_idx_col 872
query_origi 24
query_idx 463
deleted_scaled [1.         0.         0.83411185 0.82660971 1.         1.
 1.         0.23646608 0.55813953 0.04356477 0.91666667 0.
 0.57196982 0.56767057 1.         1.         0.         0.26779209
 0.4804878  0.01467765 1.         0.         0.86579768 0.86839803
 1.         1.         1.         0.24844652 0.42574257 0.02938286
 0.91666667 0.         0.57037356 0.5677981  1.         1.
 0.         0.71626161 0.88056206 0.68819764]
deleted_not_scaled [1.2000000e+01 0.0000000e+00 1.6736909e+04 4.2344380e+06 3.8400000e+03
 2.1600000e+03 1.0000000e+00 2.4658000e+01 8.1000000e-01 4.2040000e+00
 1.1000000e+01 0.0000000e+00 1.1581738e+04 2.9345230e+06 3.8400000e+03
 2.1600000e+03 0.0000000e+00 2.2662000e+01 7.8400000e-01 1.3610000e+00
 1.2000000e+01 0.0000000e+00 1.6689663e+04 4.2350020e+06 3.8400000e+03
 2.1600000e+03 1.0000000e+00 2.2666000e+01 7.6300000e-01 2.6610000e+00
 1.1000000e+01 0.0000000e+00 1.1545731e+04 2.9340590e+06 3.8400000e+03
 2.1600000e+03 0.0000000e+00 3.7300000e+01 9.4600000e-01 6.5045000e+01
 8.3000000e+01]
deleted_idx_col 463
query_origi 136
query_idx 566
deleted_scaled [1.         0.         0.88993409 0.8837167  1.         1.
 1.         0.17915979 0.61162791 0.         0.91666667 0.
 0.52519764 0.52230656 1.         1.         0.         0.33555457
 0.70731707 0.01717965 1.         0.         0.873563   0.87794761
 1.         1.         1.         0.34767666 0.75       0.07602442
 1.         0.         0.8197462  0.81770339 1.         1.
 1.         0.23758361 0.66042155 0.01886473]
deleted_not_scaled [1.2000000e+01 0.0000000e+00 1.7835100e+04 4.5211980e+06 3.8400000e+03
 2.1600000e+03 1.0000000e+00 2.1983000e+01 8.3300000e-01 0.0000000e+00
 1.1000000e+01 0.0000000e+00 1.0661802e+04 2.7067650e+06 3.8400000e+03
 2.1600000e+03 0.0000000e+00 2.4950000e+01 8.7700000e-01 1.5930000e+00
 1.2000000e+01 0.0000000e+00 1.6836471e+04 4.2806730e+06 3.8400000e+03
 2.1600000e+03 1.0000000e+00 2.6275000e+01 8.9400000e-01 6.8850000e+00
 1.2000000e+01 0.0000000e+00 1.6453180e+04 4.1893910e+06 3.8400000e+03
 2.1600000e+03 1.0000000e+00 2.1484000e+01 8.5200000e-01 1.7830000e+00
 1.6700000e+02]
deleted_idx_col 566
query_origi 238
query_idx 574
deleted_scaled [0.91666667 0.         0.57000759 0.5697133  1.         1.
 0.         0.02924227 0.2        0.11596891 0.91666667 0.
 0.56505575 0.56565212 1.         1.         0.         0.14295869
 0.38780488 0.02176304 1.         0.         1.         1.
 1.         1.         1.         0.77165246 0.88366337 1.
 0.91666667 0.         0.54587625 0.54175749 1.         1.
 0.         0.08686178 0.52693208 0.11360102]
deleted_not_scaled [1.1000000e+01 0.0000000e+00 1.1541185e+04 2.9444450e+06 3.8400000e+03
 2.1600000e+03 0.0000000e+00 1.4985000e+01 6.5600000e-01 1.1191000e+01
 1.1000000e+01 0.0000000e+00 1.1445749e+04 2.9243890e+06 3.8400000e+03
 2.1600000e+03 0.0000000e+00 1.8447000e+01 7.4600000e-01 2.0180000e+00
 1.2000000e+01 0.0000000e+00 1.9226837e+04 4.8643900e+06 3.8400000e+03
 2.1600000e+03 1.0000000e+00 4.1695000e+01 9.4800000e-01 9.0563000e+01
 1.1000000e+01 0.0000000e+00 1.1063644e+04 2.8032510e+06 3.8400000e+03
 2.1600000e+03 0.0000000e+00 1.6504000e+01 7.9500000e-01 1.0737000e+01
 2.3900000e+02]
deleted_idx_col 574
query_origi 662
query_idx 971
deleted_scaled [0.91666667 0.         0.57153344 0.56951017 1.         1.
 0.         0.23526639 0.69534884 0.06897409 1.         0.
 0.89347191 0.89169526 1.         1.         1.         0.31186139
 0.66829268 0.05452624 1.         0.         0.80576449 0.81265138
 1.         1.         1.         0.42320594 0.74009901 0.12777845
 1.         0.         0.76634784 0.76712001 1.         1.
 1.         0.3713568  0.66276347 0.17403587]
deleted_not_scaled [1.1000000e+01 0.0000000e+00 1.1571203e+04 2.9434250e+06 3.8400000e+03
 2.1600000e+03 0.0000000e+00 2.4602000e+01 8.6900000e-01 6.6560000e+00
 1.2000000e+01 0.0000000e+00 1.7905185e+04 4.5613460e+06 3.8400000e+03
 2.1600000e+03 1.0000000e+00 2.4150000e+01 8.6100000e-01 5.0560000e+00
 1.2000000e+01 0.0000000e+00 1.5554700e+04 3.9683930e+06 3.8400000e+03
 2.1600000e+03 1.0000000e+00 2.9022000e+01 8.9000000e-01 1.1572000e+01
 1.2000000e+01 0.0000000e+00 1.5402344e+04 3.9352990e+06 3.8400000e+03
 2.1600000e+03 1.0000000e+00 2.5904000e+01 8.5300000e-01 1.6449000e+01
 6.4000000e+01]
deleted_idx_col 971
query_origi 89
query_idx 669
deleted_scaled [1.         0.13895765 0.73674202 0.73710672 1.         1.
 1.         0.15634439 0.55813953 0.03079793 1.         0.
 0.94158263 0.94346359 1.         1.         1.         0.14793425
 0.46341463 0.02747881 1.         0.06040252 0.72098517 0.72167932
 1.         1.         1.         0.11363761 0.57920792 0.00468182
 1.         0.         0.81646502 0.81116775 1.         1.
 1.         0.07602675 0.43325527 0.01962651]
deleted_not_scaled [1.20000000e+01 6.52891225e-01 1.48213520e+04 3.78500300e+06
 3.84000000e+03 2.16000000e+03 1.00000000e+00 2.09180000e+01
 8.10000000e-01 2.97200000e+00 1.20000000e+01 0.00000000e+00
 1.88514480e+04 4.82125800e+06 3.84000000e+03 2.16000000e+03
 1.00000000e+00 1.86150000e+01 7.77000000e-01 2.54800000e+00
 1.20000000e+01 2.96948392e-01 1.39518970e+04 3.53331800e+06
 3.84000000e+03 2.16000000e+03 1.00000000e+00 1.77630000e+01
 8.25000000e-01 4.24000000e-01 1.20000000e+01 0.00000000e+00
 1.63886090e+04 4.15656100e+06 3.84000000e+03 2.16000000e+03
 1.00000000e+00 1.61460000e+01 7.55000000e-01 1.85500000e+00
 2.17000000e+02]
deleted_idx_col 669
query_origi 146
query_idx 695
deleted_scaled [0.         0.         0.00208179 0.00191877 0.         0.
 0.         0.41404057 0.89767442 0.11804145 0.         0.01524078
 0.00198246 0.00192305 0.         0.         0.         0.49566119
 0.81219512 0.08899338 0.         0.38037985 0.00235343 0.00230423
 0.         0.         0.         0.51534232 0.98762376 0.
 0.         0.         0.00439454 0.0043474  0.         0.
 0.         0.58605974 0.8852459  0.01143734]
deleted_not_scaled [0.00000000e+00 0.00000000e+00 3.68379000e+02 9.32920000e+04
 3.20000000e+02 1.80000000e+02 0.00000000e+00 3.29470000e+01
 9.56000000e-01 1.13910000e+01 0.00000000e+00 5.00133462e-02
 3.70972000e+02 9.40880000e+04 3.20000000e+02 1.80000000e+02
 0.00000000e+00 3.03560000e+01 9.20000000e-01 8.25200000e+00
 0.00000000e+00 1.87000774e+00 3.65740000e+02 9.28980000e+04
 3.20000000e+02 1.80000000e+02 0.00000000e+00 3.23730000e+01
 9.90000000e-01 0.00000000e+00 0.00000000e+00 0.00000000e+00
 4.07728000e+02 1.03716000e+05 3.20000000e+02 1.80000000e+02
 0.00000000e+00 3.29980000e+01 9.48000000e-01 1.08100000e+00
 3.10000000e+01]
deleted_idx_col 695
query_origi 846
query_idx 638
deleted_scaled [0.         0.         0.00177802 0.00159934 0.         0.
 0.         0.74395338 0.99302326 0.67647668 0.08333333 0.
 0.00881    0.0086815  0.01818182 0.01818182 0.         0.58394788
 0.99268293 0.16319048 0.25       0.         0.02925595 0.02927081
 0.05454545 0.05454545 0.         0.69477591 0.99009901 0.52422071
 0.33333333 0.         0.04297882 0.04274042 0.09090909 0.09090909
 0.         0.67858116 0.98594848 0.51712427]
deleted_not_scaled [0.000000e+00 0.000000e+00 3.624030e+02 9.168800e+04 3.200000e+02
 1.800000e+02 0.000000e+00 4.834700e+01 9.970000e-01 6.528000e+01
 1.000000e+00 0.000000e+00 5.052590e+02 1.280200e+05 3.840000e+02
 2.160000e+02 0.000000e+00 3.333700e+01 9.940000e-01 1.513200e+01
 3.000000e+00 0.000000e+00 8.743480e+02 2.218660e+05 5.120000e+02
 2.880000e+02 0.000000e+00 3.889900e+01 9.910000e-01 4.747500e+01
 4.000000e+00 0.000000e+00 1.167035e+03 2.965730e+05 6.400000e+02
 3.600000e+02 0.000000e+00 3.605500e+01 9.910000e-01 4.887600e+01
 0.000000e+00]
deleted_idx_col 638
query_origi 191
query_idx 39
deleted_scaled [0.16666667 0.82242784 0.01774259 0.01769289 0.05454545 0.05454545
 0.         0.19179931 0.58139535 0.10154404 0.08333333 0.
 0.01113225 0.01120606 0.01818182 0.01818182 0.         0.53638383
 0.82682927 0.03057395 0.         0.         0.00126783 0.00134051
 0.         0.         0.         0.24212263 0.68316832 0.
 0.         0.         0.00163833 0.00152153 0.         0.
 0.         0.17402621 0.6323185  0.        ]
deleted_not_scaled [2.00000000e+00 3.86416949e+00 6.76474000e+02 1.72501000e+05
 5.12000000e+02 2.88000000e+02 0.00000000e+00 2.25730000e+01
 8.20000000e-01 9.79900000e+00 1.00000000e+00 0.00000000e+00
 5.50934000e+02 1.40695000e+05 3.84000000e+02 2.16000000e+02
 0.00000000e+00 3.17310000e+01 9.26000000e-01 2.83500000e+00
 0.00000000e+00 0.00000000e+00 3.45216000e+02 8.82890000e+04
 3.20000000e+02 1.80000000e+02 0.00000000e+00 2.24360000e+01
 8.67000000e-01 0.00000000e+00 0.00000000e+00 0.00000000e+00
 3.53488000e+02 8.95210000e+04 3.20000000e+02 1.80000000e+02
 0.00000000e+00 1.93840000e+01 8.40000000e-01 0.00000000e+00
 5.80000000e+01]
deleted_idx_col 39
query_origi 183
query_idx 266
deleted_scaled [0.         0.         0.00186718 0.00176025 0.         0.
 0.         0.1873005  0.40232558 0.         0.         0.08735589
 0.00165026 0.00164739 0.         0.         0.         0.28947135
 0.37317073 0.         0.         0.24388755 0.00225568 0.00227266
 0.         0.         0.         0.36469618 0.45049505 0.
 0.         0.         0.00212031 0.00214424 0.         0.
 0.         0.33186042 0.46838407 0.        ]
deleted_not_scaled [0.00000000e+00 0.00000000e+00 3.64157000e+02 9.24960000e+04
 3.20000000e+02 1.80000000e+02 0.00000000e+00 2.23630000e+01
 7.43000000e-01 0.00000000e+00 0.00000000e+00 2.86662596e-01
 3.64438000e+02 9.27040000e+04 3.20000000e+02 1.80000000e+02
 0.00000000e+00 2.33940000e+01 7.40000000e-01 0.00000000e+00
 0.00000000e+00 1.19898990e+00 3.63892000e+02 9.27470000e+04
 3.20000000e+02 1.80000000e+02 0.00000000e+00 2.68940000e+01
 7.73000000e-01 0.00000000e+00 0.00000000e+00 0.00000000e+00
 3.62973000e+02 9.26490000e+04 3.20000000e+02 1.80000000e+02
 0.00000000e+00 2.45990000e+01 7.70000000e-01 0.00000000e+00
 2.89000000e+02]
deleted_idx_col 266
query_origi 230
query_idx 997
deleted_scaled [0.         0.         0.0018717  0.00187356 0.         0.
 0.         0.36054757 0.71860465 0.0181658  0.5        0.
 0.10671219 0.10706905 0.27272727 0.27272727 0.         0.10250259
 0.12195122 0.35351466 0.         0.         0.00359936 0.00349419
 0.         0.         0.         0.08430025 0.27475248 0.02666652
 0.         0.         0.00135463 0.00127468 0.         0.
 0.         0.05871493 0.43793911 0.        ]
deleted_not_scaled [0.000000e+00 0.000000e+00 3.642460e+02 9.306500e+04 3.200000e+02
 1.800000e+02 0.000000e+00 3.045000e+01 8.790000e-01 1.753000e+00
 6.000000e+00 0.000000e+00 2.430843e+03 6.219920e+05 1.280000e+03
 7.200000e+02 0.000000e+00 1.708100e+01 6.370000e-01 3.278000e+01
 0.000000e+00 0.000000e+00 3.892950e+02 9.858900e+04 3.200000e+02
 1.800000e+02 0.000000e+00 1.669600e+01 7.020000e-01 2.415000e+00
 0.000000e+00 0.000000e+00 3.479050e+02 8.828100e+04 3.200000e+02
 1.800000e+02 0.000000e+00 1.557400e+01 7.570000e-01 0.000000e+00
 1.420000e+02]
deleted_idx_col 997
query_origi 761
query_idx 307
deleted_scaled [0.         0.         0.00191608 0.001818   0.         0.
 0.         0.1440048  0.30465116 0.00134715 0.25       0.
 0.02736042 0.02728955 0.05454545 0.05454545 0.         0.26879905
 0.43658537 0.2951815  0.33333333 0.         0.04446537 0.04480051
 0.09090909 0.09090909 0.         0.53126203 0.73267327 0.61869638
 0.         0.         0.00210537 0.00212931 0.         0.
 0.         0.15259829 0.34192037 0.02569962]
deleted_not_scaled [0.000000e+00 0.000000e+00 3.651190e+02 9.278600e+04 3.200000e+02
 1.800000e+02 0.000000e+00 2.034200e+01 7.010000e-01 1.300000e-01
 3.000000e+00 0.000000e+00 8.701170e+02 2.214450e+05 5.120000e+02
 2.880000e+02 0.000000e+00 2.269600e+01 7.660000e-01 2.737100e+01
 4.000000e+00 0.000000e+00 1.161891e+03 2.961370e+05 6.400000e+02
 3.600000e+02 0.000000e+00 3.295200e+01 8.870000e-01 5.603100e+01
 0.000000e+00 0.000000e+00 3.626790e+02 9.257400e+04 3.200000e+02
 1.800000e+02 0.000000e+00 1.867600e+01 7.160000e-01 2.429000e+00
 1.310000e+02]
deleted_idx_col 307
query_origi 489
query_idx 90
deleted_scaled [0.91666667 0.21971778 0.57025209 0.56765832 1.         1.
 0.         1.         1.         1.         0.91666667 0.07854106
 0.57076489 0.5690644  1.         1.         0.         1.
 0.56829268 0.39120635 0.83333333 0.         0.44177928 0.44510939
 0.63636364 0.63636364 0.         0.14118779 0.37623762 0.05761735
 0.83333333 0.         0.35907899 0.35909438 0.63636364 0.63636364
 0.         0.03973851 0.44496487 0.16303232]
deleted_not_scaled [1.10000000e+01 1.03234195e+00 1.15459950e+04 2.93412600e+06
 3.84000000e+03 2.16000000e+03 0.00000000e+00 6.02990000e+01
 1.00000000e+00 9.65000000e+01 1.10000000e+01 2.57736305e-01
 1.15580390e+04 2.94152100e+06 3.84000000e+03 2.16000000e+03
 0.00000000e+00 4.73850000e+01 8.20000000e-01 3.62750000e+01
 1.00000000e+01 0.00000000e+00 8.67334500e+03 2.21061900e+06
 2.56000000e+03 1.44000000e+03 0.00000000e+00 1.87650000e+01
 7.43000000e-01 5.21800000e+00 1.00000000e+01 0.00000000e+00
 7.38762700e+03 1.88569200e+06 2.56000000e+03 1.44000000e+03
 0.00000000e+00 1.49470000e+01 7.60000000e-01 1.54090000e+01
 3.00000000e+00]
deleted_idx_col 90
query_origi 322
query_idx 416
deleted_scaled [0.91666667 0.         0.53203891 0.53256867 1.         1.
 0.         0.26307333 0.66046512 0.16916062 0.91666667 0.
 0.57055089 0.56539916 1.         1.         0.         0.76525988
 0.92926829 0.74967107 0.91666667 0.         0.63749351 0.63841805
 1.         1.         0.         0.38526258 0.69059406 0.14529112
 0.91666667 0.         0.57939167 0.57590105 1.         1.
 0.         0.38146545 0.66276347 0.05389621]
deleted_not_scaled [1.1000000e+01 0.0000000e+00 1.0794227e+04 2.7579250e+06 3.8400000e+03
 2.1600000e+03 0.0000000e+00 2.5900000e+01 8.5400000e-01 1.6324000e+01
 1.1000000e+01 0.0000000e+00 1.1553830e+04 2.9231190e+06 3.8400000e+03
 2.1600000e+03 0.0000000e+00 3.9459000e+01 9.6800000e-01 6.9514000e+01
 1.1000000e+01 0.0000000e+00 1.2373438e+04 3.1351200e+06 3.8400000e+03
 2.1600000e+03 0.0000000e+00 2.7642000e+01 8.7000000e-01 1.3158000e+01
 1.1000000e+01 0.0000000e+00 1.1723200e+04 2.9747620e+06 3.8400000e+03
 2.1600000e+03 0.0000000e+00 2.6238000e+01 8.5300000e-01 5.0940000e+00
 6.7000000e+01]
deleted_idx_col 416
query_origi 16
query_idx 528
deleted_scaled [0.33333333 0.         0.04267833 0.04240128 0.09090909 0.09090909
 0.         0.48062298 0.97906977 0.50648705 0.66666667 0.
 0.20648412 0.20587606 0.45454545 0.45454545 0.         0.94266252
 0.5804878  0.57192158 0.75       0.         0.28908085 0.29125991
 0.45454545 0.45454545 0.         0.14146274 0.38366337 0.36045626
 0.83333333 0.         0.35907899 0.35909438 0.63636364 0.63636364
 0.         0.03973851 0.44496487 0.16303232]
deleted_not_scaled [4.000000e+00 0.000000e+00 1.167035e+03 2.965730e+05 6.400000e+02
 3.600000e+02 0.000000e+00 3.605500e+01 9.910000e-01 4.887600e+01
 8.000000e+00 0.000000e+00 4.393202e+03 1.118070e+06 1.920000e+03
 1.080000e+03 0.000000e+00 4.544900e+01 8.250000e-01 5.303200e+01
 9.000000e+00 0.000000e+00 5.786491e+03 1.474832e+06 1.920000e+03
 1.080000e+03 0.000000e+00 1.877500e+01 7.460000e-01 3.264400e+01
 1.000000e+01 0.000000e+00 7.387627e+03 1.885692e+06 2.560000e+03
 1.440000e+03 0.000000e+00 1.494700e+01 7.600000e-01 1.540900e+01
 3.000000e+00]
deleted_idx_col 528
query_origi 54
query_idx 538
deleted_scaled [1.         0.         0.72983448 0.72617442 1.         1.
 1.         0.04406693 0.15348837 0.08377202 1.         0.
 0.80238597 0.79958974 1.         1.         1.         0.15400563
 0.07560976 0.09303755 0.91666667 0.         0.59234787 0.59651183
 1.         1.         0.         0.1737421  0.12376238 0.09514923
 1.         0.         0.83887743 0.83846254 1.         1.
 1.         0.040707   0.18969555 0.12046765]
deleted_not_scaled [1.2000000e+01 0.0000000e+00 1.4685460e+04 3.7301070e+06 3.8400000e+03
 2.1600000e+03 1.0000000e+00 1.5677000e+01 6.3600000e-01 8.0840000e+00
 1.2000000e+01 0.0000000e+00 1.6113666e+04 4.0989140e+06 3.8400000e+03
 2.1600000e+03 1.0000000e+00 1.8820000e+01 6.1800000e-01 8.6270000e+00
 1.1000000e+01 0.0000000e+00 1.1519933e+04 2.9347030e+06 3.8400000e+03
 2.1600000e+03 0.0000000e+00 1.9949000e+01 6.4100000e-01 8.6170000e+00
 1.2000000e+01 0.0000000e+00 1.6829667e+04 4.2936690e+06 3.8400000e+03
 2.1600000e+03 1.0000000e+00 1.4979000e+01 6.5100000e-01 1.1386000e+01
 2.3600000e+02]
deleted_idx_col 538
query_origi 778
query_idx 591
deleted_scaled [1.         0.         0.76665657 0.76818717 1.         1.
 1.         0.18922856 0.72790698 0.00740933 1.         0.
 0.79403992 0.78769891 1.         1.         1.         0.16825115
 0.28292683 0.03631128 1.         0.         0.86615514 0.86832025
 1.         1.         1.         0.22449821 0.69554455 0.46608438
 0.91666667 0.         0.62020841 0.61710043 1.         1.
 0.         0.45268    0.80093677 0.2389462 ]
deleted_not_scaled [1.2000000e+01 0.0000000e+00 1.5409861e+04 3.9410720e+06 3.8400000e+03
 2.1600000e+03 1.0000000e+00 2.2453000e+01 8.8300000e-01 7.1500000e-01
 1.2000000e+01 0.0000000e+00 1.5949512e+04 4.0392140e+06 3.8400000e+03
 2.1600000e+03 1.0000000e+00 1.9301000e+01 7.0300000e-01 3.3670000e+00
 1.2000000e+01 0.0000000e+00 1.6696421e+04 4.2346300e+06 3.8400000e+03
 2.1600000e+03 1.0000000e+00 2.1795000e+01 8.7200000e-01 4.2210000e+01
 1.1000000e+01 0.0000000e+00 1.2526440e+04 3.1817160e+06 3.8400000e+03
 2.1600000e+03 0.0000000e+00 2.8591000e+01 9.1200000e-01 2.2584000e+01
 1.7300000e+02]
deleted_idx_col 591
query_origi 194
query_idx 540
deleted_scaled [1.         0.         0.84942477 0.84475686 1.         1.
 1.         0.05490692 0.4        0.01918135 1.         0.
 0.81720118 0.81394478 1.         1.         1.         0.82508515
 0.91707317 0.87264629 1.         0.         0.83879974 0.84427682
 1.         1.         1.         0.21817432 0.4950495  0.02219449
 1.         0.         0.80826757 0.80746456 1.         1.
 1.         0.23122787 0.49180328 0.02946622]
deleted_not_scaled [1.2000000e+01 0.0000000e+00 1.7038160e+04 4.3255630e+06 3.8400000e+03
 2.1600000e+03 1.0000000e+00 1.6183000e+01 7.4200000e-01 1.8510000e+00
 1.2000000e+01 0.0000000e+00 1.6405058e+04 4.1709860e+06 3.8400000e+03
 2.1600000e+03 1.0000000e+00 4.1479000e+01 9.6300000e-01 8.0917000e+01
 1.2000000e+01 0.0000000e+00 1.6179251e+04 4.1196420e+06 3.8400000e+03
 2.1600000e+03 1.0000000e+00 2.1565000e+01 7.9100000e-01 2.0100000e+00
 1.2000000e+01 0.0000000e+00 1.6227290e+04 4.1379590e+06 3.8400000e+03
 2.1600000e+03 1.0000000e+00 2.1274000e+01 7.8000000e-01 2.7850000e+00
 1.5300000e+02]
deleted_idx_col 540
query_origi 409
query_idx 349
deleted_scaled [1.         0.         0.91605196 0.91148297 1.         1.
 1.         0.32063669 0.79302326 0.23541969 1.         0.
 0.74420797 0.74161467 1.         1.         1.         0.51467496
 0.7902439  0.27260962 1.         0.         0.86223059 0.86829557
 1.         1.         1.         0.25900467 0.59405941 0.02197365
 1.         0.         0.83066307 0.83066715 1.         1.
 1.         0.3013226  0.6323185  0.01341586]
deleted_not_scaled [1.2000000e+01 0.0000000e+00 1.8348917e+04 4.6606250e+06 3.8400000e+03
 2.1600000e+03 1.0000000e+00 2.8587000e+01 9.1100000e-01 2.2718000e+01
 1.2000000e+01 0.0000000e+00 1.4969395e+04 3.8078400e+06 3.8400000e+03
 2.1600000e+03 1.0000000e+00 3.0998000e+01 9.1100000e-01 2.5278000e+01
 1.2000000e+01 0.0000000e+00 1.6622225e+04 4.2345120e+06 3.8400000e+03
 2.1600000e+03 1.0000000e+00 2.3050000e+01 8.3100000e-01 1.9900000e+00
 1.2000000e+01 0.0000000e+00 1.6668015e+04 4.2545110e+06 3.8400000e+03
 2.1600000e+03 1.0000000e+00 2.3590000e+01 8.4000000e-01 1.2680000e+00
 1.7600000e+02]
deleted_idx_col 349
query_origi 431
query_idx 252
deleted_scaled [1.         0.03074584 0.90113629 0.89888741 1.         1.
 1.         0.39818762 0.85116279 0.64818653 1.         0.06277161
 0.80491856 0.80412558 1.         1.         1.         0.37885384
 0.74634146 0.10037099 1.         0.48443365 0.86114551 0.86937241
 1.         1.         1.         0.32095133 0.72524752 0.0187825
 1.         0.         0.82152747 0.82317297 1.         1.
 1.         0.33410006 0.71662763 0.00300481]
deleted_not_scaled [1.20000000e+01 1.44459029e-01 1.80554810e+04 4.59737700e+06
 3.84000000e+03 2.16000000e+03 1.00000000e+00 3.22070000e+01
 9.36000000e-01 6.25500000e+01 1.20000000e+01 2.05988070e-01
 1.61634780e+04 4.12168700e+06 3.84000000e+03 2.16000000e+03
 1.00000000e+00 2.64120000e+01 8.93000000e-01 9.30700000e+00
 1.20000000e+01 2.38155277e+00 1.66017110e+04 4.23966200e+06
 3.84000000e+03 2.16000000e+03 1.00000000e+00 2.53030000e+01
 8.84000000e-01 1.70100000e+00 1.20000000e+01 0.00000000e+00
 1.64882340e+04 4.21686600e+06 3.84000000e+03 2.16000000e+03
 1.00000000e+00 2.46730000e+01 8.76000000e-01 2.84000000e-01
 7.20000000e+01]
deleted_idx_col 252
query_origi 600
query_idx 166
deleted_scaled [1.         0.19008759 0.75163212 0.74861813 1.         1.
 1.         0.21804237 0.61162791 0.16578238 1.         0.23223762
 0.90111339 0.89887179 1.         1.         1.         0.55048127
 0.85121951 0.67456808 1.         0.13674385 0.83796544 0.84470441
 1.         1.         1.         0.3514435  0.74752475 0.10276824
 1.         0.         0.82729382 0.82771109 1.         1.
 1.         0.35316728 0.735363   0.01799714]
deleted_not_scaled [1.20000000e+01 8.93124763e-01 1.51142850e+04 3.84280700e+06
 3.84000000e+03 2.16000000e+03 1.00000000e+00 2.37980000e+01
 8.33000000e-01 1.59980000e+01 1.20000000e+01 7.62099006e-01
 1.80554810e+04 4.59737700e+06 3.84000000e+03 2.16000000e+03
 1.00000000e+00 3.22070000e+01 9.36000000e-01 6.25500000e+01
 1.20000000e+01 6.72254486e-01 1.61634780e+04 4.12168700e+06
 3.84000000e+03 2.16000000e+03 1.00000000e+00 2.64120000e+01
 8.93000000e-01 9.30700000e+00 1.20000000e+01 0.00000000e+00
 1.66017110e+04 4.23966200e+06 3.84000000e+03 2.16000000e+03
 1.00000000e+00 2.53030000e+01 8.84000000e-01 1.70100000e+00
 7.10000000e+01]
deleted_idx_col 166
