query_origi 8
query_idx 12
deleted_scaled [1.66666667e-01 0.00000000e+00 1.81388678e-02 1.81228457e-02
 5.45454545e-02 5.45454545e-02 0.00000000e+00 5.45834315e-01
 8.81395349e-01 5.06466321e-01 8.33333333e-02 4.45394773e-01
 8.67475709e-03 8.77252386e-03 1.81818182e-02 1.81818182e-02
 0.00000000e+00 3.05641937e-01 7.53658537e-01 0.00000000e+00
 8.33333333e-02 0.00000000e+00 1.12787805e-02 1.11681894e-02
 1.81818182e-02 1.81818182e-02 0.00000000e+00 2.25570525e-01
 7.10396040e-01 0.00000000e+00 0.00000000e+00 0.00000000e+00
 1.92873890e-03 1.82750903e-03 0.00000000e+00 0.00000000e+00
 0.00000000e+00 2.79561757e-01 7.21311475e-01 2.11606623e-05]
deleted_not_scaled [2.00000000e+00 0.00000000e+00 6.84270000e+02 1.74660000e+05
 5.12000000e+02 2.88000000e+02 0.00000000e+00 3.90990000e+01
 9.49000000e-01 4.88740000e+01 1.00000000e+00 1.46158451e+00
 5.02599000e+02 1.28477000e+05 3.84000000e+02 2.16000000e+02
 0.00000000e+00 2.39400000e+01 8.96000000e-01 0.00000000e+00
 1.00000000e+00 0.00000000e+00 5.34479000e+02 1.35290000e+05
 3.84000000e+02 2.16000000e+02 0.00000000e+00 2.18340000e+01
 8.78000000e-01 0.00000000e+00 0.00000000e+00 0.00000000e+00
 3.59203000e+02 9.10580000e+04 3.20000000e+02 1.80000000e+02
 0.00000000e+00 2.28710000e+01 8.78000000e-01 2.00000000e-03
 2.77000000e+02]
deleted_idx_col 12
query_origi 634
query_idx 96
deleted_scaled [1.         0.06823407 0.83214581 0.82673936 1.         1.
 1.         0.31262452 0.58372093 0.07807254 1.         0.16071157
 0.83067575 0.82653571 1.         1.         1.         0.36306827
 0.48292683 0.00786187 1.         0.13351528 0.86354877 0.86831774
 1.         1.         1.         0.15515535 0.34405941 0.07892848
 1.         0.         0.8283464  0.82669601 1.         1.
 1.         0.25550074 0.54098361 0.13796752]
deleted_not_scaled [1.20000000e+01 3.20597144e-01 1.66982310e+04 4.23508900e+06
 3.84000000e+03 2.16000000e+03 1.00000000e+00 2.82130000e+01
 8.21000000e-01 7.53400000e+00 1.20000000e+01 5.27382807e-01
 1.66700820e+04 4.23420100e+06 3.84000000e+03 2.16000000e+03
 1.00000000e+00 2.58790000e+01 7.85000000e-01 7.29000000e-01
 1.20000000e+01 6.56382343e-01 1.66471460e+04 4.23461800e+06
 3.84000000e+03 2.16000000e+03 1.00000000e+00 1.92730000e+01
 7.30000000e-01 7.14800000e+00 1.20000000e+01 0.00000000e+00
 1.66224250e+04 4.23456300e+06 3.84000000e+03 2.16000000e+03
 1.00000000e+00 2.20760000e+01 8.01000000e-01 1.30400000e+01
 7.70000000e+01]
deleted_idx_col 96
query_origi 424
query_idx 447
deleted_scaled [0.41666667 0.         0.07626492 0.07624986 0.18181818 0.17171717
 0.         0.05998415 0.26976744 0.00592746 0.41666667 0.
 0.07720106 0.07739535 0.18181818 0.17171717 0.         0.18311861
 0.26829268 0.01847378 0.5        0.         0.11298563 0.11293814
 0.27272727 0.27272727 0.         0.10478416 0.43811881 0.22693595
 0.58333333 0.         0.14092483 0.13986735 0.27272727 0.27272727
 0.         0.20120456 0.70257611 0.13476168]
deleted_not_scaled [5.000000e+00 0.000000e+00 1.827784e+03 4.665420e+05 9.600000e+02
 5.200000e+02 0.000000e+00 1.642000e+01 6.860000e-01 5.720000e-01
 5.000000e+00 0.000000e+00 1.850405e+03 4.730100e+05 9.600000e+02
 5.200000e+02 0.000000e+00 1.980300e+01 6.970000e-01 1.713000e+00
 6.000000e+00 0.000000e+00 2.457307e+03 6.220060e+05 1.280000e+03
 7.200000e+02 0.000000e+00 1.744100e+01 7.680000e-01 2.055200e+01
 7.000000e+00 0.000000e+00 3.094532e+03 7.844640e+05 1.280000e+03
 7.200000e+02 0.000000e+00 2.028200e+01 8.700000e-01 1.273700e+01
 1.490000e+02]
deleted_idx_col 447
query_origi 830
query_idx 565
deleted_scaled [0.25       0.         0.03174126 0.03160699 0.05454545 0.05454545
 0.         0.12817327 0.60930233 0.16746114 0.16666667 0.
 0.01596186 0.01598948 0.05454545 0.05454545 0.         0.18122316
 0.60487805 0.19491836 0.25       0.         0.02733086 0.02764635
 0.05454545 0.05454545 0.         0.17970855 0.63118812 0.1939313
 0.25       0.         0.02889511 0.02902912 0.05454545 0.05454545
 0.         0.30292667 0.67213115 0.24516743]
deleted_not_scaled [3.00000e+00 0.00000e+00 9.51870e+02 2.42370e+05 5.12000e+02 2.88000e+02
 0.00000e+00 1.96030e+01 8.32000e-01 1.61600e+01 2.00000e+00 0.00000e+00
 6.45925e+02 1.64711e+05 5.12000e+02 2.88000e+02 0.00000e+00 1.97390e+01
 8.35000e-01 1.80740e+01 3.00000e+00 0.00000e+00 8.37953e+02 2.14097e+05
 5.12000e+02 2.88000e+02 0.00000e+00 2.01660e+01 8.46000e-01 1.75630e+01
 3.00000e+00 0.00000e+00 8.89879e+02 2.27698e+05 5.12000e+02 2.88000e+02
 0.00000e+00 2.36430e+01 8.57000e-01 2.31720e+01 2.68000e+02]
deleted_idx_col 565
query_origi 194
query_idx 519
deleted_scaled [0.5        0.         0.0916337  0.09183101 0.27272727 0.27272727
 0.         0.18554382 0.67674419 0.27235233 0.5        0.
 0.10792759 0.10700392 0.27272727 0.27272727 0.         0.16700726
 0.58292683 0.20474301 0.5        0.         0.11314966 0.11335946
 0.27272727 0.27272727 0.         0.11811933 0.53712871 0.25097446
 0.5        0.         0.10757425 0.10698891 0.27272727 0.27272727
 0.         0.45143912 0.78220141 0.49192192]
deleted_not_scaled [6.000000e+00 0.000000e+00 2.130134e+03 5.447820e+05 1.280000e+03
 7.200000e+02 0.000000e+00 2.228100e+01 8.610000e-01 2.628200e+01
 6.000000e+00 0.000000e+00 2.454748e+03 6.216650e+05 1.280000e+03
 7.200000e+02 0.000000e+00 1.925900e+01 8.260000e-01 1.898500e+01
 6.000000e+00 0.000000e+00 2.460408e+03 6.240210e+05 1.280000e+03
 7.200000e+02 0.000000e+00 1.792600e+01 8.080000e-01 2.272900e+01
 6.000000e+00 0.000000e+00 2.438220e+03 6.193080e+05 1.280000e+03
 7.200000e+02 0.000000e+00 2.855000e+01 9.040000e-01 4.649400e+01
 6.000000e+01]
deleted_idx_col 519
query_origi 90
query_idx 753
deleted_scaled [0.16666667 0.         0.01814822 0.01809815 0.05454545 0.05454545
 0.         0.0458236  0.21395349 0.38260104 0.16666667 0.
 0.01781152 0.01790516 0.05454545 0.05454545 0.         0.58735377
 0.78292683 0.51133447 0.25       0.1072546  0.02864079 0.02903704
 0.05454545 0.05454545 0.         0.09747044 0.13861386 0.3198326
 0.16666667 0.         0.02132192 0.0210504  0.05454545 0.05454545
 0.         0.08849611 0.26932084 0.28936148]
deleted_not_scaled [2.00000000e+00 0.00000000e+00 6.84454000e+02 1.74536000e+05
 5.12000000e+02 2.88000000e+02 0.00000000e+00 1.57590000e+01
 6.62000000e-01 3.69210000e+01 2.00000000e+00 0.00000000e+00
 6.82305000e+02 1.74329000e+05 5.12000000e+02 2.88000000e+02
 0.00000000e+00 3.34520000e+01 9.08000000e-01 4.74140000e+01
 3.00000000e+00 5.27280643e-01 8.62718000e+02 2.20748000e+05
 5.12000000e+02 2.88000000e+02 0.00000000e+00 1.71750000e+01
 6.47000000e-01 2.89650000e+01 2.00000000e+00 0.00000000e+00
 7.40845000e+02 1.87619000e+05 5.12000000e+02 2.88000000e+02
 0.00000000e+00 1.65580000e+01 6.85000000e-01 2.73490000e+01
 1.41000000e+02]
deleted_idx_col 753
query_origi 507
query_idx 520
deleted_scaled [0.16666667 0.         0.01820551 0.01812125 0.05454545 0.05454545
 0.         0.14927483 0.26976744 0.27471503 0.25       0.
 0.02923576 0.02927215 0.05454545 0.05454545 0.         0.04309196
 0.23170732 0.40155943 0.25       0.         0.02695838 0.02727019
 0.05454545 0.05454545 0.         0.13112455 0.43069307 0.19242958
 0.25       0.         0.03242193 0.03201545 0.05454545 0.05454545
 0.         0.68790291 0.82669789 0.58768449]
deleted_not_scaled [2.00000e+00 0.00000e+00 6.85581e+02 1.74652e+05 5.12000e+02 2.88000e+02
 0.00000e+00 2.05880e+01 6.86000e-01 2.65100e+01 3.00000e+00 0.00000e+00
 9.07002e+02 2.31399e+05 5.12000e+02 2.88000e+02 0.00000e+00 1.50750e+01
 6.82000e-01 3.72350e+01 3.00000e+00 0.00000e+00 8.30911e+02 2.12298e+05
 5.12000e+02 2.88000e+02 0.00000e+00 1.83990e+01 7.65000e-01 1.74270e+01
 3.00000e+00 0.00000e+00 9.59284e+02 2.42699e+05 5.12000e+02 2.88000e+02
 0.00000e+00 3.63630e+01 9.23000e-01 5.55450e+01 2.38000e+02]
deleted_idx_col 520
query_origi 939
query_idx 965
deleted_scaled [0.58333333 0.         0.1406007  0.13966259 0.27272727 0.27272727
 0.         0.19259196 0.4627907  0.22415544 0.58333333 0.
 0.13998004 0.139341   0.27272727 0.27272727 0.         0.6931734
 0.86585366 0.76803701 0.58333333 0.         0.14599449 0.14685337
 0.27272727 0.27272727 0.         0.17629915 0.4950495  0.31979948
 0.58333333 0.         0.1399728  0.13976383 0.27272727 0.27272727
 0.         0.20417058 0.46604215 0.33129133]
deleted_not_scaled [7.000000e+00 0.000000e+00 3.093462e+03 7.849660e+05 1.280000e+03
 7.200000e+02 0.000000e+00 2.261000e+01 7.690000e-01 2.163100e+01
 7.000000e+00 0.000000e+00 3.085170e+03 7.840190e+05 1.280000e+03
 7.200000e+02 0.000000e+00 3.702500e+01 9.420000e-01 7.121700e+01
 7.000000e+00 0.000000e+00 3.081359e+03 7.842060e+05 1.280000e+03
 7.200000e+02 0.000000e+00 2.004200e+01 7.910000e-01 2.896200e+01
 7.000000e+00 0.000000e+00 3.075797e+03 7.839440e+05 1.280000e+03
 7.200000e+02 0.000000e+00 2.038000e+01 7.690000e-01 3.131200e+01
 8.500000e+01]
deleted_idx_col 965
query_origi 707
query_idx 787
deleted_scaled [0.41666667 0.         0.07723066 0.07739953 0.18181818 0.17171717
 0.         0.55843099 0.88139535 0.85380311 0.5        0.
 0.1079645  0.10704057 0.27272727 0.27272727 0.         0.45262846
 0.56829268 0.42710782 0.5        0.         0.11274983 0.11295863
 0.27272727 0.27272727 0.         0.22680781 0.11138614 0.36018021
 0.5        0.         0.10809861 0.10751068 0.27272727 0.27272727
 0.         0.24953845 0.15456674 0.32557795]
deleted_not_scaled [5.000000e+00 0.000000e+00 1.846783e+03 4.723150e+05 9.600000e+02
 5.200000e+02 0.000000e+00 3.968700e+01 9.490000e-01 8.239200e+01
 6.000000e+00 0.000000e+00 2.455474e+03 6.218490e+05 1.280000e+03
 7.200000e+02 0.000000e+00 2.890300e+01 8.200000e-01 3.960400e+01
 6.000000e+00 0.000000e+00 2.452849e+03 6.221040e+05 1.280000e+03
 7.200000e+02 0.000000e+00 2.187900e+01 6.360000e-01 3.261900e+01
 6.000000e+00 0.000000e+00 2.448539e+03 6.219290e+05 1.280000e+03
 7.200000e+02 0.000000e+00 2.187900e+01 6.360000e-01 3.077200e+01
 9.000000e+01]
deleted_idx_col 787
query_origi 731
query_idx 630
deleted_scaled [1.         0.         0.8275702  0.82674055 1.         1.
 1.         0.27228518 0.58372093 0.22115026 1.         0.
 0.90362401 0.90408065 1.         1.         1.         0.12287872
 0.36097561 0.11227703 1.         0.         0.85407914 0.86353009
 1.         1.         1.         0.22760517 0.58415842 0.0165741
 1.         0.         0.75991337 0.75383712 1.         1.
 1.         0.2296238  0.36065574 0.06032905]
deleted_not_scaled [1.2000000e+01 0.0000000e+00 1.6608215e+04 4.2350950e+06 3.8400000e+03
 2.1600000e+03 1.0000000e+00 2.6330000e+01 8.2100000e-01 2.1341000e+01
 1.2000000e+01 0.0000000e+00 1.8104861e+04 4.6235290e+06 3.8400000e+03
 2.1600000e+03 1.0000000e+00 1.7769000e+01 7.3500000e-01 1.0411000e+01
 1.2000000e+01 0.0000000e+00 1.6468117e+04 4.2117210e+06 3.8400000e+03
 2.1600000e+03 1.0000000e+00 2.1908000e+01 8.2700000e-01 1.5010000e+00
 1.2000000e+01 0.0000000e+00 1.5275719e+04 3.8685760e+06 3.8400000e+03
 2.1600000e+03 1.0000000e+00 2.1221000e+01 7.2400000e-01 5.7020000e+00
 2.8400000e+02]
deleted_idx_col 630
query_origi 731
query_idx 775
deleted_scaled [0.25       0.         0.02576206 0.02551772 0.05454545 0.05454545
 0.         0.24842006 0.73953488 0.12557513 0.33333333 0.
 0.04256803 0.0423933  0.09090909 0.09090909 0.         0.3805716
 0.76585366 0.25173091 0.33333333 0.         0.04485181 0.04512879
 0.09090909 0.09090909 0.         0.21710201 0.67574257 0.23368263
 0.33333333 0.         0.04284411 0.0428091  0.09090909 0.09090909
 0.         0.16385703 0.70725995 0.1507803 ]
deleted_not_scaled [3.000000e+00 0.000000e+00 8.342410e+02 2.117930e+05 5.120000e+02
 2.880000e+02 0.000000e+00 2.521600e+01 8.880000e-01 1.211800e+01
 4.000000e+00 0.000000e+00 1.169227e+03 2.972760e+05 6.400000e+02
 3.600000e+02 0.000000e+00 2.647000e+01 9.010000e-01 2.334200e+01
 4.000000e+00 0.000000e+00 1.169197e+03 2.977070e+05 6.400000e+02
 3.600000e+02 0.000000e+00 2.152600e+01 8.640000e-01 2.116300e+01
 4.000000e+00 0.000000e+00 1.164384e+03 2.969180e+05 6.400000e+02
 3.600000e+02 0.000000e+00 1.904800e+01 8.720000e-01 1.425100e+01
 1.680000e+02]
deleted_idx_col 775
query_origi 724
query_idx 374
deleted_scaled [0.08333333 0.         0.00903589 0.00883111 0.01818182 0.01818182
 0.         0.50984383 0.89534884 0.27916062 0.5        0.
 0.10767505 0.10699734 0.27272727 0.27272727 0.         0.28713165
 0.70487805 0.21107349 0.25       0.         0.0292066  0.02931263
 0.05454545 0.05454545 0.         0.33109706 0.73019802 0.27553195
 0.5        0.         0.10908519 0.1087995  0.27272727 0.27272727
 0.         0.13743531 0.51288056 0.19541872]
deleted_not_scaled [1.000000e+00 0.000000e+00 5.051870e+02 1.280020e+05 3.840000e+02
 2.160000e+02 0.000000e+00 3.741900e+01 9.550000e-01 2.693900e+01
 6.000000e+00 0.000000e+00 2.449781e+03 6.216320e+05 1.280000e+03
 7.200000e+02 0.000000e+00 2.331500e+01 8.760000e-01 1.957200e+01
 3.000000e+00 0.000000e+00 8.734150e+02 2.220660e+05 5.120000e+02
 2.880000e+02 0.000000e+00 2.567200e+01 8.860000e-01 2.495300e+01
 6.000000e+00 0.000000e+00 2.467954e+03 6.284030e+05 1.280000e+03
 7.200000e+02 0.000000e+00 1.817500e+01 7.890000e-01 1.847000e+01
 1.970000e+02]
deleted_idx_col 374
query_origi 275
query_idx 879
deleted_scaled [0.5        0.         0.09958637 0.0990594  0.27272727 0.27272727
 0.         0.19709077 0.73255814 0.13915026 0.5        0.
 0.10763722 0.10732559 0.27272727 0.27272727 0.         0.19529098
 0.6        0.13418027 0.41666667 0.16194583 0.08543838 0.08608238
 0.18181818 0.17171717 0.         0.69991751 0.86138614 0.70288087
 0.41666667 0.         0.07077551 0.07084046 0.18181818 0.17171717
 0.         0.22217851 0.58548009 0.01965826]
deleted_not_scaled [6.00000000e+00 0.00000000e+00 2.28658700e+03 5.81079000e+05
 1.28000000e+03 7.20000000e+02 0.00000000e+00 2.28200000e+01
 8.85000000e-01 1.34280000e+01 6.00000000e+00 0.00000000e+00
 2.44903700e+03 6.23280000e+05 1.28000000e+03 7.20000000e+02
 0.00000000e+00 2.02140000e+01 8.33000000e-01 1.24420000e+01
 5.00000000e+00 7.96151427e-01 1.93651000e+03 4.93568000e+05
 9.60000000e+02 5.20000000e+02 0.00000000e+00 3.90860000e+01
 9.39000000e-01 6.36550000e+01 5.00000000e+00 0.00000000e+00
 1.71405100e+03 4.37726000e+05 9.60000000e+02 5.20000000e+02
 0.00000000e+00 2.09750000e+01 8.20000000e-01 1.85800000e+00
 2.14000000e+02]
deleted_idx_col 879
query_origi 254
query_idx 491
deleted_scaled [1.         0.         0.82620533 0.82661529 1.         1.
 1.         0.16409949 0.53255814 0.02103627 0.91666667 0.
 0.56659217 0.56776139 1.         1.         0.         0.44664594
 0.71707317 0.15859629 0.91666667 0.         0.59595717 0.59651204
 1.         1.         0.         0.26035194 0.65841584 0.01328357
 0.91666667 0.         0.58097492 0.57718249 1.         1.
 0.         0.29660119 0.6440281  0.03345501]
deleted_not_scaled [1.2000000e+01 0.0000000e+00 1.6581364e+04 4.2344660e+06 3.8400000e+03
 2.1600000e+03 1.0000000e+00 2.1280000e+01 7.9900000e-01 2.0300000e+00
 1.1000000e+01 0.0000000e+00 1.1475968e+04 2.9349790e+06 3.8400000e+03
 2.1600000e+03 0.0000000e+00 2.8701000e+01 8.8100000e-01 1.4706000e+01
 1.1000000e+01 0.0000000e+00 1.1588169e+04 2.9347040e+06 3.8400000e+03
 2.1600000e+03 0.0000000e+00 2.3099000e+01 8.5700000e-01 1.2030000e+00
 1.1000000e+01 0.0000000e+00 1.1754357e+04 2.9811990e+06 3.8400000e+03
 2.1600000e+03 0.0000000e+00 2.3434000e+01 8.4500000e-01 3.1620000e+00
 4.4000000e+01]
deleted_idx_col 491
query_origi 529
query_idx 504
deleted_scaled [0.91666667 0.         0.55695269 0.55329375 1.         1.
 0.         0.09211851 0.54418605 0.00363731 0.91666667 0.
 0.58208785 0.57918017 1.         1.         0.         0.44122612
 0.76585366 0.27947933 0.91666667 0.         0.59505977 0.59833556
 1.         1.         0.         0.30167721 0.68811881 0.0734958
 0.83333333 0.         0.39441496 0.39362494 0.63636364 0.63636364
 0.         0.3183923  0.68618267 0.05272179]
deleted_not_scaled [1.1000000e+01 0.0000000e+00 1.1284356e+04 2.8619950e+06 3.8400000e+03
 2.1600000e+03 0.0000000e+00 1.7920000e+01 8.0400000e-01 3.5100000e-01
 1.1000000e+01 0.0000000e+00 1.1780744e+04 2.9923090e+06 3.8400000e+03
 2.1600000e+03 0.0000000e+00 2.8518000e+01 9.0100000e-01 2.5915000e+01
 1.1000000e+01 0.0000000e+00 1.1571203e+04 2.9434250e+06 3.8400000e+03
 2.1600000e+03 0.0000000e+00 2.4602000e+01 8.6900000e-01 6.6560000e+00
 1.0000000e+01 0.0000000e+00 8.0830100e+03 2.0591470e+06 2.5600000e+03
 1.4400000e+03 0.0000000e+00 2.4154000e+01 8.6300000e-01 4.9830000e+00
 6.2000000e+01]
deleted_idx_col 504
query_origi 739
query_idx 634
deleted_scaled [9.16666667e-01 0.00000000e+00 5.68018365e-01 5.67725033e-01
 1.00000000e+00 1.00000000e+00 0.00000000e+00 1.51288588e-01
 6.27906977e-01 4.66321244e-04 9.16666667e-01 0.00000000e+00
 5.71611577e-01 5.72213981e-01 1.00000000e+00 1.00000000e+00
 0.00000000e+00 1.90019251e-01 6.51219512e-01 2.04904773e-04
 9.16666667e-01 0.00000000e+00 5.92009559e-01 5.91958159e-01
 1.00000000e+00 1.00000000e+00 0.00000000e+00 1.69837778e-01
 5.86633663e-01 2.65450570e-02 9.16666667e-01 0.00000000e+00
 6.09707671e-01 6.05118498e-01 1.00000000e+00 1.00000000e+00
 0.00000000e+00 9.20190067e-01 9.46135831e-01 9.58958895e-01]
deleted_not_scaled [1.1000000e+01 0.0000000e+00 1.1502051e+04 2.9344610e+06 3.8400000e+03
 2.1600000e+03 0.0000000e+00 2.0682000e+01 8.4000000e-01 4.5000000e-02
 1.1000000e+01 0.0000000e+00 1.1574692e+04 2.9573340e+06 3.8400000e+03
 2.1600000e+03 0.0000000e+00 2.0036000e+01 8.5400000e-01 1.9000000e-02
 1.1000000e+01 0.0000000e+00 1.1513537e+04 2.9129250e+06 3.8400000e+03
 2.1600000e+03 0.0000000e+00 1.9807000e+01 8.2800000e-01 2.4040000e+00
 1.1000000e+01 0.0000000e+00 1.2319794e+04 3.1215280e+06 3.8400000e+03
 2.1600000e+03 0.0000000e+00 4.4038000e+01 9.7400000e-01 9.0636000e+01
 1.9400000e+02]
deleted_idx_col 634
query_origi 457
query_idx 400
deleted_scaled [0.91666667 0.         0.57502762 0.57241292 1.         1.
 0.         0.03530496 0.50697674 0.04557513 0.91666667 0.
 0.60309912 0.6013017  1.         1.         0.         0.07792092
 0.39756098 0.05187326 0.91666667 0.         0.53765601 0.54170883
 1.         1.         0.         0.26307396 0.32673267 0.1546106
 1.         0.         0.91107602 0.91107815 1.         1.
 1.         0.31815018 0.73302108 0.38911284]
deleted_not_scaled [1.1000000e+01 0.0000000e+00 1.1639944e+04 2.9580010e+06 3.8400000e+03
 2.1600000e+03 0.0000000e+00 1.5268000e+01 7.8800000e-01 4.3980000e+00
 1.1000000e+01 0.0000000e+00 1.2194003e+04 3.1033740e+06 3.8400000e+03
 2.1600000e+03 0.0000000e+00 1.6251000e+01 7.5000000e-01 4.8100000e+00
 1.1000000e+01 0.0000000e+00 1.0485951e+04 2.6726070e+06 3.8400000e+03
 2.1600000e+03 0.0000000e+00 2.3198000e+01 7.2300000e-01 1.4002000e+01
 1.2000000e+01 0.0000000e+00 1.8250476e+04 4.6584340e+06 3.8400000e+03
 2.1600000e+03 1.0000000e+00 2.4146000e+01 8.8300000e-01 3.6777000e+01
 2.2900000e+02]
deleted_idx_col 400
query_origi 873
query_idx 924
deleted_scaled [0.83333333 0.         0.39653041 0.3961159  0.63636364 0.63636364
 0.         0.1160479  0.69069767 0.00823834 0.83333333 0.
 0.42067851 0.42092798 0.63636364 0.63636364 0.         0.19283282
 0.67804878 0.         0.83333333 0.         0.39536269 0.3997692
 0.63636364 0.63636364 0.         0.24267253 0.72524752 0.0072767
 0.83333333 0.         0.37983331 0.37674417 0.63636364 0.63636364
 0.         0.17166551 0.31850117 0.03490451]
deleted_not_scaled [1.000000e+01 0.000000e+00 8.128368e+03 2.072734e+06 2.560000e+03
 1.440000e+03 0.000000e+00 1.903700e+01 8.670000e-01 7.950000e-01
 1.000000e+01 0.000000e+00 8.606073e+03 2.197776e+06 2.560000e+03
 1.440000e+03 0.000000e+00 2.013100e+01 8.650000e-01 0.000000e+00
 1.000000e+01 0.000000e+00 7.795812e+03 1.993779e+06 2.560000e+03
 1.440000e+03 0.000000e+00 2.245600e+01 8.840000e-01 6.590000e-01
 1.000000e+01 0.000000e+00 7.796055e+03 1.974351e+06 2.560000e+03
 1.440000e+03 0.000000e+00 1.930600e+01 7.060000e-01 3.299000e+00
 1.710000e+02]
deleted_idx_col 924
query_origi 714
query_idx 338
deleted_scaled [0.83333333 0.         0.3896914  0.38908447 0.63636364 0.63636364
 0.         0.04560937 0.53255814 0.15702591 0.83333333 0.
 0.42206718 0.42210232 0.63636364 0.63636364 0.         0.08417
 0.49512195 0.09880724 0.83333333 0.         0.39213048 0.39629927
 0.63636364 0.63636364 0.         0.71190542 0.89851485 0.96950189
 0.83333333 0.         0.39739049 0.39396078 0.63636364 0.63636364
 0.         0.11301111 0.57845433 0.05894302]
deleted_not_scaled [1.000000e+01 0.000000e+00 7.993824e+03 2.037426e+06 2.560000e+03
 1.440000e+03 0.000000e+00 1.574900e+01 7.990000e-01 1.515300e+01
 1.000000e+01 0.000000e+00 8.633386e+03 2.203672e+06 2.560000e+03
 1.440000e+03 0.000000e+00 1.646200e+01 7.900000e-01 9.162000e+00
 1.000000e+01 0.000000e+00 7.734705e+03 1.977184e+06 2.560000e+03
 1.440000e+03 0.000000e+00 3.952200e+01 9.540000e-01 8.780100e+01
 1.000000e+01 0.000000e+00 8.141566e+03 2.060834e+06 2.560000e+03
 1.440000e+03 0.000000e+00 1.736800e+01 8.170000e-01 5.571000e+00
 2.460000e+02]
deleted_idx_col 338
query_origi 507
query_idx 90
deleted_scaled [0.91666667 0.21971778 0.57025209 0.56765832 1.         1.
 0.         1.         1.         1.         0.91666667 0.07854106
 0.57076489 0.5690644  1.         1.         0.         1.
 0.56829268 0.39120635 0.83333333 0.         0.44177928 0.44510939
 0.63636364 0.63636364 0.         0.14118779 0.37623762 0.05761735
 0.83333333 0.         0.35907899 0.35909438 0.63636364 0.63636364
 0.         0.03973851 0.44496487 0.16303232]
deleted_not_scaled [1.10000000e+01 1.03234195e+00 1.15459950e+04 2.93412600e+06
 3.84000000e+03 2.16000000e+03 0.00000000e+00 6.02990000e+01
 1.00000000e+00 9.65000000e+01 1.10000000e+01 2.57736305e-01
 1.15580390e+04 2.94152100e+06 3.84000000e+03 2.16000000e+03
 0.00000000e+00 4.73850000e+01 8.20000000e-01 3.62750000e+01
 1.00000000e+01 0.00000000e+00 8.67334500e+03 2.21061900e+06
 2.56000000e+03 1.44000000e+03 0.00000000e+00 1.87650000e+01
 7.43000000e-01 5.21800000e+00 1.00000000e+01 0.00000000e+00
 7.38762700e+03 1.88569200e+06 2.56000000e+03 1.44000000e+03
 0.00000000e+00 1.49470000e+01 7.60000000e-01 1.54090000e+01
 3.00000000e+00]
deleted_idx_col 90
query_origi 245
query_idx 574
deleted_scaled [0.91666667 0.         0.57000759 0.5697133  1.         1.
 0.         0.02924227 0.2        0.11596891 0.91666667 0.
 0.56505575 0.56565212 1.         1.         0.         0.14295869
 0.38780488 0.02176304 1.         0.         1.         1.
 1.         1.         1.         0.77165246 0.88366337 1.
 0.91666667 0.         0.54587625 0.54175749 1.         1.
 0.         0.08686178 0.52693208 0.11360102]
deleted_not_scaled [1.1000000e+01 0.0000000e+00 1.1541185e+04 2.9444450e+06 3.8400000e+03
 2.1600000e+03 0.0000000e+00 1.4985000e+01 6.5600000e-01 1.1191000e+01
 1.1000000e+01 0.0000000e+00 1.1445749e+04 2.9243890e+06 3.8400000e+03
 2.1600000e+03 0.0000000e+00 1.8447000e+01 7.4600000e-01 2.0180000e+00
 1.2000000e+01 0.0000000e+00 1.9226837e+04 4.8643900e+06 3.8400000e+03
 2.1600000e+03 1.0000000e+00 4.1695000e+01 9.4800000e-01 9.0563000e+01
 1.1000000e+01 0.0000000e+00 1.1063644e+04 2.8032510e+06 3.8400000e+03
 2.1600000e+03 0.0000000e+00 1.6504000e+01 7.9500000e-01 1.0737000e+01
 2.3900000e+02]
deleted_idx_col 574
query_origi 16
query_idx 528
deleted_scaled [0.33333333 0.         0.04267833 0.04240128 0.09090909 0.09090909
 0.         0.48062298 0.97906977 0.50648705 0.66666667 0.
 0.20648412 0.20587606 0.45454545 0.45454545 0.         0.94266252
 0.5804878  0.57192158 0.75       0.         0.28908085 0.29125991
 0.45454545 0.45454545 0.         0.14146274 0.38366337 0.36045626
 0.83333333 0.         0.35907899 0.35909438 0.63636364 0.63636364
 0.         0.03973851 0.44496487 0.16303232]
deleted_not_scaled [4.000000e+00 0.000000e+00 1.167035e+03 2.965730e+05 6.400000e+02
 3.600000e+02 0.000000e+00 3.605500e+01 9.910000e-01 4.887600e+01
 8.000000e+00 0.000000e+00 4.393202e+03 1.118070e+06 1.920000e+03
 1.080000e+03 0.000000e+00 4.544900e+01 8.250000e-01 5.303200e+01
 9.000000e+00 0.000000e+00 5.786491e+03 1.474832e+06 1.920000e+03
 1.080000e+03 0.000000e+00 1.877500e+01 7.460000e-01 3.264400e+01
 1.000000e+01 0.000000e+00 7.387627e+03 1.885692e+06 2.560000e+03
 1.440000e+03 0.000000e+00 1.494700e+01 7.600000e-01 1.540900e+01
 3.000000e+00]
deleted_idx_col 528
query_origi 277
query_idx 111
deleted_scaled [1.         0.07833125 0.83252841 0.83294155 1.         1.
 1.         0.24584931 0.78837209 0.07468394 1.         0.18551408
 0.78047011 0.78204529 1.         1.         1.         0.73490301
 0.80731707 0.79312167 1.         0.1099702  0.86740816 0.86826546
 1.         1.         1.         0.14162772 0.3960396  0.03271756
 1.         0.         0.86940528 0.86376975 1.         1.
 1.         0.97085439 0.96252927 0.94812464]
deleted_not_scaled [1.20000000e+01 3.68038646e-01 1.67057580e+04 4.26623300e+06
 3.84000000e+03 2.16000000e+03 1.00000000e+00 2.50960000e+01
 9.09000000e-01 7.20700000e+00 1.20000000e+01 6.08773441e-01
 1.56826150e+04 4.01082900e+06 3.84000000e+03 2.16000000e+03
 1.00000000e+00 3.84340000e+01 9.18000000e-01 7.35430000e+01
 1.20000000e+01 5.40630960e-01 1.67201100e+04 4.23436800e+06
 3.84000000e+03 2.16000000e+03 1.00000000e+00 1.87810000e+01
 7.51000000e-01 2.96300000e+00 1.20000000e+01 0.00000000e+00
 1.74304300e+04 4.42079300e+06 3.84000000e+03 2.16000000e+03
 1.00000000e+00 4.57120000e+01 9.81000000e-01 8.96120000e+01
 1.87000000e+02]
deleted_idx_col 111
query_origi 446
query_idx 737
deleted_scaled [1.         0.         0.80946818 0.80380117 1.         1.
 1.         0.19940444 0.66976744 0.03418653 0.91666667 0.
 0.57094706 0.56780681 1.         1.         0.         0.58963424
 0.9097561  0.51528158 1.         0.         0.86394278 0.86827864
 1.         1.         1.         0.22708276 0.35643564 0.06525844
 0.91666667 0.         0.56931249 0.56788887 1.         1.
 0.         0.22441815 0.31147541 0.04756917]
deleted_not_scaled [1.2000000e+01 0.0000000e+00 1.6252094e+04 4.1199060e+06 3.8400000e+03
 2.1600000e+03 1.0000000e+00 2.2928000e+01 8.5800000e-01 3.2990000e+00
 1.1000000e+01 0.0000000e+00 1.1561622e+04 2.9352070e+06 3.8400000e+03
 2.1600000e+03 0.0000000e+00 3.3529000e+01 9.6000000e-01 4.7780000e+01
 1.2000000e+01 0.0000000e+00 1.6654595e+04 4.2344310e+06 3.8400000e+03
 2.1600000e+03 1.0000000e+00 2.1889000e+01 7.3500000e-01 5.9100000e+00
 1.1000000e+01 0.0000000e+00 1.1524850e+04 2.9345150e+06 3.8400000e+03
 2.1600000e+03 0.0000000e+00 2.1049000e+01 7.0300000e-01 4.4960000e+00
 2.8000000e+02]
deleted_idx_col 737
query_origi 234
query_idx 970
deleted_scaled [0.91666667 0.         0.56772151 0.56771448 1.         1.
 0.         0.35846955 0.65581395 0.62279793 0.91666667 0.
 0.5879631  0.58887668 1.         1.         0.         0.31357915
 0.36341463 0.32400837 0.91666667 0.         0.61312966 0.61339229
 1.         1.         0.         0.08427275 0.10148515 0.13308967
 0.91666667 0.         0.5718004  0.56777859 1.         1.
 0.         0.04088859 0.00468384 0.03432259]
deleted_not_scaled [1.1000000e+01 0.0000000e+00 1.1496211e+04 2.9344080e+06 3.8400000e+03
 2.1600000e+03 0.0000000e+00 3.0353000e+01 8.5200000e-01 6.0100000e+01
 1.1000000e+01 0.0000000e+00 1.1896301e+04 3.0409920e+06 3.8400000e+03
 2.1600000e+03 0.0000000e+00 2.4208000e+01 7.3600000e-01 3.0044000e+01
 1.1000000e+01 0.0000000e+00 1.1912825e+04 3.0154340e+06 3.8400000e+03
 2.1600000e+03 0.0000000e+00 1.6695000e+01 6.3200000e-01 1.2053000e+01
 1.1000000e+01 0.0000000e+00 1.1573810e+04 2.9339610e+06 3.8400000e+03
 2.1600000e+03 0.0000000e+00 1.4985000e+01 5.7200000e-01 3.2440000e+00
 2.1000000e+01]
deleted_idx_col 970
query_origi 461
query_idx 478
deleted_scaled [0.         0.         0.00201637 0.00186301 0.         0.
 0.         0.39028257 0.98139535 0.15226943 0.         0.
 0.00177686 0.00172785 0.         0.         0.         0.68662817
 0.98292683 0.39396717 0.25       0.         0.02912509 0.02920787
 0.05454545 0.05454545 0.         0.5965906  0.98762376 0.40075969
 0.58333333 0.         0.14053655 0.14009628 0.27272727 0.27272727
 0.         1.         0.60421546 0.55613395]
deleted_not_scaled [0.000000e+00 0.000000e+00 3.670920e+02 9.301200e+04 3.200000e+02
 1.800000e+02 0.000000e+00 3.183800e+01 9.920000e-01 1.469400e+01
 0.000000e+00 0.000000e+00 3.669280e+02 9.310800e+04 3.200000e+02
 1.800000e+02 0.000000e+00 3.680400e+01 9.900000e-01 3.653100e+01
 3.000000e+00 0.000000e+00 8.718740e+02 2.215650e+05 5.120000e+02
 2.880000e+02 0.000000e+00 3.532800e+01 9.900000e-01 3.629400e+01
 7.000000e+00 0.000000e+00 3.086891e+03 7.856140e+05 1.280000e+03
 7.200000e+02 0.000000e+00 4.667500e+01 8.280000e-01 5.256300e+01
 1.000000e+00]
deleted_idx_col 478
query_origi 291
query_idx 108
deleted_scaled [1.         0.47907371 0.85437287 0.85095805 1.         1.
 1.         0.10848561 0.57906977 0.05373057 1.         0.41945903
 0.73161943 0.72980312 1.         1.         1.         0.18071968
 0.52926829 0.02476112 1.         0.10424979 0.88406366 0.89117288
 1.         1.         1.         0.78792961 0.92821782 0.82047856
 1.         0.         0.83258098 0.83300071 1.         1.
 1.         0.34690233 0.79391101 0.07625245]
deleted_not_scaled [1.20000000e+01 2.25092335e+00 1.71355040e+04 4.35670200e+06
 3.84000000e+03 2.16000000e+03 1.00000000e+00 1.86840000e+01
 8.19000000e-01 5.18500000e+00 1.20000000e+01 1.37647510e+00
 1.47217980e+04 3.74853800e+06 3.84000000e+03 2.16000000e+03
 1.00000000e+00 1.97220000e+01 8.04000000e-01 2.29600000e+00
 1.20000000e+01 5.12508516e-01 1.70349920e+04 4.34392300e+06
 3.84000000e+03 2.16000000e+03 1.00000000e+00 4.22870000e+01
 9.66000000e-01 7.43050000e+01 1.20000000e+01 0.00000000e+00
 1.67057580e+04 4.26623300e+06 3.84000000e+03 2.16000000e+03
 1.00000000e+00 2.50960000e+01 9.09000000e-01 7.20700000e+00
 1.84000000e+02]
deleted_idx_col 108
query_origi 496
query_idx 918
deleted_scaled [0.91666667 0.         0.56860221 0.56343623 1.         1.
 0.         0.13254354 0.6        0.02491192 0.91666667 0.
 0.60949469 0.60491754 1.         1.         0.         0.90087369
 0.94390244 0.97746047 0.91666667 0.         0.58773088 0.58947181
 1.         1.         0.         0.26612593 0.6980198  0.01966587
 0.91666667 0.         0.53940098 0.5372349  1.         1.
 0.         0.35631488 0.71662763 0.1635825 ]
deleted_not_scaled [1.1000000e+01 0.0000000e+00 1.1513537e+04 2.9129250e+06 3.8400000e+03
 2.1600000e+03 0.0000000e+00 1.9807000e+01 8.2800000e-01 2.4040000e+00
 1.1000000e+01 0.0000000e+00 1.2319794e+04 3.1215280e+06 3.8400000e+03
 2.1600000e+03 0.0000000e+00 4.4038000e+01 9.7400000e-01 9.0636000e+01
 1.1000000e+01 0.0000000e+00 1.1432646e+04 2.9010340e+06 3.8400000e+03
 2.1600000e+03 0.0000000e+00 2.3309000e+01 8.7300000e-01 1.7810000e+00
 1.1000000e+01 0.0000000e+00 1.0936216e+04 2.7805330e+06 3.8400000e+03
 2.1600000e+03 0.0000000e+00 2.5407000e+01 8.7600000e-01 1.5461000e+01
 1.9600000e+02]
deleted_idx_col 918
query_origi 585
query_idx 512
deleted_scaled [1.         0.         0.82901309 0.82652548 1.         1.
 1.         0.19274192 0.41395349 0.1333057  0.91666667 0.
 0.568473   0.5676393  1.         1.         0.         0.75205094
 0.86097561 0.90601342 0.91666667 0.         0.59103572 0.59639223
 1.         1.         0.         0.12930987 0.20792079 0.11357839
 1.         0.         0.8818089  0.8831312  1.         1.
 1.         0.05456857 0.16627635 0.16620642]
deleted_not_scaled [1.2000000e+01 0.0000000e+00 1.6636601e+04 4.2340150e+06 3.8400000e+03
 2.1600000e+03 1.0000000e+00 2.2617000e+01 7.4800000e-01 1.2864000e+01
 1.1000000e+01 0.0000000e+00 1.1512961e+04 2.9343660e+06 3.8400000e+03
 2.1600000e+03 0.0000000e+00 3.9013000e+01 9.4000000e-01 8.4011000e+01
 1.1000000e+01 0.0000000e+00 1.1495126e+04 2.9341310e+06 3.8400000e+03
 2.1600000e+03 0.0000000e+00 1.8333000e+01 6.7500000e-01 1.0286000e+01
 1.2000000e+01 0.0000000e+00 1.7674523e+04 4.5180500e+06 3.8400000e+03
 2.1600000e+03 1.0000000e+00 1.5437000e+01 6.4100000e-01 1.5709000e+01
 1.3200000e+02]
deleted_idx_col 512
query_origi 298
query_idx 605
deleted_scaled [1.         0.         0.82832047 0.82666249 1.         1.
 1.         0.13509287 0.15581395 0.09079793 1.         0.
 0.83878951 0.83838033 1.         1.         1.         0.04024878
 0.15609756 0.12279188 1.         0.         0.8473598  0.85588264
 1.         1.         1.         0.13282925 0.37623762 0.02321036
 1.         0.         0.96068993 0.95207885 1.         1.
 1.         0.84927817 0.8852459  0.95818653]
deleted_not_scaled [1.2000000e+01 0.0000000e+00 1.6622975e+04 4.2347030e+06 3.8400000e+03
 2.1600000e+03 1.0000000e+00 1.9926000e+01 6.3700000e-01 8.7620000e+00
 1.2000000e+01 0.0000000e+00 1.6829667e+04 4.2936690e+06 3.8400000e+03
 2.1600000e+03 1.0000000e+00 1.4979000e+01 6.5100000e-01 1.1386000e+01
 1.2000000e+01 0.0000000e+00 1.6341084e+04 4.1751470e+06 3.8400000e+03
 2.1600000e+03 1.0000000e+00 1.8461000e+01 7.4300000e-01 2.1020000e+00
 1.2000000e+01 0.0000000e+00 1.9226837e+04 4.8643900e+06 3.8400000e+03
 2.1600000e+03 1.0000000e+00 4.1695000e+01 9.4800000e-01 9.0563000e+01
 2.3800000e+02]
deleted_idx_col 605
query_origi 701
query_idx 423
deleted_scaled [1.         0.30732055 0.81399164 0.81480217 1.         1.
 1.         0.10370831 0.40232558 0.02178238 1.         0.17325371
 0.96066848 0.95205446 1.         1.         1.         0.8314823
 0.8804878  0.97667321 1.         0.06623682 0.83879895 0.84004724
 1.         1.         1.         0.07896618 0.50247525 0.11970672
 1.         0.         0.73262966 0.72823488 1.         1.
 1.         0.19878333 0.31147541 0.02644025]
deleted_not_scaled [1.20000000e+01 1.44394272e+00 1.63410840e+04 4.17514700e+06
 3.84000000e+03 2.16000000e+03 1.00000000e+00 1.84610000e+01
 7.43000000e-01 2.10200000e+00 1.20000000e+01 5.68540445e-01
 1.92268370e+04 4.86439000e+06 3.84000000e+03 2.16000000e+03
 1.00000000e+00 4.16950000e+01 9.48000000e-01 9.05630000e+01
 1.20000000e+01 3.25630708e-01 1.61792360e+04 4.09941400e+06
 3.84000000e+03 2.16000000e+03 1.00000000e+00 1.65020000e+01
 7.94000000e-01 1.08410000e+01 1.20000000e+01 0.00000000e+00
 1.47387980e+04 3.73997000e+06 3.84000000e+03 2.16000000e+03
 1.00000000e+00 2.02020000e+01 7.03000000e-01 2.49900000e+00
 2.40000000e+02]
deleted_idx_col 423
query_origi 534
query_idx 933
deleted_scaled [0.00000000e+00 0.00000000e+00 4.99517028e-04 4.58034847e-04
 0.00000000e+00 0.00000000e+00 0.00000000e+00 2.10372973e-01
 3.23255814e-01 0.00000000e+00 5.00000000e-01 0.00000000e+00
 1.18064583e-01 1.18118158e-01 2.72727273e-01 2.72727273e-01
 0.00000000e+00 2.87783207e-01 6.87804878e-01 6.07413239e-01
 1.66666667e-01 0.00000000e+00 1.63246955e-02 1.65465345e-02
 5.45454545e-02 5.45454545e-02 0.00000000e+00 1.36678581e-01
 6.60891089e-01 3.35324581e-01 5.00000000e-01 0.00000000e+00
 1.11223588e-01 1.10183067e-01 2.72727273e-01 2.72727273e-01
 0.00000000e+00 0.00000000e+00 4.23887588e-01 5.53774533e-01]
deleted_not_scaled [0.000000e+00 0.000000e+00 3.372510e+02 8.595700e+04 3.200000e+02
 1.800000e+02 0.000000e+00 2.344000e+01 7.090000e-01 0.000000e+00
 6.000000e+00 0.000000e+00 2.654127e+03 6.774660e+05 1.280000e+03
 7.200000e+02 0.000000e+00 2.333700e+01 8.690000e-01 5.632300e+01
 2.000000e+00 0.000000e+00 6.298750e+02 1.610120e+05 5.120000e+02
 2.880000e+02 0.000000e+00 1.860100e+01 8.580000e-01 3.036800e+01
 6.000000e+00 0.000000e+00 2.510036e+03 6.353530e+05 1.280000e+03
 7.200000e+02 0.000000e+00 1.363400e+01 7.510000e-01 5.234000e+01
 2.310000e+02]
deleted_idx_col 933
query_origi 837
query_idx 206
deleted_scaled [1.         0.1290645  0.84926373 0.84841317 1.         1.
 1.         0.61413055 0.92093023 0.77       1.         0.13462823
 0.83248962 0.83291573 1.         1.         1.         0.33987857
 0.78536585 0.07772362 1.         0.12302871 0.81253047 0.82152455
 1.         1.         1.         0.68199065 0.80940594 0.81206453
 1.         0.         0.83331028 0.82665719 1.         1.
 1.         0.15577616 0.42388759 0.03134952]
deleted_not_scaled [1.20000000e+01 6.06408352e-01 1.70349920e+04 4.34392300e+06
 3.84000000e+03 2.16000000e+03 1.00000000e+00 4.22870000e+01
 9.66000000e-01 7.43050000e+01 1.20000000e+01 4.41789066e-01
 1.67057580e+04 4.26623300e+06 3.84000000e+03 2.16000000e+03
 1.00000000e+00 2.50960000e+01 9.09000000e-01 7.20700000e+00
 1.20000000e+01 6.04828658e-01 1.56826150e+04 4.01082900e+06
 3.84000000e+03 2.16000000e+03 1.00000000e+00 3.84340000e+01
 9.18000000e-01 7.35430000e+01 1.20000000e+01 0.00000000e+00
 1.67201100e+04 4.23436800e+06 3.84000000e+03 2.16000000e+03
 1.00000000e+00 1.87810000e+01 7.51000000e-01 2.96300000e+00
 1.86000000e+02]
deleted_idx_col 206
query_origi 805
query_idx 133
deleted_scaled [1.         0.06425106 0.83882684 0.83840531 1.         1.
 1.         0.02911373 0.18837209 0.11798964 1.         0.24353603
 0.81394855 0.81477355 1.         1.         1.         0.14337332
 0.3804878  0.02266894 1.         0.02986542 1.         1.
 1.         1.         1.         0.77165246 0.88366337 1.
 1.         0.         0.8058257  0.79979121 1.         1.
 1.         0.08680125 0.52459016 0.11470137]
deleted_not_scaled [1.20000000e+01 3.01883015e-01 1.68296670e+04 4.29366900e+06
 3.84000000e+03 2.16000000e+03 1.00000000e+00 1.49790000e+01
 6.51000000e-01 1.13860000e+01 1.20000000e+01 7.99175276e-01
 1.63410840e+04 4.17514700e+06 3.84000000e+03 2.16000000e+03
 1.00000000e+00 1.84610000e+01 7.43000000e-01 2.10200000e+00
 1.20000000e+01 1.46823144e-01 1.92268370e+04 4.86439000e+06
 3.84000000e+03 2.16000000e+03 1.00000000e+00 4.16950000e+01
 9.48000000e-01 9.05630000e+01 1.20000000e+01 0.00000000e+00
 1.61792360e+04 4.09941400e+06 3.84000000e+03 2.16000000e+03
 1.00000000e+00 1.65020000e+01 7.94000000e-01 1.08410000e+01
 2.39000000e+02]
deleted_idx_col 133
query_origi 465
query_idx 30
deleted_scaled [1.         0.16851943 0.80243174 0.79962071 1.         1.
 1.         0.11139913 0.11162791 0.08939896 1.         0.26336434
 0.8282807  0.8266357  1.         1.         1.         0.18676144
 0.12195122 0.09449345 1.         0.41632058 0.87320311 0.88066501
 1.         1.         1.         0.03709101 0.14851485 0.12572463
 1.         0.         0.81405003 0.81486776 1.         1.
 1.         0.14609122 0.40515222 0.02223986]
deleted_not_scaled [1.20000000e+01 7.91786966e-01 1.61136660e+04 4.09891400e+06
 3.84000000e+03 2.16000000e+03 1.00000000e+00 1.88200000e+01
 6.18000000e-01 8.62700000e+00 1.20000000e+01 8.64242835e-01
 1.66229750e+04 4.23470300e+06 3.84000000e+03 2.16000000e+03
 1.00000000e+00 1.99260000e+01 6.37000000e-01 8.76200000e+00
 1.20000000e+01 2.04669810e+00 1.68296670e+04 4.29366900e+06
 3.84000000e+03 2.16000000e+03 1.00000000e+00 1.49790000e+01
 6.51000000e-01 1.13860000e+01 1.20000000e+01 0.00000000e+00
 1.63410840e+04 4.17514700e+06 3.84000000e+03 2.16000000e+03
 1.00000000e+00 1.84610000e+01 7.43000000e-01 2.10200000e+00
 2.37000000e+02]
deleted_idx_col 30
query_origi 239
query_idx 997
deleted_scaled [0.         0.         0.0018717  0.00187356 0.         0.
 0.         0.36054757 0.71860465 0.0181658  0.5        0.
 0.10671219 0.10706905 0.27272727 0.27272727 0.         0.10250259
 0.12195122 0.35351466 0.         0.         0.00359936 0.00349419
 0.         0.         0.         0.08430025 0.27475248 0.02666652
 0.         0.         0.00135463 0.00127468 0.         0.
 0.         0.05871493 0.43793911 0.        ]
deleted_not_scaled [0.000000e+00 0.000000e+00 3.642460e+02 9.306500e+04 3.200000e+02
 1.800000e+02 0.000000e+00 3.045000e+01 8.790000e-01 1.753000e+00
 6.000000e+00 0.000000e+00 2.430843e+03 6.219920e+05 1.280000e+03
 7.200000e+02 0.000000e+00 1.708100e+01 6.370000e-01 3.278000e+01
 0.000000e+00 0.000000e+00 3.892950e+02 9.858900e+04 3.200000e+02
 1.800000e+02 0.000000e+00 1.669600e+01 7.020000e-01 2.415000e+00
 0.000000e+00 0.000000e+00 3.479050e+02 8.828100e+04 3.200000e+02
 1.800000e+02 0.000000e+00 1.557400e+01 7.570000e-01 0.000000e+00
 1.420000e+02]
deleted_idx_col 997
query_origi 343
query_idx 239
deleted_scaled [1.         0.08747722 0.77607237 0.77606875 1.         1.
 1.         0.66012554 0.93488372 0.84311917 1.         0.1061797
 0.87711943 0.87844027 1.         1.         1.         0.30069599
 0.7097561  0.00523046 1.         0.0975675  0.8489862  0.84939505
 1.         1.         1.         0.22251856 0.67079208 0.
 1.         0.         0.80952799 0.80387066 1.         1.
 1.         0.28128689 0.67447307 0.03490451]
deleted_not_scaled [1.20000000e+01 4.11010906e-01 1.55950980e+04 3.98064900e+06
 3.84000000e+03 2.16000000e+03 1.00000000e+00 4.44340000e+01
 9.72000000e-01 8.13610000e+01 1.20000000e+01 3.48433829e-01
 1.75835570e+04 4.49479700e+06 3.84000000e+03 2.16000000e+03
 1.00000000e+00 2.37730000e+01 8.78000000e-01 4.85000000e-01
 1.20000000e+01 4.79657318e-01 1.63718320e+04 4.14412000e+06
 3.84000000e+03 2.16000000e+03 1.00000000e+00 2.17230000e+01
 8.62000000e-01 0.00000000e+00 1.20000000e+01 0.00000000e+00
 1.62520940e+04 4.11990600e+06 3.84000000e+03 2.16000000e+03
 1.00000000e+00 2.29280000e+01 8.58000000e-01 3.29900000e+00
 2.77000000e+02]
deleted_idx_col 239
query_origi 91
query_idx 481
deleted_scaled [1.         0.11227182 0.87714789 0.87845906 1.         1.
 1.         0.2175068  0.71627907 0.00502591 1.         0.18120141
 0.81551187 0.8085937  1.         1.         1.         0.23998223
 0.67073171 0.         1.         0.16190011 0.84265273 0.84433202
 1.         1.         1.         0.25565026 0.66089109 0.03642768
 1.         0.         0.82031401 0.81581158 1.         1.
 1.         0.60200962 0.91100703 0.50837433]
deleted_not_scaled [1.20000000e+01 5.27508116e-01 1.75835570e+04 4.49479700e+06
 3.84000000e+03 2.16000000e+03 1.00000000e+00 2.37730000e+01
 8.78000000e-01 4.85000000e-01 1.20000000e+01 5.94621188e-01
 1.63718320e+04 4.14412000e+06 3.84000000e+03 2.16000000e+03
 1.00000000e+00 2.17230000e+01 8.62000000e-01 0.00000000e+00
 1.20000000e+01 7.95926667e-01 1.62520940e+04 4.11990600e+06
 3.84000000e+03 2.16000000e+03 1.00000000e+00 2.29280000e+01
 8.58000000e-01 3.29900000e+00 1.20000000e+01 0.00000000e+00
 1.64643540e+04 4.17988800e+06 3.84000000e+03 2.16000000e+03
 1.00000000e+00 3.35250000e+01 9.59000000e-01 4.80490000e+01
 2.78000000e+02]
deleted_idx_col 481
query_origi 661
query_idx 971
deleted_scaled [0.91666667 0.         0.57153344 0.56951017 1.         1.
 0.         0.23526639 0.69534884 0.06897409 1.         0.
 0.89347191 0.89169526 1.         1.         1.         0.31186139
 0.66829268 0.05452624 1.         0.         0.80576449 0.81265138
 1.         1.         1.         0.42320594 0.74009901 0.12777845
 1.         0.         0.76634784 0.76712001 1.         1.
 1.         0.3713568  0.66276347 0.17403587]
deleted_not_scaled [1.1000000e+01 0.0000000e+00 1.1571203e+04 2.9434250e+06 3.8400000e+03
 2.1600000e+03 0.0000000e+00 2.4602000e+01 8.6900000e-01 6.6560000e+00
 1.2000000e+01 0.0000000e+00 1.7905185e+04 4.5613460e+06 3.8400000e+03
 2.1600000e+03 1.0000000e+00 2.4150000e+01 8.6100000e-01 5.0560000e+00
 1.2000000e+01 0.0000000e+00 1.5554700e+04 3.9683930e+06 3.8400000e+03
 2.1600000e+03 1.0000000e+00 2.9022000e+01 8.9000000e-01 1.1572000e+01
 1.2000000e+01 0.0000000e+00 1.5402344e+04 3.9352990e+06 3.8400000e+03
 2.1600000e+03 1.0000000e+00 2.5904000e+01 8.5300000e-01 1.6449000e+01
 6.4000000e+01]
deleted_idx_col 971
query_origi 73
query_idx 202
deleted_scaled [1.         0.13298641 0.88110854 0.87627045 1.         1.
 1.         0.13738512 0.60697674 0.056      1.         0.0773543
 0.85433914 0.85093501 1.         1.         1.         0.14997779
 0.56585366 0.05591743 1.         0.09417204 0.76170863 0.76668077
 1.         1.         1.         0.16750069 0.52722772 0.02535252
 1.         0.         0.84931105 0.84846685 1.         1.
 1.         0.8671953  0.92740047 0.78617151]
deleted_not_scaled [1.20000000e+01 6.24835419e-01 1.76614750e+04 4.48380700e+06
 3.84000000e+03 2.16000000e+03 1.00000000e+00 2.00330000e+01
 8.31000000e-01 5.40400000e+00 1.20000000e+01 2.53841894e-01
 1.71355040e+04 4.35670200e+06 3.84000000e+03 2.16000000e+03
 1.00000000e+00 1.86840000e+01 8.19000000e-01 5.18500000e+00
 1.20000000e+01 4.62964701e-01 1.47217980e+04 3.74853800e+06
 3.84000000e+03 2.16000000e+03 1.00000000e+00 1.97220000e+01
 8.04000000e-01 2.29600000e+00 1.20000000e+01 0.00000000e+00
 1.70349920e+04 4.34392300e+06 3.84000000e+03 2.16000000e+03
 1.00000000e+00 4.22870000e+01 9.66000000e-01 7.43050000e+01
 1.83000000e+02]
deleted_idx_col 202
query_origi 390
query_idx 644
deleted_scaled [1.         0.         0.84942477 0.84475686 1.         1.
 1.         0.05490692 0.4        0.01918135 1.         0.
 0.81720118 0.81394478 1.         1.         1.         0.82508515
 0.91707317 0.87264629 0.91666667 0.         0.58312113 0.58692357
 1.         1.         0.         0.21836679 0.5        0.02188532
 1.         0.         0.80826757 0.80746456 1.         1.
 1.         0.23122787 0.49180328 0.02946622]
deleted_not_scaled [1.2000000e+01 0.0000000e+00 1.7038160e+04 4.3255630e+06 3.8400000e+03
 2.1600000e+03 1.0000000e+00 1.6183000e+01 7.4200000e-01 1.8510000e+00
 1.2000000e+01 0.0000000e+00 1.6405058e+04 4.1709860e+06 3.8400000e+03
 2.1600000e+03 1.0000000e+00 4.1479000e+01 9.6300000e-01 8.0917000e+01
 1.1000000e+01 0.0000000e+00 1.1345496e+04 2.8888470e+06 3.8400000e+03
 2.1600000e+03 0.0000000e+00 2.1572000e+01 7.9300000e-01 1.9820000e+00
 1.2000000e+01 0.0000000e+00 1.6227290e+04 4.1379590e+06 3.8400000e+03
 2.1600000e+03 1.0000000e+00 2.1274000e+01 7.8000000e-01 2.7850000e+00
 1.5300000e+02]
deleted_idx_col 644
query_origi 521
query_idx 956
deleted_scaled [0.91666667 0.         0.55408038 0.55491161 1.         1.
 0.         0.56423659 0.89767442 0.92324352 1.         0.
 0.79254346 0.78581789 1.         1.         1.         0.11091367
 0.55853659 0.06331557 0.91666667 0.         0.63165619 0.63289188
 1.         1.         0.         0.12719274 0.17821782 0.07808929
 0.91666667 0.         0.5727449  0.56958201 1.         1.
 0.         0.2093157  0.55503513 0.05887954]
deleted_not_scaled [1.1000000e+01 0.0000000e+00 1.1227849e+04 2.8701190e+06 3.8400000e+03
 2.1600000e+03 0.0000000e+00 3.9958000e+01 9.5600000e-01 8.9093000e+01
 1.2000000e+01 0.0000000e+00 1.5920079e+04 4.0297700e+06 3.8400000e+03
 2.1600000e+03 1.0000000e+00 1.7365000e+01 8.1600000e-01 5.8710000e+00
 1.1000000e+01 0.0000000e+00 1.2263080e+04 3.1086910e+06 3.8400000e+03
 2.1600000e+03 0.0000000e+00 1.8256000e+01 6.6300000e-01 7.0720000e+00
 1.1000000e+01 0.0000000e+00 1.1592397e+04 2.9430200e+06 3.8400000e+03
 2.1600000e+03 0.0000000e+00 2.0550000e+01 8.0700000e-01 5.5650000e+00
 2.4800000e+02]
deleted_idx_col 956
query_origi 321
query_idx 421
deleted_scaled [0.33333333 0.         0.04239978 0.04206612 0.09090909 0.09090909
 0.         0.3676814  0.75581395 0.34054922 0.41666667 0.
 0.07784326 0.07752821 0.18181818 0.17171717 0.         0.52370798
 0.75365854 0.40786834 0.08333333 0.         0.00973971 0.0097867
 0.01818182 0.01818182 0.         0.23172945 0.63366337 0.
 0.41666667 0.         0.07753189 0.0774621  0.18181818 0.17171717
 0.         0.20507854 0.57377049 0.18845686]
deleted_not_scaled [4.000000e+00 0.000000e+00 1.161555e+03 2.948900e+05 6.400000e+02
 3.600000e+02 0.000000e+00 3.078300e+01 8.950000e-01 3.286300e+01
 5.000000e+00 0.000000e+00 1.863036e+03 4.736770e+05 9.600000e+02
 5.200000e+02 0.000000e+00 3.130300e+01 8.960000e-01 3.782000e+01
 1.000000e+00 0.000000e+00 5.053820e+02 1.286830e+05 3.840000e+02
 2.160000e+02 0.000000e+00 2.205800e+01 8.470000e-01 0.000000e+00
 5.000000e+00 0.000000e+00 1.847011e+03 4.709880e+05 9.600000e+02
 5.200000e+02 0.000000e+00 2.041000e+01 8.150000e-01 1.781200e+01
 4.000000e+01]
deleted_idx_col 421
query_origi 859
query_idx 814
deleted_scaled [0.16666667 0.         0.01850119 0.01826145 0.05454545 0.05454545
 0.         0.35352086 0.81395349 0.19865285 0.5        0.
 0.10755643 0.10700133 0.27272727 0.27272727 0.         0.54669036
 0.99268293 0.44505317 0.         0.         0.00457436 0.00456622
 0.         0.         0.         0.53252681 0.88366337 0.01193644
 0.         0.         0.         0.         0.         0.
 0.         0.43055598 0.73067916 0.        ]
deleted_not_scaled [2.000000e+00 0.000000e+00 6.913980e+02 1.753560e+05 5.120000e+02
 2.880000e+02 0.000000e+00 3.012200e+01 9.200000e-01 1.917000e+01
 6.000000e+00 0.000000e+00 2.447448e+03 6.216520e+05 1.280000e+03
 7.200000e+02 0.000000e+00 3.207900e+01 9.940000e-01 4.126800e+01
 0.000000e+00 0.000000e+00 4.077280e+02 1.037160e+05 3.200000e+02
 1.800000e+02 0.000000e+00 3.299800e+01 9.480000e-01 1.081000e+00
 0.000000e+00 0.000000e+00 3.212470e+02 8.187800e+04 3.200000e+02
 1.800000e+02 0.000000e+00 2.786000e+01 8.820000e-01 0.000000e+00
 3.200000e+01]
deleted_idx_col 814
query_origi 249
query_idx 502
deleted_scaled [0.58333333 0.         0.1402854  0.13950288 0.27272727 0.27272727
 0.         0.39533837 0.98604651 0.25075648 0.58333333 0.
 0.16266907 0.16210447 0.27272727 0.27272727 0.         0.66337924
 0.88780488 0.5742618  0.58333333 0.         0.12202417 0.12294397
 0.27272727 0.27272727 0.         0.36136926 0.65346535 0.
 0.5        0.         0.10741581 0.10743723 0.27272727 0.27272727
 0.         0.38697376 0.67681499 0.1239909 ]
deleted_not_scaled [7.000000e+00 0.000000e+00 3.087259e+03 7.841640e+05 1.280000e+03
 7.200000e+02 0.000000e+00 3.207400e+01 9.940000e-01 2.419800e+01
 7.000000e+00 0.000000e+00 3.531428e+03 8.983070e+05 1.280000e+03
 7.200000e+02 0.000000e+00 3.601900e+01 9.510000e-01 5.324900e+01
 7.000000e+00 0.000000e+00 2.628186e+03 6.698590e+05 1.280000e+03
 7.200000e+02 0.000000e+00 2.677300e+01 8.550000e-01 0.000000e+00
 6.000000e+00 0.000000e+00 2.435102e+03 6.215600e+05 1.280000e+03
 7.200000e+02 0.000000e+00 2.642000e+01 8.590000e-01 1.171900e+01
 3.300000e+01]
deleted_idx_col 502
query_origi 240
query_idx 68
deleted_scaled [1.         0.09372112 0.89403606 0.89537229 1.         1.
 1.         0.10514364 0.64186047 0.06643523 1.         0.22323613
 0.76973068 0.76319643 1.         1.         1.         0.
 0.37804878 0.1687229  1.         0.05930548 0.90611957 0.90793227
 1.         1.         1.         0.01679956 0.36633663 0.20816448
 1.         0.         0.72991929 0.7262714  1.         1.
 1.         0.06183227 0.15456674 0.0855314 ]
deleted_not_scaled [1.20000000e+01 4.40347807e-01 1.79157980e+04 4.57972600e+06
 3.84000000e+03 2.16000000e+03 1.00000000e+00 1.85280000e+01
 8.46000000e-01 6.41100000e+00 1.20000000e+01 7.32560151e-01
 1.54713870e+04 3.91619500e+06 3.84000000e+03 2.16000000e+03
 1.00000000e+00 1.36200000e+01 7.42000000e-01 1.56450000e+01
 1.20000000e+01 2.91555179e-01 1.74519720e+04 4.42407500e+06
 3.84000000e+03 2.16000000e+03 1.00000000e+00 1.42410000e+01
 7.39000000e-01 1.88520000e+01 1.20000000e+01 0.00000000e+00
 1.46854600e+04 3.73010700e+06 3.84000000e+03 2.16000000e+03
 1.00000000e+00 1.56770000e+01 6.36000000e-01 8.08400000e+00
 2.33000000e+02]
deleted_idx_col 68
query_origi 56
query_idx 538
deleted_scaled [1.         0.         0.72983448 0.72617442 1.         1.
 1.         0.04406693 0.15348837 0.08377202 1.         0.
 0.80238597 0.79958974 1.         1.         1.         0.15400563
 0.07560976 0.09303755 0.91666667 0.         0.59234787 0.59651183
 1.         1.         0.         0.1737421  0.12376238 0.09514923
 1.         0.         0.83887743 0.83846254 1.         1.
 1.         0.040707   0.18969555 0.12046765]
deleted_not_scaled [1.2000000e+01 0.0000000e+00 1.4685460e+04 3.7301070e+06 3.8400000e+03
 2.1600000e+03 1.0000000e+00 1.5677000e+01 6.3600000e-01 8.0840000e+00
 1.2000000e+01 0.0000000e+00 1.6113666e+04 4.0989140e+06 3.8400000e+03
 2.1600000e+03 1.0000000e+00 1.8820000e+01 6.1800000e-01 8.6270000e+00
 1.1000000e+01 0.0000000e+00 1.1519933e+04 2.9347030e+06 3.8400000e+03
 2.1600000e+03 0.0000000e+00 1.9949000e+01 6.4100000e-01 8.6170000e+00
 1.2000000e+01 0.0000000e+00 1.6829667e+04 4.2936690e+06 3.8400000e+03
 2.1600000e+03 1.0000000e+00 1.4979000e+01 6.5100000e-01 1.1386000e+01
 2.3600000e+02]
deleted_idx_col 538
query_origi 557
query_idx 721
deleted_scaled [1.         0.         0.73254571 0.72813859 1.         1.
 1.         0.14100559 0.30930233 0.02589637 1.         0.
 0.88541261 0.88144306 1.         1.         1.         0.0249963
 0.50487805 0.07931972 1.         0.         0.81671098 0.82163139
 1.         1.         1.         0.05949959 0.33168317 0.12655279
 1.         0.         0.81764174 0.81642095 1.         1.
 1.         0.06395085 0.53395785 0.15646194]
deleted_not_scaled [1.2000000e+01 0.0000000e+00 1.4738798e+04 3.7399700e+06 3.8400000e+03
 2.1600000e+03 1.0000000e+00 2.0202000e+01 7.0300000e-01 2.4990000e+00
 1.2000000e+01 0.0000000e+00 1.7746671e+04 4.5098730e+06 3.8400000e+03
 2.1600000e+03 1.0000000e+00 1.4464000e+01 7.9400000e-01 7.3550000e+00
 1.2000000e+01 0.0000000e+00 1.5761650e+04 4.0113400e+06 3.8400000e+03
 2.1600000e+03 1.0000000e+00 1.5794000e+01 7.2500000e-01 1.1461000e+01
 1.2000000e+01 0.0000000e+00 1.6411766e+04 4.1829490e+06 3.8400000e+03
 2.1600000e+03 1.0000000e+00 1.5747000e+01 7.9800000e-01 1.4788000e+01
 2.4300000e+02]
deleted_idx_col 721
query_origi 780
query_idx 94
deleted_scaled [1.         0.16546674 0.82786797 0.82662445 1.         1.
 1.         0.10908546 0.30930233 0.09896373 1.         0.09472027
 0.90396664 0.90397249 1.         1.         1.         0.09705316
 0.29756098 0.05428898 1.         0.08893154 0.78033042 0.78857638
 1.         1.         1.         0.03907066 0.30445545 0.00460453
 1.         0.         0.83235973 0.8252985  1.         1.
 1.         0.34908144 0.6206089  0.00140718]
deleted_not_scaled [1.20000000e+01 7.77443939e-01 1.66140730e+04 4.23451200e+06
 3.84000000e+03 2.16000000e+03 1.00000000e+00 1.87120000e+01
 7.03000000e-01 9.55000000e+00 1.20000000e+01 3.10829141e-01
 1.81116000e+04 4.62298600e+06 3.84000000e+03 2.16000000e+03
 1.00000000e+00 1.68970000e+01 7.09000000e-01 5.03400000e+00
 1.20000000e+01 4.37201550e-01 1.50738540e+04 3.85325400e+06
 3.84000000e+03 2.16000000e+03 1.00000000e+00 1.50510000e+01
 7.14000000e-01 4.17000000e-01 1.20000000e+01 0.00000000e+00
 1.67014040e+04 4.22754300e+06 3.84000000e+03 2.16000000e+03
 1.00000000e+00 2.51680000e+01 8.35000000e-01 1.33000000e-01
 2.61000000e+02]
deleted_idx_col 94
query_origi 821
query_idx 556
deleted_scaled [1.         0.         0.82819456 0.82653683 1.         1.
 1.         0.13333619 0.20232558 0.07762694 1.         0.
 0.8269354  0.82653272 1.         1.         1.         0.10099215
 0.05121951 0.03681815 1.         0.         0.86531179 0.87401433
 1.         1.         1.         0.10907341 0.18316832 0.03816128
 1.         0.         0.89485405 0.88682483 1.         1.
 1.         0.27928937 0.49882904 0.0077977 ]
deleted_not_scaled [1.2000000e+01 0.0000000e+00 1.6620498e+04 4.2340720e+06 3.8400000e+03
 2.1600000e+03 1.0000000e+00 1.9844000e+01 6.5700000e-01 7.4910000e+00
 1.2000000e+01 0.0000000e+00 1.6596515e+04 4.2341860e+06 3.8400000e+03
 2.1600000e+03 1.0000000e+00 1.7030000e+01 6.0800000e-01 3.4140000e+00
 1.2000000e+01 0.0000000e+00 1.6680477e+04 4.2618620e+06 3.8400000e+03
 2.1600000e+03 1.0000000e+00 1.7597000e+01 6.6500000e-01 3.4560000e+00
 1.2000000e+01 0.0000000e+00 1.7931241e+04 4.5366040e+06 3.8400000e+03
 2.1600000e+03 1.0000000e+00 2.2862000e+01 7.8300000e-01 7.3700000e-01
 1.1000000e+02]
deleted_idx_col 556
