query_origi 8
query_idx 12
deleted_scaled [1.66666667e-01 0.00000000e+00 1.81388678e-02 1.81228457e-02
 5.45454545e-02 5.45454545e-02 0.00000000e+00 5.45834315e-01
 8.81395349e-01 5.06466321e-01 8.33333333e-02 4.45394773e-01
 8.67475709e-03 8.77252386e-03 1.81818182e-02 1.81818182e-02
 0.00000000e+00 3.05641937e-01 7.53658537e-01 0.00000000e+00
 8.33333333e-02 0.00000000e+00 1.12787805e-02 1.11681894e-02
 1.81818182e-02 1.81818182e-02 0.00000000e+00 2.25570525e-01
 7.10396040e-01 0.00000000e+00 0.00000000e+00 0.00000000e+00
 1.92873890e-03 1.82750903e-03 0.00000000e+00 0.00000000e+00
 0.00000000e+00 2.79561757e-01 7.21311475e-01 2.11606623e-05]
deleted_not_scaled [2.00000000e+00 0.00000000e+00 6.84270000e+02 1.74660000e+05
 5.12000000e+02 2.88000000e+02 0.00000000e+00 3.90990000e+01
 9.49000000e-01 4.88740000e+01 1.00000000e+00 1.46158451e+00
 5.02599000e+02 1.28477000e+05 3.84000000e+02 2.16000000e+02
 0.00000000e+00 2.39400000e+01 8.96000000e-01 0.00000000e+00
 1.00000000e+00 0.00000000e+00 5.34479000e+02 1.35290000e+05
 3.84000000e+02 2.16000000e+02 0.00000000e+00 2.18340000e+01
 8.78000000e-01 0.00000000e+00 0.00000000e+00 0.00000000e+00
 3.59203000e+02 9.10580000e+04 3.20000000e+02 1.80000000e+02
 0.00000000e+00 2.28710000e+01 8.78000000e-01 2.00000000e-03
 2.77000000e+02]
deleted_idx_col 12
query_origi 634
query_idx 96
deleted_scaled [1.         0.06823407 0.83214581 0.82673936 1.         1.
 1.         0.31262452 0.58372093 0.07807254 1.         0.16071157
 0.83067575 0.82653571 1.         1.         1.         0.36306827
 0.48292683 0.00786187 1.         0.13351528 0.86354877 0.86831774
 1.         1.         1.         0.15515535 0.34405941 0.07892848
 1.         0.         0.8283464  0.82669601 1.         1.
 1.         0.25550074 0.54098361 0.13796752]
deleted_not_scaled [1.20000000e+01 3.20597144e-01 1.66982310e+04 4.23508900e+06
 3.84000000e+03 2.16000000e+03 1.00000000e+00 2.82130000e+01
 8.21000000e-01 7.53400000e+00 1.20000000e+01 5.27382807e-01
 1.66700820e+04 4.23420100e+06 3.84000000e+03 2.16000000e+03
 1.00000000e+00 2.58790000e+01 7.85000000e-01 7.29000000e-01
 1.20000000e+01 6.56382343e-01 1.66471460e+04 4.23461800e+06
 3.84000000e+03 2.16000000e+03 1.00000000e+00 1.92730000e+01
 7.30000000e-01 7.14800000e+00 1.20000000e+01 0.00000000e+00
 1.66224250e+04 4.23456300e+06 3.84000000e+03 2.16000000e+03
 1.00000000e+00 2.20760000e+01 8.01000000e-01 1.30400000e+01
 7.70000000e+01]
deleted_idx_col 96
query_origi 424
query_idx 447
deleted_scaled [0.41666667 0.         0.07626492 0.07624986 0.18181818 0.17171717
 0.         0.05998415 0.26976744 0.00592746 0.41666667 0.
 0.07720106 0.07739535 0.18181818 0.17171717 0.         0.18311861
 0.26829268 0.01847378 0.5        0.         0.11298563 0.11293814
 0.27272727 0.27272727 0.         0.10478416 0.43811881 0.22693595
 0.58333333 0.         0.14092483 0.13986735 0.27272727 0.27272727
 0.         0.20120456 0.70257611 0.13476168]
deleted_not_scaled [5.000000e+00 0.000000e+00 1.827784e+03 4.665420e+05 9.600000e+02
 5.200000e+02 0.000000e+00 1.642000e+01 6.860000e-01 5.720000e-01
 5.000000e+00 0.000000e+00 1.850405e+03 4.730100e+05 9.600000e+02
 5.200000e+02 0.000000e+00 1.980300e+01 6.970000e-01 1.713000e+00
 6.000000e+00 0.000000e+00 2.457307e+03 6.220060e+05 1.280000e+03
 7.200000e+02 0.000000e+00 1.744100e+01 7.680000e-01 2.055200e+01
 7.000000e+00 0.000000e+00 3.094532e+03 7.844640e+05 1.280000e+03
 7.200000e+02 0.000000e+00 2.028200e+01 8.700000e-01 1.273700e+01
 1.490000e+02]
deleted_idx_col 447
query_origi 830
query_idx 565
deleted_scaled [0.25       0.         0.03174126 0.03160699 0.05454545 0.05454545
 0.         0.12817327 0.60930233 0.16746114 0.16666667 0.
 0.01596186 0.01598948 0.05454545 0.05454545 0.         0.18122316
 0.60487805 0.19491836 0.25       0.         0.02733086 0.02764635
 0.05454545 0.05454545 0.         0.17970855 0.63118812 0.1939313
 0.25       0.         0.02889511 0.02902912 0.05454545 0.05454545
 0.         0.30292667 0.67213115 0.24516743]
deleted_not_scaled [3.00000e+00 0.00000e+00 9.51870e+02 2.42370e+05 5.12000e+02 2.88000e+02
 0.00000e+00 1.96030e+01 8.32000e-01 1.61600e+01 2.00000e+00 0.00000e+00
 6.45925e+02 1.64711e+05 5.12000e+02 2.88000e+02 0.00000e+00 1.97390e+01
 8.35000e-01 1.80740e+01 3.00000e+00 0.00000e+00 8.37953e+02 2.14097e+05
 5.12000e+02 2.88000e+02 0.00000e+00 2.01660e+01 8.46000e-01 1.75630e+01
 3.00000e+00 0.00000e+00 8.89879e+02 2.27698e+05 5.12000e+02 2.88000e+02
 0.00000e+00 2.36430e+01 8.57000e-01 2.31720e+01 2.68000e+02]
deleted_idx_col 565
query_origi 194
query_idx 519
deleted_scaled [0.5        0.         0.0916337  0.09183101 0.27272727 0.27272727
 0.         0.18554382 0.67674419 0.27235233 0.5        0.
 0.10792759 0.10700392 0.27272727 0.27272727 0.         0.16700726
 0.58292683 0.20474301 0.5        0.         0.11314966 0.11335946
 0.27272727 0.27272727 0.         0.11811933 0.53712871 0.25097446
 0.5        0.         0.10757425 0.10698891 0.27272727 0.27272727
 0.         0.45143912 0.78220141 0.49192192]
deleted_not_scaled [6.000000e+00 0.000000e+00 2.130134e+03 5.447820e+05 1.280000e+03
 7.200000e+02 0.000000e+00 2.228100e+01 8.610000e-01 2.628200e+01
 6.000000e+00 0.000000e+00 2.454748e+03 6.216650e+05 1.280000e+03
 7.200000e+02 0.000000e+00 1.925900e+01 8.260000e-01 1.898500e+01
 6.000000e+00 0.000000e+00 2.460408e+03 6.240210e+05 1.280000e+03
 7.200000e+02 0.000000e+00 1.792600e+01 8.080000e-01 2.272900e+01
 6.000000e+00 0.000000e+00 2.438220e+03 6.193080e+05 1.280000e+03
 7.200000e+02 0.000000e+00 2.855000e+01 9.040000e-01 4.649400e+01
 6.000000e+01]
deleted_idx_col 519
query_origi 90
query_idx 753
deleted_scaled [0.16666667 0.         0.01814822 0.01809815 0.05454545 0.05454545
 0.         0.0458236  0.21395349 0.38260104 0.16666667 0.
 0.01781152 0.01790516 0.05454545 0.05454545 0.         0.58735377
 0.78292683 0.51133447 0.25       0.1072546  0.02864079 0.02903704
 0.05454545 0.05454545 0.         0.09747044 0.13861386 0.3198326
 0.16666667 0.         0.02132192 0.0210504  0.05454545 0.05454545
 0.         0.08849611 0.26932084 0.28936148]
deleted_not_scaled [2.00000000e+00 0.00000000e+00 6.84454000e+02 1.74536000e+05
 5.12000000e+02 2.88000000e+02 0.00000000e+00 1.57590000e+01
 6.62000000e-01 3.69210000e+01 2.00000000e+00 0.00000000e+00
 6.82305000e+02 1.74329000e+05 5.12000000e+02 2.88000000e+02
 0.00000000e+00 3.34520000e+01 9.08000000e-01 4.74140000e+01
 3.00000000e+00 5.27280643e-01 8.62718000e+02 2.20748000e+05
 5.12000000e+02 2.88000000e+02 0.00000000e+00 1.71750000e+01
 6.47000000e-01 2.89650000e+01 2.00000000e+00 0.00000000e+00
 7.40845000e+02 1.87619000e+05 5.12000000e+02 2.88000000e+02
 0.00000000e+00 1.65580000e+01 6.85000000e-01 2.73490000e+01
 1.41000000e+02]
deleted_idx_col 753
query_origi 507
query_idx 520
deleted_scaled [0.16666667 0.         0.01820551 0.01812125 0.05454545 0.05454545
 0.         0.14927483 0.26976744 0.27471503 0.25       0.
 0.02923576 0.02927215 0.05454545 0.05454545 0.         0.04309196
 0.23170732 0.40155943 0.25       0.         0.02695838 0.02727019
 0.05454545 0.05454545 0.         0.13112455 0.43069307 0.19242958
 0.25       0.         0.03242193 0.03201545 0.05454545 0.05454545
 0.         0.68790291 0.82669789 0.58768449]
deleted_not_scaled [2.00000e+00 0.00000e+00 6.85581e+02 1.74652e+05 5.12000e+02 2.88000e+02
 0.00000e+00 2.05880e+01 6.86000e-01 2.65100e+01 3.00000e+00 0.00000e+00
 9.07002e+02 2.31399e+05 5.12000e+02 2.88000e+02 0.00000e+00 1.50750e+01
 6.82000e-01 3.72350e+01 3.00000e+00 0.00000e+00 8.30911e+02 2.12298e+05
 5.12000e+02 2.88000e+02 0.00000e+00 1.83990e+01 7.65000e-01 1.74270e+01
 3.00000e+00 0.00000e+00 9.59284e+02 2.42699e+05 5.12000e+02 2.88000e+02
 0.00000e+00 3.63630e+01 9.23000e-01 5.55450e+01 2.38000e+02]
deleted_idx_col 520
query_origi 939
query_idx 965
deleted_scaled [0.58333333 0.         0.1406007  0.13966259 0.27272727 0.27272727
 0.         0.19259196 0.4627907  0.22415544 0.58333333 0.
 0.13998004 0.139341   0.27272727 0.27272727 0.         0.6931734
 0.86585366 0.76803701 0.58333333 0.         0.14599449 0.14685337
 0.27272727 0.27272727 0.         0.17629915 0.4950495  0.31979948
 0.58333333 0.         0.1399728  0.13976383 0.27272727 0.27272727
 0.         0.20417058 0.46604215 0.33129133]
deleted_not_scaled [7.000000e+00 0.000000e+00 3.093462e+03 7.849660e+05 1.280000e+03
 7.200000e+02 0.000000e+00 2.261000e+01 7.690000e-01 2.163100e+01
 7.000000e+00 0.000000e+00 3.085170e+03 7.840190e+05 1.280000e+03
 7.200000e+02 0.000000e+00 3.702500e+01 9.420000e-01 7.121700e+01
 7.000000e+00 0.000000e+00 3.081359e+03 7.842060e+05 1.280000e+03
 7.200000e+02 0.000000e+00 2.004200e+01 7.910000e-01 2.896200e+01
 7.000000e+00 0.000000e+00 3.075797e+03 7.839440e+05 1.280000e+03
 7.200000e+02 0.000000e+00 2.038000e+01 7.690000e-01 3.131200e+01
 8.500000e+01]
deleted_idx_col 965
query_origi 707
query_idx 787
deleted_scaled [0.41666667 0.         0.07723066 0.07739953 0.18181818 0.17171717
 0.         0.55843099 0.88139535 0.85380311 0.5        0.
 0.1079645  0.10704057 0.27272727 0.27272727 0.         0.45262846
 0.56829268 0.42710782 0.5        0.         0.11274983 0.11295863
 0.27272727 0.27272727 0.         0.22680781 0.11138614 0.36018021
 0.5        0.         0.10809861 0.10751068 0.27272727 0.27272727
 0.         0.24953845 0.15456674 0.32557795]
deleted_not_scaled [5.000000e+00 0.000000e+00 1.846783e+03 4.723150e+05 9.600000e+02
 5.200000e+02 0.000000e+00 3.968700e+01 9.490000e-01 8.239200e+01
 6.000000e+00 0.000000e+00 2.455474e+03 6.218490e+05 1.280000e+03
 7.200000e+02 0.000000e+00 2.890300e+01 8.200000e-01 3.960400e+01
 6.000000e+00 0.000000e+00 2.452849e+03 6.221040e+05 1.280000e+03
 7.200000e+02 0.000000e+00 2.187900e+01 6.360000e-01 3.261900e+01
 6.000000e+00 0.000000e+00 2.448539e+03 6.219290e+05 1.280000e+03
 7.200000e+02 0.000000e+00 2.187900e+01 6.360000e-01 3.077200e+01
 9.000000e+01]
deleted_idx_col 787
query_origi 731
query_idx 630
deleted_scaled [1.         0.         0.8275702  0.82674055 1.         1.
 1.         0.27228518 0.58372093 0.22115026 1.         0.
 0.90362401 0.90408065 1.         1.         1.         0.12287872
 0.36097561 0.11227703 1.         0.         0.85407914 0.86353009
 1.         1.         1.         0.22760517 0.58415842 0.0165741
 1.         0.         0.75991337 0.75383712 1.         1.
 1.         0.2296238  0.36065574 0.06032905]
deleted_not_scaled [1.2000000e+01 0.0000000e+00 1.6608215e+04 4.2350950e+06 3.8400000e+03
 2.1600000e+03 1.0000000e+00 2.6330000e+01 8.2100000e-01 2.1341000e+01
 1.2000000e+01 0.0000000e+00 1.8104861e+04 4.6235290e+06 3.8400000e+03
 2.1600000e+03 1.0000000e+00 1.7769000e+01 7.3500000e-01 1.0411000e+01
 1.2000000e+01 0.0000000e+00 1.6468117e+04 4.2117210e+06 3.8400000e+03
 2.1600000e+03 1.0000000e+00 2.1908000e+01 8.2700000e-01 1.5010000e+00
 1.2000000e+01 0.0000000e+00 1.5275719e+04 3.8685760e+06 3.8400000e+03
 2.1600000e+03 1.0000000e+00 2.1221000e+01 7.2400000e-01 5.7020000e+00
 2.8400000e+02]
deleted_idx_col 630
query_origi 731
query_idx 775
deleted_scaled [0.25       0.         0.02576206 0.02551772 0.05454545 0.05454545
 0.         0.24842006 0.73953488 0.12557513 0.33333333 0.
 0.04256803 0.0423933  0.09090909 0.09090909 0.         0.3805716
 0.76585366 0.25173091 0.33333333 0.         0.04485181 0.04512879
 0.09090909 0.09090909 0.         0.21710201 0.67574257 0.23368263
 0.33333333 0.         0.04284411 0.0428091  0.09090909 0.09090909
 0.         0.16385703 0.70725995 0.1507803 ]
deleted_not_scaled [3.000000e+00 0.000000e+00 8.342410e+02 2.117930e+05 5.120000e+02
 2.880000e+02 0.000000e+00 2.521600e+01 8.880000e-01 1.211800e+01
 4.000000e+00 0.000000e+00 1.169227e+03 2.972760e+05 6.400000e+02
 3.600000e+02 0.000000e+00 2.647000e+01 9.010000e-01 2.334200e+01
 4.000000e+00 0.000000e+00 1.169197e+03 2.977070e+05 6.400000e+02
 3.600000e+02 0.000000e+00 2.152600e+01 8.640000e-01 2.116300e+01
 4.000000e+00 0.000000e+00 1.164384e+03 2.969180e+05 6.400000e+02
 3.600000e+02 0.000000e+00 1.904800e+01 8.720000e-01 1.425100e+01
 1.680000e+02]
deleted_idx_col 775
query_origi 541
query_idx 956
deleted_scaled [0.91666667 0.         0.55408038 0.55491161 1.         1.
 0.         0.56423659 0.89767442 0.92324352 1.         0.
 0.79254346 0.78581789 1.         1.         1.         0.11091367
 0.55853659 0.06331557 0.91666667 0.         0.63165619 0.63289188
 1.         1.         0.         0.12719274 0.17821782 0.07808929
 0.91666667 0.         0.5727449  0.56958201 1.         1.
 0.         0.2093157  0.55503513 0.05887954]
deleted_not_scaled [1.1000000e+01 0.0000000e+00 1.1227849e+04 2.8701190e+06 3.8400000e+03
 2.1600000e+03 0.0000000e+00 3.9958000e+01 9.5600000e-01 8.9093000e+01
 1.2000000e+01 0.0000000e+00 1.5920079e+04 4.0297700e+06 3.8400000e+03
 2.1600000e+03 1.0000000e+00 1.7365000e+01 8.1600000e-01 5.8710000e+00
 1.1000000e+01 0.0000000e+00 1.2263080e+04 3.1086910e+06 3.8400000e+03
 2.1600000e+03 0.0000000e+00 1.8256000e+01 6.6300000e-01 7.0720000e+00
 1.1000000e+01 0.0000000e+00 1.1592397e+04 2.9430200e+06 3.8400000e+03
 2.1600000e+03 0.0000000e+00 2.0550000e+01 8.0700000e-01 5.5650000e+00
 2.4800000e+02]
deleted_idx_col 956
query_origi 109
query_idx 661
deleted_scaled [0.91666667 0.         0.57065035 0.56546632 1.         1.
 0.         0.55354656 0.9255814  0.72035233 0.91666667 0.
 0.6122221  0.60762475 1.         1.         0.         0.4152821
 0.6902439  0.14190195 0.91666667 0.         0.60309956 0.60488798
 1.         1.         0.         0.34665933 0.64851485 0.05624814
 0.91666667 0.         0.52192276 0.51982559 1.         1.
 0.         0.3077994  0.6206089  0.16769825]
deleted_not_scaled [1.1000000e+01 0.0000000e+00 1.1553830e+04 2.9231190e+06 3.8400000e+03
 2.1600000e+03 0.0000000e+00 3.9459000e+01 9.6800000e-01 6.9514000e+01
 1.1000000e+01 0.0000000e+00 1.2373438e+04 3.1351200e+06 3.8400000e+03
 2.1600000e+03 0.0000000e+00 2.7642000e+01 8.7000000e-01 1.3158000e+01
 1.1000000e+01 0.0000000e+00 1.1723200e+04 2.9747620e+06 3.8400000e+03
 2.1600000e+03 0.0000000e+00 2.6238000e+01 8.5300000e-01 5.0940000e+00
 1.1000000e+01 0.0000000e+00 1.0592259e+04 2.6930820e+06 3.8400000e+03
 2.1600000e+03 0.0000000e+00 2.3804000e+01 8.3500000e-01 1.5850000e+01
 6.8000000e+01]
deleted_idx_col 661
query_origi 280
query_idx 111
deleted_scaled [1.         0.07833125 0.83252841 0.83294155 1.         1.
 1.         0.24584931 0.78837209 0.07468394 1.         0.18551408
 0.78047011 0.78204529 1.         1.         1.         0.73490301
 0.80731707 0.79312167 1.         0.1099702  0.86740816 0.86826546
 1.         1.         1.         0.14162772 0.3960396  0.03271756
 1.         0.         0.86940528 0.86376975 1.         1.
 1.         0.97085439 0.96252927 0.94812464]
deleted_not_scaled [1.20000000e+01 3.68038646e-01 1.67057580e+04 4.26623300e+06
 3.84000000e+03 2.16000000e+03 1.00000000e+00 2.50960000e+01
 9.09000000e-01 7.20700000e+00 1.20000000e+01 6.08773441e-01
 1.56826150e+04 4.01082900e+06 3.84000000e+03 2.16000000e+03
 1.00000000e+00 3.84340000e+01 9.18000000e-01 7.35430000e+01
 1.20000000e+01 5.40630960e-01 1.67201100e+04 4.23436800e+06
 3.84000000e+03 2.16000000e+03 1.00000000e+00 1.87810000e+01
 7.51000000e-01 2.96300000e+00 1.20000000e+01 0.00000000e+00
 1.74304300e+04 4.42079300e+06 3.84000000e+03 2.16000000e+03
 1.00000000e+00 4.57120000e+01 9.81000000e-01 8.96120000e+01
 1.87000000e+02]
deleted_idx_col 111
query_origi 110
query_idx 290
deleted_scaled [0.         0.         0.00132486 0.00116779 0.         0.
 0.         0.12348165 0.62790698 0.         0.         0.15516162
 0.00183777 0.00177924 0.         0.         0.         0.13004591
 0.57317073 0.         0.         0.08652756 0.00225531 0.00220574
 0.         0.         0.         0.41677206 0.78217822 0.02200678
 0.         0.         0.00242769 0.00238731 0.         0.
 0.         0.33960837 0.73770492 0.00259218]
deleted_not_scaled [0.00000000e+00 0.00000000e+00 3.53488000e+02 8.95210000e+04
 3.20000000e+02 1.80000000e+02 0.00000000e+00 1.93840000e+01
 8.40000000e-01 0.00000000e+00 0.00000000e+00 5.09170376e-01
 3.68126000e+02 9.33660000e+04 3.20000000e+02 1.80000000e+02
 0.00000000e+00 1.80110000e+01 8.22000000e-01 0.00000000e+00
 0.00000000e+00 4.25383229e-01 3.63885000e+02 9.24270000e+04
 3.20000000e+02 1.80000000e+02 0.00000000e+00 2.87880000e+01
 9.07000000e-01 1.99300000e+00 0.00000000e+00 0.00000000e+00
 3.69022000e+02 9.38700000e+04 3.20000000e+02 1.80000000e+02
 0.00000000e+00 2.48550000e+01 8.85000000e-01 2.45000000e-01
 6.10000000e+01]
deleted_idx_col 290
query_origi 187
query_idx 104
deleted_scaled [0.41666667 0.96208746 0.07950545 0.07911377 0.18181818 0.17171717
 0.         0.21917779 0.62790698 0.31003109 0.25       0.04787334
 0.02987424 0.02981869 0.05454545 0.05454545 0.         0.54275137
 0.84634146 0.5697539  0.08333333 0.         0.00701189 0.00707662
 0.01818182 0.01818182 0.         0.35732747 0.76485149 0.00500204
 0.         0.         0.00211767 0.00215061 0.         0.
 0.         0.36463787 0.76346604 0.        ]
deleted_not_scaled [5.00000000e+00 4.52035891e+00 1.89153500e+03 4.80923000e+05
 9.60000000e+02 5.20000000e+02 0.00000000e+00 2.38510000e+01
 8.40000000e-01 2.99180000e+01 3.00000000e+00 1.57098684e-01
 9.19560000e+02 2.34143000e+05 5.12000000e+02 2.88000000e+02
 0.00000000e+00 3.19460000e+01 9.34000000e-01 5.28310000e+01
 1.00000000e+00 0.00000000e+00 4.53811000e+02 1.15722000e+05
 3.84000000e+02 2.16000000e+02 0.00000000e+00 2.66260000e+01
 9.00000000e-01 4.53000000e-01 0.00000000e+00 0.00000000e+00
 3.62921000e+02 9.26810000e+04 3.20000000e+02 1.80000000e+02
 0.00000000e+00 2.56820000e+01 8.96000000e-01 0.00000000e+00
 7.10000000e+01]
deleted_idx_col 104
query_origi 128
query_idx 909
deleted_scaled [0.         0.         0.00177802 0.00159934 0.         0.
 0.         0.74395338 0.99302326 0.67647668 0.41666667 0.
 0.07778687 0.07714758 0.18181818 0.17171717 0.         0.70451651
 0.99756098 0.84936264 0.58333333 0.         0.14651206 0.14688933
 0.27272727 0.27272727 0.         1.         1.         0.7411084
 0.58333333 0.         0.14046088 0.13979051 0.27272727 0.27272727
 0.         0.93323447 1.         0.86506904]
deleted_not_scaled [0.000000e+00 0.000000e+00 3.624030e+02 9.168800e+04 3.200000e+02
 1.800000e+02 0.000000e+00 4.834700e+01 9.970000e-01 6.528000e+01
 5.000000e+00 0.000000e+00 1.861927e+03 4.717660e+05 9.600000e+02
 5.200000e+02 0.000000e+00 3.740800e+01 9.960000e-01 7.875800e+01
 7.000000e+00 0.000000e+00 3.091144e+03 7.843780e+05 1.280000e+03
 7.200000e+02 0.000000e+00 5.000000e+01 9.950000e-01 6.711700e+01
 7.000000e+00 0.000000e+00 3.085402e+03 7.840780e+05 1.280000e+03
 7.200000e+02 0.000000e+00 4.446900e+01 9.970000e-01 8.176200e+01
 0.000000e+00]
deleted_idx_col 909
query_origi 241
query_idx 574
deleted_scaled [0.91666667 0.         0.57000759 0.5697133  1.         1.
 0.         0.02924227 0.2        0.11596891 0.91666667 0.
 0.56505575 0.56565212 1.         1.         0.         0.14295869
 0.38780488 0.02176304 1.         0.         1.         1.
 1.         1.         1.         0.77165246 0.88366337 1.
 0.91666667 0.         0.54587625 0.54175749 1.         1.
 0.         0.08686178 0.52693208 0.11360102]
deleted_not_scaled [1.1000000e+01 0.0000000e+00 1.1541185e+04 2.9444450e+06 3.8400000e+03
 2.1600000e+03 0.0000000e+00 1.4985000e+01 6.5600000e-01 1.1191000e+01
 1.1000000e+01 0.0000000e+00 1.1445749e+04 2.9243890e+06 3.8400000e+03
 2.1600000e+03 0.0000000e+00 1.8447000e+01 7.4600000e-01 2.0180000e+00
 1.2000000e+01 0.0000000e+00 1.9226837e+04 4.8643900e+06 3.8400000e+03
 2.1600000e+03 1.0000000e+00 4.1695000e+01 9.4800000e-01 9.0563000e+01
 1.1000000e+01 0.0000000e+00 1.1063644e+04 2.8032510e+06 3.8400000e+03
 2.1600000e+03 0.0000000e+00 1.6504000e+01 7.9500000e-01 1.0737000e+01
 2.3900000e+02]
deleted_idx_col 574
query_origi 591
query_idx 512
deleted_scaled [1.         0.         0.82901309 0.82652548 1.         1.
 1.         0.19274192 0.41395349 0.1333057  0.91666667 0.
 0.568473   0.5676393  1.         1.         0.         0.75205094
 0.86097561 0.90601342 0.91666667 0.         0.59103572 0.59639223
 1.         1.         0.         0.12930987 0.20792079 0.11357839
 1.         0.         0.8818089  0.8831312  1.         1.
 1.         0.05456857 0.16627635 0.16620642]
deleted_not_scaled [1.2000000e+01 0.0000000e+00 1.6636601e+04 4.2340150e+06 3.8400000e+03
 2.1600000e+03 1.0000000e+00 2.2617000e+01 7.4800000e-01 1.2864000e+01
 1.1000000e+01 0.0000000e+00 1.1512961e+04 2.9343660e+06 3.8400000e+03
 2.1600000e+03 0.0000000e+00 3.9013000e+01 9.4000000e-01 8.4011000e+01
 1.1000000e+01 0.0000000e+00 1.1495126e+04 2.9341310e+06 3.8400000e+03
 2.1600000e+03 0.0000000e+00 1.8333000e+01 6.7500000e-01 1.0286000e+01
 1.2000000e+01 0.0000000e+00 1.7674523e+04 4.5180500e+06 3.8400000e+03
 2.1600000e+03 1.0000000e+00 1.5437000e+01 6.4100000e-01 1.5709000e+01
 1.3200000e+02]
deleted_idx_col 512
query_origi 396
query_idx 644
deleted_scaled [1.         0.         0.84942477 0.84475686 1.         1.
 1.         0.05490692 0.4        0.01918135 1.         0.
 0.81720118 0.81394478 1.         1.         1.         0.82508515
 0.91707317 0.87264629 0.91666667 0.         0.58312113 0.58692357
 1.         1.         0.         0.21836679 0.5        0.02188532
 1.         0.         0.80826757 0.80746456 1.         1.
 1.         0.23122787 0.49180328 0.02946622]
deleted_not_scaled [1.2000000e+01 0.0000000e+00 1.7038160e+04 4.3255630e+06 3.8400000e+03
 2.1600000e+03 1.0000000e+00 1.6183000e+01 7.4200000e-01 1.8510000e+00
 1.2000000e+01 0.0000000e+00 1.6405058e+04 4.1709860e+06 3.8400000e+03
 2.1600000e+03 1.0000000e+00 4.1479000e+01 9.6300000e-01 8.0917000e+01
 1.1000000e+01 0.0000000e+00 1.1345496e+04 2.8888470e+06 3.8400000e+03
 2.1600000e+03 0.0000000e+00 2.1572000e+01 7.9300000e-01 1.9820000e+00
 1.2000000e+01 0.0000000e+00 1.6227290e+04 4.1379590e+06 3.8400000e+03
 2.1600000e+03 1.0000000e+00 2.1274000e+01 7.8000000e-01 2.7850000e+00
 1.5300000e+02]
deleted_idx_col 644
query_origi 483
query_idx 875
deleted_scaled [0.91666667 0.         0.5946721  0.59346798 1.         1.
 0.         0.22569035 0.67906977 0.05239378 0.91666667 0.
 0.55976951 0.5595139  1.         1.         0.         0.4566563
 0.74390244 0.12308306 0.91666667 0.         0.55396208 0.55954841
 1.         1.         0.         0.33736596 0.6509901  0.18025021
 1.         0.         0.83336674 0.82588099 1.         1.
 1.         0.78239157 0.93208431 0.73912077]
deleted_not_scaled [1.1000000e+01 0.0000000e+00 1.2026410e+04 3.0637280e+06 3.8400000e+03
 2.1600000e+03 0.0000000e+00 2.4155000e+01 8.6200000e-01 5.0560000e+00
 1.1000000e+01 0.0000000e+00 1.1341777e+04 2.8935710e+06 3.8400000e+03
 2.1600000e+03 0.0000000e+00 2.9039000e+01 8.9200000e-01 1.1413000e+01
 1.1000000e+01 0.0000000e+00 1.0794227e+04 2.7579250e+06 3.8400000e+03
 2.1600000e+03 0.0000000e+00 2.5900000e+01 8.5400000e-01 1.6324000e+01
 1.2000000e+01 0.0000000e+00 1.6721221e+04 4.2304690e+06 3.8400000e+03
 2.1600000e+03 1.0000000e+00 3.9485000e+01 9.6800000e-01 6.9858000e+01
 6.5000000e+01]
deleted_idx_col 875
query_origi 744
query_idx 526
deleted_scaled [0.91666667 0.         0.58082561 0.57760026 1.         1.
 0.         0.05445704 0.40232558 0.01833161 0.91666667 0.
 0.54977132 0.54757885 1.         1.         0.         0.79084851
 0.90487805 0.81276018 0.91666667 0.         0.58312113 0.58692357
 1.         1.         0.         0.21836679 0.5        0.02188532
 0.91666667 0.         0.56280023 0.5622435  1.         1.
 0.         0.2313792  0.49648712 0.02785801]
deleted_not_scaled [1.1000000e+01 0.0000000e+00 1.1754008e+04 2.9840490e+06 3.8400000e+03
 2.1600000e+03 0.0000000e+00 1.6162000e+01 7.4300000e-01 1.7690000e+00
 1.1000000e+01 0.0000000e+00 1.1145128e+04 2.8336490e+06 3.8400000e+03
 2.1600000e+03 0.0000000e+00 4.0323000e+01 9.5800000e-01 7.5364000e+01
 1.1000000e+01 0.0000000e+00 1.1345496e+04 2.8888470e+06 3.8400000e+03
 2.1600000e+03 0.0000000e+00 2.1572000e+01 7.9300000e-01 1.9820000e+00
 1.1000000e+01 0.0000000e+00 1.1396694e+04 2.9061570e+06 3.8400000e+03
 2.1600000e+03 0.0000000e+00 2.1279000e+01 7.8200000e-01 2.6330000e+00
 1.5300000e+02]
deleted_idx_col 526
query_origi 589
query_idx 533
deleted_scaled [1.         0.         0.76665657 0.76818717 1.         1.
 1.         0.18922856 0.72790698 0.00740933 0.91666667 0.
 0.54689285 0.54250324 1.         1.         0.         0.16845846
 0.28536585 0.03594461 0.91666667 0.         0.59503549 0.59649657
 1.         1.         0.         0.22449821 0.69554455 0.46112651
 1.         0.         0.91607831 0.91151432 1.         1.
 1.         0.45255894 0.79859485 0.24036396]
deleted_not_scaled [1.2000000e+01 0.0000000e+00 1.5409861e+04 3.9410720e+06 3.8400000e+03
 2.1600000e+03 1.0000000e+00 2.2453000e+01 8.8300000e-01 7.1500000e-01
 1.1000000e+01 0.0000000e+00 1.1088513e+04 2.8081660e+06 3.8400000e+03
 2.1600000e+03 0.0000000e+00 1.9308000e+01 7.0400000e-01 3.3330000e+00
 1.1000000e+01 0.0000000e+00 1.1570744e+04 2.9346300e+06 3.8400000e+03
 2.1600000e+03 0.0000000e+00 2.1795000e+01 8.7200000e-01 4.1761000e+01
 1.2000000e+01 0.0000000e+00 1.8348917e+04 4.6606250e+06 3.8400000e+03
 2.1600000e+03 1.0000000e+00 2.8587000e+01 9.1100000e-01 2.2718000e+01
 1.7300000e+02]
deleted_idx_col 533
query_origi 227
query_idx 389
deleted_scaled [1.         0.09432611 0.77393624 0.77315824 1.         1.
 1.         0.04698044 0.17906977 0.13473575 1.         0.16570031
 0.82573672 0.82657256 1.         1.         1.         0.81297201
 0.88292683 1.         1.         0.16040825 0.85837178 0.86830247
 1.         1.         1.         0.09408853 0.09158416 0.10117819
 1.         0.         0.90574023 0.89851791 1.         1.
 1.         0.08495506 0.21311475 0.09197482]
deleted_not_scaled [1.20000000e+01 4.43190329e-01 1.55530740e+04 3.96603400e+06
 3.84000000e+03 2.16000000e+03 1.00000000e+00 1.58130000e+01
 6.47000000e-01 1.30020000e+01 1.20000000e+01 5.43753595e-01
 1.65729390e+04 4.23438600e+06 3.84000000e+03 2.16000000e+03
 1.00000000e+00 4.10700000e+01 9.49000000e-01 9.27260000e+01
 1.20000000e+01 7.88592439e-01 1.65492720e+04 4.23454500e+06
 3.84000000e+03 2.16000000e+03 1.00000000e+00 1.70520000e+01
 6.28000000e-01 9.16300000e+00 1.20000000e+01 0.00000000e+00
 1.81454720e+04 4.59534100e+06 3.84000000e+03 2.16000000e+03
 1.00000000e+00 1.64410000e+01 6.61000000e-01 8.69300000e+00
 1.41000000e+02]
deleted_idx_col 389
query_origi 727
query_idx 738
deleted_scaled [0.41666667 0.         0.07823142 0.07793762 0.18181818 0.17171717
 0.         0.51224319 0.60697674 0.53377202 0.41666667 0.21135092
 0.07912206 0.07903697 0.18181818 0.17171717 0.         0.15397601
 0.4195122  0.3409939  0.41666667 0.63500961 0.0780165  0.07874544
 0.18181818 0.17171717 0.         0.03607369 0.44059406 0.29104601
 0.33333333 0.         0.04272546 0.04283518 0.09090909 0.09090909
 0.         0.08713417 0.60187354 0.4217849 ]
deleted_not_scaled [5.0000000e+00 0.0000000e+00 1.8664710e+03 4.7501700e+05 9.6000000e+02
 5.2000000e+02 0.0000000e+00 3.7531000e+01 8.3100000e-01 5.1509000e+01
 5.0000000e+00 6.9355827e-01 1.8881880e+03 4.8125200e+05 9.6000000e+02
 5.2000000e+02 0.0000000e+00 1.8819000e+01 7.5900000e-01 3.1619000e+01
 5.0000000e+00 3.1218081e+00 1.7961950e+03 4.5847900e+05 9.6000000e+02
 5.2000000e+02 0.0000000e+00 1.4942000e+01 7.6900000e-01 2.6358000e+01
 4.0000000e+00 0.0000000e+00 1.1620490e+03 2.9704900e+05 6.4000000e+02
 3.6000000e+02 0.0000000e+00 1.6513000e+01 8.2700000e-01 3.9865000e+01
 4.0000000e+00]
deleted_idx_col 738
query_origi 164
query_idx 35
deleted_scaled [0.5        0.         0.10749721 0.1072395  0.27272727 0.27272727
 0.         0.13894899 0.21162791 0.07843523 0.5        0.8228571
 0.10854324 0.10853598 0.27272727 0.27272727 0.         0.04113727
 0.2        0.11051916 0.5        0.         0.11019492 0.11133981
 0.27272727 0.27272727 0.         0.1308496  0.40841584 0.01450924
 0.41666667 0.         0.08592848 0.08504905 0.18181818 0.17171717
 0.         0.7475258  0.84777518 0.7975771 ]
deleted_not_scaled [6.0000000e+00 0.0000000e+00 2.4422170e+03 6.2215500e+05 1.2800000e+03
 7.2000000e+02 0.0000000e+00 2.0106000e+01 6.6100000e-01 7.5690000e+00
 6.0000000e+00 2.7002454e+00 2.4668570e+03 6.2935700e+05 1.2800000e+03
 7.2000000e+02 0.0000000e+00 1.5009000e+01 6.6900000e-01 1.0248000e+01
 6.0000000e+00 0.0000000e+00 2.4045470e+03 6.1436200e+05 1.2800000e+03
 7.2000000e+02 0.0000000e+00 1.8389000e+01 7.5600000e-01 1.3140000e+00
 5.0000000e+00 0.0000000e+00 2.0122490e+03 5.0909900e+05 9.6000000e+02
 5.2000000e+02 0.0000000e+00 3.8333000e+01 9.3200000e-01 7.5383000e+01
 2.3800000e+02]
deleted_idx_col 35
query_origi 351
query_idx 891
deleted_scaled [0.5        0.         0.10792816 0.10718155 0.27272727 0.27272727
 0.         0.77936545 0.98837209 0.65370984 0.5        0.
 0.10747803 0.1069842  0.27272727 0.27272727 0.         0.91363838
 1.         0.80238552 0.41666667 0.         0.08173371 0.08220345
 0.18181818 0.17171717 0.         0.6571625  0.59405941 0.56876429
 0.41666667 0.         0.0796243  0.0795054  0.18181818 0.17171717
 0.         0.15692624 0.44262295 0.33453949]
deleted_not_scaled [6.000000e+00 0.000000e+00 2.450695e+03 6.218640e+05 1.280000e+03
 7.200000e+02 0.000000e+00 5.000000e+01 9.950000e-01 6.308300e+01
 6.000000e+00 0.000000e+00 2.445906e+03 6.215660e+05 1.280000e+03
 7.200000e+02 0.000000e+00 4.446900e+01 9.970000e-01 7.440200e+01
 5.000000e+00 0.000000e+00 1.866471e+03 4.750170e+05 9.600000e+02
 5.200000e+02 0.000000e+00 3.753100e+01 8.310000e-01 5.150900e+01
 5.000000e+00 0.000000e+00 1.888188e+03 4.812520e+05 9.600000e+02
 5.200000e+02 0.000000e+00 1.881900e+01 7.590000e-01 3.161900e+01
 2.000000e+00]
deleted_idx_col 891
query_origi 307
query_idx 836
deleted_scaled [0.58333333 0.         0.14067095 0.13957835 0.27272727 0.27272727
 0.         0.19996144 0.44651163 0.22795855 0.66666667 0.
 0.20534875 0.20419999 0.45454545 0.45454545 0.         0.52225677
 0.69756098 0.59927097 0.75       0.         0.29353948 0.29498494
 0.45454545 0.45454545 0.         0.28309046 0.43564356 0.00514559
 0.75       0.         0.27813141 0.27757195 0.45454545 0.45454545
 0.         0.26312763 0.41920375 0.0192562 ]
deleted_not_scaled [7.000000e+00 0.000000e+00 3.094844e+03 7.845430e+05 1.280000e+03
 7.200000e+02 0.000000e+00 2.295400e+01 7.620000e-01 2.199800e+01
 8.000000e+00 0.000000e+00 4.370871e+03 1.109655e+06 1.920000e+03
 1.080000e+03 0.000000e+00 3.125400e+01 8.730000e-01 5.556800e+01
 9.000000e+00 0.000000e+00 5.870784e+03 1.492647e+06 1.920000e+03
 1.080000e+03 0.000000e+00 2.392600e+01 7.670000e-01 4.660000e-01
 9.000000e+00 0.000000e+00 5.794645e+03 1.476186e+06 1.920000e+03
 1.080000e+03 0.000000e+00 2.232800e+01 7.490000e-01 1.820000e+00
 1.220000e+02]
deleted_idx_col 836
query_origi 440
query_idx 737
deleted_scaled [1.         0.         0.80946818 0.80380117 1.         1.
 1.         0.19940444 0.66976744 0.03418653 0.91666667 0.
 0.57094706 0.56780681 1.         1.         0.         0.58963424
 0.9097561  0.51528158 1.         0.         0.86394278 0.86827864
 1.         1.         1.         0.22708276 0.35643564 0.06525844
 0.91666667 0.         0.56931249 0.56788887 1.         1.
 0.         0.22441815 0.31147541 0.04756917]
deleted_not_scaled [1.2000000e+01 0.0000000e+00 1.6252094e+04 4.1199060e+06 3.8400000e+03
 2.1600000e+03 1.0000000e+00 2.2928000e+01 8.5800000e-01 3.2990000e+00
 1.1000000e+01 0.0000000e+00 1.1561622e+04 2.9352070e+06 3.8400000e+03
 2.1600000e+03 0.0000000e+00 3.3529000e+01 9.6000000e-01 4.7780000e+01
 1.2000000e+01 0.0000000e+00 1.6654595e+04 4.2344310e+06 3.8400000e+03
 2.1600000e+03 1.0000000e+00 2.1889000e+01 7.3500000e-01 5.9100000e+00
 1.1000000e+01 0.0000000e+00 1.1524850e+04 2.9345150e+06 3.8400000e+03
 2.1600000e+03 0.0000000e+00 2.1049000e+01 7.0300000e-01 4.4960000e+00
 2.8000000e+02]
deleted_idx_col 737
query_origi 610
query_idx 243
deleted_scaled [0.33333333 0.7960277  0.04295282 0.04261616 0.09090909 0.09090909
 0.         0.42498768 0.9        0.54307772 0.16666667 0.09765861
 0.01799329 0.01791631 0.05454545 0.05454545 0.         0.25908485
 0.41463415 0.21820201 0.         0.14553603 0.00236554 0.00236424
 0.         0.         0.         0.21391257 0.37623762 0.
 0.         0.         0.00236199 0.0023676  0.         0.
 0.         0.38721588 0.55503513 0.        ]
deleted_not_scaled [4.00000000e+00 3.74012868e+00 1.17243500e+03 2.97652000e+05
 6.40000000e+02 3.60000000e+02 0.00000000e+00 3.34580000e+01
 9.57000000e-01 5.24070000e+01 2.00000000e+00 3.20471454e-01
 6.85880000e+02 1.74385000e+05 5.12000000e+02 2.88000000e+02
 0.00000000e+00 2.23680000e+01 7.57000000e-01 2.02330000e+01
 0.00000000e+00 7.15478239e-01 3.65969000e+02 9.31850000e+04
 3.20000000e+02 1.80000000e+02 0.00000000e+00 2.14100000e+01
 7.43000000e-01 0.00000000e+00 0.00000000e+00 0.00000000e+00
 3.67729000e+02 9.37710000e+04 3.20000000e+02 1.80000000e+02
 0.00000000e+00 2.64280000e+01 8.07000000e-01 0.00000000e+00
 2.81000000e+02]
deleted_idx_col 243
query_origi 840
query_idx 71
deleted_scaled [0.00000000e+00 4.29897981e-02 3.71524368e-03 3.63918643e-03
 0.00000000e+00 0.00000000e+00 0.00000000e+00 4.29315110e-02
 3.97674419e-01 2.56476684e-02 0.00000000e+00 9.15365866e-02
 4.29164540e-04 4.64479285e-04 0.00000000e+00 0.00000000e+00
 0.00000000e+00 1.37775803e-01 5.24390244e-01 0.00000000e+00
 0.00000000e+00 8.21490606e-02 1.91673468e-03 1.95922143e-03
 0.00000000e+00 0.00000000e+00 0.00000000e+00 8.23480891e-02
 2.77227723e-01 0.00000000e+00 0.00000000e+00 0.00000000e+00
 2.30995397e-03 2.36122926e-03 0.00000000e+00 0.00000000e+00
 0.00000000e+00 2.05623316e-01 3.34894614e-01 7.72364175e-04]
deleted_not_scaled [0.00000000e+00 2.01987163e-01 4.00514000e+02 1.01931000e+05
 3.20000000e+02 1.80000000e+02 0.00000000e+00 1.56240000e+01
 7.41000000e-01 2.47500000e+00 0.00000000e+00 3.00381739e-01
 3.40421000e+02 8.67650000e+04 3.20000000e+02 1.80000000e+02
 0.00000000e+00 1.82720000e+01 8.02000000e-01 0.00000000e+00
 0.00000000e+00 4.03857827e-01 3.57484000e+02 9.12480000e+04
 3.20000000e+02 1.80000000e+02 0.00000000e+00 1.66250000e+01
 7.03000000e-01 0.00000000e+00 0.00000000e+00 0.00000000e+00
 3.66705000e+02 9.37390000e+04 3.20000000e+02 1.80000000e+02
 0.00000000e+00 2.04280000e+01 7.13000000e-01 7.30000000e-02
 1.47000000e+02]
deleted_idx_col 71
query_origi 446
query_idx 122
deleted_scaled [0.33333333 0.21491573 0.04235469 0.04248353 0.09090909 0.09090909
 0.         0.07549433 0.17209302 0.31569948 0.33333333 0.
 0.04573208 0.04529948 0.09090909 0.09090909 0.         0.08568044
 0.22439024 0.31106701 0.25       0.         0.0259372  0.02594181
 0.05454545 0.05454545 0.         0.05177344 0.37871287 0.20713757
 0.33333333 0.         0.04297344 0.04273504 0.09090909 0.09090909
 0.         0.15898429 0.45901639 0.27932074]
deleted_not_scaled [4.00000000e+00 1.00977954e+00 1.16066800e+03 2.96986000e+05
 6.40000000e+02 3.60000000e+02 0.00000000e+00 1.71440000e+01
 6.44000000e-01 3.04650000e+01 4.00000000e+00 0.00000000e+00
 1.23145900e+03 3.11867000e+05 6.40000000e+02 3.60000000e+02
 0.00000000e+00 1.65130000e+01 6.79000000e-01 2.88440000e+01
 3.00000000e+00 0.00000000e+00 8.11605000e+02 2.05945000e+05
 5.12000000e+02 2.88000000e+02 0.00000000e+00 1.55130000e+01
 7.44000000e-01 1.87590000e+01 4.00000000e+00 0.00000000e+00
 1.16692900e+03 2.96546000e+05 6.40000000e+02 3.60000000e+02
 0.00000000e+00 1.88870000e+01 7.66000000e-01 2.64000000e+01
 1.43000000e+02]
deleted_idx_col 122
query_origi 787
query_idx 31
deleted_scaled [0.66666667 0.17196413 0.20385119 0.20437814 0.45454545 0.45454545
 0.         0.20606697 0.64651163 0.07982383 0.66666667 0.45524161
 0.20582311 0.2041265  0.45454545 0.45454545 0.         0.27572931
 0.45365854 0.01246684 0.66666667 0.0136621  0.2141848  0.21477123
 0.45454545 0.45454545 0.         0.25347814 0.44554455 0.01905856
 0.58333333 0.         0.14051871 0.13984804 0.27272727 0.27272727
 0.         0.49087497 0.72131148 0.4765487 ]
deleted_not_scaled [8.00000000e+00 8.07971866e-01 4.33778900e+03 1.10993200e+06
 1.92000000e+03 1.08000000e+03 0.00000000e+00 2.32390000e+01
 8.48000000e-01 7.70300000e+00 8.00000000e+00 1.49389738e+00
 4.38020100e+03 1.10928600e+06 1.92000000e+03 1.08000000e+03
 0.00000000e+00 2.29300000e+01 7.73000000e-01 1.15600000e+00
 8.00000000e+00 6.71650367e-02 4.37053700e+03 1.10902400e+06
 1.92000000e+03 1.08000000e+03 0.00000000e+00 2.28490000e+01
 7.71000000e-01 1.72600000e+00 7.00000000e+00 0.00000000e+00
 3.08654000e+03 7.84367000e+05 1.28000000e+03 7.20000000e+02
 0.00000000e+00 2.98530000e+01 8.78000000e-01 4.50410000e+01
 2.71000000e+02]
deleted_idx_col 31
query_origi 248
query_idx 257
deleted_scaled [0.58333333 0.         0.13943153 0.13949392 0.27272727 0.27272727
 0.         0.18967844 0.60232558 0.42089119 0.58333333 0.12228406
 0.1391452  0.13950313 0.27272727 0.27272727 0.         0.79976307
 0.89756098 0.95995729 0.58333333 0.11429191 0.1489962  0.14905305
 0.27272727 0.27272727 0.         0.42048392 0.56683168 0.62967216
 0.5        0.         0.10831762 0.10754552 0.27272727 0.27272727
 0.         0.24953845 0.15456674 0.34511982]
deleted_not_scaled [7.00000000e+00 0.00000000e+00 3.07046100e+03 7.84119000e+05
 1.28000000e+03 7.20000000e+02 0.00000000e+00 2.24740000e+01
 8.29000000e-01 4.06160000e+01 7.00000000e+00 4.01281071e-01
 3.06875000e+03 7.84833000e+05 1.28000000e+03 7.20000000e+02
 0.00000000e+00 4.06240000e+01 9.55000000e-01 8.90130000e+01
 7.00000000e+00 5.61877173e-01 3.13810800e+03 7.94726000e+05
 1.28000000e+03 7.20000000e+02 0.00000000e+00 2.89230000e+01
 8.20000000e-01 5.70250000e+01 6.00000000e+00 0.00000000e+00
 2.45284900e+03 6.22104000e+05 1.28000000e+03 7.20000000e+02
 0.00000000e+00 2.18790000e+01 6.36000000e-01 3.26190000e+01
 8.90000000e+01]
deleted_idx_col 257
query_origi 505
query_idx 658
deleted_scaled [0.00000000e+00 0.00000000e+00 1.04605281e-03 9.25827828e-04
 0.00000000e+00 0.00000000e+00 0.00000000e+00 1.58550954e-01
 4.39534884e-01 3.73056995e-04 0.00000000e+00 0.00000000e+00
 2.65943722e-03 2.63390826e-03 0.00000000e+00 0.00000000e+00
 0.00000000e+00 2.60032578e-02 5.34146341e-01 5.69311736e-02
 2.50000000e-01 0.00000000e+00 3.01958310e-02 3.03535046e-02
 5.45454545e-02 5.45454545e-02 0.00000000e+00 6.09293374e-02
 3.81188119e-01 4.47909190e-01 2.50000000e-01 0.00000000e+00
 2.59900565e-02 2.59512254e-02 5.45454545e-02 5.45454545e-02
 0.00000000e+00 6.47982809e-02 5.55035129e-01 4.78368513e-01]
deleted_not_scaled [0.00000e+00 0.00000e+00 3.48003e+02 8.83060e+04 3.20000e+02 1.80000e+02
 0.00000e+00 2.10210e+01 7.59000e-01 3.60000e-02 0.00000e+00 0.00000e+00
 3.84287e+02 9.76570e+04 3.20000e+02 1.80000e+02 0.00000e+00 1.44980e+01
 8.06000e-01 5.27900e+00 3.00000e+00 0.00000e+00 8.92117e+02 2.27044e+05
 5.12000e+02 2.88000e+02 0.00000e+00 1.58460e+01 7.45000e-01 4.05640e+01
 3.00000e+00 0.00000e+00 8.32710e+02 2.12237e+05 5.12000e+02 2.88000e+02
 0.00000e+00 1.57750e+01 8.07000e-01 4.52130e+01 2.43000e+02]
deleted_idx_col 658
query_origi 721
query_idx 846
deleted_scaled [0.         0.         0.00199858 0.00191837 0.         0.
 0.         0.12723066 0.23023256 0.         0.         0.
 0.00175926 0.00178343 0.         0.         0.         0.21658522
 0.27073171 0.00084119 0.41666667 0.         0.08360887 0.08433852
 0.18181818 0.17171717 0.         0.03816332 0.20049505 0.43175469
 0.         0.         0.00108399 0.00112497 0.         0.
 0.         0.14633334 0.48009368 0.00068772]
deleted_not_scaled [0.000000e+00 0.000000e+00 3.667420e+02 9.329000e+04 3.200000e+02
 1.800000e+02 0.000000e+00 1.955900e+01 6.690000e-01 0.000000e+00
 0.000000e+00 0.000000e+00 3.665820e+02 9.338700e+04 3.200000e+02
 1.800000e+02 0.000000e+00 2.093300e+01 6.980000e-01 7.800000e-02
 5.000000e+00 0.000000e+00 1.901922e+03 4.852280e+05 9.600000e+02
 5.200000e+02 0.000000e+00 1.501800e+01 6.720000e-01 3.910100e+01
 0.000000e+00 0.000000e+00 3.425790e+02 8.752900e+04 3.200000e+02
 1.800000e+02 0.000000e+00 1.846900e+01 7.750000e-01 6.500000e-02
 2.370000e+02]
deleted_idx_col 846
query_origi 433
query_idx 569
deleted_scaled [0.41666667 0.         0.07774177 0.07731071 0.18181818 0.17171717
 0.         0.34615137 0.82325581 0.52807254 0.         0.
 0.00173405 0.00174    0.         0.         0.         0.20260625
 0.52195122 0.         0.41666667 0.         0.08098451 0.08159499
 0.18181818 0.17171717 0.         0.16730822 0.28960396 0.20756821
 0.25       0.         0.02788622 0.02790953 0.05454545 0.05454545
 0.         0.46266759 0.54332553 0.37242766]
deleted_not_scaled [5.000000e+00 0.000000e+00 1.856838e+03 4.718690e+05 9.600000e+02
 5.200000e+02 0.000000e+00 2.977800e+01 9.240000e-01 5.095900e+01
 0.000000e+00 0.000000e+00 3.660860e+02 9.316900e+04 3.200000e+02
 1.800000e+02 0.000000e+00 2.046100e+01 8.010000e-01 0.000000e+00
 5.000000e+00 0.000000e+00 1.852307e+03 4.721070e+05 9.600000e+02
 5.200000e+02 0.000000e+00 1.971500e+01 7.080000e-01 1.879800e+01
 3.000000e+00 0.000000e+00 8.700250e+02 2.220740e+05 5.120000e+02
 2.880000e+02 0.000000e+00 2.892100e+01 8.020000e-01 3.520000e+01
 1.800000e+01]
deleted_idx_col 569
query_origi 502
query_idx 393
deleted_scaled [0.         0.         0.00181818 0.00168437 0.         0.
 0.         0.33927462 0.62790698 0.         0.         0.
 0.00171183 0.00168145 0.         0.         0.         0.39517252
 0.58292683 0.         0.41666667 0.         0.08116695 0.08158474
 0.18181818 0.17171717 0.         0.15606269 0.37623762 0.33161446
 0.         0.         0.00170271 0.00169134 0.         0.
 0.         0.26445931 0.60655738 0.07737396]
deleted_not_scaled [0.000000e+00 0.000000e+00 3.631930e+02 9.211500e+04 3.200000e+02
 1.800000e+02 0.000000e+00 2.945700e+01 8.400000e-01 0.000000e+00
 0.000000e+00 0.000000e+00 3.656490e+02 9.287500e+04 3.200000e+02
 1.800000e+02 0.000000e+00 2.696300e+01 8.260000e-01 0.000000e+00
 5.000000e+00 0.000000e+00 1.855756e+03 4.720580e+05 9.600000e+02
 5.200000e+02 0.000000e+00 1.930600e+01 7.430000e-01 3.003200e+01
 0.000000e+00 0.000000e+00 3.547550e+02 9.037400e+04 3.200000e+02
 1.800000e+02 0.000000e+00 2.237200e+01 8.290000e-01 7.313000e+00
 7.700000e+01]
deleted_idx_col 393
query_origi 235
query_idx 997
deleted_scaled [0.         0.         0.0018717  0.00187356 0.         0.
 0.         0.36054757 0.71860465 0.0181658  0.5        0.
 0.10671219 0.10706905 0.27272727 0.27272727 0.         0.10250259
 0.12195122 0.35351466 0.         0.         0.00359936 0.00349419
 0.         0.         0.         0.08430025 0.27475248 0.02666652
 0.         0.         0.00135463 0.00127468 0.         0.
 0.         0.05871493 0.43793911 0.        ]
deleted_not_scaled [0.000000e+00 0.000000e+00 3.642460e+02 9.306500e+04 3.200000e+02
 1.800000e+02 0.000000e+00 3.045000e+01 8.790000e-01 1.753000e+00
 6.000000e+00 0.000000e+00 2.430843e+03 6.219920e+05 1.280000e+03
 7.200000e+02 0.000000e+00 1.708100e+01 6.370000e-01 3.278000e+01
 0.000000e+00 0.000000e+00 3.892950e+02 9.858900e+04 3.200000e+02
 1.800000e+02 0.000000e+00 1.669600e+01 7.020000e-01 2.415000e+00
 0.000000e+00 0.000000e+00 3.479050e+02 8.828100e+04 3.200000e+02
 1.800000e+02 0.000000e+00 1.557400e+01 7.570000e-01 0.000000e+00
 1.420000e+02]
deleted_idx_col 997
query_origi 511
query_idx 18
deleted_scaled [0.16666667 0.         0.01576577 0.01555924 0.05454545 0.05454545
 0.         0.04070353 0.40930233 0.19353368 0.         0.
 0.00168346 0.00166233 0.         0.         0.         0.16164668
 0.47804878 0.         0.08333333 0.87573434 0.01265964 0.0127111
 0.01818182 0.01818182 0.         0.05389057 0.35643564 0.03267339
 0.         0.         0.00097433 0.00097288 0.         0.
 0.         0.14037105 0.54332553 0.        ]
deleted_not_scaled [2.00000000e+00 0.00000000e+00 6.37584000e+02 1.61787000e+05
 5.12000000e+02 2.88000000e+02 0.00000000e+00 1.55200000e+01
 7.46000000e-01 1.86760000e+01 0.00000000e+00 0.00000000e+00
 3.65091000e+02 9.27790000e+04 3.20000000e+02 1.80000000e+02
 0.00000000e+00 1.90780000e+01 7.83000000e-01 0.00000000e+00
 1.00000000e+00 4.30524906e+00 5.60585000e+02 1.42669000e+05
 3.84000000e+02 2.16000000e+02 0.00000000e+00 1.55900000e+01
 7.35000000e-01 2.95900000e+00 0.00000000e+00 0.00000000e+00
 3.40421000e+02 8.67650000e+04 3.20000000e+02 1.80000000e+02
 0.00000000e+00 1.82720000e+01 8.02000000e-01 0.00000000e+00
 1.45000000e+02]
deleted_idx_col 18
query_origi 704
query_idx 139
deleted_scaled [0.         0.         0.00264571 0.0026578  0.         0.
 0.         0.25825318 0.71162791 0.         0.         0.
 0.00113415 0.00104488 0.         0.         0.         0.22188657
 0.58780488 0.         0.         1.         0.00271311 0.00262644
 0.         0.         0.         0.16442123 0.44059406 0.
 0.33333333 0.         0.04270036 0.04240538 0.09090909 0.09090909
 0.         0.51902182 0.76112412 0.34770142]
deleted_not_scaled [0.0000000e+00 0.0000000e+00 3.7947300e+02 9.7003000e+04 3.2000000e+02
 1.8000000e+02 0.0000000e+00 2.5675000e+01 8.7600000e-01 0.0000000e+00
 0.0000000e+00 0.0000000e+00 3.5428700e+02 8.9679000e+04 3.2000000e+02
 1.8000000e+02 0.0000000e+00 2.1112000e+01 8.2800000e-01 0.0000000e+00
 0.0000000e+00 4.9161588e+00 3.7254000e+02 9.4439000e+04 3.2000000e+02
 1.8000000e+02 0.0000000e+00 1.9610000e+01 7.6900000e-01 0.0000000e+00
 4.0000000e+00 0.0000000e+00 1.1615550e+03 2.9489000e+05 6.4000000e+02
 3.6000000e+02 0.0000000e+00 3.0783000e+01 8.9500000e-01 3.2863000e+01
 3.7000000e+01]
deleted_idx_col 139
query_origi 507
query_idx 857
deleted_scaled [0.33333333 0.         0.04258409 0.04262652 0.09090909 0.09090909
 0.         0.19404872 0.7        0.28698446 0.25       0.
 0.02722447 0.02739153 0.05454545 0.05454545 0.         0.33359988
 0.7097561  0.26384186 0.25       0.73516693 0.02938364 0.02930719
 0.05454545 0.05454545 0.         0.22007149 0.62128713 0.23030377
 0.25       0.         0.0280903  0.02785259 0.05454545 0.05454545
 0.         0.31388275 0.65105386 0.18629847]
deleted_not_scaled [4.00000000e+00 0.00000000e+00 1.16518100e+03 2.97704000e+05
 6.40000000e+02 3.60000000e+02 0.00000000e+00 2.26780000e+01
 8.71000000e-01 2.76940000e+01 3.00000000e+00 0.00000000e+00
 8.67443000e+02 2.21957000e+05 5.12000000e+02 2.88000000e+02
 0.00000000e+00 2.48840000e+01 8.78000000e-01 2.44650000e+01
 3.00000000e+00 3.61419735e+00 8.76762000e+02 2.22040000e+05
 5.12000000e+02 2.88000000e+02 0.00000000e+00 2.16340000e+01
 8.42000000e-01 2.08570000e+01 3.00000000e+00 0.00000000e+00
 8.74041000e+02 2.21788000e+05 5.12000000e+02 2.88000000e+02
 0.00000000e+00 2.40050000e+01 8.48000000e-01 1.76080000e+01
 1.40000000e+01]
deleted_idx_col 857
query_origi 664
query_idx 372
deleted_scaled [0.5        0.         0.11588114 0.11534751 0.27272727 0.27272727
 0.         0.11013518 0.59069767 0.16492228 0.58333333 0.
 0.12974964 0.12944353 0.27272727 0.27272727 0.         0.17932771
 0.54390244 0.02139637 0.58333333 0.         0.14730114 0.14849267
 0.27272727 0.27272727 0.         0.72073137 0.91336634 0.71158199
 0.58333333 0.         0.13726786 0.13736378 0.27272727 0.27272727
 0.         0.34593384 0.80327869 0.07140666]
deleted_not_scaled [6.000000e+00 0.000000e+00 2.607154e+03 6.628690e+05 1.280000e+03
 7.200000e+02 0.000000e+00 1.876100e+01 8.240000e-01 1.591500e+01
 7.000000e+00 0.000000e+00 2.883954e+03 7.343270e+05 1.280000e+03
 7.200000e+02 0.000000e+00 1.967500e+01 8.100000e-01 1.984000e+00
 7.000000e+00 0.000000e+00 3.106062e+03 7.920460e+05 1.280000e+03
 7.200000e+02 0.000000e+00 3.984300e+01 9.600000e-01 6.444300e+01
 7.000000e+00 0.000000e+00 3.022566e+03 7.718880e+05 1.280000e+03
 7.200000e+02 0.000000e+00 2.506400e+01 9.130000e-01 6.749000e+00
 1.840000e+02]
deleted_idx_col 372
query_origi 757
query_idx 307
deleted_scaled [0.         0.         0.00191608 0.001818   0.         0.
 0.         0.1440048  0.30465116 0.00134715 0.25       0.
 0.02736042 0.02728955 0.05454545 0.05454545 0.         0.26879905
 0.43658537 0.2951815  0.33333333 0.         0.04446537 0.04480051
 0.09090909 0.09090909 0.         0.53126203 0.73267327 0.61869638
 0.         0.         0.00210537 0.00212931 0.         0.
 0.         0.15259829 0.34192037 0.02569962]
deleted_not_scaled [0.000000e+00 0.000000e+00 3.651190e+02 9.278600e+04 3.200000e+02
 1.800000e+02 0.000000e+00 2.034200e+01 7.010000e-01 1.300000e-01
 3.000000e+00 0.000000e+00 8.701170e+02 2.214450e+05 5.120000e+02
 2.880000e+02 0.000000e+00 2.269600e+01 7.660000e-01 2.737100e+01
 4.000000e+00 0.000000e+00 1.161891e+03 2.961370e+05 6.400000e+02
 3.600000e+02 0.000000e+00 3.295200e+01 8.870000e-01 5.603100e+01
 0.000000e+00 0.000000e+00 3.626790e+02 9.257400e+04 3.200000e+02
 1.800000e+02 0.000000e+00 1.867600e+01 7.160000e-01 2.429000e+00
 1.310000e+02]
deleted_idx_col 307
query_origi 533
query_idx 546
deleted_scaled [0.25       0.         0.02720957 0.02730107 0.05454545 0.05454545
 0.         0.07615844 0.17906977 0.30015544 0.         0.
 0.00291406 0.00281954 0.         0.         0.         0.09110025
 0.2804878  0.02604448 0.         0.         0.00141006 0.00133884
 0.         0.         0.         0.05345065 0.41089109 0.
 0.         0.         0.00222794 0.00217012 0.         0.
 0.         0.16476499 0.49882904 0.        ]
deleted_not_scaled [3.00000e+00 0.00000e+00 8.62718e+02 2.20748e+05 5.12000e+02 2.88000e+02
 0.00000e+00 1.71750e+01 6.47000e-01 2.89650e+01 0.00000e+00 0.00000e+00
 3.89295e+02 9.85890e+04 3.20000e+02 1.80000e+02 0.00000e+00 1.66960e+01
 7.02000e-01 2.41500e+00 0.00000e+00 0.00000e+00 3.47905e+02 8.82810e+04
 3.20000e+02 1.80000e+02 0.00000e+00 1.55740e+01 7.57000e-01 0.00000e+00
 0.00000e+00 0.00000e+00 3.65091e+02 9.27790e+04 3.20000e+02 1.80000e+02
 0.00000e+00 1.90780e+01 7.83000e-01 0.00000e+00 1.43000e+02]
deleted_idx_col 546
query_origi 856
query_idx 91
deleted_scaled [0.33333333 0.         0.04266283 0.0424439  0.09090909 0.09090909
 0.         0.35707706 0.73488372 0.38134715 0.33333333 0.
 0.04232083 0.04226303 0.09090909 0.09090909 0.         0.20580483
 0.40243902 0.30360417 0.33333333 0.24733467 0.04456973 0.04496654
 0.09090909 0.09090909 0.         0.13321419 0.51732673 0.1858154
 0.33333333 0.         0.04276769 0.04284852 0.09090909 0.09090909
 0.         0.18210708 0.65105386 0.16844945]
deleted_not_scaled [4.0000000e+00 0.0000000e+00 1.1667300e+03 2.9678700e+05 6.4000000e+02
 3.6000000e+02 0.0000000e+00 3.0288000e+01 8.8600000e-01 3.6800000e+01
 4.0000000e+00 0.0000000e+00 1.1643650e+03 2.9662200e+05 6.4000000e+02
 3.6000000e+02 0.0000000e+00 2.0569000e+01 7.5200000e-01 2.8152000e+01
 4.0000000e+00 1.2159365e+00 1.1638640e+03 2.9693100e+05 6.4000000e+02
 3.6000000e+02 0.0000000e+00 1.8475000e+01 8.0000000e-01 1.6828000e+01
 4.0000000e+00 0.0000000e+00 1.1628800e+03 2.9711600e+05 6.4000000e+02
 3.6000000e+02 0.0000000e+00 1.9651000e+01 8.4800000e-01 1.5921000e+01
 2.0700000e+02]
deleted_idx_col 91
query_origi 493
query_idx 90
deleted_scaled [0.91666667 0.21971778 0.57025209 0.56765832 1.         1.
 0.         1.         1.         1.         0.91666667 0.07854106
 0.57076489 0.5690644  1.         1.         0.         1.
 0.56829268 0.39120635 0.83333333 0.         0.44177928 0.44510939
 0.63636364 0.63636364 0.         0.14118779 0.37623762 0.05761735
 0.83333333 0.         0.35907899 0.35909438 0.63636364 0.63636364
 0.         0.03973851 0.44496487 0.16303232]
deleted_not_scaled [1.10000000e+01 1.03234195e+00 1.15459950e+04 2.93412600e+06
 3.84000000e+03 2.16000000e+03 0.00000000e+00 6.02990000e+01
 1.00000000e+00 9.65000000e+01 1.10000000e+01 2.57736305e-01
 1.15580390e+04 2.94152100e+06 3.84000000e+03 2.16000000e+03
 0.00000000e+00 4.73850000e+01 8.20000000e-01 3.62750000e+01
 1.00000000e+01 0.00000000e+00 8.67334500e+03 2.21061900e+06
 2.56000000e+03 1.44000000e+03 0.00000000e+00 1.87650000e+01
 7.43000000e-01 5.21800000e+00 1.00000000e+01 0.00000000e+00
 7.38762700e+03 1.88569200e+06 2.56000000e+03 1.44000000e+03
 0.00000000e+00 1.49470000e+01 7.60000000e-01 1.54090000e+01
 3.00000000e+00]
deleted_idx_col 90
query_origi 169
query_idx 774
deleted_scaled [0.         0.         0.00207457 0.00190244 0.         0.
 0.         0.02656441 0.3        0.11168912 0.41666667 0.
 0.07776166 0.07716889 0.18181818 0.17171717 0.         0.1503628
 0.39512195 0.604523   0.41666667 0.         0.08126797 0.08149211
 0.18181818 0.17171717 0.         0.1005774  0.35891089 0.56269117
 0.5        0.         0.10797025 0.10750471 0.27272727 0.27272727
 0.         0.05892679 0.2529274  0.56834365]
deleted_not_scaled [0.000000e+00 0.000000e+00 3.682370e+02 9.321000e+04 3.200000e+02
 1.800000e+02 0.000000e+00 1.486000e+01 6.990000e-01 1.077800e+01
 5.000000e+00 0.000000e+00 1.861431e+03 4.718730e+05 9.600000e+02
 5.200000e+02 0.000000e+00 1.869700e+01 7.490000e-01 5.605500e+01
 5.000000e+00 0.000000e+00 1.857666e+03 4.716150e+05 9.600000e+02
 5.200000e+02 0.000000e+00 1.728800e+01 7.360000e-01 5.095900e+01
 6.000000e+00 0.000000e+00 2.446013e+03 6.218990e+05 1.280000e+03
 7.200000e+02 0.000000e+00 1.558100e+01 6.780000e-01 5.371700e+01
 1.360000e+02]
deleted_idx_col 774
query_origi 16
query_idx 528
deleted_scaled [0.33333333 0.         0.04267833 0.04240128 0.09090909 0.09090909
 0.         0.48062298 0.97906977 0.50648705 0.66666667 0.
 0.20648412 0.20587606 0.45454545 0.45454545 0.         0.94266252
 0.5804878  0.57192158 0.75       0.         0.28908085 0.29125991
 0.45454545 0.45454545 0.         0.14146274 0.38366337 0.36045626
 0.83333333 0.         0.35907899 0.35909438 0.63636364 0.63636364
 0.         0.03973851 0.44496487 0.16303232]
deleted_not_scaled [4.000000e+00 0.000000e+00 1.167035e+03 2.965730e+05 6.400000e+02
 3.600000e+02 0.000000e+00 3.605500e+01 9.910000e-01 4.887600e+01
 8.000000e+00 0.000000e+00 4.393202e+03 1.118070e+06 1.920000e+03
 1.080000e+03 0.000000e+00 4.544900e+01 8.250000e-01 5.303200e+01
 9.000000e+00 0.000000e+00 5.786491e+03 1.474832e+06 1.920000e+03
 1.080000e+03 0.000000e+00 1.877500e+01 7.460000e-01 3.264400e+01
 1.000000e+01 0.000000e+00 7.387627e+03 1.885692e+06 2.560000e+03
 1.440000e+03 0.000000e+00 1.494700e+01 7.600000e-01 1.540900e+01
 3.000000e+00]
deleted_idx_col 528
query_origi 722
query_idx 498
deleted_scaled [0.25       0.         0.03245234 0.03212398 0.05454545 0.05454545
 0.         0.21482894 0.66744186 0.08976166 0.25       0.
 0.02297375 0.02283796 0.05454545 0.05454545 0.         0.38554716
 0.72439024 0.03681815 0.25       0.         0.02927166 0.02940087
 0.05454545 0.05454545 0.         0.40662634 0.80445545 0.39170522
 0.25       0.         0.0280406  0.02797701 0.05454545 0.05454545
 0.         0.43252323 0.80562061 0.34197746]
deleted_not_scaled [3.00000e+00 0.00000e+00 9.65859e+02 2.44966e+05 5.12000e+02 2.88000e+02
 0.00000e+00 2.36480e+01 8.57000e-01 8.66200e+00 3.00000e+00 0.00000e+00
 7.83838e+02 1.99095e+05 5.12000e+02 2.88000e+02 0.00000e+00 2.66380e+01
 8.84000e-01 3.41400e+00 3.00000e+00 0.00000e+00 8.74645e+02 2.22488e+05
 5.12000e+02 2.88000e+02 0.00000e+00 2.84190e+01 9.16000e-01 3.54740e+01
 3.00000e+00 0.00000e+00 8.73063e+02 2.22413e+05 5.12000e+02 2.88000e+02
 0.00000e+00 2.79250e+01 9.14000e-01 3.23220e+01 4.70000e+01]
deleted_idx_col 498
