query_origi 8
query_idx 12
deleted_scaled [1.66666667e-01 0.00000000e+00 1.81388678e-02 1.81228457e-02
 5.45454545e-02 5.45454545e-02 0.00000000e+00 5.45834315e-01
 8.81395349e-01 5.06466321e-01 8.33333333e-02 4.45394773e-01
 8.67475709e-03 8.77252386e-03 1.81818182e-02 1.81818182e-02
 0.00000000e+00 3.05641937e-01 7.53658537e-01 0.00000000e+00
 8.33333333e-02 0.00000000e+00 1.12787805e-02 1.11681894e-02
 1.81818182e-02 1.81818182e-02 0.00000000e+00 2.25570525e-01
 7.10396040e-01 0.00000000e+00 0.00000000e+00 0.00000000e+00
 1.92873890e-03 1.82750903e-03 0.00000000e+00 0.00000000e+00
 0.00000000e+00 2.79561757e-01 7.21311475e-01 2.11606623e-05]
deleted_not_scaled [2.00000000e+00 0.00000000e+00 6.84270000e+02 1.74660000e+05
 5.12000000e+02 2.88000000e+02 0.00000000e+00 3.90990000e+01
 9.49000000e-01 4.88740000e+01 1.00000000e+00 1.46158451e+00
 5.02599000e+02 1.28477000e+05 3.84000000e+02 2.16000000e+02
 0.00000000e+00 2.39400000e+01 8.96000000e-01 0.00000000e+00
 1.00000000e+00 0.00000000e+00 5.34479000e+02 1.35290000e+05
 3.84000000e+02 2.16000000e+02 0.00000000e+00 2.18340000e+01
 8.78000000e-01 0.00000000e+00 0.00000000e+00 0.00000000e+00
 3.59203000e+02 9.10580000e+04 3.20000000e+02 1.80000000e+02
 0.00000000e+00 2.28710000e+01 8.78000000e-01 2.00000000e-03
 2.77000000e+02]
deleted_idx_col 12
query_origi 634
query_idx 96
deleted_scaled [1.         0.06823407 0.83214581 0.82673936 1.         1.
 1.         0.31262452 0.58372093 0.07807254 1.         0.16071157
 0.83067575 0.82653571 1.         1.         1.         0.36306827
 0.48292683 0.00786187 1.         0.13351528 0.86354877 0.86831774
 1.         1.         1.         0.15515535 0.34405941 0.07892848
 1.         0.         0.8283464  0.82669601 1.         1.
 1.         0.25550074 0.54098361 0.13796752]
deleted_not_scaled [1.20000000e+01 3.20597144e-01 1.66982310e+04 4.23508900e+06
 3.84000000e+03 2.16000000e+03 1.00000000e+00 2.82130000e+01
 8.21000000e-01 7.53400000e+00 1.20000000e+01 5.27382807e-01
 1.66700820e+04 4.23420100e+06 3.84000000e+03 2.16000000e+03
 1.00000000e+00 2.58790000e+01 7.85000000e-01 7.29000000e-01
 1.20000000e+01 6.56382343e-01 1.66471460e+04 4.23461800e+06
 3.84000000e+03 2.16000000e+03 1.00000000e+00 1.92730000e+01
 7.30000000e-01 7.14800000e+00 1.20000000e+01 0.00000000e+00
 1.66224250e+04 4.23456300e+06 3.84000000e+03 2.16000000e+03
 1.00000000e+00 2.20760000e+01 8.01000000e-01 1.30400000e+01
 7.70000000e+01]
deleted_idx_col 96
query_origi 424
query_idx 447
deleted_scaled [0.41666667 0.         0.07626492 0.07624986 0.18181818 0.17171717
 0.         0.05998415 0.26976744 0.00592746 0.41666667 0.
 0.07720106 0.07739535 0.18181818 0.17171717 0.         0.18311861
 0.26829268 0.01847378 0.5        0.         0.11298563 0.11293814
 0.27272727 0.27272727 0.         0.10478416 0.43811881 0.22693595
 0.58333333 0.         0.14092483 0.13986735 0.27272727 0.27272727
 0.         0.20120456 0.70257611 0.13476168]
deleted_not_scaled [5.000000e+00 0.000000e+00 1.827784e+03 4.665420e+05 9.600000e+02
 5.200000e+02 0.000000e+00 1.642000e+01 6.860000e-01 5.720000e-01
 5.000000e+00 0.000000e+00 1.850405e+03 4.730100e+05 9.600000e+02
 5.200000e+02 0.000000e+00 1.980300e+01 6.970000e-01 1.713000e+00
 6.000000e+00 0.000000e+00 2.457307e+03 6.220060e+05 1.280000e+03
 7.200000e+02 0.000000e+00 1.744100e+01 7.680000e-01 2.055200e+01
 7.000000e+00 0.000000e+00 3.094532e+03 7.844640e+05 1.280000e+03
 7.200000e+02 0.000000e+00 2.028200e+01 8.700000e-01 1.273700e+01
 1.490000e+02]
deleted_idx_col 447
query_origi 830
query_idx 565
deleted_scaled [0.25       0.         0.03174126 0.03160699 0.05454545 0.05454545
 0.         0.12817327 0.60930233 0.16746114 0.16666667 0.
 0.01596186 0.01598948 0.05454545 0.05454545 0.         0.18122316
 0.60487805 0.19491836 0.25       0.         0.02733086 0.02764635
 0.05454545 0.05454545 0.         0.17970855 0.63118812 0.1939313
 0.25       0.         0.02889511 0.02902912 0.05454545 0.05454545
 0.         0.30292667 0.67213115 0.24516743]
deleted_not_scaled [3.00000e+00 0.00000e+00 9.51870e+02 2.42370e+05 5.12000e+02 2.88000e+02
 0.00000e+00 1.96030e+01 8.32000e-01 1.61600e+01 2.00000e+00 0.00000e+00
 6.45925e+02 1.64711e+05 5.12000e+02 2.88000e+02 0.00000e+00 1.97390e+01
 8.35000e-01 1.80740e+01 3.00000e+00 0.00000e+00 8.37953e+02 2.14097e+05
 5.12000e+02 2.88000e+02 0.00000e+00 2.01660e+01 8.46000e-01 1.75630e+01
 3.00000e+00 0.00000e+00 8.89879e+02 2.27698e+05 5.12000e+02 2.88000e+02
 0.00000e+00 2.36430e+01 8.57000e-01 2.31720e+01 2.68000e+02]
deleted_idx_col 565
query_origi 194
query_idx 519
deleted_scaled [0.5        0.         0.0916337  0.09183101 0.27272727 0.27272727
 0.         0.18554382 0.67674419 0.27235233 0.5        0.
 0.10792759 0.10700392 0.27272727 0.27272727 0.         0.16700726
 0.58292683 0.20474301 0.5        0.         0.11314966 0.11335946
 0.27272727 0.27272727 0.         0.11811933 0.53712871 0.25097446
 0.5        0.         0.10757425 0.10698891 0.27272727 0.27272727
 0.         0.45143912 0.78220141 0.49192192]
deleted_not_scaled [6.000000e+00 0.000000e+00 2.130134e+03 5.447820e+05 1.280000e+03
 7.200000e+02 0.000000e+00 2.228100e+01 8.610000e-01 2.628200e+01
 6.000000e+00 0.000000e+00 2.454748e+03 6.216650e+05 1.280000e+03
 7.200000e+02 0.000000e+00 1.925900e+01 8.260000e-01 1.898500e+01
 6.000000e+00 0.000000e+00 2.460408e+03 6.240210e+05 1.280000e+03
 7.200000e+02 0.000000e+00 1.792600e+01 8.080000e-01 2.272900e+01
 6.000000e+00 0.000000e+00 2.438220e+03 6.193080e+05 1.280000e+03
 7.200000e+02 0.000000e+00 2.855000e+01 9.040000e-01 4.649400e+01
 6.000000e+01]
deleted_idx_col 519
query_origi 90
query_idx 753
deleted_scaled [0.16666667 0.         0.01814822 0.01809815 0.05454545 0.05454545
 0.         0.0458236  0.21395349 0.38260104 0.16666667 0.
 0.01781152 0.01790516 0.05454545 0.05454545 0.         0.58735377
 0.78292683 0.51133447 0.25       0.1072546  0.02864079 0.02903704
 0.05454545 0.05454545 0.         0.09747044 0.13861386 0.3198326
 0.16666667 0.         0.02132192 0.0210504  0.05454545 0.05454545
 0.         0.08849611 0.26932084 0.28936148]
deleted_not_scaled [2.00000000e+00 0.00000000e+00 6.84454000e+02 1.74536000e+05
 5.12000000e+02 2.88000000e+02 0.00000000e+00 1.57590000e+01
 6.62000000e-01 3.69210000e+01 2.00000000e+00 0.00000000e+00
 6.82305000e+02 1.74329000e+05 5.12000000e+02 2.88000000e+02
 0.00000000e+00 3.34520000e+01 9.08000000e-01 4.74140000e+01
 3.00000000e+00 5.27280643e-01 8.62718000e+02 2.20748000e+05
 5.12000000e+02 2.88000000e+02 0.00000000e+00 1.71750000e+01
 6.47000000e-01 2.89650000e+01 2.00000000e+00 0.00000000e+00
 7.40845000e+02 1.87619000e+05 5.12000000e+02 2.88000000e+02
 0.00000000e+00 1.65580000e+01 6.85000000e-01 2.73490000e+01
 1.41000000e+02]
deleted_idx_col 753
query_origi 507
query_idx 520
deleted_scaled [0.16666667 0.         0.01820551 0.01812125 0.05454545 0.05454545
 0.         0.14927483 0.26976744 0.27471503 0.25       0.
 0.02923576 0.02927215 0.05454545 0.05454545 0.         0.04309196
 0.23170732 0.40155943 0.25       0.         0.02695838 0.02727019
 0.05454545 0.05454545 0.         0.13112455 0.43069307 0.19242958
 0.25       0.         0.03242193 0.03201545 0.05454545 0.05454545
 0.         0.68790291 0.82669789 0.58768449]
deleted_not_scaled [2.00000e+00 0.00000e+00 6.85581e+02 1.74652e+05 5.12000e+02 2.88000e+02
 0.00000e+00 2.05880e+01 6.86000e-01 2.65100e+01 3.00000e+00 0.00000e+00
 9.07002e+02 2.31399e+05 5.12000e+02 2.88000e+02 0.00000e+00 1.50750e+01
 6.82000e-01 3.72350e+01 3.00000e+00 0.00000e+00 8.30911e+02 2.12298e+05
 5.12000e+02 2.88000e+02 0.00000e+00 1.83990e+01 7.65000e-01 1.74270e+01
 3.00000e+00 0.00000e+00 9.59284e+02 2.42699e+05 5.12000e+02 2.88000e+02
 0.00000e+00 3.63630e+01 9.23000e-01 5.55450e+01 2.38000e+02]
deleted_idx_col 520
query_origi 939
query_idx 965
deleted_scaled [0.58333333 0.         0.1406007  0.13966259 0.27272727 0.27272727
 0.         0.19259196 0.4627907  0.22415544 0.58333333 0.
 0.13998004 0.139341   0.27272727 0.27272727 0.         0.6931734
 0.86585366 0.76803701 0.58333333 0.         0.14599449 0.14685337
 0.27272727 0.27272727 0.         0.17629915 0.4950495  0.31979948
 0.58333333 0.         0.1399728  0.13976383 0.27272727 0.27272727
 0.         0.20417058 0.46604215 0.33129133]
deleted_not_scaled [7.000000e+00 0.000000e+00 3.093462e+03 7.849660e+05 1.280000e+03
 7.200000e+02 0.000000e+00 2.261000e+01 7.690000e-01 2.163100e+01
 7.000000e+00 0.000000e+00 3.085170e+03 7.840190e+05 1.280000e+03
 7.200000e+02 0.000000e+00 3.702500e+01 9.420000e-01 7.121700e+01
 7.000000e+00 0.000000e+00 3.081359e+03 7.842060e+05 1.280000e+03
 7.200000e+02 0.000000e+00 2.004200e+01 7.910000e-01 2.896200e+01
 7.000000e+00 0.000000e+00 3.075797e+03 7.839440e+05 1.280000e+03
 7.200000e+02 0.000000e+00 2.038000e+01 7.690000e-01 3.131200e+01
 8.500000e+01]
deleted_idx_col 965
query_origi 707
query_idx 787
deleted_scaled [0.41666667 0.         0.07723066 0.07739953 0.18181818 0.17171717
 0.         0.55843099 0.88139535 0.85380311 0.5        0.
 0.1079645  0.10704057 0.27272727 0.27272727 0.         0.45262846
 0.56829268 0.42710782 0.5        0.         0.11274983 0.11295863
 0.27272727 0.27272727 0.         0.22680781 0.11138614 0.36018021
 0.5        0.         0.10809861 0.10751068 0.27272727 0.27272727
 0.         0.24953845 0.15456674 0.32557795]
deleted_not_scaled [5.000000e+00 0.000000e+00 1.846783e+03 4.723150e+05 9.600000e+02
 5.200000e+02 0.000000e+00 3.968700e+01 9.490000e-01 8.239200e+01
 6.000000e+00 0.000000e+00 2.455474e+03 6.218490e+05 1.280000e+03
 7.200000e+02 0.000000e+00 2.890300e+01 8.200000e-01 3.960400e+01
 6.000000e+00 0.000000e+00 2.452849e+03 6.221040e+05 1.280000e+03
 7.200000e+02 0.000000e+00 2.187900e+01 6.360000e-01 3.261900e+01
 6.000000e+00 0.000000e+00 2.448539e+03 6.219290e+05 1.280000e+03
 7.200000e+02 0.000000e+00 2.187900e+01 6.360000e-01 3.077200e+01
 9.000000e+01]
deleted_idx_col 787
query_origi 731
query_idx 630
deleted_scaled [1.         0.         0.8275702  0.82674055 1.         1.
 1.         0.27228518 0.58372093 0.22115026 1.         0.
 0.90362401 0.90408065 1.         1.         1.         0.12287872
 0.36097561 0.11227703 1.         0.         0.85407914 0.86353009
 1.         1.         1.         0.22760517 0.58415842 0.0165741
 1.         0.         0.75991337 0.75383712 1.         1.
 1.         0.2296238  0.36065574 0.06032905]
deleted_not_scaled [1.2000000e+01 0.0000000e+00 1.6608215e+04 4.2350950e+06 3.8400000e+03
 2.1600000e+03 1.0000000e+00 2.6330000e+01 8.2100000e-01 2.1341000e+01
 1.2000000e+01 0.0000000e+00 1.8104861e+04 4.6235290e+06 3.8400000e+03
 2.1600000e+03 1.0000000e+00 1.7769000e+01 7.3500000e-01 1.0411000e+01
 1.2000000e+01 0.0000000e+00 1.6468117e+04 4.2117210e+06 3.8400000e+03
 2.1600000e+03 1.0000000e+00 2.1908000e+01 8.2700000e-01 1.5010000e+00
 1.2000000e+01 0.0000000e+00 1.5275719e+04 3.8685760e+06 3.8400000e+03
 2.1600000e+03 1.0000000e+00 2.1221000e+01 7.2400000e-01 5.7020000e+00
 2.8400000e+02]
deleted_idx_col 630
query_origi 731
query_idx 775
deleted_scaled [0.25       0.         0.02576206 0.02551772 0.05454545 0.05454545
 0.         0.24842006 0.73953488 0.12557513 0.33333333 0.
 0.04256803 0.0423933  0.09090909 0.09090909 0.         0.3805716
 0.76585366 0.25173091 0.33333333 0.         0.04485181 0.04512879
 0.09090909 0.09090909 0.         0.21710201 0.67574257 0.23368263
 0.33333333 0.         0.04284411 0.0428091  0.09090909 0.09090909
 0.         0.16385703 0.70725995 0.1507803 ]
deleted_not_scaled [3.000000e+00 0.000000e+00 8.342410e+02 2.117930e+05 5.120000e+02
 2.880000e+02 0.000000e+00 2.521600e+01 8.880000e-01 1.211800e+01
 4.000000e+00 0.000000e+00 1.169227e+03 2.972760e+05 6.400000e+02
 3.600000e+02 0.000000e+00 2.647000e+01 9.010000e-01 2.334200e+01
 4.000000e+00 0.000000e+00 1.169197e+03 2.977070e+05 6.400000e+02
 3.600000e+02 0.000000e+00 2.152600e+01 8.640000e-01 2.116300e+01
 4.000000e+00 0.000000e+00 1.164384e+03 2.969180e+05 6.400000e+02
 3.600000e+02 0.000000e+00 1.904800e+01 8.720000e-01 1.425100e+01
 1.680000e+02]
deleted_idx_col 775
query_origi 889
query_idx 124
deleted_scaled [1.         0.12677032 0.82910474 0.82661688 1.         1.
 1.         0.56871398 0.85116279 0.89611399 1.         0.24914555
 0.82782809 0.82659765 1.         1.         1.         0.15080705
 0.28292683 0.10299161 1.         0.06847295 0.9410102  0.9495236
 1.         1.         1.         0.08982678 0.29207921 0.05558561
 1.         0.         0.74965558 0.75078689 1.         1.
 1.         0.04288611 0.33723653 0.004412  ]
deleted_not_scaled [1.20000000e+01 5.95629156e-01 1.66384040e+04 4.23447400e+06
 3.84000000e+03 2.16000000e+03 1.00000000e+00 4.01670000e+01
 9.36000000e-01 8.64750000e+01 1.20000000e+01 8.17583181e-01
 1.66140730e+04 4.23451200e+06 3.84000000e+03 2.16000000e+03
 1.00000000e+00 1.87120000e+01 7.03000000e-01 9.55000000e+00
 1.20000000e+01 3.36623877e-01 1.81116000e+04 4.62298600e+06
 3.84000000e+03 2.16000000e+03 1.00000000e+00 1.68970000e+01
 7.09000000e-01 5.03400000e+00 1.20000000e+01 0.00000000e+00
 1.50738540e+04 3.85325400e+06 3.84000000e+03 2.16000000e+03
 1.00000000e+00 1.50510000e+01 7.14000000e-01 4.17000000e-01
 2.60000000e+02]
deleted_idx_col 124
query_origi 535
query_idx 439
deleted_scaled [1.         0.03640551 0.83189658 0.82940054 1.         1.
 1.         0.14089848 0.5255814  0.04721244 1.         0.02219106
 0.82507185 0.82384563 1.         1.         1.         0.17683992
 0.25365854 0.00344024 1.         0.03226093 0.86116773 0.86896091
 1.         1.         1.         0.45894968 0.6460396  0.67081479
 1.         0.         0.86093836 0.8622305  1.         1.
 1.         0.31942133 0.38407494 0.31873248]
deleted_not_scaled [1.20000000e+01 1.71050940e-01 1.66933280e+04 4.24845200e+06
 3.84000000e+03 2.16000000e+03 1.00000000e+00 2.01970000e+01
 7.96000000e-01 4.55600000e+00 1.20000000e+01 7.28210451e-02
 1.65598620e+04 4.22069500e+06 3.84000000e+03 2.16000000e+03
 1.00000000e+00 1.95910000e+01 6.91000000e-01 3.19000000e-01
 1.20000000e+01 1.58599869e-01 1.66021310e+04 4.23769400e+06
 3.84000000e+03 2.16000000e+03 1.00000000e+00 3.03220000e+01
 8.52000000e-01 6.07510000e+01 1.20000000e+01 0.00000000e+00
 1.72638080e+04 4.41306100e+06 3.84000000e+03 2.16000000e+03
 1.00000000e+00 2.41880000e+01 7.34000000e-01 3.01250000e+01
 1.90000000e+01]
deleted_idx_col 439
query_origi 93
query_idx 669
deleted_scaled [1.         0.13895765 0.73674202 0.73710672 1.         1.
 1.         0.15634439 0.55813953 0.03079793 1.         0.
 0.94158263 0.94346359 1.         1.         1.         0.14793425
 0.46341463 0.02747881 1.         0.06040252 0.72098517 0.72167932
 1.         1.         1.         0.11363761 0.57920792 0.00468182
 1.         0.         0.81646502 0.81116775 1.         1.
 1.         0.07602675 0.43325527 0.01962651]
deleted_not_scaled [1.20000000e+01 6.52891225e-01 1.48213520e+04 3.78500300e+06
 3.84000000e+03 2.16000000e+03 1.00000000e+00 2.09180000e+01
 8.10000000e-01 2.97200000e+00 1.20000000e+01 0.00000000e+00
 1.88514480e+04 4.82125800e+06 3.84000000e+03 2.16000000e+03
 1.00000000e+00 1.86150000e+01 7.77000000e-01 2.54800000e+00
 1.20000000e+01 2.96948392e-01 1.39518970e+04 3.53331800e+06
 3.84000000e+03 2.16000000e+03 1.00000000e+00 1.77630000e+01
 8.25000000e-01 4.24000000e-01 1.20000000e+01 0.00000000e+00
 1.63886090e+04 4.15656100e+06 3.84000000e+03 2.16000000e+03
 1.00000000e+00 1.61460000e+01 7.55000000e-01 1.85500000e+00
 2.17000000e+02]
deleted_idx_col 669
query_origi 420
query_idx 903
deleted_scaled [0.         0.         0.00175133 0.00168099 0.         0.
 0.         0.04944408 0.43953488 0.06992746 0.         0.
 0.00116069 0.00119486 0.         0.         0.         0.06536354
 0.55853659 0.12719194 0.         0.         0.00268534 0.00273476
 0.         0.         0.         0.07467693 0.52722772 0.07324183
 0.08333333 0.         0.0088618  0.00892254 0.01818182 0.01818182
 0.         0.5277988  0.73770492 0.17543247]
deleted_not_scaled [0.00000e+00 0.00000e+00 3.61878e+02 9.20980e+04 3.20000e+02 1.80000e+02
 0.00000e+00 1.59280e+01 7.59000e-01 6.74800e+00 0.00000e+00 0.00000e+00
 3.54809e+02 9.04320e+04 3.20000e+02 1.80000e+02 0.00000e+00 1.58270e+01
 8.16000e-01 1.17940e+01 0.00000e+00 0.00000e+00 3.72015e+02 9.49570e+04
 3.20000e+02 1.80000e+02 0.00000e+00 1.63460e+01 8.04000e-01 6.63300e+00
 1.00000e+00 0.00000e+00 4.95640e+02 1.26698e+05 3.84000e+02 2.16000e+02
 0.00000e+00 3.10730e+01 8.85000e-01 1.65810e+01 2.45000e+02]
deleted_idx_col 903
query_origi 4
query_idx 191
deleted_scaled [0.00000000e+00 9.67075496e-01 1.01148767e-03 9.69241566e-04
 0.00000000e+00 0.00000000e+00 0.00000000e+00 1.16304977e-01
 4.34883721e-01 2.29637306e-02 0.00000000e+00 0.00000000e+00
 1.60587158e-03 1.66650865e-03 0.00000000e+00 0.00000000e+00
 0.00000000e+00 1.02087961e-01 4.09756098e-01 1.74276902e-02
 0.00000000e+00 0.00000000e+00 2.57040378e-03 2.64777171e-03
 0.00000000e+00 0.00000000e+00 0.00000000e+00 4.20126478e-02
 3.91089109e-01 1.76672593e-04 0.00000000e+00 0.00000000e+00
 2.22458456e-03 2.09407053e-03 0.00000000e+00 0.00000000e+00
 0.00000000e+00 3.62912745e-01 6.90866511e-01 0.00000000e+00]
deleted_not_scaled [0.00000000e+00 4.54379515e+00 3.47323000e+02 8.85240000e+04
 3.20000000e+02 1.80000000e+02 0.00000000e+00 1.90490000e+01
 7.57000000e-01 2.21600000e+00 0.00000000e+00 0.00000000e+00
 3.63565000e+02 9.28000000e+04 3.20000000e+02 1.80000000e+02
 0.00000000e+00 1.70670000e+01 7.55000000e-01 1.61600000e+00
 0.00000000e+00 0.00000000e+00 3.69842000e+02 9.45410000e+04
 3.20000000e+02 1.80000000e+02 0.00000000e+00 1.51580000e+01
 7.49000000e-01 1.60000000e-02 0.00000000e+00 0.00000000e+00
 3.65025000e+02 9.23970000e+04 3.20000000e+02 1.80000000e+02
 0.00000000e+00 2.56250000e+01 8.65000000e-01 0.00000000e+00
 2.61000000e+02]
deleted_idx_col 191
query_origi 724
query_idx 139
deleted_scaled [0.         0.         0.00264571 0.0026578  0.         0.
 0.         0.25825318 0.71162791 0.         0.         0.
 0.00113415 0.00104488 0.         0.         0.         0.22188657
 0.58780488 0.         0.         1.         0.00271311 0.00262644
 0.         0.         0.         0.16442123 0.44059406 0.
 0.33333333 0.         0.04270036 0.04240538 0.09090909 0.09090909
 0.         0.51902182 0.76112412 0.34770142]
deleted_not_scaled [0.0000000e+00 0.0000000e+00 3.7947300e+02 9.7003000e+04 3.2000000e+02
 1.8000000e+02 0.0000000e+00 2.5675000e+01 8.7600000e-01 0.0000000e+00
 0.0000000e+00 0.0000000e+00 3.5428700e+02 8.9679000e+04 3.2000000e+02
 1.8000000e+02 0.0000000e+00 2.1112000e+01 8.2800000e-01 0.0000000e+00
 0.0000000e+00 4.9161588e+00 3.7254000e+02 9.4439000e+04 3.2000000e+02
 1.8000000e+02 0.0000000e+00 1.9610000e+01 7.6900000e-01 0.0000000e+00
 4.0000000e+00 0.0000000e+00 1.1615550e+03 2.9489000e+05 6.4000000e+02
 3.6000000e+02 0.0000000e+00 3.0783000e+01 8.9500000e-01 3.2863000e+01
 3.7000000e+01]
deleted_idx_col 139
query_origi 503
query_idx 918
deleted_scaled [0.91666667 0.         0.56860221 0.56343623 1.         1.
 0.         0.13254354 0.6        0.02491192 0.91666667 0.
 0.60949469 0.60491754 1.         1.         0.         0.90087369
 0.94390244 0.97746047 0.91666667 0.         0.58773088 0.58947181
 1.         1.         0.         0.26612593 0.6980198  0.01966587
 0.91666667 0.         0.53940098 0.5372349  1.         1.
 0.         0.35631488 0.71662763 0.1635825 ]
deleted_not_scaled [1.1000000e+01 0.0000000e+00 1.1513537e+04 2.9129250e+06 3.8400000e+03
 2.1600000e+03 0.0000000e+00 1.9807000e+01 8.2800000e-01 2.4040000e+00
 1.1000000e+01 0.0000000e+00 1.2319794e+04 3.1215280e+06 3.8400000e+03
 2.1600000e+03 0.0000000e+00 4.4038000e+01 9.7400000e-01 9.0636000e+01
 1.1000000e+01 0.0000000e+00 1.1432646e+04 2.9010340e+06 3.8400000e+03
 2.1600000e+03 0.0000000e+00 2.3309000e+01 8.7300000e-01 1.7810000e+00
 1.1000000e+01 0.0000000e+00 1.0936216e+04 2.7805330e+06 3.8400000e+03
 2.1600000e+03 0.0000000e+00 2.5407000e+01 8.7600000e-01 1.5461000e+01
 1.9600000e+02]
deleted_idx_col 918
query_origi 813
query_idx 767
deleted_scaled [0.91666667 0.         0.57439213 0.56917521 1.         1.
 0.         0.07401615 0.56976744 0.00402073 0.91666667 0.
 0.57039364 0.56610604 1.         1.         0.         0.29323264
 0.74146341 0.02855725 0.91666667 0.         0.58713613 0.58887526
 1.         1.         0.         0.11072312 0.60148515 0.00210903
 0.91666667 0.         0.57516101 0.57256435 1.         1.
 0.         0.04945371 0.51053864 0.0465323 ]
deleted_not_scaled [1.1000000e+01 0.0000000e+00 1.1627442e+04 2.9417430e+06 3.8400000e+03
 2.1600000e+03 0.0000000e+00 1.7075000e+01 8.1500000e-01 3.8800000e-01
 1.1000000e+01 0.0000000e+00 1.1550737e+04 2.9266680e+06 3.8400000e+03
 2.1600000e+03 0.0000000e+00 2.3521000e+01 8.9100000e-01 2.6480000e+00
 1.1000000e+01 0.0000000e+00 1.1421402e+04 2.8981810e+06 3.8400000e+03
 2.1600000e+03 0.0000000e+00 1.7657000e+01 8.3400000e-01 1.9100000e-01
 1.1000000e+01 0.0000000e+00 1.1639944e+04 2.9580010e+06 3.8400000e+03
 2.1600000e+03 0.0000000e+00 1.5268000e+01 7.8800000e-01 4.3980000e+00
 2.2600000e+02]
deleted_idx_col 767
query_origi 167
query_idx 827
deleted_scaled [0.83333333 0.         0.39656208 0.39655223 0.63636364 0.63636364
 0.         0.22404079 0.62790698 0.         0.75       0.
 0.27676562 0.27724095 0.45454545 0.45454545 0.         0.33223752
 0.66585366 0.         0.83333333 0.         0.41359778 0.4135239
 0.63636364 0.63636364 0.         0.32092384 0.63613861 0.00374325
 0.83333333 0.         0.3964313  0.39361598 0.63636364 0.63636364
 0.         0.33727793 0.66744731 0.        ]
deleted_not_scaled [1.000000e+01 0.000000e+00 8.128991e+03 2.074925e+06 2.560000e+03
 1.440000e+03 0.000000e+00 2.407800e+01 8.400000e-01 0.000000e+00
 9.000000e+00 0.000000e+00 5.775530e+03 1.476370e+06 1.920000e+03
 1.080000e+03 0.000000e+00 2.483800e+01 8.600000e-01 0.000000e+00
 1.000000e+01 0.000000e+00 8.140557e+03 2.059561e+06 2.560000e+03
 1.440000e+03 0.000000e+00 2.530200e+01 8.480000e-01 3.390000e-01
 1.000000e+01 0.000000e+00 8.122690e+03 2.059102e+06 2.560000e+03
 1.440000e+03 0.000000e+00 2.477800e+01 8.550000e-01 0.000000e+00
 5.100000e+01]
deleted_idx_col 827
query_origi 644
query_idx 525
deleted_scaled [0.66666667 0.         0.20948561 0.20770088 0.45454545 0.45454545
 0.         0.06064826 0.22790698 0.08643523 0.66666667 0.
 0.20208505 0.20084686 0.45454545 0.45454545 0.         0.05520509
 0.35121951 0.00136963 0.66666667 0.         0.21385119 0.21477876
 0.45454545 0.45454545 0.         0.14281001 0.40594059 0.05047315
 0.66666667 0.         0.20809333 0.20745293 0.45454545 0.45454545
 0.         0.05695954 0.33957845 0.05611808]
deleted_not_scaled [8.000000e+00 0.000000e+00 4.448635e+03 1.126617e+06 1.920000e+03
 1.080000e+03 0.000000e+00 1.645100e+01 6.680000e-01 8.341000e+00
 8.000000e+00 0.000000e+00 4.306679e+03 1.092820e+06 1.920000e+03
 1.080000e+03 0.000000e+00 1.548400e+01 7.310000e-01 1.270000e-01
 8.000000e+00 0.000000e+00 4.364230e+03 1.109060e+06 1.920000e+03
 1.080000e+03 0.000000e+00 1.882400e+01 7.550000e-01 4.571000e+00
 8.000000e+00 0.000000e+00 4.416353e+03 1.123962e+06 1.920000e+03
 1.080000e+03 0.000000e+00 1.551600e+01 7.150000e-01 5.304000e+00
 1.440000e+02]
deleted_idx_col 525
query_origi 33
query_idx 878
deleted_scaled [0.91666667 0.         0.56892733 0.56777323 1.         1.
 0.         0.1355856  0.16511628 0.08929534 0.91666667 0.
 0.56990799 0.5696468  1.         1.         0.         0.04042648
 0.16829268 0.12068891 0.91666667 0.         0.58842395 0.59435523
 1.         1.         0.         0.13244432 0.38366337 0.02228283
 0.91666667 0.         0.65514666 0.64923612 1.         1.
 0.         0.82833449 0.87587822 0.927165  ]
deleted_not_scaled [1.1000000e+01 0.0000000e+00 1.1519933e+04 2.9347030e+06 3.8400000e+03
 2.1600000e+03 0.0000000e+00 1.9949000e+01 6.4100000e-01 8.6170000e+00
 1.1000000e+01 0.0000000e+00 1.1541185e+04 2.9444450e+06 3.8400000e+03
 2.1600000e+03 0.0000000e+00 1.4985000e+01 6.5600000e-01 1.1191000e+01
 1.1000000e+01 0.0000000e+00 1.1445749e+04 2.9243890e+06 3.8400000e+03
 2.1600000e+03 0.0000000e+00 1.8447000e+01 7.4600000e-01 2.0180000e+00
 1.1000000e+01 0.0000000e+00 1.3213996e+04 3.3431410e+06 3.8400000e+03
 2.1600000e+03 0.0000000e+00 4.1003000e+01 9.4400000e-01 8.7631000e+01
 2.3800000e+02]
deleted_idx_col 878
query_origi 485
query_idx 875
deleted_scaled [0.91666667 0.         0.5946721  0.59346798 1.         1.
 0.         0.22569035 0.67906977 0.05239378 0.91666667 0.
 0.55976951 0.5595139  1.         1.         0.         0.4566563
 0.74390244 0.12308306 0.91666667 0.         0.55396208 0.55954841
 1.         1.         0.         0.33736596 0.6509901  0.18025021
 1.         0.         0.83336674 0.82588099 1.         1.
 1.         0.78239157 0.93208431 0.73912077]
deleted_not_scaled [1.1000000e+01 0.0000000e+00 1.2026410e+04 3.0637280e+06 3.8400000e+03
 2.1600000e+03 0.0000000e+00 2.4155000e+01 8.6200000e-01 5.0560000e+00
 1.1000000e+01 0.0000000e+00 1.1341777e+04 2.8935710e+06 3.8400000e+03
 2.1600000e+03 0.0000000e+00 2.9039000e+01 8.9200000e-01 1.1413000e+01
 1.1000000e+01 0.0000000e+00 1.0794227e+04 2.7579250e+06 3.8400000e+03
 2.1600000e+03 0.0000000e+00 2.5900000e+01 8.5400000e-01 1.6324000e+01
 1.2000000e+01 0.0000000e+00 1.6721221e+04 4.2304690e+06 3.8400000e+03
 2.1600000e+03 1.0000000e+00 3.9485000e+01 9.6800000e-01 6.9858000e+01
 6.5000000e+01]
deleted_idx_col 875
query_origi 277
query_idx 111
deleted_scaled [1.         0.07833125 0.83252841 0.83294155 1.         1.
 1.         0.24584931 0.78837209 0.07468394 1.         0.18551408
 0.78047011 0.78204529 1.         1.         1.         0.73490301
 0.80731707 0.79312167 1.         0.1099702  0.86740816 0.86826546
 1.         1.         1.         0.14162772 0.3960396  0.03271756
 1.         0.         0.86940528 0.86376975 1.         1.
 1.         0.97085439 0.96252927 0.94812464]
deleted_not_scaled [1.20000000e+01 3.68038646e-01 1.67057580e+04 4.26623300e+06
 3.84000000e+03 2.16000000e+03 1.00000000e+00 2.50960000e+01
 9.09000000e-01 7.20700000e+00 1.20000000e+01 6.08773441e-01
 1.56826150e+04 4.01082900e+06 3.84000000e+03 2.16000000e+03
 1.00000000e+00 3.84340000e+01 9.18000000e-01 7.35430000e+01
 1.20000000e+01 5.40630960e-01 1.67201100e+04 4.23436800e+06
 3.84000000e+03 2.16000000e+03 1.00000000e+00 1.87810000e+01
 7.51000000e-01 2.96300000e+00 1.20000000e+01 0.00000000e+00
 1.74304300e+04 4.42079300e+06 3.84000000e+03 2.16000000e+03
 1.00000000e+00 4.57120000e+01 9.81000000e-01 8.96120000e+01
 1.87000000e+02]
deleted_idx_col 111
query_origi 576
query_idx 624
deleted_scaled [0.08333333 0.01183957 0.00838022 0.00814346 0.01818182 0.01818182
 0.         0.13185801 0.63023256 0.00419689 0.08333333 0.
 0.00880634 0.00867792 0.01818182 0.01818182 0.         0.70484229
 0.89756098 0.29052262 0.         0.         0.00236369 0.00229545
 0.         0.         0.         0.27253231 0.73019802 0.00200965
 0.08333333 0.         0.00932178 0.00924505 0.01818182 0.01818182
 0.         0.36494053 0.74004684 0.0263027 ]
deleted_not_scaled [1.00000000e+00 5.56281232e-02 4.92288000e+02 1.24549000e+05
 3.84000000e+02 2.16000000e+02 0.00000000e+00 1.97750000e+01
 8.41000000e-01 4.05000000e-01 1.00000000e+00 0.00000000e+00
 5.05187000e+02 1.28002000e+05 3.84000000e+02 2.16000000e+02
 0.00000000e+00 3.74190000e+01 9.55000000e-01 2.69390000e+01
 0.00000000e+00 0.00000000e+00 3.65934000e+02 9.28560000e+04
 3.20000000e+02 1.80000000e+02 0.00000000e+00 2.35420000e+01
 8.86000000e-01 1.82000000e-01 1.00000000e+00 0.00000000e+00
 5.04692000e+02 1.28318000e+05 3.84000000e+02 2.16000000e+02
 0.00000000e+00 2.56920000e+01 8.86000000e-01 2.48600000e+00
 1.96000000e+02]
deleted_idx_col 624
query_origi 137
query_idx 566
deleted_scaled [1.         0.         0.88993409 0.8837167  1.         1.
 1.         0.17915979 0.61162791 0.         0.91666667 0.
 0.52519764 0.52230656 1.         1.         0.         0.33555457
 0.70731707 0.01717965 1.         0.         0.873563   0.87794761
 1.         1.         1.         0.34767666 0.75       0.07602442
 1.         0.         0.8197462  0.81770339 1.         1.
 1.         0.23758361 0.66042155 0.01886473]
deleted_not_scaled [1.2000000e+01 0.0000000e+00 1.7835100e+04 4.5211980e+06 3.8400000e+03
 2.1600000e+03 1.0000000e+00 2.1983000e+01 8.3300000e-01 0.0000000e+00
 1.1000000e+01 0.0000000e+00 1.0661802e+04 2.7067650e+06 3.8400000e+03
 2.1600000e+03 0.0000000e+00 2.4950000e+01 8.7700000e-01 1.5930000e+00
 1.2000000e+01 0.0000000e+00 1.6836471e+04 4.2806730e+06 3.8400000e+03
 2.1600000e+03 1.0000000e+00 2.6275000e+01 8.9400000e-01 6.8850000e+00
 1.2000000e+01 0.0000000e+00 1.6453180e+04 4.1893910e+06 3.8400000e+03
 2.1600000e+03 1.0000000e+00 2.1484000e+01 8.5200000e-01 1.7830000e+00
 1.6700000e+02]
deleted_idx_col 566
query_origi 864
query_idx 437
deleted_scaled [0.91666667 0.         0.56423791 0.56366187 1.         1.
 0.         0.13397888 0.55116279 0.00568912 0.91666667 0.
 0.56739798 0.5677104  1.         1.         0.         0.44116689
 0.7902439  0.14615103 1.         0.         0.85729083 0.86677712
 1.         1.         1.         0.27613418 0.67079208 0.00986054
 1.         0.         0.83732691 0.83064227 1.         1.
 1.         0.18095699 0.57845433 0.        ]
deleted_not_scaled [1.1000000e+01 0.0000000e+00 1.1427678e+04 2.9140580e+06 3.8400000e+03
 2.1600000e+03 0.0000000e+00 1.9874000e+01 8.0700000e-01 5.4900000e-01
 1.1000000e+01 0.0000000e+00 1.1491817e+04 2.9347230e+06 3.8400000e+03
 2.1600000e+03 0.0000000e+00 2.8516000e+01 9.1100000e-01 1.3552000e+01
 1.2000000e+01 0.0000000e+00 1.6528836e+04 4.2272500e+06 3.8400000e+03
 2.1600000e+03 1.0000000e+00 2.3673000e+01 8.6200000e-01 8.9300000e-01
 1.2000000e+01 0.0000000e+00 1.6799154e+04 4.2543860e+06 3.8400000e+03
 2.1600000e+03 1.0000000e+00 1.9613000e+01 8.1700000e-01 0.0000000e+00
 2.0100000e+02]
deleted_idx_col 437
query_origi 396
query_idx 644
deleted_scaled [1.         0.         0.84942477 0.84475686 1.         1.
 1.         0.05490692 0.4        0.01918135 1.         0.
 0.81720118 0.81394478 1.         1.         1.         0.82508515
 0.91707317 0.87264629 0.91666667 0.         0.58312113 0.58692357
 1.         1.         0.         0.21836679 0.5        0.02188532
 1.         0.         0.80826757 0.80746456 1.         1.
 1.         0.23122787 0.49180328 0.02946622]
deleted_not_scaled [1.2000000e+01 0.0000000e+00 1.7038160e+04 4.3255630e+06 3.8400000e+03
 2.1600000e+03 1.0000000e+00 1.6183000e+01 7.4200000e-01 1.8510000e+00
 1.2000000e+01 0.0000000e+00 1.6405058e+04 4.1709860e+06 3.8400000e+03
 2.1600000e+03 1.0000000e+00 4.1479000e+01 9.6300000e-01 8.0917000e+01
 1.1000000e+01 0.0000000e+00 1.1345496e+04 2.8888470e+06 3.8400000e+03
 2.1600000e+03 0.0000000e+00 2.1572000e+01 7.9300000e-01 1.9820000e+00
 1.2000000e+01 0.0000000e+00 1.6227290e+04 4.1379590e+06 3.8400000e+03
 2.1600000e+03 1.0000000e+00 2.1274000e+01 7.8000000e-01 2.7850000e+00
 1.5300000e+02]
deleted_idx_col 644
query_origi 587
query_idx 533
deleted_scaled [1.         0.         0.76665657 0.76818717 1.         1.
 1.         0.18922856 0.72790698 0.00740933 0.91666667 0.
 0.54689285 0.54250324 1.         1.         0.         0.16845846
 0.28536585 0.03594461 0.91666667 0.         0.59503549 0.59649657
 1.         1.         0.         0.22449821 0.69554455 0.46112651
 1.         0.         0.91607831 0.91151432 1.         1.
 1.         0.45255894 0.79859485 0.24036396]
deleted_not_scaled [1.2000000e+01 0.0000000e+00 1.5409861e+04 3.9410720e+06 3.8400000e+03
 2.1600000e+03 1.0000000e+00 2.2453000e+01 8.8300000e-01 7.1500000e-01
 1.1000000e+01 0.0000000e+00 1.1088513e+04 2.8081660e+06 3.8400000e+03
 2.1600000e+03 0.0000000e+00 1.9308000e+01 7.0400000e-01 3.3330000e+00
 1.1000000e+01 0.0000000e+00 1.1570744e+04 2.9346300e+06 3.8400000e+03
 2.1600000e+03 0.0000000e+00 2.1795000e+01 8.7200000e-01 4.1761000e+01
 1.2000000e+01 0.0000000e+00 1.8348917e+04 4.6606250e+06 3.8400000e+03
 2.1600000e+03 1.0000000e+00 2.8587000e+01 9.1100000e-01 2.2718000e+01
 1.7300000e+02]
deleted_idx_col 533
query_origi 93
query_idx 475
deleted_scaled [1.         0.         0.8252157  0.82026553 1.         1.
 1.         0.08642002 0.61162791 0.00251813 0.91666667 0.
 0.57492917 0.57234683 1.         1.         0.         0.04880794
 0.4902439  0.04743006 1.         0.         0.89627142 0.90167364
 1.         1.         1.         0.0719824  0.39108911 0.05291344
 1.         0.         0.75020849 0.74908839 1.         1.
 1.         0.2899428  0.35362998 0.15048405]
deleted_not_scaled [1.2000000e+01 0.0000000e+00 1.6561895e+04 4.2025810e+06 3.8400000e+03
 2.1600000e+03 1.0000000e+00 1.7654000e+01 8.3300000e-01 2.4300000e-01
 1.1000000e+01 0.0000000e+00 1.1639944e+04 2.9580010e+06 3.8400000e+03
 2.1600000e+03 0.0000000e+00 1.5268000e+01 7.8800000e-01 4.3980000e+00
 1.2000000e+01 0.0000000e+00 1.7265787e+04 4.3941430e+06 3.8400000e+03
 2.1600000e+03 1.0000000e+00 1.6248000e+01 7.4900000e-01 4.7920000e+00
 1.2000000e+01 0.0000000e+00 1.5084735e+04 3.8447220e+06 3.8400000e+03
 2.1600000e+03 1.0000000e+00 2.3214000e+01 7.2100000e-01 1.4223000e+01
 2.2800000e+02]
deleted_idx_col 475
query_origi 544
query_idx 944
deleted_scaled [0.16666667 0.29291734 0.01814822 0.01809815 0.05454545 0.05454545
 0.         0.0458236  0.21395349 0.38260104 0.         0.02880283
 0.0016405  0.00171929 0.         0.         0.         0.49844514
 0.71219512 0.01890516 0.         0.         0.00227737 0.00237072
 0.         0.         0.         0.10266703 0.17326733 0.02467895
 0.         0.         0.00345787 0.00332674 0.         0.
 0.         0.09267274 0.30913349 0.0255515 ]
deleted_not_scaled [2.00000000e+00 1.37626936e+00 6.84454000e+02 1.74536000e+05
 5.12000000e+02 2.88000000e+02 0.00000000e+00 1.57590000e+01
 6.62000000e-01 3.69210000e+01 0.00000000e+00 9.45178814e-02
 3.64246000e+02 9.30650000e+04 3.20000000e+02 1.80000000e+02
 0.00000000e+00 3.04500000e+01 8.79000000e-01 1.75300000e+00
 0.00000000e+00 0.00000000e+00 3.64302000e+02 9.32160000e+04
 3.20000000e+02 1.80000000e+02 0.00000000e+00 1.73640000e+01
 6.61000000e-01 2.23500000e+00 0.00000000e+00 0.00000000e+00
 3.89295000e+02 9.85890000e+04 3.20000000e+02 1.80000000e+02
 0.00000000e+00 1.66960000e+01 7.02000000e-01 2.41500000e+00
 1.41000000e+02]
deleted_idx_col 944
query_origi 377
query_idx 361
deleted_scaled [0.08333333 0.         0.00891501 0.00882374 0.01818182 0.01818182
 0.         0.26172369 0.58837209 0.         0.33333333 0.
 0.04240269 0.04237378 0.09090909 0.09090909 0.         0.24925218
 0.60487805 0.2234864  0.         0.         0.0023602  0.00240669
 0.         0.         0.         0.65672257 0.86881188 0.08264965
 0.         0.         0.00225487 0.00230609 0.         0.
 0.         0.31364063 0.76814988 0.        ]
deleted_not_scaled [1.000000e+00 0.000000e+00 5.028090e+02 1.279650e+05 3.840000e+02
 2.160000e+02 0.000000e+00 2.583700e+01 8.230000e-01 0.000000e+00
 4.000000e+00 0.000000e+00 1.165975e+03 2.971780e+05 6.400000e+02
 3.600000e+02 0.000000e+00 2.203600e+01 8.350000e-01 2.072300e+01
 0.000000e+00 0.000000e+00 3.658680e+02 9.338800e+04 3.200000e+02
 1.800000e+02 0.000000e+00 3.751500e+01 9.420000e-01 7.485000e+00
 0.000000e+00 0.000000e+00 3.656210e+02 9.346200e+04 3.200000e+02
 1.800000e+02 0.000000e+00 2.399700e+01 8.980000e-01 0.000000e+00
 2.750000e+02]
deleted_idx_col 361
query_origi 648
query_idx 632
deleted_scaled [0.         0.         0.00174783 0.00174053 0.         0.
 0.         0.19171362 0.53023256 0.00207254 0.         0.
 0.00173115 0.00182824 0.         0.         0.         0.63657634
 0.76341463 0.14739124 0.25       0.         0.03437772 0.03430687
 0.05454545 0.05454545 0.         0.40200715 0.71039604 0.31390303
 0.25       0.         0.02327902 0.0230503  0.05454545 0.05454545
 0.         0.45594867 0.70960187 0.2581495 ]
deleted_not_scaled [0.00000e+00 0.00000e+00 3.61809e+02 9.23970e+04 3.20000e+02 1.80000e+02
 0.00000e+00 2.25690e+01 7.98000e-01 2.00000e-01 0.00000e+00 0.00000e+00
 3.66029e+02 9.36120e+04 3.20000e+02 1.80000e+02 0.00000e+00 3.51140e+01
 9.00000e-01 1.36670e+01 3.00000e+00 0.00000e+00 9.71178e+02 2.45951e+05
 5.12000e+02 2.88000e+02 0.00000e+00 2.82510e+01 8.78000e-01 2.84280e+01
 3.00000e+00 0.00000e+00 7.79359e+02 1.97665e+05 5.12000e+02 2.88000e+02
 0.00000e+00 2.86990e+01 8.73000e-01 2.43990e+01 1.57000e+02]
deleted_idx_col 632
query_origi 119
query_idx 130
deleted_scaled [0.         0.13012505 0.00190637 0.00184469 0.         0.
 0.         0.03603333 0.2372093  0.06710881 0.         0.18138309
 0.00179246 0.00183481 0.         0.         0.         0.06293499
 0.2        0.06253909 0.         0.12193019 0.00227441 0.00233915
 0.         0.         0.         0.46246907 0.71287129 0.01935669
 0.         0.         0.00218785 0.00225711 0.         0.
 0.         0.11289005 0.21311475 0.02364704]
deleted_not_scaled [0.00000000e+00 6.11391326e-01 3.64928000e+02 9.29200000e+04
 3.20000000e+02 1.80000000e+02 0.00000000e+00 1.53020000e+01
 6.72000000e-01 6.47600000e+00 0.00000000e+00 5.95217403e-01
 3.67235000e+02 9.36450000e+04 3.20000000e+02 1.80000000e+02
 0.00000000e+00 1.57450000e+01 6.69000000e-01 5.79900000e+00
 0.00000000e+00 5.99428200e-01 3.64246000e+02 9.30650000e+04
 3.20000000e+02 1.80000000e+02 0.00000000e+00 3.04500000e+01
 8.79000000e-01 1.75300000e+00 0.00000000e+00 0.00000000e+00
 3.64302000e+02 9.32160000e+04 3.20000000e+02 1.80000000e+02
 0.00000000e+00 1.73640000e+01 6.61000000e-01 2.23500000e+00
 1.40000000e+02]
deleted_idx_col 130
query_origi 146
query_idx 695
deleted_scaled [0.         0.         0.00208179 0.00191877 0.         0.
 0.         0.41404057 0.89767442 0.11804145 0.         0.01524078
 0.00198246 0.00192305 0.         0.         0.         0.49566119
 0.81219512 0.08899338 0.         0.38037985 0.00235343 0.00230423
 0.         0.         0.         0.51534232 0.98762376 0.
 0.         0.         0.00439454 0.0043474  0.         0.
 0.         0.58605974 0.8852459  0.01143734]
deleted_not_scaled [0.00000000e+00 0.00000000e+00 3.68379000e+02 9.32920000e+04
 3.20000000e+02 1.80000000e+02 0.00000000e+00 3.29470000e+01
 9.56000000e-01 1.13910000e+01 0.00000000e+00 5.00133462e-02
 3.70972000e+02 9.40880000e+04 3.20000000e+02 1.80000000e+02
 0.00000000e+00 3.03560000e+01 9.20000000e-01 8.25200000e+00
 0.00000000e+00 1.87000774e+00 3.65740000e+02 9.28980000e+04
 3.20000000e+02 1.80000000e+02 0.00000000e+00 3.23730000e+01
 9.90000000e-01 0.00000000e+00 0.00000000e+00 0.00000000e+00
 4.07728000e+02 1.03716000e+05 3.20000000e+02 1.80000000e+02
 0.00000000e+00 3.29980000e+01 9.48000000e-01 1.08100000e+00
 3.10000000e+01]
deleted_idx_col 695
query_origi 23
query_idx 463
deleted_scaled [1.         0.         0.83411185 0.82660971 1.         1.
 1.         0.23646608 0.55813953 0.04356477 0.91666667 0.
 0.57196982 0.56767057 1.         1.         0.         0.26779209
 0.4804878  0.01467765 1.         0.         0.86579768 0.86839803
 1.         1.         1.         0.24844652 0.42574257 0.02938286
 0.91666667 0.         0.57037356 0.5677981  1.         1.
 0.         0.71626161 0.88056206 0.68819764]
deleted_not_scaled [1.2000000e+01 0.0000000e+00 1.6736909e+04 4.2344380e+06 3.8400000e+03
 2.1600000e+03 1.0000000e+00 2.4658000e+01 8.1000000e-01 4.2040000e+00
 1.1000000e+01 0.0000000e+00 1.1581738e+04 2.9345230e+06 3.8400000e+03
 2.1600000e+03 0.0000000e+00 2.2662000e+01 7.8400000e-01 1.3610000e+00
 1.2000000e+01 0.0000000e+00 1.6689663e+04 4.2350020e+06 3.8400000e+03
 2.1600000e+03 1.0000000e+00 2.2666000e+01 7.6300000e-01 2.6610000e+00
 1.1000000e+01 0.0000000e+00 1.1545731e+04 2.9340590e+06 3.8400000e+03
 2.1600000e+03 0.0000000e+00 3.7300000e+01 9.4600000e-01 6.5045000e+01
 8.3000000e+01]
deleted_idx_col 463
query_origi 700
query_idx 319
deleted_scaled [0.33333333 0.         0.04363614 0.0436796  0.09090909 0.09090909
 0.         0.13777073 0.67674419 0.17260104 0.33333333 0.
 0.04183442 0.04137511 0.09090909 0.09090909 0.         0.18172664
 0.6097561  0.13165671 0.33333333 0.         0.0449584  0.04492994
 0.09090909 0.09090909 0.         0.74107781 0.92574257 0.78608262
 0.33333333 0.         0.04307568 0.04274958 0.09090909 0.09090909
 0.         0.29417996 0.72599532 0.19170502]
deleted_not_scaled [4.000000e+00 0.000000e+00 1.185878e+03 3.029920e+05 6.400000e+02
 3.600000e+02 0.000000e+00 2.005100e+01 8.610000e-01 1.665600e+01
 4.000000e+00 0.000000e+00 1.154798e+03 2.921640e+05 6.400000e+02
 3.600000e+02 0.000000e+00 1.975600e+01 8.370000e-01 1.220800e+01
 4.000000e+00 0.000000e+00 1.171212e+03 2.967560e+05 6.400000e+02
 3.600000e+02 0.000000e+00 4.058300e+01 9.650000e-01 7.119000e+01
 4.000000e+00 0.000000e+00 1.168941e+03 2.966190e+05 6.400000e+02
 3.600000e+02 0.000000e+00 2.335400e+01 8.800000e-01 1.811900e+01
 1.950000e+02]
deleted_idx_col 319
query_origi 313
query_idx 911
deleted_scaled [0.91666667 0.         0.56640402 0.56782461 1.         1.
 0.         0.20538143 0.63953488 0.08335751 0.91666667 0.
 0.57221788 0.56762834 1.         1.         0.         0.27478158
 0.44146341 0.01395509 0.91666667 0.         0.59461477 0.59637697
 1.         1.         0.         0.25243332 0.43316832 0.02043881
 1.         0.         0.83039161 0.82666395 1.         1.
 1.         0.47985836 0.70257611 0.27249643]
deleted_not_scaled [1.1000000e+01 0.0000000e+00 1.1470292e+04 2.9349610e+06 3.8400000e+03
 2.1600000e+03 0.0000000e+00 2.3207000e+01 8.4500000e-01 8.0440000e+00
 1.1000000e+01 0.0000000e+00 1.1586617e+04 2.9343110e+06 3.8400000e+03
 2.1600000e+03 0.0000000e+00 2.2898000e+01 7.6800000e-01 1.2940000e+00
 1.1000000e+01 0.0000000e+00 1.1562790e+04 2.9340580e+06 3.8400000e+03
 2.1600000e+03 0.0000000e+00 2.2811000e+01 7.6600000e-01 1.8510000e+00
 1.2000000e+01 0.0000000e+00 1.6662673e+04 4.2344020e+06 3.8400000e+03
 2.1600000e+03 1.0000000e+00 2.9489000e+01 8.7000000e-01 2.5755000e+01
 2.7100000e+02]
deleted_idx_col 911
query_origi 324
query_idx 78
deleted_scaled [0.5        0.32344528 0.10804522 0.10717577 0.27272727 0.27272727
 0.         0.19826903 0.68139535 0.17867358 0.41666667 0.
 0.07777732 0.07732345 0.18181818 0.17171717 0.         0.58930846
 0.90731707 0.6352048  0.         0.         0.0023785  0.00234856
 0.         0.         0.         0.24775914 0.41584158 0.
 0.         0.         0.00227255 0.00225094 0.         0.
 0.         0.23534397 0.40515222 0.        ]
deleted_not_scaled [6.0000000e+00 1.5197046e+00 2.4529980e+03 6.2183500e+05 1.2800000e+03
 7.2000000e+02 0.0000000e+00 2.2875000e+01 8.6300000e-01 1.7242000e+01
 5.0000000e+00 0.0000000e+00 1.8617390e+03 4.7264900e+05 9.6000000e+02
 5.2000000e+02 0.0000000e+00 3.3518000e+01 9.5900000e-01 5.8900000e+01
 0.0000000e+00 0.0000000e+00 3.6621400e+02 9.3110000e+04 3.2000000e+02
 1.8000000e+02 0.0000000e+00 2.2641000e+01 7.5900000e-01 0.0000000e+00
 0.0000000e+00 0.0000000e+00 3.6596900e+02 9.3185000e+04 3.2000000e+02
 1.8000000e+02 0.0000000e+00 2.1410000e+01 7.4300000e-01 0.0000000e+00
 2.8000000e+02]
deleted_idx_col 78
query_origi 687
query_idx 982
deleted_scaled [5.83333333e-01 0.00000000e+00 1.45589568e-01 1.44225017e-01
 2.72727273e-01 2.72727273e-01 0.00000000e+00 2.14229097e-04
 4.16279070e-01 5.41347150e-01 5.00000000e-01 0.00000000e+00
 1.20378238e-01 1.19490682e-01 2.72727273e-01 2.72727273e-01
 0.00000000e+00 1.91026211e-02 4.02439024e-01 1.93872269e-01
 5.00000000e-01 0.00000000e+00 9.44611091e-02 9.47876346e-02
 2.72727273e-01 2.72727273e-01 0.00000000e+00 5.86747319e-02
 1.58415842e-01 7.94474565e-02 5.00000000e-01 0.00000000e+00
 1.07942760e-01 1.07538156e-01 2.72727273e-01 2.72727273e-01
 0.00000000e+00 1.61526588e-01 1.70960187e-01 7.44961117e-02]
deleted_not_scaled [7.000000e+00 0.000000e+00 3.191608e+03 8.078760e+05 1.280000e+03
 7.200000e+02 0.000000e+00 1.363000e+01 7.490000e-01 5.224000e+01
 6.000000e+00 0.000000e+00 2.699633e+03 6.843570e+05 1.280000e+03
 7.200000e+02 0.000000e+00 1.426500e+01 7.520000e-01 1.797700e+01
 6.000000e+00 0.000000e+00 2.107090e+03 5.352010e+05 1.280000e+03
 7.200000e+02 0.000000e+00 1.576400e+01 6.550000e-01 7.195000e+00
 6.000000e+00 0.000000e+00 2.445472e+03 6.220670e+05 1.280000e+03
 7.200000e+02 0.000000e+00 1.897100e+01 6.430000e-01 7.041000e+00
 2.340000e+02]
deleted_idx_col 982
query_origi 441
query_idx 252
deleted_scaled [1.         0.03074584 0.90113629 0.89888741 1.         1.
 1.         0.39818762 0.85116279 0.64818653 1.         0.06277161
 0.80491856 0.80412558 1.         1.         1.         0.37885384
 0.74634146 0.10037099 1.         0.48443365 0.86114551 0.86937241
 1.         1.         1.         0.32095133 0.72524752 0.0187825
 1.         0.         0.82152747 0.82317297 1.         1.
 1.         0.33410006 0.71662763 0.00300481]
deleted_not_scaled [1.20000000e+01 1.44459029e-01 1.80554810e+04 4.59737700e+06
 3.84000000e+03 2.16000000e+03 1.00000000e+00 3.22070000e+01
 9.36000000e-01 6.25500000e+01 1.20000000e+01 2.05988070e-01
 1.61634780e+04 4.12168700e+06 3.84000000e+03 2.16000000e+03
 1.00000000e+00 2.64120000e+01 8.93000000e-01 9.30700000e+00
 1.20000000e+01 2.38155277e+00 1.66017110e+04 4.23966200e+06
 3.84000000e+03 2.16000000e+03 1.00000000e+00 2.53030000e+01
 8.84000000e-01 1.70100000e+00 1.20000000e+01 0.00000000e+00
 1.64882340e+04 4.21686600e+06 3.84000000e+03 2.16000000e+03
 1.00000000e+00 2.46730000e+01 8.76000000e-01 2.84000000e-01
 7.20000000e+01]
deleted_idx_col 252
query_origi 295
query_idx 605
deleted_scaled [1.         0.         0.82832047 0.82666249 1.         1.
 1.         0.13509287 0.15581395 0.09079793 1.         0.
 0.83878951 0.83838033 1.         1.         1.         0.04024878
 0.15609756 0.12279188 1.         0.         0.8473598  0.85588264
 1.         1.         1.         0.13282925 0.37623762 0.02321036
 1.         0.         0.96068993 0.95207885 1.         1.
 1.         0.84927817 0.8852459  0.95818653]
deleted_not_scaled [1.2000000e+01 0.0000000e+00 1.6622975e+04 4.2347030e+06 3.8400000e+03
 2.1600000e+03 1.0000000e+00 1.9926000e+01 6.3700000e-01 8.7620000e+00
 1.2000000e+01 0.0000000e+00 1.6829667e+04 4.2936690e+06 3.8400000e+03
 2.1600000e+03 1.0000000e+00 1.4979000e+01 6.5100000e-01 1.1386000e+01
 1.2000000e+01 0.0000000e+00 1.6341084e+04 4.1751470e+06 3.8400000e+03
 2.1600000e+03 1.0000000e+00 1.8461000e+01 7.4300000e-01 2.1020000e+00
 1.2000000e+01 0.0000000e+00 1.9226837e+04 4.8643900e+06 3.8400000e+03
 2.1600000e+03 1.0000000e+00 4.1695000e+01 9.4800000e-01 9.0563000e+01
 2.3800000e+02]
deleted_idx_col 605
query_origi 508
query_idx 986
deleted_scaled [0.33333333 0.         0.040132   0.03969927 0.09090909 0.09090909
 0.         0.06296193 0.55116279 0.37168912 0.5        0.
 0.10319788 0.10254675 0.27272727 0.27272727 0.         0.2001777
 0.33902439 0.01585316 0.33333333 0.         0.04620237 0.04636329
 0.09090909 0.09090909 0.         0.02317844 0.51980198 0.33456268
 0.5        0.         0.09883522 0.09851846 0.27272727 0.27272727
 0.         0.06616023 0.38875878 0.11365392]
deleted_not_scaled [4.000000e+00 0.000000e+00 1.116941e+03 2.830050e+05 6.400000e+02
 3.600000e+02 0.000000e+00 1.655900e+01 8.070000e-01 3.586800e+01
 6.000000e+00 0.000000e+00 2.361722e+03 5.992870e+05 1.280000e+03
 7.200000e+02 0.000000e+00 2.037900e+01 7.260000e-01 1.470000e+00
 4.000000e+00 0.000000e+00 1.194730e+03 3.036110e+05 6.400000e+02
 3.600000e+02 0.000000e+00 1.447300e+01 8.010000e-01 3.029900e+01
 6.000000e+00 0.000000e+00 2.266243e+03 5.767590e+05 1.280000e+03
 7.200000e+02 0.000000e+00 1.582000e+01 7.360000e-01 1.074200e+01
 2.420000e+02]
deleted_idx_col 986
query_origi 164
query_idx 774
deleted_scaled [0.         0.         0.00207457 0.00190244 0.         0.
 0.         0.02656441 0.3        0.11168912 0.41666667 0.
 0.07776166 0.07716889 0.18181818 0.17171717 0.         0.1503628
 0.39512195 0.604523   0.41666667 0.         0.08126797 0.08149211
 0.18181818 0.17171717 0.         0.1005774  0.35891089 0.56269117
 0.5        0.         0.10797025 0.10750471 0.27272727 0.27272727
 0.         0.05892679 0.2529274  0.56834365]
deleted_not_scaled [0.000000e+00 0.000000e+00 3.682370e+02 9.321000e+04 3.200000e+02
 1.800000e+02 0.000000e+00 1.486000e+01 6.990000e-01 1.077800e+01
 5.000000e+00 0.000000e+00 1.861431e+03 4.718730e+05 9.600000e+02
 5.200000e+02 0.000000e+00 1.869700e+01 7.490000e-01 5.605500e+01
 5.000000e+00 0.000000e+00 1.857666e+03 4.716150e+05 9.600000e+02
 5.200000e+02 0.000000e+00 1.728800e+01 7.360000e-01 5.095900e+01
 6.000000e+00 0.000000e+00 2.446013e+03 6.218990e+05 1.280000e+03
 7.200000e+02 0.000000e+00 1.558100e+01 6.780000e-01 5.371700e+01
 1.360000e+02]
deleted_idx_col 774
query_origi 502
query_idx 424
deleted_scaled [0.58333333 0.         0.14013402 0.13958254 0.27272727 0.27272727
 0.         0.25129073 0.48604651 0.33004145 0.58333333 0.
 0.13977865 0.13952404 0.27272727 0.27272727 0.         0.31452688
 0.62195122 0.19030261 0.33333333 0.         0.04565549 0.04606157
 0.09090909 0.09090909 0.         0.16497113 0.55940594 0.17518192
 0.5        0.         0.10738923 0.10753179 0.27272727 0.27272727
 0.         0.24524076 0.58782201 0.01735174]
deleted_not_scaled [7.000000e+00 0.000000e+00 3.084281e+03 7.845640e+05 1.280000e+03
 7.200000e+02 0.000000e+00 2.535000e+01 7.790000e-01 3.184900e+01
 7.000000e+00 0.000000e+00 3.081209e+03 7.849380e+05 1.280000e+03
 7.200000e+02 0.000000e+00 2.424000e+01 8.420000e-01 1.764600e+01
 4.000000e+00 0.000000e+00 1.184391e+03 3.021680e+05 6.400000e+02
 3.600000e+02 0.000000e+00 1.963000e+01 8.170000e-01 1.586500e+01
 6.000000e+00 0.000000e+00 2.434579e+03 6.220350e+05 1.280000e+03
 7.200000e+02 0.000000e+00 2.173700e+01 8.210000e-01 1.640000e+00
 9.400000e+01]
deleted_idx_col 424
query_origi 907
query_idx 136
deleted_scaled [1.         0.13702574 0.73168158 0.72984487 1.         1.
 1.         0.13072259 0.54418605 0.02379275 1.         0.1752333
 0.84922882 0.84838974 1.         1.         1.         0.84901525
 0.92439024 0.80133943 1.         0.08607532 0.86664902 0.87492828
 1.         1.         1.         0.31525983 0.78712871 0.07957996
 1.         0.         0.78058984 0.78215615 1.         1.
 1.         0.75058261 0.81498829 0.77810929]
deleted_not_scaled [1.20000000e+01 6.43814147e-01 1.47217980e+04 3.74853800e+06
 3.84000000e+03 2.16000000e+03 1.00000000e+00 1.97220000e+01
 8.04000000e-01 2.29600000e+00 1.20000000e+01 5.75036547e-01
 1.70349920e+04 4.34392300e+06 3.84000000e+03 2.16000000e+03
 1.00000000e+00 4.22870000e+01 9.66000000e-01 7.43050000e+01
 1.20000000e+01 4.23159964e-01 1.67057580e+04 4.26623300e+06
 3.84000000e+03 2.16000000e+03 1.00000000e+00 2.50960000e+01
 9.09000000e-01 7.20700000e+00 1.20000000e+01 0.00000000e+00
 1.56826150e+04 4.01082900e+06 3.84000000e+03 2.16000000e+03
 1.00000000e+00 3.84340000e+01 9.18000000e-01 7.35430000e+01
 1.85000000e+02]
deleted_idx_col 136
query_origi 661
query_idx 372
deleted_scaled [0.5        0.         0.11588114 0.11534751 0.27272727 0.27272727
 0.         0.11013518 0.59069767 0.16492228 0.58333333 0.
 0.12974964 0.12944353 0.27272727 0.27272727 0.         0.17932771
 0.54390244 0.02139637 0.58333333 0.         0.14730114 0.14849267
 0.27272727 0.27272727 0.         0.72073137 0.91336634 0.71158199
 0.58333333 0.         0.13726786 0.13736378 0.27272727 0.27272727
 0.         0.34593384 0.80327869 0.07140666]
deleted_not_scaled [6.000000e+00 0.000000e+00 2.607154e+03 6.628690e+05 1.280000e+03
 7.200000e+02 0.000000e+00 1.876100e+01 8.240000e-01 1.591500e+01
 7.000000e+00 0.000000e+00 2.883954e+03 7.343270e+05 1.280000e+03
 7.200000e+02 0.000000e+00 1.967500e+01 8.100000e-01 1.984000e+00
 7.000000e+00 0.000000e+00 3.106062e+03 7.920460e+05 1.280000e+03
 7.200000e+02 0.000000e+00 3.984300e+01 9.600000e-01 6.444300e+01
 7.000000e+00 0.000000e+00 3.022566e+03 7.718880e+05 1.280000e+03
 7.200000e+02 0.000000e+00 2.506400e+01 9.130000e-01 6.749000e+00
 1.840000e+02]
deleted_idx_col 372
query_origi 10
query_idx 412
deleted_scaled [5.83333333e-01 0.00000000e+00 1.40960737e-01 1.39557443e-01
 2.72727273e-01 2.72727273e-01 0.00000000e+00 2.03260567e-01
 6.97674419e-01 2.28062176e-01 6.66666667e-01 0.00000000e+00
 2.05761187e-01 2.04174099e-01 4.54545455e-01 4.54545455e-01
 0.00000000e+00 1.33274100e-01 5.04878049e-01 9.70601557e-05
 6.66666667e-01 0.00000000e+00 2.24654242e-01 2.25273036e-01
 4.54545455e-01 4.54545455e-01 0.00000000e+00 2.26890294e-01
 6.23762376e-01 5.96270000e-04 6.66666667e-01 0.00000000e+00
 1.95504792e-01 1.94590494e-01 4.54545455e-01 4.54545455e-01
 0.00000000e+00 2.77745831e-01 7.33021077e-01 0.00000000e+00]
deleted_not_scaled [7.000000e+00 0.000000e+00 3.100545e+03 7.844380e+05 1.280000e+03
 7.200000e+02 0.000000e+00 2.310800e+01 8.700000e-01 2.200800e+01
 8.000000e+00 0.000000e+00 4.378983e+03 1.109525e+06 1.920000e+03
 1.080000e+03 0.000000e+00 1.812000e+01 7.940000e-01 9.000000e-03
 8.000000e+00 0.000000e+00 4.568468e+03 1.159249e+06 1.920000e+03
 1.080000e+03 0.000000e+00 2.188200e+01 8.430000e-01 5.400000e-02
 8.000000e+00 0.000000e+00 4.168621e+03 1.059351e+06 1.920000e+03
 1.080000e+03 0.000000e+00 2.281100e+01 8.830000e-01 0.000000e+00
 2.110000e+02]
deleted_idx_col 412
query_origi 622
query_idx 554
deleted_scaled [1.         0.         0.91099752 0.9032732  1.         1.
 1.         0.20349622 0.44883721 0.01954404 1.         0.
 0.75532888 0.75004979 1.         1.         1.         0.27575892
 0.4        0.02995923 1.         0.         0.86529905 0.86833384
 1.         1.         1.         0.4805609  0.69059406 0.4244559
 1.         0.         0.8909513  0.88739956 1.         1.
 1.         0.31031143 0.44496487 0.00627414]
deleted_not_scaled [1.2000000e+01 0.0000000e+00 1.8249481e+04 4.6194000e+06 3.8400000e+03
 2.1600000e+03 1.0000000e+00 2.3119000e+01 7.6300000e-01 1.8860000e+00
 1.2000000e+01 0.0000000e+00 1.5188126e+04 3.8501900e+06 3.8400000e+03
 2.1600000e+03 1.0000000e+00 2.2931000e+01 7.5100000e-01 2.7780000e+00
 1.2000000e+01 0.0000000e+00 1.6680236e+04 4.2346950e+06 3.8400000e+03
 2.1600000e+03 1.0000000e+00 3.1108000e+01 8.7000000e-01 3.8440000e+01
 1.2000000e+01 0.0000000e+00 1.7854438e+04 4.5394910e+06 3.8400000e+03
 2.1600000e+03 1.0000000e+00 2.3887000e+01 7.6000000e-01 5.9300000e-01
 1.2100000e+02]
deleted_idx_col 554
query_origi 506
query_idx 701
deleted_scaled [1.         0.02844236 0.83627273 0.83042236 1.         1.
 1.         0.12343881 0.39069767 0.03741969 1.         0.08228929
 0.82726577 0.82272925 1.         1.         1.         0.4960462
 0.72195122 0.16745034 1.         0.07509909 0.86431891 0.86865668
 1.         1.         1.         0.47124003 0.73267327 0.23819882
 1.         0.         0.84265742 0.840558   1.         1.
 1.         0.24720801 0.60421546 0.00594615]
deleted_not_scaled [1.20000000e+01 1.33636170e-01 1.67794200e+04 4.25358300e+06
 3.84000000e+03 2.16000000e+03 1.00000000e+00 1.93820000e+01
 7.38000000e-01 3.61100000e+00 1.20000000e+01 2.70036281e-01
 1.66030130e+04 4.21509000e+06 3.84000000e+03 2.16000000e+03
 1.00000000e+00 3.03690000e+01 8.83000000e-01 1.55270000e+01
 1.20000000e+01 3.69199055e-01 1.66617060e+04 4.23623900e+06
 3.84000000e+03 2.16000000e+03 1.00000000e+00 3.07690000e+01
 8.87000000e-01 2.15720000e+01 1.20000000e+01 0.00000000e+00
 1.69040540e+04 4.30419500e+06 3.84000000e+03 2.16000000e+03
 1.00000000e+00 2.18020000e+01 8.28000000e-01 5.62000000e-01
 3.90000000e+01]
deleted_idx_col 701
