query_origi 8
query_idx 12
deleted_scaled [1.66666667e-01 0.00000000e+00 1.81388678e-02 1.81228457e-02
 5.45454545e-02 5.45454545e-02 0.00000000e+00 5.45834315e-01
 8.81395349e-01 5.06466321e-01 8.33333333e-02 4.45394773e-01
 8.67475709e-03 8.77252386e-03 1.81818182e-02 1.81818182e-02
 0.00000000e+00 3.05641937e-01 7.53658537e-01 0.00000000e+00
 8.33333333e-02 0.00000000e+00 1.12787805e-02 1.11681894e-02
 1.81818182e-02 1.81818182e-02 0.00000000e+00 2.25570525e-01
 7.10396040e-01 0.00000000e+00 0.00000000e+00 0.00000000e+00
 1.92873890e-03 1.82750903e-03 0.00000000e+00 0.00000000e+00
 0.00000000e+00 2.79561757e-01 7.21311475e-01 2.11606623e-05]
deleted_not_scaled [2.00000000e+00 0.00000000e+00 6.84270000e+02 1.74660000e+05
 5.12000000e+02 2.88000000e+02 0.00000000e+00 3.90990000e+01
 9.49000000e-01 4.88740000e+01 1.00000000e+00 1.46158451e+00
 5.02599000e+02 1.28477000e+05 3.84000000e+02 2.16000000e+02
 0.00000000e+00 2.39400000e+01 8.96000000e-01 0.00000000e+00
 1.00000000e+00 0.00000000e+00 5.34479000e+02 1.35290000e+05
 3.84000000e+02 2.16000000e+02 0.00000000e+00 2.18340000e+01
 8.78000000e-01 0.00000000e+00 0.00000000e+00 0.00000000e+00
 3.59203000e+02 9.10580000e+04 3.20000000e+02 1.80000000e+02
 0.00000000e+00 2.28710000e+01 8.78000000e-01 2.00000000e-03
 2.77000000e+02]
deleted_idx_col 12
query_origi 634
query_idx 96
deleted_scaled [1.         0.06823407 0.83214581 0.82673936 1.         1.
 1.         0.31262452 0.58372093 0.07807254 1.         0.16071157
 0.83067575 0.82653571 1.         1.         1.         0.36306827
 0.48292683 0.00786187 1.         0.13351528 0.86354877 0.86831774
 1.         1.         1.         0.15515535 0.34405941 0.07892848
 1.         0.         0.8283464  0.82669601 1.         1.
 1.         0.25550074 0.54098361 0.13796752]
deleted_not_scaled [1.20000000e+01 3.20597144e-01 1.66982310e+04 4.23508900e+06
 3.84000000e+03 2.16000000e+03 1.00000000e+00 2.82130000e+01
 8.21000000e-01 7.53400000e+00 1.20000000e+01 5.27382807e-01
 1.66700820e+04 4.23420100e+06 3.84000000e+03 2.16000000e+03
 1.00000000e+00 2.58790000e+01 7.85000000e-01 7.29000000e-01
 1.20000000e+01 6.56382343e-01 1.66471460e+04 4.23461800e+06
 3.84000000e+03 2.16000000e+03 1.00000000e+00 1.92730000e+01
 7.30000000e-01 7.14800000e+00 1.20000000e+01 0.00000000e+00
 1.66224250e+04 4.23456300e+06 3.84000000e+03 2.16000000e+03
 1.00000000e+00 2.20760000e+01 8.01000000e-01 1.30400000e+01
 7.70000000e+01]
deleted_idx_col 96
query_origi 424
query_idx 447
deleted_scaled [0.41666667 0.         0.07626492 0.07624986 0.18181818 0.17171717
 0.         0.05998415 0.26976744 0.00592746 0.41666667 0.
 0.07720106 0.07739535 0.18181818 0.17171717 0.         0.18311861
 0.26829268 0.01847378 0.5        0.         0.11298563 0.11293814
 0.27272727 0.27272727 0.         0.10478416 0.43811881 0.22693595
 0.58333333 0.         0.14092483 0.13986735 0.27272727 0.27272727
 0.         0.20120456 0.70257611 0.13476168]
deleted_not_scaled [5.000000e+00 0.000000e+00 1.827784e+03 4.665420e+05 9.600000e+02
 5.200000e+02 0.000000e+00 1.642000e+01 6.860000e-01 5.720000e-01
 5.000000e+00 0.000000e+00 1.850405e+03 4.730100e+05 9.600000e+02
 5.200000e+02 0.000000e+00 1.980300e+01 6.970000e-01 1.713000e+00
 6.000000e+00 0.000000e+00 2.457307e+03 6.220060e+05 1.280000e+03
 7.200000e+02 0.000000e+00 1.744100e+01 7.680000e-01 2.055200e+01
 7.000000e+00 0.000000e+00 3.094532e+03 7.844640e+05 1.280000e+03
 7.200000e+02 0.000000e+00 2.028200e+01 8.700000e-01 1.273700e+01
 1.490000e+02]
deleted_idx_col 447
query_origi 830
query_idx 565
deleted_scaled [0.25       0.         0.03174126 0.03160699 0.05454545 0.05454545
 0.         0.12817327 0.60930233 0.16746114 0.16666667 0.
 0.01596186 0.01598948 0.05454545 0.05454545 0.         0.18122316
 0.60487805 0.19491836 0.25       0.         0.02733086 0.02764635
 0.05454545 0.05454545 0.         0.17970855 0.63118812 0.1939313
 0.25       0.         0.02889511 0.02902912 0.05454545 0.05454545
 0.         0.30292667 0.67213115 0.24516743]
deleted_not_scaled [3.00000e+00 0.00000e+00 9.51870e+02 2.42370e+05 5.12000e+02 2.88000e+02
 0.00000e+00 1.96030e+01 8.32000e-01 1.61600e+01 2.00000e+00 0.00000e+00
 6.45925e+02 1.64711e+05 5.12000e+02 2.88000e+02 0.00000e+00 1.97390e+01
 8.35000e-01 1.80740e+01 3.00000e+00 0.00000e+00 8.37953e+02 2.14097e+05
 5.12000e+02 2.88000e+02 0.00000e+00 2.01660e+01 8.46000e-01 1.75630e+01
 3.00000e+00 0.00000e+00 8.89879e+02 2.27698e+05 5.12000e+02 2.88000e+02
 0.00000e+00 2.36430e+01 8.57000e-01 2.31720e+01 2.68000e+02]
deleted_idx_col 565
query_origi 194
query_idx 519
deleted_scaled [0.5        0.         0.0916337  0.09183101 0.27272727 0.27272727
 0.         0.18554382 0.67674419 0.27235233 0.5        0.
 0.10792759 0.10700392 0.27272727 0.27272727 0.         0.16700726
 0.58292683 0.20474301 0.5        0.         0.11314966 0.11335946
 0.27272727 0.27272727 0.         0.11811933 0.53712871 0.25097446
 0.5        0.         0.10757425 0.10698891 0.27272727 0.27272727
 0.         0.45143912 0.78220141 0.49192192]
deleted_not_scaled [6.000000e+00 0.000000e+00 2.130134e+03 5.447820e+05 1.280000e+03
 7.200000e+02 0.000000e+00 2.228100e+01 8.610000e-01 2.628200e+01
 6.000000e+00 0.000000e+00 2.454748e+03 6.216650e+05 1.280000e+03
 7.200000e+02 0.000000e+00 1.925900e+01 8.260000e-01 1.898500e+01
 6.000000e+00 0.000000e+00 2.460408e+03 6.240210e+05 1.280000e+03
 7.200000e+02 0.000000e+00 1.792600e+01 8.080000e-01 2.272900e+01
 6.000000e+00 0.000000e+00 2.438220e+03 6.193080e+05 1.280000e+03
 7.200000e+02 0.000000e+00 2.855000e+01 9.040000e-01 4.649400e+01
 6.000000e+01]
deleted_idx_col 519
query_origi 90
query_idx 753
deleted_scaled [0.16666667 0.         0.01814822 0.01809815 0.05454545 0.05454545
 0.         0.0458236  0.21395349 0.38260104 0.16666667 0.
 0.01781152 0.01790516 0.05454545 0.05454545 0.         0.58735377
 0.78292683 0.51133447 0.25       0.1072546  0.02864079 0.02903704
 0.05454545 0.05454545 0.         0.09747044 0.13861386 0.3198326
 0.16666667 0.         0.02132192 0.0210504  0.05454545 0.05454545
 0.         0.08849611 0.26932084 0.28936148]
deleted_not_scaled [2.00000000e+00 0.00000000e+00 6.84454000e+02 1.74536000e+05
 5.12000000e+02 2.88000000e+02 0.00000000e+00 1.57590000e+01
 6.62000000e-01 3.69210000e+01 2.00000000e+00 0.00000000e+00
 6.82305000e+02 1.74329000e+05 5.12000000e+02 2.88000000e+02
 0.00000000e+00 3.34520000e+01 9.08000000e-01 4.74140000e+01
 3.00000000e+00 5.27280643e-01 8.62718000e+02 2.20748000e+05
 5.12000000e+02 2.88000000e+02 0.00000000e+00 1.71750000e+01
 6.47000000e-01 2.89650000e+01 2.00000000e+00 0.00000000e+00
 7.40845000e+02 1.87619000e+05 5.12000000e+02 2.88000000e+02
 0.00000000e+00 1.65580000e+01 6.85000000e-01 2.73490000e+01
 1.41000000e+02]
deleted_idx_col 753
query_origi 507
query_idx 520
deleted_scaled [0.16666667 0.         0.01820551 0.01812125 0.05454545 0.05454545
 0.         0.14927483 0.26976744 0.27471503 0.25       0.
 0.02923576 0.02927215 0.05454545 0.05454545 0.         0.04309196
 0.23170732 0.40155943 0.25       0.         0.02695838 0.02727019
 0.05454545 0.05454545 0.         0.13112455 0.43069307 0.19242958
 0.25       0.         0.03242193 0.03201545 0.05454545 0.05454545
 0.         0.68790291 0.82669789 0.58768449]
deleted_not_scaled [2.00000e+00 0.00000e+00 6.85581e+02 1.74652e+05 5.12000e+02 2.88000e+02
 0.00000e+00 2.05880e+01 6.86000e-01 2.65100e+01 3.00000e+00 0.00000e+00
 9.07002e+02 2.31399e+05 5.12000e+02 2.88000e+02 0.00000e+00 1.50750e+01
 6.82000e-01 3.72350e+01 3.00000e+00 0.00000e+00 8.30911e+02 2.12298e+05
 5.12000e+02 2.88000e+02 0.00000e+00 1.83990e+01 7.65000e-01 1.74270e+01
 3.00000e+00 0.00000e+00 9.59284e+02 2.42699e+05 5.12000e+02 2.88000e+02
 0.00000e+00 3.63630e+01 9.23000e-01 5.55450e+01 2.38000e+02]
deleted_idx_col 520
query_origi 939
query_idx 965
deleted_scaled [0.58333333 0.         0.1406007  0.13966259 0.27272727 0.27272727
 0.         0.19259196 0.4627907  0.22415544 0.58333333 0.
 0.13998004 0.139341   0.27272727 0.27272727 0.         0.6931734
 0.86585366 0.76803701 0.58333333 0.         0.14599449 0.14685337
 0.27272727 0.27272727 0.         0.17629915 0.4950495  0.31979948
 0.58333333 0.         0.1399728  0.13976383 0.27272727 0.27272727
 0.         0.20417058 0.46604215 0.33129133]
deleted_not_scaled [7.000000e+00 0.000000e+00 3.093462e+03 7.849660e+05 1.280000e+03
 7.200000e+02 0.000000e+00 2.261000e+01 7.690000e-01 2.163100e+01
 7.000000e+00 0.000000e+00 3.085170e+03 7.840190e+05 1.280000e+03
 7.200000e+02 0.000000e+00 3.702500e+01 9.420000e-01 7.121700e+01
 7.000000e+00 0.000000e+00 3.081359e+03 7.842060e+05 1.280000e+03
 7.200000e+02 0.000000e+00 2.004200e+01 7.910000e-01 2.896200e+01
 7.000000e+00 0.000000e+00 3.075797e+03 7.839440e+05 1.280000e+03
 7.200000e+02 0.000000e+00 2.038000e+01 7.690000e-01 3.131200e+01
 8.500000e+01]
deleted_idx_col 965
query_origi 707
query_idx 787
deleted_scaled [0.41666667 0.         0.07723066 0.07739953 0.18181818 0.17171717
 0.         0.55843099 0.88139535 0.85380311 0.5        0.
 0.1079645  0.10704057 0.27272727 0.27272727 0.         0.45262846
 0.56829268 0.42710782 0.5        0.         0.11274983 0.11295863
 0.27272727 0.27272727 0.         0.22680781 0.11138614 0.36018021
 0.5        0.         0.10809861 0.10751068 0.27272727 0.27272727
 0.         0.24953845 0.15456674 0.32557795]
deleted_not_scaled [5.000000e+00 0.000000e+00 1.846783e+03 4.723150e+05 9.600000e+02
 5.200000e+02 0.000000e+00 3.968700e+01 9.490000e-01 8.239200e+01
 6.000000e+00 0.000000e+00 2.455474e+03 6.218490e+05 1.280000e+03
 7.200000e+02 0.000000e+00 2.890300e+01 8.200000e-01 3.960400e+01
 6.000000e+00 0.000000e+00 2.452849e+03 6.221040e+05 1.280000e+03
 7.200000e+02 0.000000e+00 2.187900e+01 6.360000e-01 3.261900e+01
 6.000000e+00 0.000000e+00 2.448539e+03 6.219290e+05 1.280000e+03
 7.200000e+02 0.000000e+00 2.187900e+01 6.360000e-01 3.077200e+01
 9.000000e+01]
deleted_idx_col 787
query_origi 731
query_idx 630
deleted_scaled [1.         0.         0.8275702  0.82674055 1.         1.
 1.         0.27228518 0.58372093 0.22115026 1.         0.
 0.90362401 0.90408065 1.         1.         1.         0.12287872
 0.36097561 0.11227703 1.         0.         0.85407914 0.86353009
 1.         1.         1.         0.22760517 0.58415842 0.0165741
 1.         0.         0.75991337 0.75383712 1.         1.
 1.         0.2296238  0.36065574 0.06032905]
deleted_not_scaled [1.2000000e+01 0.0000000e+00 1.6608215e+04 4.2350950e+06 3.8400000e+03
 2.1600000e+03 1.0000000e+00 2.6330000e+01 8.2100000e-01 2.1341000e+01
 1.2000000e+01 0.0000000e+00 1.8104861e+04 4.6235290e+06 3.8400000e+03
 2.1600000e+03 1.0000000e+00 1.7769000e+01 7.3500000e-01 1.0411000e+01
 1.2000000e+01 0.0000000e+00 1.6468117e+04 4.2117210e+06 3.8400000e+03
 2.1600000e+03 1.0000000e+00 2.1908000e+01 8.2700000e-01 1.5010000e+00
 1.2000000e+01 0.0000000e+00 1.5275719e+04 3.8685760e+06 3.8400000e+03
 2.1600000e+03 1.0000000e+00 2.1221000e+01 7.2400000e-01 5.7020000e+00
 2.8400000e+02]
deleted_idx_col 630
query_origi 731
query_idx 775
deleted_scaled [0.25       0.         0.02576206 0.02551772 0.05454545 0.05454545
 0.         0.24842006 0.73953488 0.12557513 0.33333333 0.
 0.04256803 0.0423933  0.09090909 0.09090909 0.         0.3805716
 0.76585366 0.25173091 0.33333333 0.         0.04485181 0.04512879
 0.09090909 0.09090909 0.         0.21710201 0.67574257 0.23368263
 0.33333333 0.         0.04284411 0.0428091  0.09090909 0.09090909
 0.         0.16385703 0.70725995 0.1507803 ]
deleted_not_scaled [3.000000e+00 0.000000e+00 8.342410e+02 2.117930e+05 5.120000e+02
 2.880000e+02 0.000000e+00 2.521600e+01 8.880000e-01 1.211800e+01
 4.000000e+00 0.000000e+00 1.169227e+03 2.972760e+05 6.400000e+02
 3.600000e+02 0.000000e+00 2.647000e+01 9.010000e-01 2.334200e+01
 4.000000e+00 0.000000e+00 1.169197e+03 2.977070e+05 6.400000e+02
 3.600000e+02 0.000000e+00 2.152600e+01 8.640000e-01 2.116300e+01
 4.000000e+00 0.000000e+00 1.164384e+03 2.969180e+05 6.400000e+02
 3.600000e+02 0.000000e+00 1.904800e+01 8.720000e-01 1.425100e+01
 1.680000e+02]
deleted_idx_col 775
query_origi 34
query_idx 878
deleted_scaled [0.91666667 0.         0.56892733 0.56777323 1.         1.
 0.         0.1355856  0.16511628 0.08929534 0.91666667 0.
 0.56990799 0.5696468  1.         1.         0.         0.04042648
 0.16829268 0.12068891 0.91666667 0.         0.58842395 0.59435523
 1.         1.         0.         0.13244432 0.38366337 0.02228283
 0.91666667 0.         0.65514666 0.64923612 1.         1.
 0.         0.82833449 0.87587822 0.927165  ]
deleted_not_scaled [1.1000000e+01 0.0000000e+00 1.1519933e+04 2.9347030e+06 3.8400000e+03
 2.1600000e+03 0.0000000e+00 1.9949000e+01 6.4100000e-01 8.6170000e+00
 1.1000000e+01 0.0000000e+00 1.1541185e+04 2.9444450e+06 3.8400000e+03
 2.1600000e+03 0.0000000e+00 1.4985000e+01 6.5600000e-01 1.1191000e+01
 1.1000000e+01 0.0000000e+00 1.1445749e+04 2.9243890e+06 3.8400000e+03
 2.1600000e+03 0.0000000e+00 1.8447000e+01 7.4600000e-01 2.0180000e+00
 1.1000000e+01 0.0000000e+00 1.3213996e+04 3.3431410e+06 3.8400000e+03
 2.1600000e+03 0.0000000e+00 4.1003000e+01 9.4400000e-01 8.7631000e+01
 2.3800000e+02]
deleted_idx_col 878
query_origi 484
query_idx 855
deleted_scaled [0.83333333 0.         0.4184413  0.41672727 0.63636364 0.63636364
 0.         0.0917329  0.46511628 0.02259067 0.83333333 0.
 0.3710993  0.3701876  0.63636364 0.63636364 0.         0.44341774
 0.80731707 0.37056489 0.83333333 0.         0.41012478 0.4134273
 0.63636364 0.63636364 0.         0.14473467 0.52722772 0.06451862
 0.83333333 0.         0.39342844 0.39364365 0.63636364 0.63636364
 0.         0.07469508 0.47540984 0.00149183]
deleted_not_scaled [1.000000e+01 0.000000e+00 8.559421e+03 2.176233e+06 2.560000e+03
 1.440000e+03 0.000000e+00 1.790200e+01 7.700000e-01 2.180000e+00
 1.000000e+01 0.000000e+00 7.630927e+03 1.943025e+06 2.560000e+03
 1.440000e+03 0.000000e+00 2.859200e+01 9.180000e-01 3.436100e+01
 1.000000e+01 0.000000e+00 8.074898e+03 2.059099e+06 2.560000e+03
 1.440000e+03 0.000000e+00 1.889400e+01 8.040000e-01 5.843000e+00
 1.000000e+01 0.000000e+00 8.063596e+03 2.059241e+06 2.560000e+03
 1.440000e+03 0.000000e+00 1.610200e+01 7.730000e-01 1.410000e-01
 2.600000e+01]
deleted_idx_col 855
query_origi 4
query_idx 191
deleted_scaled [0.00000000e+00 9.67075496e-01 1.01148767e-03 9.69241566e-04
 0.00000000e+00 0.00000000e+00 0.00000000e+00 1.16304977e-01
 4.34883721e-01 2.29637306e-02 0.00000000e+00 0.00000000e+00
 1.60587158e-03 1.66650865e-03 0.00000000e+00 0.00000000e+00
 0.00000000e+00 1.02087961e-01 4.09756098e-01 1.74276902e-02
 0.00000000e+00 0.00000000e+00 2.57040378e-03 2.64777171e-03
 0.00000000e+00 0.00000000e+00 0.00000000e+00 4.20126478e-02
 3.91089109e-01 1.76672593e-04 0.00000000e+00 0.00000000e+00
 2.22458456e-03 2.09407053e-03 0.00000000e+00 0.00000000e+00
 0.00000000e+00 3.62912745e-01 6.90866511e-01 0.00000000e+00]
deleted_not_scaled [0.00000000e+00 4.54379515e+00 3.47323000e+02 8.85240000e+04
 3.20000000e+02 1.80000000e+02 0.00000000e+00 1.90490000e+01
 7.57000000e-01 2.21600000e+00 0.00000000e+00 0.00000000e+00
 3.63565000e+02 9.28000000e+04 3.20000000e+02 1.80000000e+02
 0.00000000e+00 1.70670000e+01 7.55000000e-01 1.61600000e+00
 0.00000000e+00 0.00000000e+00 3.69842000e+02 9.45410000e+04
 3.20000000e+02 1.80000000e+02 0.00000000e+00 1.51580000e+01
 7.49000000e-01 1.60000000e-02 0.00000000e+00 0.00000000e+00
 3.65025000e+02 9.23970000e+04 3.20000000e+02 1.80000000e+02
 0.00000000e+00 2.56250000e+01 8.65000000e-01 0.00000000e+00
 2.61000000e+02]
deleted_idx_col 191
query_origi 507
query_idx 90
deleted_scaled [0.91666667 0.21971778 0.57025209 0.56765832 1.         1.
 0.         1.         1.         1.         0.91666667 0.07854106
 0.57076489 0.5690644  1.         1.         0.         1.
 0.56829268 0.39120635 0.83333333 0.         0.44177928 0.44510939
 0.63636364 0.63636364 0.         0.14118779 0.37623762 0.05761735
 0.83333333 0.         0.35907899 0.35909438 0.63636364 0.63636364
 0.         0.03973851 0.44496487 0.16303232]
deleted_not_scaled [1.10000000e+01 1.03234195e+00 1.15459950e+04 2.93412600e+06
 3.84000000e+03 2.16000000e+03 0.00000000e+00 6.02990000e+01
 1.00000000e+00 9.65000000e+01 1.10000000e+01 2.57736305e-01
 1.15580390e+04 2.94152100e+06 3.84000000e+03 2.16000000e+03
 0.00000000e+00 4.73850000e+01 8.20000000e-01 3.62750000e+01
 1.00000000e+01 0.00000000e+00 8.67334500e+03 2.21061900e+06
 2.56000000e+03 1.44000000e+03 0.00000000e+00 1.87650000e+01
 7.43000000e-01 5.21800000e+00 1.00000000e+01 0.00000000e+00
 7.38762700e+03 1.88569200e+06 2.56000000e+03 1.44000000e+03
 0.00000000e+00 1.49470000e+01 7.60000000e-01 1.54090000e+01
 3.00000000e+00]
deleted_idx_col 90
query_origi 503
query_idx 918
deleted_scaled [0.91666667 0.         0.56860221 0.56343623 1.         1.
 0.         0.13254354 0.6        0.02491192 0.91666667 0.
 0.60949469 0.60491754 1.         1.         0.         0.90087369
 0.94390244 0.97746047 0.91666667 0.         0.58773088 0.58947181
 1.         1.         0.         0.26612593 0.6980198  0.01966587
 0.91666667 0.         0.53940098 0.5372349  1.         1.
 0.         0.35631488 0.71662763 0.1635825 ]
deleted_not_scaled [1.1000000e+01 0.0000000e+00 1.1513537e+04 2.9129250e+06 3.8400000e+03
 2.1600000e+03 0.0000000e+00 1.9807000e+01 8.2800000e-01 2.4040000e+00
 1.1000000e+01 0.0000000e+00 1.2319794e+04 3.1215280e+06 3.8400000e+03
 2.1600000e+03 0.0000000e+00 4.4038000e+01 9.7400000e-01 9.0636000e+01
 1.1000000e+01 0.0000000e+00 1.1432646e+04 2.9010340e+06 3.8400000e+03
 2.1600000e+03 0.0000000e+00 2.3309000e+01 8.7300000e-01 1.7810000e+00
 1.1000000e+01 0.0000000e+00 1.0936216e+04 2.7805330e+06 3.8400000e+03
 2.1600000e+03 0.0000000e+00 2.5407000e+01 8.7600000e-01 1.5461000e+01
 1.9600000e+02]
deleted_idx_col 918
query_origi 81
query_idx 377
deleted_scaled [0.91666667 0.         0.55408038 0.55491161 1.         1.
 0.         0.56423659 0.89767442 0.92324352 0.91666667 0.
 0.54045365 0.53584199 1.         1.         0.         0.11103213
 0.55853659 0.06168712 0.91666667 0.         0.63165619 0.63289188
 1.         1.         0.         0.12719274 0.17821782 0.07808929
 0.91666667 0.         0.5727449  0.56958201 1.         1.
 0.         0.2093157  0.55503513 0.05887954]
deleted_not_scaled [1.1000000e+01 0.0000000e+00 1.1227849e+04 2.8701190e+06 3.8400000e+03
 2.1600000e+03 0.0000000e+00 3.9958000e+01 9.5600000e-01 8.9093000e+01
 1.1000000e+01 0.0000000e+00 1.0961864e+04 2.7747220e+06 3.8400000e+03
 2.1600000e+03 0.0000000e+00 1.7369000e+01 8.1600000e-01 5.7200000e+00
 1.1000000e+01 0.0000000e+00 1.2263080e+04 3.1086910e+06 3.8400000e+03
 2.1600000e+03 0.0000000e+00 1.8256000e+01 6.6300000e-01 7.0720000e+00
 1.1000000e+01 0.0000000e+00 1.1592397e+04 2.9430200e+06 3.8400000e+03
 2.1600000e+03 0.0000000e+00 2.0550000e+01 8.0700000e-01 5.5650000e+00
 2.4800000e+02]
deleted_idx_col 377
query_origi 303
query_idx 887
deleted_scaled [0.58333333 0.         0.11965138 0.11896957 0.27272727 0.27272727
 0.         0.0456308  0.19302326 0.35179275 0.66666667 0.
 0.20489915 0.20418724 0.45454545 0.45454545 0.         0.1562861
 0.11707317 0.08655609 0.66666667 0.17602953 0.21341043 0.21490526
 0.45454545 0.45454545 0.         0.1754193  0.15346535 0.0915937
 0.66666667 0.         0.20832591 0.2082349  0.45454545 0.45454545
 0.         0.04116098 0.22014052 0.11573824]
deleted_not_scaled [7.00000000e+00 0.00000000e+00 2.68132600e+03 6.81057000e+05
 1.28000000e+03 7.20000000e+02 0.00000000e+00 1.57500000e+01
 6.53000000e-01 3.39480000e+01 8.00000000e+00 0.00000000e+00
 4.36202800e+03 1.10959100e+06 1.92000000e+03 1.08000000e+03
 0.00000000e+00 1.88970000e+01 6.35000000e-01 8.02600000e+00
 8.00000000e+00 8.65389132e-01 4.35589700e+03 1.10966500e+06
 1.92000000e+03 1.08000000e+03 0.00000000e+00 2.00100000e+01
 6.53000000e-01 8.29500000e+00 8.00000000e+00 0.00000000e+00
 4.42093000e+03 1.12789000e+06 1.92000000e+03 1.08000000e+03
 0.00000000e+00 1.49940000e+01 6.64000000e-01 1.09390000e+01
 2.36000000e+02]
deleted_idx_col 887
query_origi 711
query_idx 338
deleted_scaled [0.83333333 0.         0.3896914  0.38908447 0.63636364 0.63636364
 0.         0.04560937 0.53255814 0.15702591 0.83333333 0.
 0.42206718 0.42210232 0.63636364 0.63636364 0.         0.08417
 0.49512195 0.09880724 0.83333333 0.         0.39213048 0.39629927
 0.63636364 0.63636364 0.         0.71190542 0.89851485 0.96950189
 0.83333333 0.         0.39739049 0.39396078 0.63636364 0.63636364
 0.         0.11301111 0.57845433 0.05894302]
deleted_not_scaled [1.000000e+01 0.000000e+00 7.993824e+03 2.037426e+06 2.560000e+03
 1.440000e+03 0.000000e+00 1.574900e+01 7.990000e-01 1.515300e+01
 1.000000e+01 0.000000e+00 8.633386e+03 2.203672e+06 2.560000e+03
 1.440000e+03 0.000000e+00 1.646200e+01 7.900000e-01 9.162000e+00
 1.000000e+01 0.000000e+00 7.734705e+03 1.977184e+06 2.560000e+03
 1.440000e+03 0.000000e+00 3.952200e+01 9.540000e-01 8.780100e+01
 1.000000e+01 0.000000e+00 8.141566e+03 2.060834e+06 2.560000e+03
 1.440000e+03 0.000000e+00 1.736800e+01 8.170000e-01 5.571000e+00
 2.460000e+02]
deleted_idx_col 338
query_origi 127
query_idx 909
deleted_scaled [0.         0.         0.00177802 0.00159934 0.         0.
 0.         0.74395338 0.99302326 0.67647668 0.41666667 0.
 0.07778687 0.07714758 0.18181818 0.17171717 0.         0.70451651
 0.99756098 0.84936264 0.58333333 0.         0.14651206 0.14688933
 0.27272727 0.27272727 0.         1.         1.         0.7411084
 0.58333333 0.         0.14046088 0.13979051 0.27272727 0.27272727
 0.         0.93323447 1.         0.86506904]
deleted_not_scaled [0.000000e+00 0.000000e+00 3.624030e+02 9.168800e+04 3.200000e+02
 1.800000e+02 0.000000e+00 4.834700e+01 9.970000e-01 6.528000e+01
 5.000000e+00 0.000000e+00 1.861927e+03 4.717660e+05 9.600000e+02
 5.200000e+02 0.000000e+00 3.740800e+01 9.960000e-01 7.875800e+01
 7.000000e+00 0.000000e+00 3.091144e+03 7.843780e+05 1.280000e+03
 7.200000e+02 0.000000e+00 5.000000e+01 9.950000e-01 6.711700e+01
 7.000000e+00 0.000000e+00 3.085402e+03 7.840780e+05 1.280000e+03
 7.200000e+02 0.000000e+00 4.446900e+01 9.970000e-01 8.176200e+01
 0.000000e+00]
deleted_idx_col 909
query_origi 356
query_idx 583
deleted_scaled [0.33333333 0.         0.04258445 0.04242378 0.09090909 0.09090909
 0.         0.03421239 0.21395349 0.43318135 0.33333333 0.
 0.04241987 0.04241998 0.09090909 0.09090909 0.         0.06394195
 0.17560976 0.4141449  0.33333333 0.         0.04445786 0.04494479
 0.09090909 0.09090909 0.         0.58831454 0.81435644 0.67249318
 0.33333333 0.         0.04265528 0.04282264 0.09090909 0.09090909
 0.         0.10623165 0.17330211 0.32232979]
deleted_not_scaled [4.000000e+00 0.000000e+00 1.165188e+03 2.966860e+05 6.400000e+02
 3.600000e+02 0.000000e+00 1.521700e+01 6.620000e-01 4.180200e+01
 4.000000e+00 0.000000e+00 1.166313e+03 2.974100e+05 6.400000e+02
 3.600000e+02 0.000000e+00 1.577900e+01 6.590000e-01 3.840200e+01
 4.000000e+00 0.000000e+00 1.161749e+03 2.968270e+05 6.400000e+02
 3.600000e+02 0.000000e+00 3.502700e+01 9.200000e-01 6.090300e+01
 4.000000e+00 0.000000e+00 1.160668e+03 2.969860e+05 6.400000e+02
 3.600000e+02 0.000000e+00 1.714400e+01 6.440000e-01 3.046500e+01
 1.400000e+02]
deleted_idx_col 583
query_origi 732
query_idx 846
deleted_scaled [0.         0.         0.00199858 0.00191837 0.         0.
 0.         0.12723066 0.23023256 0.         0.         0.
 0.00175926 0.00178343 0.         0.         0.         0.21658522
 0.27073171 0.00084119 0.41666667 0.         0.08360887 0.08433852
 0.18181818 0.17171717 0.         0.03816332 0.20049505 0.43175469
 0.         0.         0.00108399 0.00112497 0.         0.
 0.         0.14633334 0.48009368 0.00068772]
deleted_not_scaled [0.000000e+00 0.000000e+00 3.667420e+02 9.329000e+04 3.200000e+02
 1.800000e+02 0.000000e+00 1.955900e+01 6.690000e-01 0.000000e+00
 0.000000e+00 0.000000e+00 3.665820e+02 9.338700e+04 3.200000e+02
 1.800000e+02 0.000000e+00 2.093300e+01 6.980000e-01 7.800000e-02
 5.000000e+00 0.000000e+00 1.901922e+03 4.852280e+05 9.600000e+02
 5.200000e+02 0.000000e+00 1.501800e+01 6.720000e-01 3.910100e+01
 0.000000e+00 0.000000e+00 3.425790e+02 8.752900e+04 3.200000e+02
 1.800000e+02 0.000000e+00 1.846900e+01 7.750000e-01 6.500000e-02
 2.370000e+02]
deleted_idx_col 846
query_origi 88
query_idx 901
deleted_scaled [0.         0.         0.00207879 0.00190662 0.         0.
 0.         0.08639859 0.50930233 0.         0.         0.
 0.00181006 0.00174259 0.         0.         0.         0.20112543
 0.7195122  0.         0.         0.         0.00356593 0.00351154
 0.         0.         0.         0.06653836 0.42326733 0.
 0.33333333 0.         0.04017439 0.03997606 0.09090909 0.09090909
 0.         0.66574862 0.83138173 0.4333492 ]
deleted_not_scaled [0.000000e+00 0.000000e+00 3.683200e+02 9.323100e+04 3.200000e+02
 1.800000e+02 0.000000e+00 1.765300e+01 7.890000e-01 0.000000e+00
 0.000000e+00 0.000000e+00 3.675810e+02 9.318200e+04 3.200000e+02
 1.800000e+02 0.000000e+00 2.041100e+01 8.820000e-01 0.000000e+00
 0.000000e+00 0.000000e+00 3.886630e+02 9.867200e+04 3.200000e+02
 1.800000e+02 0.000000e+00 1.605000e+01 7.620000e-01 0.000000e+00
 4.000000e+00 0.000000e+00 1.111846e+03 2.826870e+05 6.400000e+02
 3.600000e+02 0.000000e+00 3.563100e+01 9.250000e-01 4.095800e+01
 1.510000e+02]
deleted_idx_col 901
query_origi 700
query_idx 982
deleted_scaled [5.83333333e-01 0.00000000e+00 1.45589568e-01 1.44225017e-01
 2.72727273e-01 2.72727273e-01 0.00000000e+00 2.14229097e-04
 4.16279070e-01 5.41347150e-01 5.00000000e-01 0.00000000e+00
 1.20378238e-01 1.19490682e-01 2.72727273e-01 2.72727273e-01
 0.00000000e+00 1.91026211e-02 4.02439024e-01 1.93872269e-01
 5.00000000e-01 0.00000000e+00 9.44611091e-02 9.47876346e-02
 2.72727273e-01 2.72727273e-01 0.00000000e+00 5.86747319e-02
 1.58415842e-01 7.94474565e-02 5.00000000e-01 0.00000000e+00
 1.07942760e-01 1.07538156e-01 2.72727273e-01 2.72727273e-01
 0.00000000e+00 1.61526588e-01 1.70960187e-01 7.44961117e-02]
deleted_not_scaled [7.000000e+00 0.000000e+00 3.191608e+03 8.078760e+05 1.280000e+03
 7.200000e+02 0.000000e+00 1.363000e+01 7.490000e-01 5.224000e+01
 6.000000e+00 0.000000e+00 2.699633e+03 6.843570e+05 1.280000e+03
 7.200000e+02 0.000000e+00 1.426500e+01 7.520000e-01 1.797700e+01
 6.000000e+00 0.000000e+00 2.107090e+03 5.352010e+05 1.280000e+03
 7.200000e+02 0.000000e+00 1.576400e+01 6.550000e-01 7.195000e+00
 6.000000e+00 0.000000e+00 2.445472e+03 6.220670e+05 1.280000e+03
 7.200000e+02 0.000000e+00 1.897100e+01 6.430000e-01 7.041000e+00
 2.340000e+02]
deleted_idx_col 982
query_origi 193
query_idx 870
deleted_scaled [0.58333333 0.05622846 0.1428701  0.14160625 0.27272727 0.27272727
 0.         0.32783479 0.58139535 0.59093264 0.5        0.
 0.10783104 0.10709136 0.27272727 0.27272727 0.         0.2446024
 0.1195122  0.35177836 0.41666667 0.         0.08128437 0.08155714
 0.18181818 0.17171717 0.         0.23172945 0.12871287 0.3197001
 0.41666667 0.         0.07801082 0.07770955 0.18181818 0.17171717
 0.         0.36103629 0.4941452  0.30358144]
deleted_not_scaled [7.0000000e+00 2.6418888e-01 3.1381080e+03 7.9472600e+05 1.2800000e+03
 7.2000000e+02 0.0000000e+00 2.8923000e+01 8.2000000e-01 5.7025000e+01
 6.0000000e+00 0.0000000e+00 2.4528490e+03 6.2210400e+05 1.2800000e+03
 7.2000000e+02 0.0000000e+00 2.1879000e+01 6.3600000e-01 3.2619000e+01
 5.0000000e+00 0.0000000e+00 1.8579760e+03 4.7192600e+05 9.6000000e+02
 5.2000000e+02 0.0000000e+00 2.2058000e+01 6.4300000e-01 2.8953000e+01
 5.0000000e+00 0.0000000e+00 1.8564360e+03 4.7223100e+05 9.6000000e+02
 5.2000000e+02 0.0000000e+00 2.5563000e+01 7.8100000e-01 2.8693000e+01
 9.1000000e+01]
deleted_idx_col 870
query_origi 937
query_idx 318
deleted_scaled [0.83333333 0.         0.39533695 0.39351128 0.63636364 0.63636364
 0.         0.21455044 0.54418605 0.04798964 0.83333333 0.
 0.39758731 0.39640618 0.63636364 0.63636364 0.         0.27066489
 0.43414634 0.11444471 0.83333333 0.         0.40735719 0.41042783
 0.63636364 0.63636364 0.         0.22601045 0.28465347 0.0822963
 0.83333333 0.         0.3937597  0.39377425 0.63636364 0.63636364
 0.         0.52023244 0.7236534  0.44751627]
deleted_not_scaled [1.000000e+01 0.000000e+00 8.104889e+03 2.059655e+06 2.560000e+03
 1.440000e+03 0.000000e+00 2.363500e+01 8.040000e-01 4.631000e+00
 1.000000e+01 0.000000e+00 8.151905e+03 2.074660e+06 2.560000e+03
 1.440000e+03 0.000000e+00 2.275900e+01 7.650000e-01 1.061200e+01
 1.000000e+01 0.000000e+00 8.022575e+03 2.044754e+06 2.560000e+03
 1.440000e+03 0.000000e+00 2.185000e+01 7.060000e-01 7.453000e+00
 1.000000e+01 0.000000e+00 8.070115e+03 2.059897e+06 2.560000e+03
 1.440000e+03 0.000000e+00 3.082300e+01 8.790000e-01 4.229700e+01
 1.160000e+02]
deleted_idx_col 318
query_origi 519
query_idx 18
deleted_scaled [0.16666667 0.         0.01576577 0.01555924 0.05454545 0.05454545
 0.         0.04070353 0.40930233 0.19353368 0.         0.
 0.00168346 0.00166233 0.         0.         0.         0.16164668
 0.47804878 0.         0.08333333 0.87573434 0.01265964 0.0127111
 0.01818182 0.01818182 0.         0.05389057 0.35643564 0.03267339
 0.         0.         0.00097433 0.00097288 0.         0.
 0.         0.14037105 0.54332553 0.        ]
deleted_not_scaled [2.00000000e+00 0.00000000e+00 6.37584000e+02 1.61787000e+05
 5.12000000e+02 2.88000000e+02 0.00000000e+00 1.55200000e+01
 7.46000000e-01 1.86760000e+01 0.00000000e+00 0.00000000e+00
 3.65091000e+02 9.27790000e+04 3.20000000e+02 1.80000000e+02
 0.00000000e+00 1.90780000e+01 7.83000000e-01 0.00000000e+00
 1.00000000e+00 4.30524906e+00 5.60585000e+02 1.42669000e+05
 3.84000000e+02 2.16000000e+02 0.00000000e+00 1.55900000e+01
 7.35000000e-01 2.95900000e+00 0.00000000e+00 0.00000000e+00
 3.40421000e+02 8.67650000e+04 3.20000000e+02 1.80000000e+02
 0.00000000e+00 1.82720000e+01 8.02000000e-01 0.00000000e+00
 1.45000000e+02]
deleted_idx_col 18
query_origi 176
query_idx 496
deleted_scaled [3.33333333e-01 0.00000000e+00 3.82905955e-02 3.83556390e-02
 9.09090909e-02 9.09090909e-02 0.00000000e+00 1.06086249e-01
 6.62790698e-01 3.22756477e-01 4.16666667e-01 0.00000000e+00
 8.03435574e-02 7.95900791e-02 1.81818182e-01 1.71717172e-01
 0.00000000e+00 4.73863468e-04 4.02439024e-01 5.61503785e-01
 4.16666667e-01 0.00000000e+00 9.05791885e-02 9.06772424e-02
 1.81818182e-01 1.71717172e-01 0.00000000e+00 1.75419302e-02
 4.03465347e-01 1.96713890e-01 3.33333333e-01 0.00000000e+00
 3.55171811e-02 3.52864521e-02 9.09090909e-02 9.09090909e-02
 0.00000000e+00 6.79458854e-02 2.22482436e-01 3.35523462e-01]
deleted_not_scaled [4.000000e+00 0.000000e+00 1.080715e+03 2.762580e+05 6.400000e+02
 3.600000e+02 0.000000e+00 1.857200e+01 8.550000e-01 3.114600e+01
 5.000000e+00 0.000000e+00 1.912213e+03 4.840290e+05 9.600000e+02
 5.200000e+02 0.000000e+00 1.363600e+01 7.520000e-01 5.206600e+01
 5.000000e+00 0.000000e+00 2.033700e+03 5.155430e+05 9.600000e+02
 5.200000e+02 0.000000e+00 1.426800e+01 7.540000e-01 1.781500e+01
 4.000000e+00 0.000000e+00 1.020196e+03 2.591300e+05 6.400000e+02
 3.600000e+02 0.000000e+00 1.587900e+01 6.650000e-01 3.171200e+01
 2.330000e+02]
deleted_idx_col 496
query_origi 195
query_idx 675
deleted_scaled [0.41666667 0.         0.07713515 0.07734974 0.18181818 0.17171717
 0.         0.18569378 0.54186047 0.30292228 0.08333333 0.
 0.00877146 0.00864326 0.01818182 0.01818182 0.         0.27869095
 0.4902439  0.         0.41666667 0.         0.09215978 0.09236903
 0.18181818 0.17171717 0.         0.14500962 0.32425743 0.28623168
 0.         0.         0.00126957 0.00121595 0.         0.
 0.         0.29284828 0.59953162 0.00082527]
deleted_not_scaled [5.000000e+00 0.000000e+00 1.844904e+03 4.720650e+05 9.600000e+02
 5.200000e+02 0.000000e+00 2.228800e+01 8.030000e-01 2.923200e+01
 1.000000e+00 0.000000e+00 5.045010e+02 1.278280e+05 3.840000e+02
 2.160000e+02 0.000000e+00 2.303000e+01 7.880000e-01 0.000000e+00
 5.000000e+00 0.000000e+00 2.063582e+03 5.236340e+05 9.600000e+02
 5.200000e+02 0.000000e+00 1.890400e+01 7.220000e-01 2.592200e+01
 0.000000e+00 0.000000e+00 3.462310e+02 8.798600e+04 3.200000e+02
 1.800000e+02 0.000000e+00 2.331000e+01 8.260000e-01 7.800000e-02
 2.560000e+02]
deleted_idx_col 675
query_origi 233
query_idx 997
deleted_scaled [0.         0.         0.0018717  0.00187356 0.         0.
 0.         0.36054757 0.71860465 0.0181658  0.5        0.
 0.10671219 0.10706905 0.27272727 0.27272727 0.         0.10250259
 0.12195122 0.35351466 0.         0.         0.00359936 0.00349419
 0.         0.         0.         0.08430025 0.27475248 0.02666652
 0.         0.         0.00135463 0.00127468 0.         0.
 0.         0.05871493 0.43793911 0.        ]
deleted_not_scaled [0.000000e+00 0.000000e+00 3.642460e+02 9.306500e+04 3.200000e+02
 1.800000e+02 0.000000e+00 3.045000e+01 8.790000e-01 1.753000e+00
 6.000000e+00 0.000000e+00 2.430843e+03 6.219920e+05 1.280000e+03
 7.200000e+02 0.000000e+00 1.708100e+01 6.370000e-01 3.278000e+01
 0.000000e+00 0.000000e+00 3.892950e+02 9.858900e+04 3.200000e+02
 1.800000e+02 0.000000e+00 1.669600e+01 7.020000e-01 2.415000e+00
 0.000000e+00 0.000000e+00 3.479050e+02 8.828100e+04 3.200000e+02
 1.800000e+02 0.000000e+00 1.557400e+01 7.570000e-01 0.000000e+00
 1.420000e+02]
deleted_idx_col 997
query_origi 71
query_idx 967
deleted_scaled [0.         0.         0.00199746 0.00188989 0.         0.
 0.         0.19724073 0.2255814  0.         0.25       0.02442323
 0.02772258 0.02762875 0.05454545 0.05454545 0.         0.36129128
 0.46341463 0.20226258 0.41666667 0.         0.08105751 0.08162008
 0.18181818 0.17171717 0.         0.29422601 0.63118812 0.17475128
 0.         0.         0.00270956 0.00272414 0.         0.
 0.         0.18528495 0.60655738 0.        ]
deleted_not_scaled [0.00000000e+00 0.00000000e+00 3.66720000e+02 9.31470000e+04
 3.20000000e+02 1.80000000e+02 0.00000000e+00 2.28270000e+01
 6.67000000e-01 0.00000000e+00 3.00000000e+00 8.01460073e-02
 8.77240000e+02 2.23148000e+05 5.12000000e+02 2.88000000e+02
 0.00000000e+00 2.58190000e+01 7.77000000e-01 1.87550000e+01
 5.00000000e+00 0.00000000e+00 1.85368700e+03 4.72227000e+05
 9.60000000e+02 5.20000000e+02 0.00000000e+00 2.43310000e+01
 8.46000000e-01 1.58260000e+01 0.00000000e+00 0.00000000e+00
 3.74569000e+02 9.55620000e+04 3.20000000e+02 1.80000000e+02
 0.00000000e+00 1.97560000e+01 8.29000000e-01 0.00000000e+00
 9.30000000e+01]
deleted_idx_col 967
query_origi 161
query_idx 35
deleted_scaled [0.5        0.         0.10749721 0.1072395  0.27272727 0.27272727
 0.         0.13894899 0.21162791 0.07843523 0.5        0.8228571
 0.10854324 0.10853598 0.27272727 0.27272727 0.         0.04113727
 0.2        0.11051916 0.5        0.         0.11019492 0.11133981
 0.27272727 0.27272727 0.         0.1308496  0.40841584 0.01450924
 0.41666667 0.         0.08592848 0.08504905 0.18181818 0.17171717
 0.         0.7475258  0.84777518 0.7975771 ]
deleted_not_scaled [6.0000000e+00 0.0000000e+00 2.4422170e+03 6.2215500e+05 1.2800000e+03
 7.2000000e+02 0.0000000e+00 2.0106000e+01 6.6100000e-01 7.5690000e+00
 6.0000000e+00 2.7002454e+00 2.4668570e+03 6.2935700e+05 1.2800000e+03
 7.2000000e+02 0.0000000e+00 1.5009000e+01 6.6900000e-01 1.0248000e+01
 6.0000000e+00 0.0000000e+00 2.4045470e+03 6.1436200e+05 1.2800000e+03
 7.2000000e+02 0.0000000e+00 1.8389000e+01 7.5600000e-01 1.3140000e+00
 5.0000000e+00 0.0000000e+00 2.0122490e+03 5.0909900e+05 9.6000000e+02
 5.2000000e+02 0.0000000e+00 3.8333000e+01 9.3200000e-01 7.5383000e+01
 2.3800000e+02]
deleted_idx_col 35
query_origi 270
query_idx 111
deleted_scaled [1.         0.07833125 0.83252841 0.83294155 1.         1.
 1.         0.24584931 0.78837209 0.07468394 1.         0.18551408
 0.78047011 0.78204529 1.         1.         1.         0.73490301
 0.80731707 0.79312167 1.         0.1099702  0.86740816 0.86826546
 1.         1.         1.         0.14162772 0.3960396  0.03271756
 1.         0.         0.86940528 0.86376975 1.         1.
 1.         0.97085439 0.96252927 0.94812464]
deleted_not_scaled [1.20000000e+01 3.68038646e-01 1.67057580e+04 4.26623300e+06
 3.84000000e+03 2.16000000e+03 1.00000000e+00 2.50960000e+01
 9.09000000e-01 7.20700000e+00 1.20000000e+01 6.08773441e-01
 1.56826150e+04 4.01082900e+06 3.84000000e+03 2.16000000e+03
 1.00000000e+00 3.84340000e+01 9.18000000e-01 7.35430000e+01
 1.20000000e+01 5.40630960e-01 1.67201100e+04 4.23436800e+06
 3.84000000e+03 2.16000000e+03 1.00000000e+00 1.87810000e+01
 7.51000000e-01 2.96300000e+00 1.20000000e+01 0.00000000e+00
 1.74304300e+04 4.42079300e+06 3.84000000e+03 2.16000000e+03
 1.00000000e+00 4.57120000e+01 9.81000000e-01 8.96120000e+01
 1.87000000e+02]
deleted_idx_col 111
query_origi 895
query_idx 635
deleted_scaled [8.33333333e-01 0.00000000e+00 3.71823254e-01 3.71052038e-01
 6.36363636e-01 6.36363636e-01 0.00000000e+00 1.26566550e-01
 5.06976744e-01 6.63212435e-04 8.33333333e-01 0.00000000e+00
 4.41746926e-01 4.41556276e-01 6.36363636e-01 6.36363636e-01
 0.00000000e+00 1.61617059e-01 3.51219512e-01 1.11834868e-02
 9.16666667e-01 0.00000000e+00 5.13786928e-01 5.18971202e-01
 1.00000000e+00 1.00000000e+00 0.00000000e+00 1.43497388e-01
 3.76237624e-01 3.85808774e-02 9.16666667e-01 0.00000000e+00
 5.66474365e-01 5.67911768e-01 1.00000000e+00 1.00000000e+00
 0.00000000e+00 2.57104809e-01 5.38641686e-01 9.15198646e-02]
deleted_not_scaled [1.0000000e+01 0.0000000e+00 7.6423040e+03 1.9468770e+06 2.5600000e+03
 1.4400000e+03 0.0000000e+00 1.9528000e+01 7.8800000e-01 6.4000000e-02
 1.0000000e+01 0.0000000e+00 9.0204560e+03 2.3013440e+06 2.5600000e+03
 1.4400000e+03 0.0000000e+00 1.9077000e+01 7.3100000e-01 1.0370000e+00
 1.1000000e+01 0.0000000e+00 1.0034692e+04 2.5638640e+06 3.8400000e+03
 2.1600000e+03 0.0000000e+00 1.8849000e+01 7.4300000e-01 3.4940000e+00
 1.1000000e+01 0.0000000e+00 1.1468998e+04 2.9346300e+06 3.8400000e+03
 2.1600000e+03 0.0000000e+00 2.2129000e+01 8.0000000e-01 8.6500000e+00
 2.5300000e+02]
deleted_idx_col 635
query_origi 131
query_idx 314
deleted_scaled [0.91666667 0.         0.5694608  0.5677316  1.         1.
 0.         0.14096275 0.52790698 0.04617617 0.91666667 0.
 0.56853325 0.56769945 1.         1.         0.         0.17731379
 0.25853659 0.00321377 0.91666667 0.         0.59109311 0.59645015
 1.         1.         0.         0.45980203 0.6460396  0.66362643
 0.91666667 0.         0.58818782 0.58908579 1.         1.
 0.         0.32002663 0.38875878 0.31787547]
deleted_not_scaled [1.1000000e+01 0.0000000e+00 1.1530428e+04 2.9344940e+06 3.8400000e+03
 2.1600000e+03 0.0000000e+00 2.0200000e+01 7.9700000e-01 4.4560000e+00
 1.1000000e+01 0.0000000e+00 1.1514146e+04 2.9346680e+06 3.8400000e+03
 2.1600000e+03 0.0000000e+00 1.9607000e+01 6.9300000e-01 2.9800000e-01
 1.1000000e+01 0.0000000e+00 1.1496211e+04 2.9344080e+06 3.8400000e+03
 2.1600000e+03 0.0000000e+00 3.0353000e+01 8.5200000e-01 6.0100000e+01
 1.1000000e+01 0.0000000e+00 1.1896301e+04 3.0409920e+06 3.8400000e+03
 2.1600000e+03 0.0000000e+00 2.4208000e+01 7.3600000e-01 3.0044000e+01
 1.9000000e+01]
deleted_idx_col 314
query_origi 345
query_idx 891
deleted_scaled [0.5        0.         0.10792816 0.10718155 0.27272727 0.27272727
 0.         0.77936545 0.98837209 0.65370984 0.5        0.
 0.10747803 0.1069842  0.27272727 0.27272727 0.         0.91363838
 1.         0.80238552 0.41666667 0.         0.08173371 0.08220345
 0.18181818 0.17171717 0.         0.6571625  0.59405941 0.56876429
 0.41666667 0.         0.0796243  0.0795054  0.18181818 0.17171717
 0.         0.15692624 0.44262295 0.33453949]
deleted_not_scaled [6.000000e+00 0.000000e+00 2.450695e+03 6.218640e+05 1.280000e+03
 7.200000e+02 0.000000e+00 5.000000e+01 9.950000e-01 6.308300e+01
 6.000000e+00 0.000000e+00 2.445906e+03 6.215660e+05 1.280000e+03
 7.200000e+02 0.000000e+00 4.446900e+01 9.970000e-01 7.440200e+01
 5.000000e+00 0.000000e+00 1.866471e+03 4.750170e+05 9.600000e+02
 5.200000e+02 0.000000e+00 3.753100e+01 8.310000e-01 5.150900e+01
 5.000000e+00 0.000000e+00 1.888188e+03 4.812520e+05 9.600000e+02
 5.200000e+02 0.000000e+00 1.881900e+01 7.590000e-01 3.161900e+01
 2.000000e+00]
deleted_idx_col 891
query_origi 473
query_idx 875
deleted_scaled [0.91666667 0.         0.5946721  0.59346798 1.         1.
 0.         0.22569035 0.67906977 0.05239378 0.91666667 0.
 0.55976951 0.5595139  1.         1.         0.         0.4566563
 0.74390244 0.12308306 0.91666667 0.         0.55396208 0.55954841
 1.         1.         0.         0.33736596 0.6509901  0.18025021
 1.         0.         0.83336674 0.82588099 1.         1.
 1.         0.78239157 0.93208431 0.73912077]
deleted_not_scaled [1.1000000e+01 0.0000000e+00 1.2026410e+04 3.0637280e+06 3.8400000e+03
 2.1600000e+03 0.0000000e+00 2.4155000e+01 8.6200000e-01 5.0560000e+00
 1.1000000e+01 0.0000000e+00 1.1341777e+04 2.8935710e+06 3.8400000e+03
 2.1600000e+03 0.0000000e+00 2.9039000e+01 8.9200000e-01 1.1413000e+01
 1.1000000e+01 0.0000000e+00 1.0794227e+04 2.7579250e+06 3.8400000e+03
 2.1600000e+03 0.0000000e+00 2.5900000e+01 8.5400000e-01 1.6324000e+01
 1.2000000e+01 0.0000000e+00 1.6721221e+04 4.2304690e+06 3.8400000e+03
 2.1600000e+03 1.0000000e+00 3.9485000e+01 9.6800000e-01 6.9858000e+01
 6.5000000e+01]
deleted_idx_col 875
query_origi 443
query_idx 400
deleted_scaled [0.91666667 0.         0.57502762 0.57241292 1.         1.
 0.         0.03530496 0.50697674 0.04557513 0.91666667 0.
 0.60309912 0.6013017  1.         1.         0.         0.07792092
 0.39756098 0.05187326 0.91666667 0.         0.53765601 0.54170883
 1.         1.         0.         0.26307396 0.32673267 0.1546106
 1.         0.         0.91107602 0.91107815 1.         1.
 1.         0.31815018 0.73302108 0.38911284]
deleted_not_scaled [1.1000000e+01 0.0000000e+00 1.1639944e+04 2.9580010e+06 3.8400000e+03
 2.1600000e+03 0.0000000e+00 1.5268000e+01 7.8800000e-01 4.3980000e+00
 1.1000000e+01 0.0000000e+00 1.2194003e+04 3.1033740e+06 3.8400000e+03
 2.1600000e+03 0.0000000e+00 1.6251000e+01 7.5000000e-01 4.8100000e+00
 1.1000000e+01 0.0000000e+00 1.0485951e+04 2.6726070e+06 3.8400000e+03
 2.1600000e+03 0.0000000e+00 2.3198000e+01 7.2300000e-01 1.4002000e+01
 1.2000000e+01 0.0000000e+00 1.8250476e+04 4.6584340e+06 3.8400000e+03
 2.1600000e+03 1.0000000e+00 2.4146000e+01 8.8300000e-01 3.6777000e+01
 2.2900000e+02]
deleted_idx_col 400
query_origi 853
query_idx 437
deleted_scaled [0.91666667 0.         0.56423791 0.56366187 1.         1.
 0.         0.13397888 0.55116279 0.00568912 0.91666667 0.
 0.56739798 0.5677104  1.         1.         0.         0.44116689
 0.7902439  0.14615103 1.         0.         0.85729083 0.86677712
 1.         1.         1.         0.27613418 0.67079208 0.00986054
 1.         0.         0.83732691 0.83064227 1.         1.
 1.         0.18095699 0.57845433 0.        ]
deleted_not_scaled [1.1000000e+01 0.0000000e+00 1.1427678e+04 2.9140580e+06 3.8400000e+03
 2.1600000e+03 0.0000000e+00 1.9874000e+01 8.0700000e-01 5.4900000e-01
 1.1000000e+01 0.0000000e+00 1.1491817e+04 2.9347230e+06 3.8400000e+03
 2.1600000e+03 0.0000000e+00 2.8516000e+01 9.1100000e-01 1.3552000e+01
 1.2000000e+01 0.0000000e+00 1.6528836e+04 4.2272500e+06 3.8400000e+03
 2.1600000e+03 1.0000000e+00 2.3673000e+01 8.6200000e-01 8.9300000e-01
 1.2000000e+01 0.0000000e+00 1.6799154e+04 4.2543860e+06 3.8400000e+03
 2.1600000e+03 1.0000000e+00 1.9613000e+01 8.1700000e-01 0.0000000e+00
 2.0100000e+02]
deleted_idx_col 437
query_origi 435
query_idx 737
deleted_scaled [1.         0.         0.80946818 0.80380117 1.         1.
 1.         0.19940444 0.66976744 0.03418653 0.91666667 0.
 0.57094706 0.56780681 1.         1.         0.         0.58963424
 0.9097561  0.51528158 1.         0.         0.86394278 0.86827864
 1.         1.         1.         0.22708276 0.35643564 0.06525844
 0.91666667 0.         0.56931249 0.56788887 1.         1.
 0.         0.22441815 0.31147541 0.04756917]
deleted_not_scaled [1.2000000e+01 0.0000000e+00 1.6252094e+04 4.1199060e+06 3.8400000e+03
 2.1600000e+03 1.0000000e+00 2.2928000e+01 8.5800000e-01 3.2990000e+00
 1.1000000e+01 0.0000000e+00 1.1561622e+04 2.9352070e+06 3.8400000e+03
 2.1600000e+03 0.0000000e+00 3.3529000e+01 9.6000000e-01 4.7780000e+01
 1.2000000e+01 0.0000000e+00 1.6654595e+04 4.2344310e+06 3.8400000e+03
 2.1600000e+03 1.0000000e+00 2.1889000e+01 7.3500000e-01 5.9100000e+00
 1.1000000e+01 0.0000000e+00 1.1524850e+04 2.9345150e+06 3.8400000e+03
 2.1600000e+03 0.0000000e+00 2.1049000e+01 7.0300000e-01 4.4960000e+00
 2.8000000e+02]
deleted_idx_col 737
query_origi 573
query_idx 665
deleted_scaled [0.83333333 0.         0.37699511 0.37659944 0.63636364 0.63636364
 0.         0.1444761  0.55581395 0.00095337 0.83333333 0.
 0.39313943 0.39337711 0.63636364 0.63636364 0.         0.22558863
 0.52195122 0.02120225 0.83333333 0.         0.40904907 0.41360607
 0.63636364 0.63636364 0.         0.41479241 0.72029703 0.15950222
 0.83333333 0.         0.39695953 0.39373582 0.63636364 0.63636364
 0.         0.28655307 0.67447307 0.01302439]
deleted_not_scaled [1.000000e+01 0.000000e+00 7.744050e+03 1.974733e+06 2.560000e+03
 1.440000e+03 0.000000e+00 2.036400e+01 8.090000e-01 9.200000e-02
 1.000000e+01 0.000000e+00 8.064422e+03 2.059452e+06 2.560000e+03
 1.440000e+03 0.000000e+00 2.123700e+01 8.010000e-01 1.966000e+00
 1.000000e+01 0.000000e+00 8.054561e+03 2.059954e+06 2.560000e+03
 1.440000e+03 0.000000e+00 2.871600e+01 8.820000e-01 1.444500e+01
 1.000000e+01 0.000000e+00 8.133085e+03 2.059704e+06 2.560000e+03
 1.440000e+03 0.000000e+00 2.310200e+01 8.580000e-01 1.231000e+00
 4.300000e+01]
deleted_idx_col 665
query_origi 353
query_idx 958
deleted_scaled [5.83333333e-01 1.20280934e-01 1.45589568e-01 1.44225017e-01
 2.72727273e-01 2.72727273e-01 0.00000000e+00 2.14229097e-04
 4.16279070e-01 5.41347150e-01 5.83333333e-01 0.00000000e+00
 1.53773046e-01 1.52654543e-01 2.72727273e-01 2.72727273e-01
 0.00000000e+00 1.89545387e-02 4.00000000e-01 6.58132563e-01
 5.00000000e-01 0.00000000e+00 9.44611091e-02 9.47876346e-02
 2.72727273e-01 2.72727273e-01 0.00000000e+00 5.86747319e-02
 1.58415842e-01 7.94474565e-02 5.00000000e-01 0.00000000e+00
 1.07942760e-01 1.07538156e-01 2.72727273e-01 2.72727273e-01
 0.00000000e+00 1.61526588e-01 1.70960187e-01 7.44961117e-02]
deleted_not_scaled [7.00000000e+00 5.65138842e-01 3.19160800e+03 8.07876000e+05
 1.28000000e+03 7.20000000e+02 0.00000000e+00 1.36300000e+01
 7.49000000e-01 5.22400000e+01 7.00000000e+00 0.00000000e+00
 3.35645700e+03 8.50862000e+05 1.28000000e+03 7.20000000e+02
 0.00000000e+00 1.42600000e+01 7.51000000e-01 6.10260000e+01
 6.00000000e+00 0.00000000e+00 2.10709000e+03 5.35201000e+05
 1.28000000e+03 7.20000000e+02 0.00000000e+00 1.57640000e+01
 6.55000000e-01 7.19500000e+00 6.00000000e+00 0.00000000e+00
 2.44547200e+03 6.22067000e+05 1.28000000e+03 7.20000000e+02
 0.00000000e+00 1.89710000e+01 6.43000000e-01 7.04100000e+00
 2.34000000e+02]
deleted_idx_col 958
query_origi 517
query_idx 956
deleted_scaled [0.91666667 0.         0.55408038 0.55491161 1.         1.
 0.         0.56423659 0.89767442 0.92324352 1.         0.
 0.79254346 0.78581789 1.         1.         1.         0.11091367
 0.55853659 0.06331557 0.91666667 0.         0.63165619 0.63289188
 1.         1.         0.         0.12719274 0.17821782 0.07808929
 0.91666667 0.         0.5727449  0.56958201 1.         1.
 0.         0.2093157  0.55503513 0.05887954]
deleted_not_scaled [1.1000000e+01 0.0000000e+00 1.1227849e+04 2.8701190e+06 3.8400000e+03
 2.1600000e+03 0.0000000e+00 3.9958000e+01 9.5600000e-01 8.9093000e+01
 1.2000000e+01 0.0000000e+00 1.5920079e+04 4.0297700e+06 3.8400000e+03
 2.1600000e+03 1.0000000e+00 1.7365000e+01 8.1600000e-01 5.8710000e+00
 1.1000000e+01 0.0000000e+00 1.2263080e+04 3.1086910e+06 3.8400000e+03
 2.1600000e+03 0.0000000e+00 1.8256000e+01 6.6300000e-01 7.0720000e+00
 1.1000000e+01 0.0000000e+00 1.1592397e+04 2.9430200e+06 3.8400000e+03
 2.1600000e+03 0.0000000e+00 2.0550000e+01 8.0700000e-01 5.5650000e+00
 2.4800000e+02]
deleted_idx_col 956
query_origi 74
query_idx 552
deleted_scaled [0.08333333 0.         0.00895872 0.00884226 0.01818182 0.01818182
 0.         0.04344566 0.27906977 0.1339171  0.08333333 0.
 0.0086655  0.00866318 0.01818182 0.01818182 0.         0.04865985
 0.2        0.08227466 0.         0.         0.00243251 0.00246042
 0.         0.         0.         0.05815232 0.19306931 0.06403277
 0.08333333 0.         0.00914779 0.00919647 0.01818182 0.01818182
 0.         0.55043734 0.75644028 0.09852404]
deleted_not_scaled [1.00000e+00 0.00000e+00 5.03669e+02 1.28058e+05 3.84000e+02 2.16000e+02
 0.00000e+00 1.56480e+01 6.90000e-01 1.29230e+01 1.00000e+00 0.00000e+00
 5.02417e+02 1.27928e+05 3.84000e+02 2.16000e+02 0.00000e+00 1.52630e+01
 6.69000e-01 7.62900e+00 0.00000e+00 0.00000e+00 3.67235e+02 9.36450e+04
 3.20000e+02 1.80000e+02 0.00000e+00 1.57450e+01 6.69000e-01 5.79900e+00
 1.00000e+00 0.00000e+00 5.01268e+02 1.28074e+05 3.84000e+02 2.16000e+02
 0.00000e+00 3.18210e+01 8.93000e-01 9.31200e+00 1.39000e+02]
deleted_idx_col 552
query_origi 36
query_idx 834
deleted_scaled [0.58333333 0.         0.14043616 0.13957596 0.27272727 0.27272727
 0.         0.07840785 0.37906977 0.53332642 0.58333333 0.
 0.13990672 0.13934478 0.27272727 0.27272727 0.         0.05795943
 0.2195122  0.57939521 0.58333333 0.         0.14610557 0.14704574
 0.27272727 0.27272727 0.         0.04297498 0.15841584 0.4817972
 0.58333333 0.         0.13990878 0.13977637 0.27272727 0.27272727
 0.         0.06555492 0.19437939 0.43193144]
deleted_not_scaled [7.000000e+00 0.000000e+00 3.090225e+03 7.845310e+05 1.280000e+03
 7.200000e+02 0.000000e+00 1.728000e+01 7.330000e-01 5.146600e+01
 7.000000e+00 0.000000e+00 3.083728e+03 7.840380e+05 1.280000e+03
 7.200000e+02 0.000000e+00 1.557700e+01 6.770000e-01 5.372500e+01
 7.000000e+00 0.000000e+00 3.083459e+03 7.851260e+05 1.280000e+03
 7.200000e+02 0.000000e+00 1.519300e+01 6.550000e-01 4.363300e+01
 7.000000e+00 0.000000e+00 3.074537e+03 7.840070e+05 1.280000e+03
 7.200000e+02 0.000000e+00 1.580000e+01 6.530000e-01 4.082400e+01
 1.380000e+02]
deleted_idx_col 834
query_origi 910
query_idx 86
deleted_scaled [0.58333333 0.7185291  0.13985852 0.13846493 0.27272727 0.27272727
 0.         0.07408042 0.57674419 0.17884974 0.41666667 0.
 0.07744018 0.0768034  0.18181818 0.17171717 0.         0.29367688
 0.74878049 0.02424347 0.25       0.         0.03003953 0.0300568
 0.05454545 0.05454545 0.         0.1114105  0.61881188 0.20820865
 0.33333333 0.         0.04612962 0.04587725 0.09090909 0.09090909
 0.         0.04960504 0.52224824 0.31345289]
deleted_not_scaled [7.00000000e+00 3.37600226e+00 3.07886100e+03 7.78952000e+05
 1.28000000e+03 7.20000000e+02 0.00000000e+00 1.70780000e+01
 8.18000000e-01 1.72590000e+01 5.00000000e+00 0.00000000e+00
 1.85510800e+03 4.70038000e+05 9.60000000e+02 5.20000000e+02
 0.00000000e+00 2.35360000e+01 8.94000000e-01 2.24800000e+00
 3.00000000e+00 0.00000000e+00 8.89162000e+02 2.25625000e+05
 5.12000000e+02 2.88000000e+02 0.00000000e+00 1.76820000e+01
 8.41000000e-01 1.88560000e+01 4.00000000e+00 0.00000000e+00
 1.22904000e+03 3.12330000e+05 6.40000000e+02 3.60000000e+02
 0.00000000e+00 1.52730000e+01 7.93000000e-01 2.96260000e+01
 2.26000000e+02]
deleted_idx_col 86
query_origi 456
query_idx 825
deleted_scaled [0.5        0.         0.10751983 0.10720126 0.27272727 0.27272727
 0.         0.15932218 0.33488372 0.26926425 0.08333333 0.
 0.0087978  0.00883287 0.01818182 0.01818182 0.         0.38921961
 0.55853659 0.         0.5        0.         0.11516504 0.11629432
 0.27272727 0.27272727 0.         0.11498488 0.38861386 0.4302861
 0.41666667 0.         0.07323318 0.07343083 0.18181818 0.17171717
 0.         0.25292818 0.63466042 0.22458869]
deleted_not_scaled [6.000000e+00 0.000000e+00 2.442662e+03 6.219630e+05 1.280000e+03
 7.200000e+02 0.000000e+00 2.105700e+01 7.140000e-01 2.598400e+01
 1.000000e+00 0.000000e+00 5.050190e+02 1.287800e+05 3.840000e+02
 2.160000e+02 0.000000e+00 2.676200e+01 8.160000e-01 0.000000e+00
 6.000000e+00 0.000000e+00 2.498510e+03 6.380570e+05 1.280000e+03
 7.200000e+02 0.000000e+00 1.781200e+01 7.480000e-01 3.896800e+01
 5.000000e+00 0.000000e+00 1.762416e+03 4.507380e+05 9.600000e+02
 5.200000e+02 0.000000e+00 2.199100e+01 8.410000e-01 2.122700e+01
 2.830000e+02]
deleted_idx_col 825
query_origi 366
query_idx 230
deleted_scaled [0.33333333 0.06066115 0.04271295 0.04246481 0.09090909 0.09090909
 0.         0.04243878 0.2627907  0.53626943 0.33333333 0.2358093
 0.04236267 0.04227578 0.09090909 0.09090909 0.         0.0472975
 0.18292683 0.45081207 0.25       0.00296371 0.02911245 0.02935466
 0.05454545 0.05454545 0.         0.0588397  0.17326733 0.40863266
 0.16666667 0.         0.01834721 0.01840469 0.05454545 0.05454545
 0.         0.59980025 0.79156909 0.50165582]
deleted_not_scaled [4.00000000e+00 2.85015845e-01 1.16771600e+03 2.96892000e+05
 6.40000000e+02 3.60000000e+02 0.00000000e+00 1.56010000e+01
 6.83000000e-01 5.17500000e+01 4.00000000e+00 7.73819632e-01
 1.16518800e+03 2.96686000e+05 6.40000000e+02 3.60000000e+02
 0.00000000e+00 1.52170000e+01 6.62000000e-01 4.18020000e+01
 3.00000000e+00 1.45700480e-02 8.71635000e+02 2.22267000e+05
 5.12000000e+02 2.88000000e+02 0.00000000e+00 1.57700000e+01
 6.61000000e-01 3.70070000e+01 2.00000000e+00 0.00000000e+00
 6.82305000e+02 1.74329000e+05 5.12000000e+02 2.88000000e+02
 0.00000000e+00 3.34520000e+01 9.08000000e-01 4.74140000e+01
 1.39000000e+02]
deleted_idx_col 230
query_origi 405
query_idx 451
deleted_scaled [0.33333333 0.         0.04261663 0.04268805 0.09090909 0.09090909
 0.         0.13648536 0.30930233 0.23773057 0.41666667 0.
 0.07792639 0.07719319 0.18181818 0.17171717 0.         0.11369762
 0.44634146 0.01071975 0.41666667 0.         0.08148093 0.08155986
 0.18181818 0.17171717 0.         0.18314545 0.69554455 0.
 0.41666667 0.         0.08104123 0.0805388  0.18181818 0.17171717
 0.         0.07324234 0.41920375 0.00504682]
deleted_not_scaled [4.000000e+00 0.000000e+00 1.165821e+03 2.980130e+05 6.400000e+02
 3.600000e+02 0.000000e+00 1.999100e+01 7.030000e-01 2.294100e+01
 5.000000e+00 0.000000e+00 1.864671e+03 4.719950e+05 9.600000e+02
 5.200000e+02 0.000000e+00 1.745900e+01 7.700000e-01 9.940000e-01
 5.000000e+00 0.000000e+00 1.861692e+03 4.719390e+05 9.600000e+02
 5.200000e+02 0.000000e+00 2.029100e+01 8.720000e-01 0.000000e+00
 5.000000e+00 0.000000e+00 1.916072e+03 4.864430e+05 9.600000e+02
 5.200000e+02 0.000000e+00 1.605400e+01 7.490000e-01 4.770000e-01
 1.500000e+02]
deleted_idx_col 451
query_origi 558
query_idx 373
deleted_scaled [0.83333333 0.         0.39724957 0.39440206 0.63636364 0.63636364
 0.         0.31131772 0.68372093 0.40968912 0.83333333 0.
 0.39458148 0.39240194 0.63636364 0.63636364 0.         0.37396713
 0.52195122 0.38926515 0.83333333 0.         0.41139949 0.41344214
 0.63636364 0.63636364 0.         0.30646137 0.49257426 0.00171152
 0.91666667 0.         0.56930731 0.5678837  1.         1.
 0.         0.36191399 0.68618267 0.21547902]
deleted_not_scaled [1.0000000e+01 0.0000000e+00 8.1425160e+03 2.0641280e+06 2.5600000e+03
 1.4400000e+03 0.0000000e+00 2.8152000e+01 8.6400000e-01 3.9535000e+01
 1.0000000e+01 0.0000000e+00 8.0927850e+03 2.0545560e+06 2.5600000e+03
 1.4400000e+03 0.0000000e+00 2.6247000e+01 8.0100000e-01 3.6095000e+01
 1.0000000e+01 0.0000000e+00 8.0989970e+03 2.0591700e+06 2.5600000e+03
 1.4400000e+03 0.0000000e+00 2.4776000e+01 7.9000000e-01 1.5500000e-01
 1.1000000e+01 0.0000000e+00 1.1524748e+04 2.9344890e+06 3.8400000e+03
 2.1600000e+03 0.0000000e+00 2.5592000e+01 8.6300000e-01 2.0366000e+01
 9.0000000e+00]
deleted_idx_col 373
