query_origi 8
query_idx 12
deleted_scaled [1.66666667e-01 0.00000000e+00 1.81388678e-02 1.81228457e-02
 5.45454545e-02 5.45454545e-02 0.00000000e+00 5.45834315e-01
 8.81395349e-01 5.06466321e-01 8.33333333e-02 4.45394773e-01
 8.67475709e-03 8.77252386e-03 1.81818182e-02 1.81818182e-02
 0.00000000e+00 3.05641937e-01 7.53658537e-01 0.00000000e+00
 8.33333333e-02 0.00000000e+00 1.12787805e-02 1.11681894e-02
 1.81818182e-02 1.81818182e-02 0.00000000e+00 2.25570525e-01
 7.10396040e-01 0.00000000e+00 0.00000000e+00 0.00000000e+00
 1.92873890e-03 1.82750903e-03 0.00000000e+00 0.00000000e+00
 0.00000000e+00 2.79561757e-01 7.21311475e-01 2.11606623e-05]
deleted_not_scaled [2.00000000e+00 0.00000000e+00 6.84270000e+02 1.74660000e+05
 5.12000000e+02 2.88000000e+02 0.00000000e+00 3.90990000e+01
 9.49000000e-01 4.88740000e+01 1.00000000e+00 1.46158451e+00
 5.02599000e+02 1.28477000e+05 3.84000000e+02 2.16000000e+02
 0.00000000e+00 2.39400000e+01 8.96000000e-01 0.00000000e+00
 1.00000000e+00 0.00000000e+00 5.34479000e+02 1.35290000e+05
 3.84000000e+02 2.16000000e+02 0.00000000e+00 2.18340000e+01
 8.78000000e-01 0.00000000e+00 0.00000000e+00 0.00000000e+00
 3.59203000e+02 9.10580000e+04 3.20000000e+02 1.80000000e+02
 0.00000000e+00 2.28710000e+01 8.78000000e-01 2.00000000e-03
 2.77000000e+02]
deleted_idx_col 12
query_origi 634
query_idx 96
deleted_scaled [1.         0.06823407 0.83214581 0.82673936 1.         1.
 1.         0.31262452 0.58372093 0.07807254 1.         0.16071157
 0.83067575 0.82653571 1.         1.         1.         0.36306827
 0.48292683 0.00786187 1.         0.13351528 0.86354877 0.86831774
 1.         1.         1.         0.15515535 0.34405941 0.07892848
 1.         0.         0.8283464  0.82669601 1.         1.
 1.         0.25550074 0.54098361 0.13796752]
deleted_not_scaled [1.20000000e+01 3.20597144e-01 1.66982310e+04 4.23508900e+06
 3.84000000e+03 2.16000000e+03 1.00000000e+00 2.82130000e+01
 8.21000000e-01 7.53400000e+00 1.20000000e+01 5.27382807e-01
 1.66700820e+04 4.23420100e+06 3.84000000e+03 2.16000000e+03
 1.00000000e+00 2.58790000e+01 7.85000000e-01 7.29000000e-01
 1.20000000e+01 6.56382343e-01 1.66471460e+04 4.23461800e+06
 3.84000000e+03 2.16000000e+03 1.00000000e+00 1.92730000e+01
 7.30000000e-01 7.14800000e+00 1.20000000e+01 0.00000000e+00
 1.66224250e+04 4.23456300e+06 3.84000000e+03 2.16000000e+03
 1.00000000e+00 2.20760000e+01 8.01000000e-01 1.30400000e+01
 7.70000000e+01]
deleted_idx_col 96
query_origi 424
query_idx 447
deleted_scaled [0.41666667 0.         0.07626492 0.07624986 0.18181818 0.17171717
 0.         0.05998415 0.26976744 0.00592746 0.41666667 0.
 0.07720106 0.07739535 0.18181818 0.17171717 0.         0.18311861
 0.26829268 0.01847378 0.5        0.         0.11298563 0.11293814
 0.27272727 0.27272727 0.         0.10478416 0.43811881 0.22693595
 0.58333333 0.         0.14092483 0.13986735 0.27272727 0.27272727
 0.         0.20120456 0.70257611 0.13476168]
deleted_not_scaled [5.000000e+00 0.000000e+00 1.827784e+03 4.665420e+05 9.600000e+02
 5.200000e+02 0.000000e+00 1.642000e+01 6.860000e-01 5.720000e-01
 5.000000e+00 0.000000e+00 1.850405e+03 4.730100e+05 9.600000e+02
 5.200000e+02 0.000000e+00 1.980300e+01 6.970000e-01 1.713000e+00
 6.000000e+00 0.000000e+00 2.457307e+03 6.220060e+05 1.280000e+03
 7.200000e+02 0.000000e+00 1.744100e+01 7.680000e-01 2.055200e+01
 7.000000e+00 0.000000e+00 3.094532e+03 7.844640e+05 1.280000e+03
 7.200000e+02 0.000000e+00 2.028200e+01 8.700000e-01 1.273700e+01
 1.490000e+02]
deleted_idx_col 447
query_origi 830
query_idx 565
deleted_scaled [0.25       0.         0.03174126 0.03160699 0.05454545 0.05454545
 0.         0.12817327 0.60930233 0.16746114 0.16666667 0.
 0.01596186 0.01598948 0.05454545 0.05454545 0.         0.18122316
 0.60487805 0.19491836 0.25       0.         0.02733086 0.02764635
 0.05454545 0.05454545 0.         0.17970855 0.63118812 0.1939313
 0.25       0.         0.02889511 0.02902912 0.05454545 0.05454545
 0.         0.30292667 0.67213115 0.24516743]
deleted_not_scaled [3.00000e+00 0.00000e+00 9.51870e+02 2.42370e+05 5.12000e+02 2.88000e+02
 0.00000e+00 1.96030e+01 8.32000e-01 1.61600e+01 2.00000e+00 0.00000e+00
 6.45925e+02 1.64711e+05 5.12000e+02 2.88000e+02 0.00000e+00 1.97390e+01
 8.35000e-01 1.80740e+01 3.00000e+00 0.00000e+00 8.37953e+02 2.14097e+05
 5.12000e+02 2.88000e+02 0.00000e+00 2.01660e+01 8.46000e-01 1.75630e+01
 3.00000e+00 0.00000e+00 8.89879e+02 2.27698e+05 5.12000e+02 2.88000e+02
 0.00000e+00 2.36430e+01 8.57000e-01 2.31720e+01 2.68000e+02]
deleted_idx_col 565
query_origi 194
query_idx 519
deleted_scaled [0.5        0.         0.0916337  0.09183101 0.27272727 0.27272727
 0.         0.18554382 0.67674419 0.27235233 0.5        0.
 0.10792759 0.10700392 0.27272727 0.27272727 0.         0.16700726
 0.58292683 0.20474301 0.5        0.         0.11314966 0.11335946
 0.27272727 0.27272727 0.         0.11811933 0.53712871 0.25097446
 0.5        0.         0.10757425 0.10698891 0.27272727 0.27272727
 0.         0.45143912 0.78220141 0.49192192]
deleted_not_scaled [6.000000e+00 0.000000e+00 2.130134e+03 5.447820e+05 1.280000e+03
 7.200000e+02 0.000000e+00 2.228100e+01 8.610000e-01 2.628200e+01
 6.000000e+00 0.000000e+00 2.454748e+03 6.216650e+05 1.280000e+03
 7.200000e+02 0.000000e+00 1.925900e+01 8.260000e-01 1.898500e+01
 6.000000e+00 0.000000e+00 2.460408e+03 6.240210e+05 1.280000e+03
 7.200000e+02 0.000000e+00 1.792600e+01 8.080000e-01 2.272900e+01
 6.000000e+00 0.000000e+00 2.438220e+03 6.193080e+05 1.280000e+03
 7.200000e+02 0.000000e+00 2.855000e+01 9.040000e-01 4.649400e+01
 6.000000e+01]
deleted_idx_col 519
query_origi 90
query_idx 753
deleted_scaled [0.16666667 0.         0.01814822 0.01809815 0.05454545 0.05454545
 0.         0.0458236  0.21395349 0.38260104 0.16666667 0.
 0.01781152 0.01790516 0.05454545 0.05454545 0.         0.58735377
 0.78292683 0.51133447 0.25       0.1072546  0.02864079 0.02903704
 0.05454545 0.05454545 0.         0.09747044 0.13861386 0.3198326
 0.16666667 0.         0.02132192 0.0210504  0.05454545 0.05454545
 0.         0.08849611 0.26932084 0.28936148]
deleted_not_scaled [2.00000000e+00 0.00000000e+00 6.84454000e+02 1.74536000e+05
 5.12000000e+02 2.88000000e+02 0.00000000e+00 1.57590000e+01
 6.62000000e-01 3.69210000e+01 2.00000000e+00 0.00000000e+00
 6.82305000e+02 1.74329000e+05 5.12000000e+02 2.88000000e+02
 0.00000000e+00 3.34520000e+01 9.08000000e-01 4.74140000e+01
 3.00000000e+00 5.27280643e-01 8.62718000e+02 2.20748000e+05
 5.12000000e+02 2.88000000e+02 0.00000000e+00 1.71750000e+01
 6.47000000e-01 2.89650000e+01 2.00000000e+00 0.00000000e+00
 7.40845000e+02 1.87619000e+05 5.12000000e+02 2.88000000e+02
 0.00000000e+00 1.65580000e+01 6.85000000e-01 2.73490000e+01
 1.41000000e+02]
deleted_idx_col 753
query_origi 507
query_idx 520
deleted_scaled [0.16666667 0.         0.01820551 0.01812125 0.05454545 0.05454545
 0.         0.14927483 0.26976744 0.27471503 0.25       0.
 0.02923576 0.02927215 0.05454545 0.05454545 0.         0.04309196
 0.23170732 0.40155943 0.25       0.         0.02695838 0.02727019
 0.05454545 0.05454545 0.         0.13112455 0.43069307 0.19242958
 0.25       0.         0.03242193 0.03201545 0.05454545 0.05454545
 0.         0.68790291 0.82669789 0.58768449]
deleted_not_scaled [2.00000e+00 0.00000e+00 6.85581e+02 1.74652e+05 5.12000e+02 2.88000e+02
 0.00000e+00 2.05880e+01 6.86000e-01 2.65100e+01 3.00000e+00 0.00000e+00
 9.07002e+02 2.31399e+05 5.12000e+02 2.88000e+02 0.00000e+00 1.50750e+01
 6.82000e-01 3.72350e+01 3.00000e+00 0.00000e+00 8.30911e+02 2.12298e+05
 5.12000e+02 2.88000e+02 0.00000e+00 1.83990e+01 7.65000e-01 1.74270e+01
 3.00000e+00 0.00000e+00 9.59284e+02 2.42699e+05 5.12000e+02 2.88000e+02
 0.00000e+00 3.63630e+01 9.23000e-01 5.55450e+01 2.38000e+02]
deleted_idx_col 520
query_origi 939
query_idx 965
deleted_scaled [0.58333333 0.         0.1406007  0.13966259 0.27272727 0.27272727
 0.         0.19259196 0.4627907  0.22415544 0.58333333 0.
 0.13998004 0.139341   0.27272727 0.27272727 0.         0.6931734
 0.86585366 0.76803701 0.58333333 0.         0.14599449 0.14685337
 0.27272727 0.27272727 0.         0.17629915 0.4950495  0.31979948
 0.58333333 0.         0.1399728  0.13976383 0.27272727 0.27272727
 0.         0.20417058 0.46604215 0.33129133]
deleted_not_scaled [7.000000e+00 0.000000e+00 3.093462e+03 7.849660e+05 1.280000e+03
 7.200000e+02 0.000000e+00 2.261000e+01 7.690000e-01 2.163100e+01
 7.000000e+00 0.000000e+00 3.085170e+03 7.840190e+05 1.280000e+03
 7.200000e+02 0.000000e+00 3.702500e+01 9.420000e-01 7.121700e+01
 7.000000e+00 0.000000e+00 3.081359e+03 7.842060e+05 1.280000e+03
 7.200000e+02 0.000000e+00 2.004200e+01 7.910000e-01 2.896200e+01
 7.000000e+00 0.000000e+00 3.075797e+03 7.839440e+05 1.280000e+03
 7.200000e+02 0.000000e+00 2.038000e+01 7.690000e-01 3.131200e+01
 8.500000e+01]
deleted_idx_col 965
query_origi 707
query_idx 787
deleted_scaled [0.41666667 0.         0.07723066 0.07739953 0.18181818 0.17171717
 0.         0.55843099 0.88139535 0.85380311 0.5        0.
 0.1079645  0.10704057 0.27272727 0.27272727 0.         0.45262846
 0.56829268 0.42710782 0.5        0.         0.11274983 0.11295863
 0.27272727 0.27272727 0.         0.22680781 0.11138614 0.36018021
 0.5        0.         0.10809861 0.10751068 0.27272727 0.27272727
 0.         0.24953845 0.15456674 0.32557795]
deleted_not_scaled [5.000000e+00 0.000000e+00 1.846783e+03 4.723150e+05 9.600000e+02
 5.200000e+02 0.000000e+00 3.968700e+01 9.490000e-01 8.239200e+01
 6.000000e+00 0.000000e+00 2.455474e+03 6.218490e+05 1.280000e+03
 7.200000e+02 0.000000e+00 2.890300e+01 8.200000e-01 3.960400e+01
 6.000000e+00 0.000000e+00 2.452849e+03 6.221040e+05 1.280000e+03
 7.200000e+02 0.000000e+00 2.187900e+01 6.360000e-01 3.261900e+01
 6.000000e+00 0.000000e+00 2.448539e+03 6.219290e+05 1.280000e+03
 7.200000e+02 0.000000e+00 2.187900e+01 6.360000e-01 3.077200e+01
 9.000000e+01]
deleted_idx_col 787
query_origi 731
query_idx 630
deleted_scaled [1.         0.         0.8275702  0.82674055 1.         1.
 1.         0.27228518 0.58372093 0.22115026 1.         0.
 0.90362401 0.90408065 1.         1.         1.         0.12287872
 0.36097561 0.11227703 1.         0.         0.85407914 0.86353009
 1.         1.         1.         0.22760517 0.58415842 0.0165741
 1.         0.         0.75991337 0.75383712 1.         1.
 1.         0.2296238  0.36065574 0.06032905]
deleted_not_scaled [1.2000000e+01 0.0000000e+00 1.6608215e+04 4.2350950e+06 3.8400000e+03
 2.1600000e+03 1.0000000e+00 2.6330000e+01 8.2100000e-01 2.1341000e+01
 1.2000000e+01 0.0000000e+00 1.8104861e+04 4.6235290e+06 3.8400000e+03
 2.1600000e+03 1.0000000e+00 1.7769000e+01 7.3500000e-01 1.0411000e+01
 1.2000000e+01 0.0000000e+00 1.6468117e+04 4.2117210e+06 3.8400000e+03
 2.1600000e+03 1.0000000e+00 2.1908000e+01 8.2700000e-01 1.5010000e+00
 1.2000000e+01 0.0000000e+00 1.5275719e+04 3.8685760e+06 3.8400000e+03
 2.1600000e+03 1.0000000e+00 2.1221000e+01 7.2400000e-01 5.7020000e+00
 2.8400000e+02]
deleted_idx_col 630
query_origi 731
query_idx 775
deleted_scaled [0.25       0.         0.02576206 0.02551772 0.05454545 0.05454545
 0.         0.24842006 0.73953488 0.12557513 0.33333333 0.
 0.04256803 0.0423933  0.09090909 0.09090909 0.         0.3805716
 0.76585366 0.25173091 0.33333333 0.         0.04485181 0.04512879
 0.09090909 0.09090909 0.         0.21710201 0.67574257 0.23368263
 0.33333333 0.         0.04284411 0.0428091  0.09090909 0.09090909
 0.         0.16385703 0.70725995 0.1507803 ]
deleted_not_scaled [3.000000e+00 0.000000e+00 8.342410e+02 2.117930e+05 5.120000e+02
 2.880000e+02 0.000000e+00 2.521600e+01 8.880000e-01 1.211800e+01
 4.000000e+00 0.000000e+00 1.169227e+03 2.972760e+05 6.400000e+02
 3.600000e+02 0.000000e+00 2.647000e+01 9.010000e-01 2.334200e+01
 4.000000e+00 0.000000e+00 1.169197e+03 2.977070e+05 6.400000e+02
 3.600000e+02 0.000000e+00 2.152600e+01 8.640000e-01 2.116300e+01
 4.000000e+00 0.000000e+00 1.164384e+03 2.969180e+05 6.400000e+02
 3.600000e+02 0.000000e+00 1.904800e+01 8.720000e-01 1.425100e+01
 1.680000e+02]
deleted_idx_col 775
query_origi 469
query_idx 478
deleted_scaled [0.         0.         0.00201637 0.00186301 0.         0.
 0.         0.39028257 0.98139535 0.15226943 0.         0.
 0.00177686 0.00172785 0.         0.         0.         0.68662817
 0.98292683 0.39396717 0.25       0.         0.02912509 0.02920787
 0.05454545 0.05454545 0.         0.5965906  0.98762376 0.40075969
 0.58333333 0.         0.14053655 0.14009628 0.27272727 0.27272727
 0.         1.         0.60421546 0.55613395]
deleted_not_scaled [0.000000e+00 0.000000e+00 3.670920e+02 9.301200e+04 3.200000e+02
 1.800000e+02 0.000000e+00 3.183800e+01 9.920000e-01 1.469400e+01
 0.000000e+00 0.000000e+00 3.669280e+02 9.310800e+04 3.200000e+02
 1.800000e+02 0.000000e+00 3.680400e+01 9.900000e-01 3.653100e+01
 3.000000e+00 0.000000e+00 8.718740e+02 2.215650e+05 5.120000e+02
 2.880000e+02 0.000000e+00 3.532800e+01 9.900000e-01 3.629400e+01
 7.000000e+00 0.000000e+00 3.086891e+03 7.856140e+05 1.280000e+03
 7.200000e+02 0.000000e+00 4.667500e+01 8.280000e-01 5.256300e+01
 1.000000e+00]
deleted_idx_col 478
query_origi 320
query_idx 110
deleted_scaled [0.00000000e+00 3.21115770e-01 1.86814387e-03 1.85185480e-03
 0.00000000e+00 0.00000000e+00 0.00000000e+00 3.00713383e-01
 4.83720930e-01 0.00000000e+00 0.00000000e+00 3.32603276e-01
 3.16252727e-03 3.25255006e-03 0.00000000e+00 0.00000000e+00
 0.00000000e+00 3.16185399e-01 4.00000000e-01 0.00000000e+00
 0.00000000e+00 2.74974258e-01 1.55953874e-03 1.44296554e-03
 0.00000000e+00 0.00000000e+00 0.00000000e+00 9.46109431e-02
 2.30198020e-01 9.64080254e-02 0.00000000e+00 0.00000000e+00
 2.97070305e-03 2.86230118e-03 0.00000000e+00 0.00000000e+00
 0.00000000e+00 4.89089313e-02 1.38173302e-01 3.38570597e-04]
deleted_not_scaled [0.00000000e+00 1.50875944e+00 3.64176000e+02 9.29560000e+04
 3.20000000e+02 1.80000000e+02 0.00000000e+00 2.76570000e+01
 7.78000000e-01 0.00000000e+00 0.00000000e+00 1.09145375e+00
 3.94182000e+02 1.00763000e+05 3.20000000e+02 1.80000000e+02
 0.00000000e+00 2.42960000e+01 7.51000000e-01 0.00000000e+00
 0.00000000e+00 1.35181712e+00 3.50731000e+02 8.87790000e+04
 3.20000000e+02 1.80000000e+02 0.00000000e+00 1.70710000e+01
 6.84000000e-01 8.73100000e+00 0.00000000e+00 0.00000000e+00
 3.79708000e+02 9.62560000e+04 3.20000000e+02 1.80000000e+02
 0.00000000e+00 1.52500000e+01 6.29000000e-01 3.20000000e-02
 2.10000000e+01]
deleted_idx_col 110
query_origi 751
query_idx 405
deleted_scaled [0.83333333 0.         0.39612646 0.39348878 0.63636364 0.63636364
 0.         0.05392146 0.43488372 0.0180829  0.83333333 0.
 0.41400457 0.41193019 0.63636364 0.63636364 0.         0.78208204
 0.87073171 0.9328128  0.83333333 0.         0.41192171 0.41417899
 0.63636364 0.63636364 0.         0.16037943 0.70049505 0.11110498
 0.83333333 0.         0.39342203 0.39263394 0.63636364 0.63636364
 0.         0.22420629 0.70023419 0.00849601]
deleted_not_scaled [1.000000e+01 0.000000e+00 8.120421e+03 2.059542e+06 2.560000e+03
 1.440000e+03 0.000000e+00 1.613700e+01 7.570000e-01 1.745000e+00
 1.000000e+01 0.000000e+00 8.474807e+03 2.152601e+06 2.560000e+03
 1.440000e+03 0.000000e+00 4.002700e+01 9.440000e-01 8.649600e+01
 1.000000e+01 0.000000e+00 8.108870e+03 2.062694e+06 2.560000e+03
 1.440000e+03 0.000000e+00 1.946300e+01 8.740000e-01 1.006200e+01
 1.000000e+01 0.000000e+00 8.063470e+03 2.054169e+06 2.560000e+03
 1.440000e+03 0.000000e+00 2.104200e+01 8.690000e-01 8.030000e-01
 2.200000e+02]
deleted_idx_col 405
query_origi 204
query_idx 810
deleted_scaled [0.91666667 0.         0.56986191 0.56784432 1.         1.
 0.         0.31403843 0.81162791 0.35033161 0.91666667 0.
 0.56888437 0.56776319 1.         1.         0.         0.41688139
 0.78536585 0.24167979 0.91666667 0.         0.59114368 0.59650117
 1.         1.         0.         0.28715975 0.61633663 0.
 0.91666667 0.         0.5670036  0.56787096 1.         1.
 0.         0.33836748 0.67447307 0.        ]
deleted_not_scaled [1.1000000e+01 0.0000000e+00 1.1538319e+04 2.9350600e+06 3.8400000e+03
 2.1600000e+03 0.0000000e+00 2.8279000e+01 9.1900000e-01 3.3807000e+01
 1.1000000e+01 0.0000000e+00 1.1521052e+04 2.9349880e+06 3.8400000e+03
 2.1600000e+03 0.0000000e+00 2.7696000e+01 9.0900000e-01 2.2410000e+01
 1.1000000e+01 0.0000000e+00 1.1497167e+04 2.9346520e+06 3.8400000e+03
 2.1600000e+03 0.0000000e+00 2.4074000e+01 8.4000000e-01 0.0000000e+00
 1.1000000e+01 0.0000000e+00 1.1479413e+04 2.9344250e+06 3.8400000e+03
 2.1600000e+03 0.0000000e+00 2.4814000e+01 8.5800000e-01 0.0000000e+00
 4.9000000e+01]
deleted_idx_col 810
query_origi 507
query_idx 90
deleted_scaled [0.91666667 0.21971778 0.57025209 0.56765832 1.         1.
 0.         1.         1.         1.         0.91666667 0.07854106
 0.57076489 0.5690644  1.         1.         0.         1.
 0.56829268 0.39120635 0.83333333 0.         0.44177928 0.44510939
 0.63636364 0.63636364 0.         0.14118779 0.37623762 0.05761735
 0.83333333 0.         0.35907899 0.35909438 0.63636364 0.63636364
 0.         0.03973851 0.44496487 0.16303232]
deleted_not_scaled [1.10000000e+01 1.03234195e+00 1.15459950e+04 2.93412600e+06
 3.84000000e+03 2.16000000e+03 0.00000000e+00 6.02990000e+01
 1.00000000e+00 9.65000000e+01 1.10000000e+01 2.57736305e-01
 1.15580390e+04 2.94152100e+06 3.84000000e+03 2.16000000e+03
 0.00000000e+00 4.73850000e+01 8.20000000e-01 3.62750000e+01
 1.00000000e+01 0.00000000e+00 8.67334500e+03 2.21061900e+06
 2.56000000e+03 1.44000000e+03 0.00000000e+00 1.87650000e+01
 7.43000000e-01 5.21800000e+00 1.00000000e+01 0.00000000e+00
 7.38762700e+03 1.88569200e+06 2.56000000e+03 1.44000000e+03
 0.00000000e+00 1.49470000e+01 7.60000000e-01 1.54090000e+01
 3.00000000e+00]
deleted_idx_col 90
query_origi 34
query_idx 878
deleted_scaled [0.91666667 0.         0.56892733 0.56777323 1.         1.
 0.         0.1355856  0.16511628 0.08929534 0.91666667 0.
 0.56990799 0.5696468  1.         1.         0.         0.04042648
 0.16829268 0.12068891 0.91666667 0.         0.58842395 0.59435523
 1.         1.         0.         0.13244432 0.38366337 0.02228283
 0.91666667 0.         0.65514666 0.64923612 1.         1.
 0.         0.82833449 0.87587822 0.927165  ]
deleted_not_scaled [1.1000000e+01 0.0000000e+00 1.1519933e+04 2.9347030e+06 3.8400000e+03
 2.1600000e+03 0.0000000e+00 1.9949000e+01 6.4100000e-01 8.6170000e+00
 1.1000000e+01 0.0000000e+00 1.1541185e+04 2.9444450e+06 3.8400000e+03
 2.1600000e+03 0.0000000e+00 1.4985000e+01 6.5600000e-01 1.1191000e+01
 1.1000000e+01 0.0000000e+00 1.1445749e+04 2.9243890e+06 3.8400000e+03
 2.1600000e+03 0.0000000e+00 1.8447000e+01 7.4600000e-01 2.0180000e+00
 1.1000000e+01 0.0000000e+00 1.3213996e+04 3.3431410e+06 3.8400000e+03
 2.1600000e+03 0.0000000e+00 4.1003000e+01 9.4400000e-01 8.7631000e+01
 2.3800000e+02]
deleted_idx_col 878
query_origi 339
query_idx 833
deleted_scaled [0.91666667 0.         0.53092306 0.53171991 1.         1.
 0.         0.14458322 0.2        0.16870466 0.91666667 0.
 0.59613527 0.59105666 1.         1.         0.         0.20130312
 0.44634146 0.19893018 0.91666667 0.         0.61108371 0.61227614
 1.         1.         0.         0.03329667 0.3539604  0.06264148
 0.91666667 0.         0.55141535 0.54864588 1.         1.
 0.         0.1043552  0.27166276 0.06096387]
deleted_not_scaled [1.1000000e+01 0.0000000e+00 1.0772275e+04 2.7536630e+06 3.8400000e+03
 2.1600000e+03 0.0000000e+00 2.0369000e+01 6.5600000e-01 1.6280000e+01
 1.1000000e+01 0.0000000e+00 1.2057035e+04 3.0519370e+06 3.8400000e+03
 2.1600000e+03 0.0000000e+00 2.0417000e+01 7.7000000e-01 1.8446000e+01
 1.1000000e+01 0.0000000e+00 1.1874145e+04 3.0100960e+06 3.8400000e+03
 2.1600000e+03 0.0000000e+00 1.4841000e+01 7.3400000e-01 5.6730000e+00
 1.1000000e+01 0.0000000e+00 1.1172649e+04 2.8378530e+06 3.8400000e+03
 2.1600000e+03 0.0000000e+00 1.7082000e+01 6.8600000e-01 5.7620000e+00
 1.0500000e+02]
deleted_idx_col 833
query_origi 689
query_idx 449
deleted_scaled [0.91666667 0.         0.57024644 0.56765274 1.         1.
 0.         0.11133486 0.42093023 0.0480829  1.         0.
 0.83767651 0.83517558 1.         1.         1.         0.05585666
 0.3        0.05618705 0.91666667 0.         0.65641675 0.66136478
 1.         1.         0.         0.12301347 0.47029703 0.
 0.91666667 0.         0.50594339 0.50595523 1.         1.
 0.         0.08326019 0.2529274  0.01077078]
deleted_not_scaled [1.1000000e+01 0.0000000e+00 1.1545884e+04 2.9340980e+06 3.8400000e+03
 2.1600000e+03 0.0000000e+00 1.8817000e+01 7.5100000e-01 4.6400000e+00
 1.2000000e+01 0.0000000e+00 1.6807776e+04 4.2775790e+06 3.8400000e+03
 2.1600000e+03 1.0000000e+00 1.5506000e+01 7.1000000e-01 5.2100000e+00
 1.1000000e+01 0.0000000e+00 1.2731193e+04 3.2448630e+06 3.8400000e+03
 2.1600000e+03 0.0000000e+00 1.8104000e+01 7.8100000e-01 0.0000000e+00
 1.1000000e+01 0.0000000e+00 1.0277798e+04 2.6234080e+06 3.8400000e+03
 2.1600000e+03 0.0000000e+00 1.6385000e+01 6.7800000e-01 1.0180000e+00
 1.4600000e+02]
deleted_idx_col 449
query_origi 136
query_idx 314
deleted_scaled [0.91666667 0.         0.5694608  0.5677316  1.         1.
 0.         0.14096275 0.52790698 0.04617617 0.91666667 0.
 0.56853325 0.56769945 1.         1.         0.         0.17731379
 0.25853659 0.00321377 0.91666667 0.         0.59109311 0.59645015
 1.         1.         0.         0.45980203 0.6460396  0.66362643
 0.91666667 0.         0.58818782 0.58908579 1.         1.
 0.         0.32002663 0.38875878 0.31787547]
deleted_not_scaled [1.1000000e+01 0.0000000e+00 1.1530428e+04 2.9344940e+06 3.8400000e+03
 2.1600000e+03 0.0000000e+00 2.0200000e+01 7.9700000e-01 4.4560000e+00
 1.1000000e+01 0.0000000e+00 1.1514146e+04 2.9346680e+06 3.8400000e+03
 2.1600000e+03 0.0000000e+00 1.9607000e+01 6.9300000e-01 2.9800000e-01
 1.1000000e+01 0.0000000e+00 1.1496211e+04 2.9344080e+06 3.8400000e+03
 2.1600000e+03 0.0000000e+00 3.0353000e+01 8.5200000e-01 6.0100000e+01
 1.1000000e+01 0.0000000e+00 1.1896301e+04 3.0409920e+06 3.8400000e+03
 2.1600000e+03 0.0000000e+00 2.4208000e+01 7.3600000e-01 3.0044000e+01
 1.9000000e+01]
deleted_idx_col 314
query_origi 870
query_idx 924
deleted_scaled [0.83333333 0.         0.39653041 0.3961159  0.63636364 0.63636364
 0.         0.1160479  0.69069767 0.00823834 0.83333333 0.
 0.42067851 0.42092798 0.63636364 0.63636364 0.         0.19283282
 0.67804878 0.         0.83333333 0.         0.39536269 0.3997692
 0.63636364 0.63636364 0.         0.24267253 0.72524752 0.0072767
 0.83333333 0.         0.37983331 0.37674417 0.63636364 0.63636364
 0.         0.17166551 0.31850117 0.03490451]
deleted_not_scaled [1.000000e+01 0.000000e+00 8.128368e+03 2.072734e+06 2.560000e+03
 1.440000e+03 0.000000e+00 1.903700e+01 8.670000e-01 7.950000e-01
 1.000000e+01 0.000000e+00 8.606073e+03 2.197776e+06 2.560000e+03
 1.440000e+03 0.000000e+00 2.013100e+01 8.650000e-01 0.000000e+00
 1.000000e+01 0.000000e+00 7.795812e+03 1.993779e+06 2.560000e+03
 1.440000e+03 0.000000e+00 2.245600e+01 8.840000e-01 6.590000e-01
 1.000000e+01 0.000000e+00 7.796055e+03 1.974351e+06 2.560000e+03
 1.440000e+03 0.000000e+00 1.930600e+01 7.060000e-01 3.299000e+00
 1.710000e+02]
deleted_idx_col 924
query_origi 567
query_idx 904
deleted_scaled [0.91666667 0.         0.56771912 0.56828443 1.         1.
 0.         0.13494291 0.52790698 0.02059067 0.91666667 0.
 0.57237336 0.56720549 1.         1.         0.         0.32714349
 0.54634146 0.04479865 1.         0.         0.86700315 0.86829683
 1.         1.         1.         0.24817157 0.47524752 0.01531531
 0.91666667 0.         0.57142986 0.56798622 1.         1.
 0.         0.2728731  0.45433255 0.02747712]
deleted_not_scaled [1.1000000e+01 0.0000000e+00 1.1496164e+04 2.9372700e+06 3.8400000e+03
 2.1600000e+03 0.0000000e+00 1.9919000e+01 7.9700000e-01 1.9870000e+00
 1.1000000e+01 0.0000000e+00 1.1589675e+04 2.9321880e+06 3.8400000e+03
 2.1600000e+03 0.0000000e+00 2.4666000e+01 8.1100000e-01 4.1540000e+00
 1.2000000e+01 0.0000000e+00 1.6712453e+04 4.2345180e+06 3.8400000e+03
 2.1600000e+03 1.0000000e+00 2.2656000e+01 7.8300000e-01 1.3870000e+00
 1.1000000e+01 0.0000000e+00 1.1566518e+04 2.9350040e+06 3.8400000e+03
 2.1600000e+03 0.0000000e+00 2.2650000e+01 7.6400000e-01 2.5970000e+00
 8.2000000e+01]
deleted_idx_col 904
query_origi 397
query_idx 644
deleted_scaled [1.         0.         0.84942477 0.84475686 1.         1.
 1.         0.05490692 0.4        0.01918135 1.         0.
 0.81720118 0.81394478 1.         1.         1.         0.82508515
 0.91707317 0.87264629 0.91666667 0.         0.58312113 0.58692357
 1.         1.         0.         0.21836679 0.5        0.02188532
 1.         0.         0.80826757 0.80746456 1.         1.
 1.         0.23122787 0.49180328 0.02946622]
deleted_not_scaled [1.2000000e+01 0.0000000e+00 1.7038160e+04 4.3255630e+06 3.8400000e+03
 2.1600000e+03 1.0000000e+00 1.6183000e+01 7.4200000e-01 1.8510000e+00
 1.2000000e+01 0.0000000e+00 1.6405058e+04 4.1709860e+06 3.8400000e+03
 2.1600000e+03 1.0000000e+00 4.1479000e+01 9.6300000e-01 8.0917000e+01
 1.1000000e+01 0.0000000e+00 1.1345496e+04 2.8888470e+06 3.8400000e+03
 2.1600000e+03 0.0000000e+00 2.1572000e+01 7.9300000e-01 1.9820000e+00
 1.2000000e+01 0.0000000e+00 1.6227290e+04 4.1379590e+06 3.8400000e+03
 2.1600000e+03 1.0000000e+00 2.1274000e+01 7.8000000e-01 2.7850000e+00
 1.5300000e+02]
deleted_idx_col 644
query_origi 161
query_idx 626
deleted_scaled [0.25       0.         0.02839866 0.02809606 0.05454545 0.05454545
 0.         0.05332162 0.45813953 0.15275648 0.5        0.
 0.10761292 0.1070575  0.27272727 0.27272727 0.         0.7523471
 0.86097561 0.88494058 0.         0.         0.00235026 0.00232974
 0.         0.         0.         0.16183668 0.71287129 0.00821528
 0.41666667 0.         0.07775146 0.0775893  0.18181818 0.17171717
 0.         0.22438788 0.70491803 0.00777654]
deleted_not_scaled [3.000000e+00 0.000000e+00 8.861110e+02 2.247400e+05 5.120000e+02
 2.880000e+02 0.000000e+00 1.610900e+01 7.670000e-01 1.474100e+01
 6.000000e+00 0.000000e+00 2.448559e+03 6.219340e+05 1.280000e+03
 7.200000e+02 0.000000e+00 3.902300e+01 9.400000e-01 8.205700e+01
 0.000000e+00 0.000000e+00 3.656800e+02 9.302000e+04 3.200000e+02
 1.800000e+02 0.000000e+00 1.951600e+01 8.790000e-01 7.440000e-01
 5.000000e+00 0.000000e+00 1.851332e+03 4.716270e+05 9.600000e+02
 5.200000e+02 0.000000e+00 2.104800e+01 8.710000e-01 7.350000e-01
 2.200000e+02]
deleted_idx_col 626
query_origi 928
query_idx 136
deleted_scaled [1.         0.13702574 0.73168158 0.72984487 1.         1.
 1.         0.13072259 0.54418605 0.02379275 1.         0.1752333
 0.84922882 0.84838974 1.         1.         1.         0.84901525
 0.92439024 0.80133943 1.         0.08607532 0.86664902 0.87492828
 1.         1.         1.         0.31525983 0.78712871 0.07957996
 1.         0.         0.78058984 0.78215615 1.         1.
 1.         0.75058261 0.81498829 0.77810929]
deleted_not_scaled [1.20000000e+01 6.43814147e-01 1.47217980e+04 3.74853800e+06
 3.84000000e+03 2.16000000e+03 1.00000000e+00 1.97220000e+01
 8.04000000e-01 2.29600000e+00 1.20000000e+01 5.75036547e-01
 1.70349920e+04 4.34392300e+06 3.84000000e+03 2.16000000e+03
 1.00000000e+00 4.22870000e+01 9.66000000e-01 7.43050000e+01
 1.20000000e+01 4.23159964e-01 1.67057580e+04 4.26623300e+06
 3.84000000e+03 2.16000000e+03 1.00000000e+00 2.50960000e+01
 9.09000000e-01 7.20700000e+00 1.20000000e+01 0.00000000e+00
 1.56826150e+04 4.01082900e+06 3.84000000e+03 2.16000000e+03
 1.00000000e+00 3.84340000e+01 9.18000000e-01 7.35430000e+01
 1.85000000e+02]
deleted_idx_col 136
query_origi 179
query_idx 794
deleted_scaled [0.         0.         0.00221359 0.00207729 0.         0.
 0.         0.35853382 0.81395349 0.08551295 0.         0.
 0.00171645 0.00168603 0.         0.         0.         0.5553976
 0.98292683 0.         0.         0.         0.00457436 0.00456622
 0.         0.         0.         0.53252681 0.88366337 0.01193644
 0.         0.         0.         0.         0.         0.
 0.         0.43055598 0.73067916 0.        ]
deleted_not_scaled [0.00000e+00 0.00000e+00 3.70972e+02 9.40880e+04 3.20000e+02 1.80000e+02
 0.00000e+00 3.03560e+01 9.20000e-01 8.25200e+00 0.00000e+00 0.00000e+00
 3.65740e+02 9.28980e+04 3.20000e+02 1.80000e+02 0.00000e+00 3.23730e+01
 9.90000e-01 0.00000e+00 0.00000e+00 0.00000e+00 4.07728e+02 1.03716e+05
 3.20000e+02 1.80000e+02 0.00000e+00 3.29980e+01 9.48000e-01 1.08100e+00
 0.00000e+00 0.00000e+00 3.21247e+02 8.18780e+04 3.20000e+02 1.80000e+02
 0.00000e+00 2.78600e+01 8.82000e-01 0.00000e+00 3.20000e+01]
deleted_idx_col 794
query_origi 854
query_idx 260
deleted_scaled [0.00000000e+00 3.54925767e-01 2.06709672e-03 2.06912264e-03
 0.00000000e+00 0.00000000e+00 0.00000000e+00 2.61616573e-01
 6.81395349e-01 1.65803109e-03 3.33333333e-01 0.00000000e+00
 4.27099811e-02 4.22429171e-02 9.09090909e-02 9.09090909e-02
 0.00000000e+00 6.85561972e-01 8.80487805e-01 5.28546470e-01
 0.00000000e+00 0.00000000e+00 4.22150274e-03 4.12753800e-03
 0.00000000e+00 0.00000000e+00 0.00000000e+00 4.07451196e-01
 7.25247525e-01 0.00000000e+00 0.00000000e+00 0.00000000e+00
 5.30967246e-04 4.55881882e-04 0.00000000e+00 0.00000000e+00
 0.00000000e+00 3.96749493e-01 6.97892272e-01 0.00000000e+00]
deleted_not_scaled [0.00000000e+00 1.66761539e+00 3.68090000e+02 9.40470000e+04
 3.20000000e+02 1.80000000e+02 0.00000000e+00 2.58320000e+01
 8.63000000e-01 1.60000000e-01 4.00000000e+00 0.00000000e+00
 1.17201900e+03 2.96521000e+05 6.40000000e+02 3.60000000e+02
 0.00000000e+00 3.67680000e+01 9.48000000e-01 4.90100000e+01
 0.00000000e+00 0.00000000e+00 4.01057000e+02 1.01618000e+05
 3.20000000e+02 1.80000000e+02 0.00000000e+00 2.84490000e+01
 8.84000000e-01 0.00000000e+00 0.00000000e+00 0.00000000e+00
 3.31696000e+02 8.41680000e+04 3.20000000e+02 1.80000000e+02
 0.00000000e+00 2.67430000e+01 8.68000000e-01 0.00000000e+00
 6.70000000e+01]
deleted_idx_col 260
query_origi 41
query_idx 608
deleted_scaled [4.16666667e-01 0.00000000e+00 7.85581134e-02 7.84498189e-02
 1.81818182e-01 1.71717172e-01 0.00000000e+00 5.34415904e-01
 9.00000000e-01 6.87502591e-01 0.00000000e+00 0.00000000e+00
 5.41832306e-04 6.11073091e-04 0.00000000e+00 0.00000000e+00
 0.00000000e+00 3.40411669e-01 8.26829268e-01 2.16444147e-02
 3.33333333e-01 0.00000000e+00 4.34313343e-02 4.39676889e-02
 9.09090909e-02 9.09090909e-02 0.00000000e+00 5.39868023e-01
 7.79702970e-01 6.53500878e-01 5.00000000e-01 0.00000000e+00
 1.08444407e-01 1.07488188e-01 2.72727273e-01 2.72727273e-01
 0.00000000e+00 1.53536515e-01 4.42622951e-01 2.56911601e-01]
deleted_not_scaled [5.000000e+00 0.000000e+00 1.872898e+03 4.775890e+05 9.600000e+02
 5.200000e+02 0.000000e+00 3.856600e+01 9.570000e-01 6.634400e+01
 0.000000e+00 0.000000e+00 3.426370e+02 8.750100e+04 3.200000e+02
 1.800000e+02 0.000000e+00 2.511400e+01 9.260000e-01 2.007000e+00
 4.000000e+00 0.000000e+00 1.142342e+03 2.921540e+05 6.400000e+02
 3.600000e+02 0.000000e+00 3.326500e+01 9.060000e-01 5.918300e+01
 6.000000e+00 0.000000e+00 2.455344e+03 6.218160e+05 1.280000e+03
 7.200000e+02 0.000000e+00 1.870700e+01 7.590000e-01 2.428200e+01
 1.860000e+02]
deleted_idx_col 608
query_origi 843
query_idx 206
deleted_scaled [1.         0.1290645  0.84926373 0.84841317 1.         1.
 1.         0.61413055 0.92093023 0.77       1.         0.13462823
 0.83248962 0.83291573 1.         1.         1.         0.33987857
 0.78536585 0.07772362 1.         0.12302871 0.81253047 0.82152455
 1.         1.         1.         0.68199065 0.80940594 0.81206453
 1.         0.         0.83331028 0.82665719 1.         1.
 1.         0.15577616 0.42388759 0.03134952]
deleted_not_scaled [1.20000000e+01 6.06408352e-01 1.70349920e+04 4.34392300e+06
 3.84000000e+03 2.16000000e+03 1.00000000e+00 4.22870000e+01
 9.66000000e-01 7.43050000e+01 1.20000000e+01 4.41789066e-01
 1.67057580e+04 4.26623300e+06 3.84000000e+03 2.16000000e+03
 1.00000000e+00 2.50960000e+01 9.09000000e-01 7.20700000e+00
 1.20000000e+01 6.04828658e-01 1.56826150e+04 4.01082900e+06
 3.84000000e+03 2.16000000e+03 1.00000000e+00 3.84340000e+01
 9.18000000e-01 7.35430000e+01 1.20000000e+01 0.00000000e+00
 1.67201100e+04 4.23436800e+06 3.84000000e+03 2.16000000e+03
 1.00000000e+00 1.87810000e+01 7.51000000e-01 2.96300000e+00
 1.86000000e+02]
deleted_idx_col 206
query_origi 198
query_idx 706
deleted_scaled [0.25       0.         0.02787505 0.02751037 0.05454545 0.05454545
 0.         0.10797146 0.46046512 0.2227772  0.33333333 0.
 0.04267439 0.04235346 0.09090909 0.09090909 0.         0.79967422
 0.92926829 0.71914026 0.41666667 0.         0.08127459 0.08154731
 0.18181818 0.17171717 0.         0.2400055  0.73762376 0.22380001
 0.5        0.         0.10795912 0.10755448 0.27272727 0.27272727
 0.         0.22590115 0.68618267 0.16539174]
deleted_not_scaled [3.000000e+00 0.000000e+00 8.758100e+02 2.217990e+05 5.120000e+02
 2.880000e+02 0.000000e+00 1.866000e+01 7.680000e-01 2.149800e+01
 4.000000e+00 0.000000e+00 1.171319e+03 2.970760e+05 6.400000e+02
 3.600000e+02 0.000000e+00 4.062100e+01 9.680000e-01 6.668300e+01
 5.000000e+00 0.000000e+00 1.857791e+03 4.718790e+05 9.600000e+02
 5.200000e+02 0.000000e+00 2.235900e+01 8.890000e-01 2.026800e+01
 6.000000e+00 0.000000e+00 2.445794e+03 6.221490e+05 1.280000e+03
 7.200000e+02 0.000000e+00 2.109800e+01 8.630000e-01 1.563200e+01
 1.890000e+02]
deleted_idx_col 706
query_origi 738
query_idx 555
deleted_scaled [0.5        0.         0.09524128 0.09506215 0.27272727 0.27272727
 0.         0.20692388 0.37674419 0.36376166 0.5        0.
 0.11806458 0.11811816 0.27272727 0.27272727 0.         0.28778321
 0.68780488 0.60741324 0.5        0.         0.1025466  0.10367397
 0.27272727 0.27272727 0.         0.13524883 0.6460396  0.35292559
 0.         0.         0.00331066 0.00317107 0.         0.
 0.         0.00187646 0.45667447 0.14029519]
deleted_not_scaled [6.000000e+00 0.000000e+00 2.201106e+03 5.610070e+05 1.280000e+03
 7.200000e+02 0.000000e+00 2.327900e+01 7.320000e-01 3.510300e+01
 6.000000e+00 0.000000e+00 2.654127e+03 6.774660e+05 1.280000e+03
 7.200000e+02 0.000000e+00 2.333700e+01 8.690000e-01 5.632300e+01
 6.000000e+00 0.000000e+00 2.259951e+03 5.777000e+05 1.280000e+03
 7.200000e+02 0.000000e+00 1.854900e+01 8.520000e-01 3.196200e+01
 0.000000e+00 0.000000e+00 3.863980e+02 9.780700e+04 3.200000e+02
 1.800000e+02 0.000000e+00 1.369600e+01 7.650000e-01 1.326000e+01
 2.310000e+02]
deleted_idx_col 555
query_origi 780
query_idx 928
deleted_scaled [0.         0.         0.00195893 0.00194267 0.         0.
 0.         0.27194242 0.67906977 0.00201036 0.5        0.
 0.10699035 0.1072266  0.27272727 0.27272727 0.         0.27341922
 0.67317073 0.10867502 0.         0.         0.00289047 0.00277469
 0.         0.         0.         0.19527083 0.62128713 0.
 0.5        0.         0.109672   0.10882956 0.27272727 0.27272727
 0.         0.25368482 0.63466042 0.        ]
deleted_not_scaled [0.000000e+00 0.000000e+00 3.659620e+02 9.341200e+04 3.200000e+02
 1.800000e+02 0.000000e+00 2.631400e+01 8.620000e-01 1.940000e-01
 6.000000e+00 0.000000e+00 2.436314e+03 6.227830e+05 1.280000e+03
 7.200000e+02 0.000000e+00 2.285200e+01 8.630000e-01 1.007700e+01
 0.000000e+00 0.000000e+00 3.758930e+02 9.514800e+04 3.200000e+02
 1.800000e+02 0.000000e+00 2.073200e+01 8.420000e-01 0.000000e+00
 6.000000e+00 0.000000e+00 2.479502e+03 6.285540e+05 1.280000e+03
 7.200000e+02 0.000000e+00 2.201600e+01 8.410000e-01 0.000000e+00
 1.640000e+02]
deleted_idx_col 928
query_origi 437
query_idx 228
deleted_scaled [8.33333333e-02 0.00000000e+00 9.03588537e-03 8.91913335e-03
 1.81818182e-02 1.81818182e-02 0.00000000e+00 2.29567900e-01
 7.02325581e-01 3.82383420e-03 8.33333333e-02 7.94770513e-01
 6.32225818e-03 6.33719443e-03 1.81818182e-02 1.81818182e-02
 0.00000000e+00 1.79446172e-01 5.41463415e-01 0.00000000e+00
 0.00000000e+00 0.00000000e+00 4.04964881e-03 4.10098291e-03
 0.00000000e+00 0.00000000e+00 0.00000000e+00 1.56310146e-01
 4.08415842e-01 3.87575500e-03 0.00000000e+00 0.00000000e+00
 3.13885030e-04 3.54154527e-04 0.00000000e+00 0.00000000e+00
 0.00000000e+00 1.68911353e-01 3.79391101e-01 0.00000000e+00]
deleted_not_scaled [1.00000000e+00 0.00000000e+00 5.05187000e+02 1.28444000e+05
 3.84000000e+02 2.16000000e+02 0.00000000e+00 2.43360000e+01
 8.72000000e-01 3.69000000e-01 1.00000000e+00 2.60807791e+00
 4.56329000e+02 1.16250000e+05 3.84000000e+02 2.16000000e+02
 0.00000000e+00 1.96790000e+01 8.09000000e-01 0.00000000e+00
 0.00000000e+00 0.00000000e+00 3.97808000e+02 1.01491000e+05
 3.20000000e+02 1.80000000e+02 0.00000000e+00 1.93150000e+01
 7.56000000e-01 3.51000000e-01 0.00000000e+00 0.00000000e+00
 3.27424000e+02 8.36570000e+04 3.20000000e+02 1.80000000e+02
 0.00000000e+00 1.92150000e+01 7.32000000e-01 0.00000000e+00
 2.52000000e+02]
deleted_idx_col 228
query_origi 280
query_idx 178
deleted_scaled [0.58333333 0.11807126 0.14020717 0.13942501 0.27272727 0.27272727
 0.         0.17142612 0.27906977 0.0306114  0.5        0.82180303
 0.10733705 0.10696548 0.27272727 0.27272727 0.         0.26998371
 0.25853659 0.27889697 0.41666667 0.         0.08147035 0.08208448
 0.18181818 0.17171717 0.         0.33739346 0.38366337 0.38601857
 0.33333333 0.         0.04268562 0.04270857 0.09090909 0.09090909
 0.         0.31609213 0.40749415 0.22875734]
deleted_not_scaled [7.00000000e+00 5.54756686e-01 3.08572000e+03 7.83773000e+05
 1.28000000e+03 7.20000000e+02 0.00000000e+00 2.16220000e+01
 6.90000000e-01 2.95400000e+00 6.00000000e+00 2.69678641e+00
 2.44313300e+03 6.21472000e+05 1.28000000e+03 7.20000000e+02
 0.00000000e+00 2.27360000e+01 6.93000000e-01 2.58610000e+01
 5.00000000e+00 0.00000000e+00 1.86149200e+03 4.74448000e+05
 9.60000000e+02 5.20000000e+02 0.00000000e+00 2.59010000e+01
 7.46000000e-01 3.49590000e+01 4.00000000e+00 0.00000000e+00
 1.16126500e+03 2.96413000e+05 6.40000000e+02 3.60000000e+02
 0.00000000e+00 2.40780000e+01 7.44000000e-01 2.16210000e+01
 2.89000000e+02]
deleted_idx_col 178
query_origi 68
query_idx 962
deleted_scaled [0.         0.         0.00226661 0.00225035 0.         0.
 0.         0.05839885 0.54418605 0.06873575 0.33333333 0.
 0.04052699 0.04066962 0.09090909 0.09090909 0.         0.60456094
 0.7902439  0.71290684 0.41666667 0.         0.08459641 0.08453131
 0.18181818 0.17171717 0.         0.10316195 0.56930693 0.36289655
 0.25       0.         0.02923821 0.0289491  0.05454545 0.05454545
 0.         0.14699918 0.29274005 0.29313866]
deleted_not_scaled [0.000000e+00 0.000000e+00 3.720150e+02 9.495700e+04 3.200000e+02
 1.800000e+02 0.000000e+00 1.634600e+01 8.040000e-01 6.633000e+00
 4.000000e+00 0.000000e+00 1.129083e+03 2.886220e+05 6.400000e+02
 3.600000e+02 0.000000e+00 3.403300e+01 9.110000e-01 6.610500e+01
 5.000000e+00 0.000000e+00 1.920592e+03 4.861500e+05 9.600000e+02
 5.200000e+02 0.000000e+00 1.738200e+01 8.210000e-01 3.286500e+01
 3.000000e+00 0.000000e+00 8.966310e+02 2.272960e+05 5.120000e+02
 2.880000e+02 0.000000e+00 1.849100e+01 6.950000e-01 2.770600e+01
 2.470000e+02]
deleted_idx_col 962
query_origi 3
query_idx 579
deleted_scaled [0.         0.         0.00202364 0.00198907 0.         0.
 0.         0.04552368 0.23023256 0.06009326 0.33333333 0.
 0.04218782 0.04230387 0.09090909 0.09090909 0.         0.6339997
 0.81219512 0.65680607 0.         0.         0.00227737 0.00237072
 0.         0.         0.         0.10266703 0.17326733 0.02467895
 0.5        0.         0.11329918 0.11230481 0.27272727 0.27272727
 0.         0.08559063 0.23653396 0.3277046 ]
deleted_not_scaled [0.000000e+00 0.000000e+00 3.672350e+02 9.364500e+04 3.200000e+02
 1.800000e+02 0.000000e+00 1.574500e+01 6.690000e-01 5.799000e+00
 4.000000e+00 0.000000e+00 1.161749e+03 2.968270e+05 6.400000e+02
 3.600000e+02 0.000000e+00 3.502700e+01 9.200000e-01 6.090300e+01
 0.000000e+00 0.000000e+00 3.643020e+02 9.321600e+04 3.200000e+02
 1.800000e+02 0.000000e+00 1.736400e+01 6.610000e-01 2.235000e+00
 6.000000e+00 0.000000e+00 2.550882e+03 6.460110e+05 1.280000e+03
 7.200000e+02 0.000000e+00 1.646200e+01 6.710000e-01 3.097300e+01
 1.410000e+02]
deleted_idx_col 579
query_origi 795
query_idx 443
deleted_scaled [1.         0.22060351 0.82906738 0.82657964 1.         1.
 1.         0.24066497 0.50697674 0.0272228  1.         0.18718031
 0.87855188 0.87724382 1.         1.         1.         0.25014068
 0.55853659 0.03606324 1.         0.0770712  0.80790131 0.81521405
 1.         1.         1.         0.84696178 0.94306931 0.89839118
 1.         0.         0.87718645 0.8785021  1.         1.
 1.         0.30686117 0.72131148 0.00513146]
deleted_not_scaled [1.20000000e+01 1.03650351e+00 1.66376690e+04 4.23428700e+06
 3.84000000e+03 2.16000000e+03 1.00000000e+00 2.48540000e+01
 7.88000000e-01 2.62700000e+00 1.20000000e+01 6.14241244e-01
 1.76117310e+04 4.48879000e+06 3.84000000e+03 2.16000000e+03
 1.00000000e+00 2.20660000e+01 8.16000000e-01 3.34400000e+00
 1.20000000e+01 3.78894259e-01 1.55950980e+04 3.98064900e+06
 3.84000000e+03 2.16000000e+03 1.00000000e+00 4.44340000e+01
 9.72000000e-01 8.13610000e+01 1.20000000e+01 0.00000000e+00
 1.75835570e+04 4.49479700e+06 3.84000000e+03 2.16000000e+03
 1.00000000e+00 2.37730000e+01 8.78000000e-01 4.85000000e-01
 2.75000000e+02]
deleted_idx_col 443
query_origi 340
query_idx 239
deleted_scaled [1.         0.08747722 0.77607237 0.77606875 1.         1.
 1.         0.66012554 0.93488372 0.84311917 1.         0.1061797
 0.87711943 0.87844027 1.         1.         1.         0.30069599
 0.7097561  0.00523046 1.         0.0975675  0.8489862  0.84939505
 1.         1.         1.         0.22251856 0.67079208 0.
 1.         0.         0.80952799 0.80387066 1.         1.
 1.         0.28128689 0.67447307 0.03490451]
deleted_not_scaled [1.20000000e+01 4.11010906e-01 1.55950980e+04 3.98064900e+06
 3.84000000e+03 2.16000000e+03 1.00000000e+00 4.44340000e+01
 9.72000000e-01 8.13610000e+01 1.20000000e+01 3.48433829e-01
 1.75835570e+04 4.49479700e+06 3.84000000e+03 2.16000000e+03
 1.00000000e+00 2.37730000e+01 8.78000000e-01 4.85000000e-01
 1.20000000e+01 4.79657318e-01 1.63718320e+04 4.14412000e+06
 3.84000000e+03 2.16000000e+03 1.00000000e+00 2.17230000e+01
 8.62000000e-01 0.00000000e+00 1.20000000e+01 0.00000000e+00
 1.62520940e+04 4.11990600e+06 3.84000000e+03 2.16000000e+03
 1.00000000e+00 2.29280000e+01 8.58000000e-01 3.29900000e+00
 2.77000000e+02]
deleted_idx_col 239
query_origi 395
query_idx 568
deleted_scaled [1.         0.01799873 0.76627447 0.7670375  1.         1.
 1.         0.26315902 0.65813953 0.17045596 1.         0.02673168
 0.8332758  0.82579238 1.         1.         1.         0.76602991
 0.92926829 0.75338093 1.         0.         0.93604553 0.93745024
 1.         1.         1.         0.38487765 0.68564356 0.14566655
 1.         0.         0.84375868 0.83870819 1.         1.
 1.         0.381072   0.65807963 0.05425594]
deleted_not_scaled [1.20000000e+01 8.45668415e-02 1.54023440e+04 3.93529900e+06
 3.84000000e+03 2.16000000e+03 1.00000000e+00 2.59040000e+01
 8.53000000e-01 1.64490000e+01 1.20000000e+01 8.77212915e-02
 1.67212210e+04 4.23046900e+06 3.84000000e+03 2.16000000e+03
 1.00000000e+00 3.94850000e+01 9.68000000e-01 6.98580000e+01
 1.20000000e+01 0.00000000e+00 1.80177400e+04 4.56524500e+06
 3.84000000e+03 2.16000000e+03 1.00000000e+00 2.76280000e+01
 8.68000000e-01 1.31920000e+01 1.20000000e+01 0.00000000e+00
 1.69257260e+04 4.29490300e+06 3.84000000e+03 2.16000000e+03
 1.00000000e+00 2.62250000e+01 8.51000000e-01 5.12800000e+00
 6.70000000e+01]
deleted_idx_col 568
query_origi 561
query_idx 7
deleted_scaled [1.         0.041243   0.84927756 0.84800293 1.         1.
 1.         0.59448574 0.88837209 0.86926425 1.         0.29061545
 0.73668104 0.73706608 1.         1.         1.         0.21614097
 0.54390244 0.03205142 1.         0.0358217  0.98014402 0.99098131
 1.         1.         1.         0.13706351 0.46039604 0.02813511
 1.         0.         0.69264319 0.68709562 1.         1.
 1.         0.12496595 0.5971897  0.00448606]
deleted_not_scaled [1.20000000e+01 1.93779871e-01 1.70352640e+04 4.34186300e+06
 3.84000000e+03 2.16000000e+03 1.00000000e+00 4.13700000e+01
 9.52000000e-01 8.38840000e+01 1.20000000e+01 9.53668651e-01
 1.48213520e+04 3.78500300e+06 3.84000000e+03 2.16000000e+03
 1.00000000e+00 2.09180000e+01 8.10000000e-01 2.97200000e+00
 1.20000000e+01 1.76105153e-01 1.88514480e+04 4.82125800e+06
 3.84000000e+03 2.16000000e+03 1.00000000e+00 1.86150000e+01
 7.77000000e-01 2.54800000e+00 1.20000000e+01 0.00000000e+00
 1.39518970e+04 3.53331800e+06 3.84000000e+03 2.16000000e+03
 1.00000000e+00 1.77630000e+01 8.25000000e-01 4.24000000e-01
 2.16000000e+02]
deleted_idx_col 7
query_origi 625
query_idx 275
deleted_scaled [1.         0.28179557 0.82457406 0.82663102 1.         1.
 1.         0.07352343 0.13488372 0.09495337 1.         0.13552754
 0.90568879 0.89846626 1.         1.         1.         0.08354805
 0.1804878  0.09374933 1.         0.13019958 0.79058194 0.79294981
 1.         1.         1.         0.0508386  0.33663366 0.00167839
 1.         0.         0.83033185 0.82660443 1.         1.
 1.         0.15671439 0.42154567 0.04944189]
deleted_not_scaled [1.20000000e+01 1.32401383e+00 1.65492720e+04 4.23454500e+06
 3.84000000e+03 2.16000000e+03 1.00000000e+00 1.70520000e+01
 6.28000000e-01 9.16300000e+00 1.20000000e+01 4.44740190e-01
 1.81454720e+04 4.59534100e+06 3.84000000e+03 2.16000000e+03
 1.00000000e+00 1.64410000e+01 6.61000000e-01 8.69300000e+00
 1.20000000e+01 6.40081831e-01 1.52676650e+04 3.87417000e+06
 3.84000000e+03 2.16000000e+03 1.00000000e+00 1.54790000e+01
 7.27000000e-01 1.52000000e-01 1.20000000e+01 0.00000000e+00
 1.66614970e+04 4.23410300e+06 3.84000000e+03 2.16000000e+03
 1.00000000e+00 1.88120000e+01 7.50000000e-01 4.67300000e+00
 1.43000000e+02]
deleted_idx_col 275
query_origi 222
query_idx 389
deleted_scaled [1.         0.09432611 0.77393624 0.77315824 1.         1.
 1.         0.04698044 0.17906977 0.13473575 1.         0.16570031
 0.82573672 0.82657256 1.         1.         1.         0.81297201
 0.88292683 1.         1.         0.16040825 0.85837178 0.86830247
 1.         1.         1.         0.09408853 0.09158416 0.10117819
 1.         0.         0.90574023 0.89851791 1.         1.
 1.         0.08495506 0.21311475 0.09197482]
deleted_not_scaled [1.20000000e+01 4.43190329e-01 1.55530740e+04 3.96603400e+06
 3.84000000e+03 2.16000000e+03 1.00000000e+00 1.58130000e+01
 6.47000000e-01 1.30020000e+01 1.20000000e+01 5.43753595e-01
 1.65729390e+04 4.23438600e+06 3.84000000e+03 2.16000000e+03
 1.00000000e+00 4.10700000e+01 9.49000000e-01 9.27260000e+01
 1.20000000e+01 7.88592439e-01 1.65492720e+04 4.23454500e+06
 3.84000000e+03 2.16000000e+03 1.00000000e+00 1.70520000e+01
 6.28000000e-01 9.16300000e+00 1.20000000e+01 0.00000000e+00
 1.81454720e+04 4.59534100e+06 3.84000000e+03 2.16000000e+03
 1.00000000e+00 1.64410000e+01 6.61000000e-01 8.69300000e+00
 1.41000000e+02]
deleted_idx_col 389
query_origi 396
query_idx 380
deleted_scaled [1.         0.29442365 0.769784   0.76323303 1.         1.
 1.         0.         0.4        0.16212435 1.         0.0738676
 0.87042927 0.86435412 1.         1.         1.         0.01839183
 0.37073171 0.20330867 1.         0.09440562 0.75978655 0.76282694
 1.         1.         1.         0.05628265 0.11138614 0.08926383
 1.         0.         0.80249375 0.79969167 1.         1.
 1.         0.15695651 0.11241218 0.09127652]
deleted_not_scaled [1.20000000e+01 1.38334674e+00 1.54713870e+04 3.91619500e+06
 3.84000000e+03 2.16000000e+03 1.00000000e+00 1.36200000e+01
 7.42000000e-01 1.56450000e+01 1.20000000e+01 2.42400105e-01
 1.74519720e+04 4.42407500e+06 3.84000000e+03 2.16000000e+03
 1.00000000e+00 1.42410000e+01 7.39000000e-01 1.88520000e+01
 1.20000000e+01 4.64113009e-01 1.46854600e+04 3.73010700e+06
 3.84000000e+03 2.16000000e+03 1.00000000e+00 1.56770000e+01
 6.36000000e-01 8.08400000e+00 1.20000000e+01 0.00000000e+00
 1.61136660e+04 4.09891400e+06 3.84000000e+03 2.16000000e+03
 1.00000000e+00 1.88200000e+01 6.18000000e-01 8.62700000e+00
 2.34000000e+02]
deleted_idx_col 380
query_origi 67
query_idx 153
deleted_scaled [1.         0.17798595 0.81640739 0.81110085 1.         1.
 1.         0.05411427 0.43023256 0.0192228  1.         0.46596187
 0.83073142 0.82659108 1.         1.         1.         0.79318821
 0.87804878 0.96556521 1.         0.25633486 0.91806408 0.92313621
 1.         1.         1.         0.16032444 0.69554455 0.1110056
 1.         0.         0.81001027 0.80839623 1.         1.
 1.         0.22417602 0.69789227 0.00896154]
deleted_not_scaled [1.20000000e+01 8.36265331e-01 1.63886090e+04 4.15656100e+06
 3.84000000e+03 2.16000000e+03 1.00000000e+00 1.61460000e+01
 7.55000000e-01 1.85500000e+00 1.20000000e+01 1.52907642e+00
 1.66711770e+04 4.23447900e+06 3.84000000e+03 2.16000000e+03
 1.00000000e+00 4.04020000e+01 9.47000000e-01 8.95330000e+01
 1.20000000e+01 1.26018286e+00 1.76777900e+04 4.49678800e+06
 3.84000000e+03 2.16000000e+03 1.00000000e+00 1.94610000e+01
 8.72000000e-01 1.00530000e+01 1.20000000e+01 0.00000000e+00
 1.62615850e+04 4.14263900e+06 3.84000000e+03 2.16000000e+03
 1.00000000e+00 2.10410000e+01 8.68000000e-01 8.47000000e-01
 2.20000000e+02]
deleted_idx_col 153
query_origi 759
query_idx 19
deleted_scaled [1.         0.31695068 0.83632016 0.83381122 1.         1.
 1.         0.72317316 0.57906977 0.37598964 1.         0.19686446
 0.94830237 0.94688763 1.         1.         1.         0.15213979
 0.36829268 0.05822531 1.         0.23782077 0.73190416 0.73853134
 1.         1.         1.         0.03621116 0.40841584 0.17934477
 1.         0.         0.8317718  0.83302181 1.         1.
 1.         0.08849611 0.56674473 0.50249167]
deleted_not_scaled [1.20000000e+01 1.48918978e+00 1.67803530e+04 4.27060000e+06
 3.84000000e+03 2.16000000e+03 1.00000000e+00 4.73770000e+01
 8.19000000e-01 3.62830000e+01 1.20000000e+01 6.46020246e-01
 1.89836150e+04 4.83844900e+06 3.84000000e+03 2.16000000e+03
 1.00000000e+00 1.87570000e+01 7.38000000e-01 5.39900000e+00
 1.20000000e+01 1.16916468e+00 1.41583270e+04 3.61391300e+06
 3.84000000e+03 2.16000000e+03 1.00000000e+00 1.49470000e+01
 7.56000000e-01 1.62420000e+01 1.20000000e+01 0.00000000e+00
 1.66898340e+04 4.26633900e+06 3.84000000e+03 2.16000000e+03
 1.00000000e+00 1.65580000e+01 8.12000000e-01 4.74930000e+01
 4.00000000e+00]
deleted_idx_col 19
query_origi 138
query_idx 66
deleted_scaled [1.         0.15392603 0.83034298 0.82660712 1.         1.
 1.         0.34163114 0.82325581 0.46540933 1.         0.37355419
 0.83185764 0.82937417 1.         1.         1.         0.1947875
 0.5097561  0.04913401 1.         0.32830746 0.85893193 0.86540651
 1.         1.         1.         0.16389882 0.24752475 0.00352241
 1.         0.         0.82731516 0.82731931 1.         1.
 1.         0.50506946 0.66042155 0.6427657 ]
deleted_not_scaled [1.20000000e+01 7.23220032e-01 1.66627640e+04 4.23442500e+06
 3.84000000e+03 2.16000000e+03 1.00000000e+00 2.95670000e+01
 9.24000000e-01 4.49120000e+01 1.20000000e+01 1.22583616e+00
 1.66933280e+04 4.24845200e+06 3.84000000e+03 2.16000000e+03
 1.00000000e+00 2.01970000e+01 7.96000000e-01 4.55600000e+00
 1.20000000e+01 1.61401163e+00 1.65598620e+04 4.22069500e+06
 3.84000000e+03 2.16000000e+03 1.00000000e+00 1.95910000e+01
 6.91000000e-01 3.19000000e-01 1.20000000e+01 0.00000000e+00
 1.66021310e+04 4.23769400e+06 3.84000000e+03 2.16000000e+03
 1.00000000e+00 3.03220000e+01 8.52000000e-01 6.07510000e+01
 1.80000000e+01]
deleted_idx_col 66
query_origi 519
query_idx 956
deleted_scaled [0.91666667 0.         0.55408038 0.55491161 1.         1.
 0.         0.56423659 0.89767442 0.92324352 1.         0.
 0.79254346 0.78581789 1.         1.         1.         0.11091367
 0.55853659 0.06331557 0.91666667 0.         0.63165619 0.63289188
 1.         1.         0.         0.12719274 0.17821782 0.07808929
 0.91666667 0.         0.5727449  0.56958201 1.         1.
 0.         0.2093157  0.55503513 0.05887954]
deleted_not_scaled [1.1000000e+01 0.0000000e+00 1.1227849e+04 2.8701190e+06 3.8400000e+03
 2.1600000e+03 0.0000000e+00 3.9958000e+01 9.5600000e-01 8.9093000e+01
 1.2000000e+01 0.0000000e+00 1.5920079e+04 4.0297700e+06 3.8400000e+03
 2.1600000e+03 1.0000000e+00 1.7365000e+01 8.1600000e-01 5.8710000e+00
 1.1000000e+01 0.0000000e+00 1.2263080e+04 3.1086910e+06 3.8400000e+03
 2.1600000e+03 0.0000000e+00 1.8256000e+01 6.6300000e-01 7.0720000e+00
 1.1000000e+01 0.0000000e+00 1.1592397e+04 2.9430200e+06 3.8400000e+03
 2.1600000e+03 0.0000000e+00 2.0550000e+01 8.0700000e-01 5.5650000e+00
 2.4800000e+02]
deleted_idx_col 956
query_origi 421
query_idx 3
deleted_scaled [1.00000000e+00 2.01403903e-01 8.27778199e-01 8.28188938e-01
 1.00000000e+00 1.00000000e+00 1.00000000e+00 3.18858587e-01
 7.90697674e-01 1.42124352e-01 1.00000000e+00 6.40755227e-01
 8.23494402e-01 8.25151235e-01 1.00000000e+00 1.00000000e+00
 1.00000000e+00 2.97734340e-01 6.70731707e-01 9.63052434e-03
 1.00000000e+00 2.27116934e-01 8.71589144e-01 8.72451130e-01
 1.00000000e+00 1.00000000e+00 1.00000000e+00 1.64503712e-01
 5.59405941e-01 0.00000000e+00 1.00000000e+00 0.00000000e+00
 8.98285498e-01 8.92465427e-01 1.00000000e+00 1.00000000e+00
 1.00000000e+00 2.02082261e-01 6.06557377e-01 3.27990266e-04]
deleted_not_scaled [1.20000000e+01 9.46294352e-01 1.66123070e+04 4.24236800e+06
 3.84000000e+03 2.16000000e+03 1.00000000e+00 2.85040000e+01
 9.10000000e-01 1.37150000e+01 1.20000000e+01 2.10266929e+00
 1.65288360e+04 4.22725000e+06 3.84000000e+03 2.16000000e+03
 1.00000000e+00 2.36730000e+01 8.62000000e-01 8.93000000e-01
 1.20000000e+01 1.11654291e+00 1.67991540e+04 4.25438600e+06
 3.84000000e+03 2.16000000e+03 1.00000000e+00 1.96130000e+01
 8.17000000e-01 0.00000000e+00 1.20000000e+01 0.00000000e+00
 1.79987690e+04 4.56493800e+06 3.84000000e+03 2.16000000e+03
 1.00000000e+00 2.03110000e+01 8.29000000e-01 3.10000000e-02
 2.02000000e+02]
deleted_idx_col 3
query_origi 123
query_idx 599
deleted_scaled [1.         0.         0.8196896  0.8176388  1.         1.
 1.         0.16846976 0.65581395 0.01847668 1.         0.
 0.90201743 0.90112347 1.         1.         1.         0.16034355
 0.67560976 0.00796972 0.91666667 0.         0.60862226 0.61444655
 1.         1.         0.         0.17871872 0.67574257 0.
 1.         0.         0.76672981 0.76826927 1.         1.
 1.         0.26691081 0.73302108 0.00756494]
deleted_not_scaled [1.2000000e+01 0.0000000e+00 1.6453180e+04 4.1893910e+06 3.8400000e+03
 2.1600000e+03 1.0000000e+00 2.1484000e+01 8.5200000e-01 1.7830000e+00
 1.2000000e+01 0.0000000e+00 1.8073262e+04 4.6086820e+06 3.8400000e+03
 2.1600000e+03 1.0000000e+00 1.9034000e+01 8.6400000e-01 7.3900000e-01
 1.1000000e+01 0.0000000e+00 1.1827610e+04 3.0204760e+06 3.8400000e+03
 2.1600000e+03 0.0000000e+00 2.0130000e+01 8.6400000e-01 0.0000000e+00
 1.2000000e+01 0.0000000e+00 1.5409861e+04 3.9410720e+06 3.8400000e+03
 2.1600000e+03 1.0000000e+00 2.2453000e+01 8.8300000e-01 7.1500000e-01
 1.7000000e+02]
deleted_idx_col 599
query_origi 837
query_idx 45
deleted_scaled [1.00000000e+00 2.49495881e-01 8.19803616e-01 8.12837004e-01
 1.00000000e+00 1.00000000e+00 1.00000000e+00 1.46489856e-01
 5.62790698e-01 9.43005181e-04 1.00000000e+00 1.92061362e-01
 8.89908593e-01 8.83698729e-01 1.00000000e+00 1.00000000e+00
 1.00000000e+00 2.47682511e-01 6.00000000e-01 0.00000000e+00
 1.00000000e+00 1.64877685e-01 8.03528798e-01 8.06342148e-01
 1.00000000e+00 1.00000000e+00 1.00000000e+00 3.11025571e-01
 7.02970297e-01 1.80206044e-02 1.00000000e+00 0.00000000e+00
 8.39223179e-01 8.35875356e-01 1.00000000e+00 1.00000000e+00
 1.00000000e+00 3.82585273e-01 7.58782201e-01 7.28455801e-02]
deleted_not_scaled [1.20000000e+01 1.17225406e+00 1.64554230e+04 4.16527900e+06
 3.84000000e+03 2.16000000e+03 1.00000000e+00 2.04580000e+01
 8.12000000e-01 9.10000000e-02 1.20000000e+01 6.30258657e-01
 1.78351000e+04 4.52119800e+06 3.84000000e+03 2.16000000e+03
 1.00000000e+00 2.19830000e+01 8.33000000e-01 0.00000000e+00
 1.20000000e+01 8.10564881e-01 1.55124330e+04 3.93821900e+06
 3.84000000e+03 2.16000000e+03 1.00000000e+00 2.49420000e+01
 8.75000000e-01 1.63200000e+00 1.20000000e+01 0.00000000e+00
 1.68364710e+04 4.28067300e+06 3.84000000e+03 2.16000000e+03
 1.00000000e+00 2.62750000e+01 8.94000000e-01 6.88500000e+00
 1.66000000e+02]
deleted_idx_col 45
