query_origi 8
query_idx 12
deleted_scaled [1.66666667e-01 0.00000000e+00 1.81388678e-02 1.81228457e-02
 5.45454545e-02 5.45454545e-02 0.00000000e+00 5.45834315e-01
 8.81395349e-01 5.06466321e-01 8.33333333e-02 4.45394773e-01
 8.67475709e-03 8.77252386e-03 1.81818182e-02 1.81818182e-02
 0.00000000e+00 3.05641937e-01 7.53658537e-01 0.00000000e+00
 8.33333333e-02 0.00000000e+00 1.12787805e-02 1.11681894e-02
 1.81818182e-02 1.81818182e-02 0.00000000e+00 2.25570525e-01
 7.10396040e-01 0.00000000e+00 0.00000000e+00 0.00000000e+00
 1.92873890e-03 1.82750903e-03 0.00000000e+00 0.00000000e+00
 0.00000000e+00 2.79561757e-01 7.21311475e-01 2.11606623e-05]
deleted_not_scaled [2.00000000e+00 0.00000000e+00 6.84270000e+02 1.74660000e+05
 5.12000000e+02 2.88000000e+02 0.00000000e+00 3.90990000e+01
 9.49000000e-01 4.88740000e+01 1.00000000e+00 1.46158451e+00
 5.02599000e+02 1.28477000e+05 3.84000000e+02 2.16000000e+02
 0.00000000e+00 2.39400000e+01 8.96000000e-01 0.00000000e+00
 1.00000000e+00 0.00000000e+00 5.34479000e+02 1.35290000e+05
 3.84000000e+02 2.16000000e+02 0.00000000e+00 2.18340000e+01
 8.78000000e-01 0.00000000e+00 0.00000000e+00 0.00000000e+00
 3.59203000e+02 9.10580000e+04 3.20000000e+02 1.80000000e+02
 0.00000000e+00 2.28710000e+01 8.78000000e-01 2.00000000e-03
 2.77000000e+02]
deleted_idx_col 12
query_origi 634
query_idx 96
deleted_scaled [1.         0.06823407 0.83214581 0.82673936 1.         1.
 1.         0.31262452 0.58372093 0.07807254 1.         0.16071157
 0.83067575 0.82653571 1.         1.         1.         0.36306827
 0.48292683 0.00786187 1.         0.13351528 0.86354877 0.86831774
 1.         1.         1.         0.15515535 0.34405941 0.07892848
 1.         0.         0.8283464  0.82669601 1.         1.
 1.         0.25550074 0.54098361 0.13796752]
deleted_not_scaled [1.20000000e+01 3.20597144e-01 1.66982310e+04 4.23508900e+06
 3.84000000e+03 2.16000000e+03 1.00000000e+00 2.82130000e+01
 8.21000000e-01 7.53400000e+00 1.20000000e+01 5.27382807e-01
 1.66700820e+04 4.23420100e+06 3.84000000e+03 2.16000000e+03
 1.00000000e+00 2.58790000e+01 7.85000000e-01 7.29000000e-01
 1.20000000e+01 6.56382343e-01 1.66471460e+04 4.23461800e+06
 3.84000000e+03 2.16000000e+03 1.00000000e+00 1.92730000e+01
 7.30000000e-01 7.14800000e+00 1.20000000e+01 0.00000000e+00
 1.66224250e+04 4.23456300e+06 3.84000000e+03 2.16000000e+03
 1.00000000e+00 2.20760000e+01 8.01000000e-01 1.30400000e+01
 7.70000000e+01]
deleted_idx_col 96
query_origi 424
query_idx 447
deleted_scaled [0.41666667 0.         0.07626492 0.07624986 0.18181818 0.17171717
 0.         0.05998415 0.26976744 0.00592746 0.41666667 0.
 0.07720106 0.07739535 0.18181818 0.17171717 0.         0.18311861
 0.26829268 0.01847378 0.5        0.         0.11298563 0.11293814
 0.27272727 0.27272727 0.         0.10478416 0.43811881 0.22693595
 0.58333333 0.         0.14092483 0.13986735 0.27272727 0.27272727
 0.         0.20120456 0.70257611 0.13476168]
deleted_not_scaled [5.000000e+00 0.000000e+00 1.827784e+03 4.665420e+05 9.600000e+02
 5.200000e+02 0.000000e+00 1.642000e+01 6.860000e-01 5.720000e-01
 5.000000e+00 0.000000e+00 1.850405e+03 4.730100e+05 9.600000e+02
 5.200000e+02 0.000000e+00 1.980300e+01 6.970000e-01 1.713000e+00
 6.000000e+00 0.000000e+00 2.457307e+03 6.220060e+05 1.280000e+03
 7.200000e+02 0.000000e+00 1.744100e+01 7.680000e-01 2.055200e+01
 7.000000e+00 0.000000e+00 3.094532e+03 7.844640e+05 1.280000e+03
 7.200000e+02 0.000000e+00 2.028200e+01 8.700000e-01 1.273700e+01
 1.490000e+02]
deleted_idx_col 447
query_origi 830
query_idx 565
deleted_scaled [0.25       0.         0.03174126 0.03160699 0.05454545 0.05454545
 0.         0.12817327 0.60930233 0.16746114 0.16666667 0.
 0.01596186 0.01598948 0.05454545 0.05454545 0.         0.18122316
 0.60487805 0.19491836 0.25       0.         0.02733086 0.02764635
 0.05454545 0.05454545 0.         0.17970855 0.63118812 0.1939313
 0.25       0.         0.02889511 0.02902912 0.05454545 0.05454545
 0.         0.30292667 0.67213115 0.24516743]
deleted_not_scaled [3.00000e+00 0.00000e+00 9.51870e+02 2.42370e+05 5.12000e+02 2.88000e+02
 0.00000e+00 1.96030e+01 8.32000e-01 1.61600e+01 2.00000e+00 0.00000e+00
 6.45925e+02 1.64711e+05 5.12000e+02 2.88000e+02 0.00000e+00 1.97390e+01
 8.35000e-01 1.80740e+01 3.00000e+00 0.00000e+00 8.37953e+02 2.14097e+05
 5.12000e+02 2.88000e+02 0.00000e+00 2.01660e+01 8.46000e-01 1.75630e+01
 3.00000e+00 0.00000e+00 8.89879e+02 2.27698e+05 5.12000e+02 2.88000e+02
 0.00000e+00 2.36430e+01 8.57000e-01 2.31720e+01 2.68000e+02]
deleted_idx_col 565
query_origi 194
query_idx 519
deleted_scaled [0.5        0.         0.0916337  0.09183101 0.27272727 0.27272727
 0.         0.18554382 0.67674419 0.27235233 0.5        0.
 0.10792759 0.10700392 0.27272727 0.27272727 0.         0.16700726
 0.58292683 0.20474301 0.5        0.         0.11314966 0.11335946
 0.27272727 0.27272727 0.         0.11811933 0.53712871 0.25097446
 0.5        0.         0.10757425 0.10698891 0.27272727 0.27272727
 0.         0.45143912 0.78220141 0.49192192]
deleted_not_scaled [6.000000e+00 0.000000e+00 2.130134e+03 5.447820e+05 1.280000e+03
 7.200000e+02 0.000000e+00 2.228100e+01 8.610000e-01 2.628200e+01
 6.000000e+00 0.000000e+00 2.454748e+03 6.216650e+05 1.280000e+03
 7.200000e+02 0.000000e+00 1.925900e+01 8.260000e-01 1.898500e+01
 6.000000e+00 0.000000e+00 2.460408e+03 6.240210e+05 1.280000e+03
 7.200000e+02 0.000000e+00 1.792600e+01 8.080000e-01 2.272900e+01
 6.000000e+00 0.000000e+00 2.438220e+03 6.193080e+05 1.280000e+03
 7.200000e+02 0.000000e+00 2.855000e+01 9.040000e-01 4.649400e+01
 6.000000e+01]
deleted_idx_col 519
query_origi 90
query_idx 753
deleted_scaled [0.16666667 0.         0.01814822 0.01809815 0.05454545 0.05454545
 0.         0.0458236  0.21395349 0.38260104 0.16666667 0.
 0.01781152 0.01790516 0.05454545 0.05454545 0.         0.58735377
 0.78292683 0.51133447 0.25       0.1072546  0.02864079 0.02903704
 0.05454545 0.05454545 0.         0.09747044 0.13861386 0.3198326
 0.16666667 0.         0.02132192 0.0210504  0.05454545 0.05454545
 0.         0.08849611 0.26932084 0.28936148]
deleted_not_scaled [2.00000000e+00 0.00000000e+00 6.84454000e+02 1.74536000e+05
 5.12000000e+02 2.88000000e+02 0.00000000e+00 1.57590000e+01
 6.62000000e-01 3.69210000e+01 2.00000000e+00 0.00000000e+00
 6.82305000e+02 1.74329000e+05 5.12000000e+02 2.88000000e+02
 0.00000000e+00 3.34520000e+01 9.08000000e-01 4.74140000e+01
 3.00000000e+00 5.27280643e-01 8.62718000e+02 2.20748000e+05
 5.12000000e+02 2.88000000e+02 0.00000000e+00 1.71750000e+01
 6.47000000e-01 2.89650000e+01 2.00000000e+00 0.00000000e+00
 7.40845000e+02 1.87619000e+05 5.12000000e+02 2.88000000e+02
 0.00000000e+00 1.65580000e+01 6.85000000e-01 2.73490000e+01
 1.41000000e+02]
deleted_idx_col 753
query_origi 507
query_idx 520
deleted_scaled [0.16666667 0.         0.01820551 0.01812125 0.05454545 0.05454545
 0.         0.14927483 0.26976744 0.27471503 0.25       0.
 0.02923576 0.02927215 0.05454545 0.05454545 0.         0.04309196
 0.23170732 0.40155943 0.25       0.         0.02695838 0.02727019
 0.05454545 0.05454545 0.         0.13112455 0.43069307 0.19242958
 0.25       0.         0.03242193 0.03201545 0.05454545 0.05454545
 0.         0.68790291 0.82669789 0.58768449]
deleted_not_scaled [2.00000e+00 0.00000e+00 6.85581e+02 1.74652e+05 5.12000e+02 2.88000e+02
 0.00000e+00 2.05880e+01 6.86000e-01 2.65100e+01 3.00000e+00 0.00000e+00
 9.07002e+02 2.31399e+05 5.12000e+02 2.88000e+02 0.00000e+00 1.50750e+01
 6.82000e-01 3.72350e+01 3.00000e+00 0.00000e+00 8.30911e+02 2.12298e+05
 5.12000e+02 2.88000e+02 0.00000e+00 1.83990e+01 7.65000e-01 1.74270e+01
 3.00000e+00 0.00000e+00 9.59284e+02 2.42699e+05 5.12000e+02 2.88000e+02
 0.00000e+00 3.63630e+01 9.23000e-01 5.55450e+01 2.38000e+02]
deleted_idx_col 520
query_origi 939
query_idx 965
deleted_scaled [0.58333333 0.         0.1406007  0.13966259 0.27272727 0.27272727
 0.         0.19259196 0.4627907  0.22415544 0.58333333 0.
 0.13998004 0.139341   0.27272727 0.27272727 0.         0.6931734
 0.86585366 0.76803701 0.58333333 0.         0.14599449 0.14685337
 0.27272727 0.27272727 0.         0.17629915 0.4950495  0.31979948
 0.58333333 0.         0.1399728  0.13976383 0.27272727 0.27272727
 0.         0.20417058 0.46604215 0.33129133]
deleted_not_scaled [7.000000e+00 0.000000e+00 3.093462e+03 7.849660e+05 1.280000e+03
 7.200000e+02 0.000000e+00 2.261000e+01 7.690000e-01 2.163100e+01
 7.000000e+00 0.000000e+00 3.085170e+03 7.840190e+05 1.280000e+03
 7.200000e+02 0.000000e+00 3.702500e+01 9.420000e-01 7.121700e+01
 7.000000e+00 0.000000e+00 3.081359e+03 7.842060e+05 1.280000e+03
 7.200000e+02 0.000000e+00 2.004200e+01 7.910000e-01 2.896200e+01
 7.000000e+00 0.000000e+00 3.075797e+03 7.839440e+05 1.280000e+03
 7.200000e+02 0.000000e+00 2.038000e+01 7.690000e-01 3.131200e+01
 8.500000e+01]
deleted_idx_col 965
query_origi 707
query_idx 787
deleted_scaled [0.41666667 0.         0.07723066 0.07739953 0.18181818 0.17171717
 0.         0.55843099 0.88139535 0.85380311 0.5        0.
 0.1079645  0.10704057 0.27272727 0.27272727 0.         0.45262846
 0.56829268 0.42710782 0.5        0.         0.11274983 0.11295863
 0.27272727 0.27272727 0.         0.22680781 0.11138614 0.36018021
 0.5        0.         0.10809861 0.10751068 0.27272727 0.27272727
 0.         0.24953845 0.15456674 0.32557795]
deleted_not_scaled [5.000000e+00 0.000000e+00 1.846783e+03 4.723150e+05 9.600000e+02
 5.200000e+02 0.000000e+00 3.968700e+01 9.490000e-01 8.239200e+01
 6.000000e+00 0.000000e+00 2.455474e+03 6.218490e+05 1.280000e+03
 7.200000e+02 0.000000e+00 2.890300e+01 8.200000e-01 3.960400e+01
 6.000000e+00 0.000000e+00 2.452849e+03 6.221040e+05 1.280000e+03
 7.200000e+02 0.000000e+00 2.187900e+01 6.360000e-01 3.261900e+01
 6.000000e+00 0.000000e+00 2.448539e+03 6.219290e+05 1.280000e+03
 7.200000e+02 0.000000e+00 2.187900e+01 6.360000e-01 3.077200e+01
 9.000000e+01]
deleted_idx_col 787
query_origi 731
query_idx 630
deleted_scaled [1.         0.         0.8275702  0.82674055 1.         1.
 1.         0.27228518 0.58372093 0.22115026 1.         0.
 0.90362401 0.90408065 1.         1.         1.         0.12287872
 0.36097561 0.11227703 1.         0.         0.85407914 0.86353009
 1.         1.         1.         0.22760517 0.58415842 0.0165741
 1.         0.         0.75991337 0.75383712 1.         1.
 1.         0.2296238  0.36065574 0.06032905]
deleted_not_scaled [1.2000000e+01 0.0000000e+00 1.6608215e+04 4.2350950e+06 3.8400000e+03
 2.1600000e+03 1.0000000e+00 2.6330000e+01 8.2100000e-01 2.1341000e+01
 1.2000000e+01 0.0000000e+00 1.8104861e+04 4.6235290e+06 3.8400000e+03
 2.1600000e+03 1.0000000e+00 1.7769000e+01 7.3500000e-01 1.0411000e+01
 1.2000000e+01 0.0000000e+00 1.6468117e+04 4.2117210e+06 3.8400000e+03
 2.1600000e+03 1.0000000e+00 2.1908000e+01 8.2700000e-01 1.5010000e+00
 1.2000000e+01 0.0000000e+00 1.5275719e+04 3.8685760e+06 3.8400000e+03
 2.1600000e+03 1.0000000e+00 2.1221000e+01 7.2400000e-01 5.7020000e+00
 2.8400000e+02]
deleted_idx_col 630
query_origi 731
query_idx 775
deleted_scaled [0.25       0.         0.02576206 0.02551772 0.05454545 0.05454545
 0.         0.24842006 0.73953488 0.12557513 0.33333333 0.
 0.04256803 0.0423933  0.09090909 0.09090909 0.         0.3805716
 0.76585366 0.25173091 0.33333333 0.         0.04485181 0.04512879
 0.09090909 0.09090909 0.         0.21710201 0.67574257 0.23368263
 0.33333333 0.         0.04284411 0.0428091  0.09090909 0.09090909
 0.         0.16385703 0.70725995 0.1507803 ]
deleted_not_scaled [3.000000e+00 0.000000e+00 8.342410e+02 2.117930e+05 5.120000e+02
 2.880000e+02 0.000000e+00 2.521600e+01 8.880000e-01 1.211800e+01
 4.000000e+00 0.000000e+00 1.169227e+03 2.972760e+05 6.400000e+02
 3.600000e+02 0.000000e+00 2.647000e+01 9.010000e-01 2.334200e+01
 4.000000e+00 0.000000e+00 1.169197e+03 2.977070e+05 6.400000e+02
 3.600000e+02 0.000000e+00 2.152600e+01 8.640000e-01 2.116300e+01
 4.000000e+00 0.000000e+00 1.164384e+03 2.969180e+05 6.400000e+02
 3.600000e+02 0.000000e+00 1.904800e+01 8.720000e-01 1.425100e+01
 1.680000e+02]
deleted_idx_col 775
query_origi 206
query_idx 540
deleted_scaled [1.         0.         0.84942477 0.84475686 1.         1.
 1.         0.05490692 0.4        0.01918135 1.         0.
 0.81720118 0.81394478 1.         1.         1.         0.82508515
 0.91707317 0.87264629 1.         0.         0.83879974 0.84427682
 1.         1.         1.         0.21817432 0.4950495  0.02219449
 1.         0.         0.80826757 0.80746456 1.         1.
 1.         0.23122787 0.49180328 0.02946622]
deleted_not_scaled [1.2000000e+01 0.0000000e+00 1.7038160e+04 4.3255630e+06 3.8400000e+03
 2.1600000e+03 1.0000000e+00 1.6183000e+01 7.4200000e-01 1.8510000e+00
 1.2000000e+01 0.0000000e+00 1.6405058e+04 4.1709860e+06 3.8400000e+03
 2.1600000e+03 1.0000000e+00 4.1479000e+01 9.6300000e-01 8.0917000e+01
 1.2000000e+01 0.0000000e+00 1.6179251e+04 4.1196420e+06 3.8400000e+03
 2.1600000e+03 1.0000000e+00 2.1565000e+01 7.9100000e-01 2.0100000e+00
 1.2000000e+01 0.0000000e+00 1.6227290e+04 4.1379590e+06 3.8400000e+03
 2.1600000e+03 1.0000000e+00 2.1274000e+01 7.8000000e-01 2.7850000e+00
 1.5300000e+02]
deleted_idx_col 540
query_origi 454
query_idx 143
deleted_scaled [1.00000000e+00 2.08096526e-01 8.20943503e-01 8.20530396e-01
 1.00000000e+00 1.00000000e+00 1.00000000e+00 1.51202896e-01
 6.23255814e-01 5.07772021e-04 1.00000000e+00 4.49408683e-01
 8.31558079e-01 8.32399263e-01 1.00000000e+00 1.00000000e+00
 1.00000000e+00 1.89930401e-01 6.46341463e-01 2.04904773e-04
 1.00000000e+00 4.60546018e-01 8.62479351e-01 8.62462028e-01
 1.00000000e+00 1.00000000e+00 1.00000000e+00 1.70030245e-01
 5.81683168e-01 2.67658978e-02 1.00000000e+00 0.00000000e+00
 8.90061578e-01 8.83406318e-01 1.00000000e+00 1.00000000e+00
 1.00000000e+00 9.39287552e-01 9.50819672e-01 9.72268952e-01]
deleted_not_scaled [1.20000000e+01 9.77739579e-01 1.64778480e+04 4.20391100e+06
 3.84000000e+03 2.16000000e+03 1.00000000e+00 2.06780000e+01
 8.38000000e-01 4.90000000e-02 1.20000000e+01 1.47475634e+00
 1.66874360e+04 4.26364000e+06 3.84000000e+03 2.16000000e+03
 1.00000000e+00 2.00330000e+01 8.52000000e-01 1.90000000e-02
 1.20000000e+01 2.26411736e+00 1.66269280e+04 4.20661300e+06
 3.84000000e+03 2.16000000e+03 1.00000000e+00 1.98140000e+01
 8.26000000e-01 2.42400000e+00 1.20000000e+01 0.00000000e+00
 1.78369290e+04 4.51943200e+06 3.84000000e+03 2.16000000e+03
 1.00000000e+00 4.46690000e+01 9.76000000e-01 9.18940000e+01
 1.94000000e+02]
deleted_idx_col 143
query_origi 24
query_idx 463
deleted_scaled [1.         0.         0.83411185 0.82660971 1.         1.
 1.         0.23646608 0.55813953 0.04356477 0.91666667 0.
 0.57196982 0.56767057 1.         1.         0.         0.26779209
 0.4804878  0.01467765 1.         0.         0.86579768 0.86839803
 1.         1.         1.         0.24844652 0.42574257 0.02938286
 0.91666667 0.         0.57037356 0.5677981  1.         1.
 0.         0.71626161 0.88056206 0.68819764]
deleted_not_scaled [1.2000000e+01 0.0000000e+00 1.6736909e+04 4.2344380e+06 3.8400000e+03
 2.1600000e+03 1.0000000e+00 2.4658000e+01 8.1000000e-01 4.2040000e+00
 1.1000000e+01 0.0000000e+00 1.1581738e+04 2.9345230e+06 3.8400000e+03
 2.1600000e+03 0.0000000e+00 2.2662000e+01 7.8400000e-01 1.3610000e+00
 1.2000000e+01 0.0000000e+00 1.6689663e+04 4.2350020e+06 3.8400000e+03
 2.1600000e+03 1.0000000e+00 2.2666000e+01 7.6300000e-01 2.6610000e+00
 1.1000000e+01 0.0000000e+00 1.1545731e+04 2.9340590e+06 3.8400000e+03
 2.1600000e+03 0.0000000e+00 3.7300000e+01 9.4600000e-01 6.5045000e+01
 8.3000000e+01]
deleted_idx_col 463
query_origi 822
query_idx 133
deleted_scaled [1.         0.06425106 0.83882684 0.83840531 1.         1.
 1.         0.02911373 0.18837209 0.11798964 1.         0.24353603
 0.81394855 0.81477355 1.         1.         1.         0.14337332
 0.3804878  0.02266894 1.         0.02986542 1.         1.
 1.         1.         1.         0.77165246 0.88366337 1.
 1.         0.         0.8058257  0.79979121 1.         1.
 1.         0.08680125 0.52459016 0.11470137]
deleted_not_scaled [1.20000000e+01 3.01883015e-01 1.68296670e+04 4.29366900e+06
 3.84000000e+03 2.16000000e+03 1.00000000e+00 1.49790000e+01
 6.51000000e-01 1.13860000e+01 1.20000000e+01 7.99175276e-01
 1.63410840e+04 4.17514700e+06 3.84000000e+03 2.16000000e+03
 1.00000000e+00 1.84610000e+01 7.43000000e-01 2.10200000e+00
 1.20000000e+01 1.46823144e-01 1.92268370e+04 4.86439000e+06
 3.84000000e+03 2.16000000e+03 1.00000000e+00 4.16950000e+01
 9.48000000e-01 9.05630000e+01 1.20000000e+01 0.00000000e+00
 1.61792360e+04 4.09941400e+06 3.84000000e+03 2.16000000e+03
 1.00000000e+00 1.65020000e+01 7.94000000e-01 1.08410000e+01
 2.39000000e+02]
deleted_idx_col 133
query_origi 380
query_idx 273
deleted_scaled [1.         0.13586465 0.78359664 0.78124176 1.         1.
 1.         0.56667881 0.84883721 0.92832124 1.         0.14825281
 0.8156376  0.81442579 1.         1.         1.         0.2046794
 0.42926829 0.01231586 1.         0.03180562 0.92292269 0.93127294
 1.         1.         1.         0.12521309 0.44306931 0.06106246
 1.         0.         0.76560512 0.76675948 1.         1.
 1.         0.20250598 0.19672131 0.17704068]
deleted_not_scaled [1.20000000e+01 6.38358794e-01 1.57431230e+04 4.00662500e+06
 3.84000000e+03 2.16000000e+03 1.00000000e+00 4.00720000e+01
 9.35000000e-01 8.95830000e+01 1.20000000e+01 4.86498784e-01
 1.63743050e+04 4.17340100e+06 3.84000000e+03 2.16000000e+03
 1.00000000e+00 2.05310000e+01 7.63000000e-01 1.14200000e+00
 1.20000000e+01 1.56361491e-01 1.77696450e+04 4.53570200e+06
 3.84000000e+03 2.16000000e+03 1.00000000e+00 1.81840000e+01
 7.70000000e-01 5.53000000e+00 1.20000000e+01 0.00000000e+00
 1.53877280e+04 3.93348800e+06 3.84000000e+03 2.16000000e+03
 1.00000000e+00 2.03250000e+01 6.54000000e-01 1.67330000e+01
 1.02000000e+02]
deleted_idx_col 273
query_origi 304
query_idx 887
deleted_scaled [0.58333333 0.         0.11965138 0.11896957 0.27272727 0.27272727
 0.         0.0456308  0.19302326 0.35179275 0.66666667 0.
 0.20489915 0.20418724 0.45454545 0.45454545 0.         0.1562861
 0.11707317 0.08655609 0.66666667 0.17602953 0.21341043 0.21490526
 0.45454545 0.45454545 0.         0.1754193  0.15346535 0.0915937
 0.66666667 0.         0.20832591 0.2082349  0.45454545 0.45454545
 0.         0.04116098 0.22014052 0.11573824]
deleted_not_scaled [7.00000000e+00 0.00000000e+00 2.68132600e+03 6.81057000e+05
 1.28000000e+03 7.20000000e+02 0.00000000e+00 1.57500000e+01
 6.53000000e-01 3.39480000e+01 8.00000000e+00 0.00000000e+00
 4.36202800e+03 1.10959100e+06 1.92000000e+03 1.08000000e+03
 0.00000000e+00 1.88970000e+01 6.35000000e-01 8.02600000e+00
 8.00000000e+00 8.65389132e-01 4.35589700e+03 1.10966500e+06
 1.92000000e+03 1.08000000e+03 0.00000000e+00 2.00100000e+01
 6.53000000e-01 8.29500000e+00 8.00000000e+00 0.00000000e+00
 4.42093000e+03 1.12789000e+06 1.92000000e+03 1.08000000e+03
 0.00000000e+00 1.49940000e+01 6.64000000e-01 1.09390000e+01
 2.36000000e+02]
deleted_idx_col 887
query_origi 313
query_idx 907
deleted_scaled [0.91666667 0.         0.53910168 0.53718904 1.         1.
 0.         0.37040211 0.76511628 0.3386114  0.91666667 0.
 0.56871709 0.56759628 1.         1.         0.         0.19920036
 0.35609756 0.0714902  0.91666667 0.         0.5997368  0.60486707
 1.         1.         0.         0.131427   0.48514851 0.0053333
 0.91666667 0.         0.55934648 0.5599209  1.         1.
 0.         0.18080567 0.62997658 0.00179866]
deleted_not_scaled [1.1000000e+01 0.0000000e+00 1.0933173e+04 2.7811260e+06 3.8400000e+03
 2.1600000e+03 0.0000000e+00 3.0910000e+01 8.9900000e-01 3.2676000e+01
 1.1000000e+01 0.0000000e+00 1.1517762e+04 2.9341500e+06 3.8400000e+03
 2.1600000e+03 0.0000000e+00 2.0346000e+01 7.3300000e-01 6.6290000e+00
 1.1000000e+01 0.0000000e+00 1.1659625e+04 2.9746620e+06 3.8400000e+03
 2.1600000e+03 0.0000000e+00 1.8410000e+01 7.8700000e-01 4.8300000e-01
 1.1000000e+01 0.0000000e+00 1.1328727e+04 2.8944900e+06 3.8400000e+03
 2.1600000e+03 0.0000000e+00 1.9608000e+01 8.3900000e-01 1.7000000e-01
 2.0700000e+02]
deleted_idx_col 907
query_origi 775
query_idx 995
deleted_scaled [0.91666667 0.         0.5682374  0.56765752 1.         1.
 0.         0.11298443 0.54186047 0.06062176 0.91666667 0.
 0.59659408 0.59691902 1.         1.         0.         0.07347845
 0.45365854 0.00140198 0.91666667 0.         0.59658355 0.60320288
 1.         1.         0.         0.60772615 0.92821782 0.48816846
 0.91666667 0.         0.59204006 0.58728316 1.         1.
 0.         0.58657426 0.90632319 0.4025816 ]
deleted_not_scaled [1.1000000e+01 0.0000000e+00 1.1506360e+04 2.9341220e+06 3.8400000e+03
 2.1600000e+03 0.0000000e+00 1.8894000e+01 8.0300000e-01 5.8500000e+00
 1.1000000e+01 0.0000000e+00 1.2066059e+04 3.0813700e+06 3.8400000e+03
 2.1600000e+03 0.0000000e+00 1.6101000e+01 7.7300000e-01 1.3000000e-01
 1.1000000e+01 0.0000000e+00 1.1600011e+04 2.9667030e+06 3.8400000e+03
 2.1600000e+03 0.0000000e+00 3.5733000e+01 9.6600000e-01 4.4210000e+01
 1.1000000e+01 0.0000000e+00 1.1972110e+04 3.0319370e+06 3.8400000e+03
 2.1600000e+03 0.0000000e+00 3.3015000e+01 9.5700000e-01 3.8050000e+01
 2.8000000e+01]
deleted_idx_col 995
query_origi 397
query_idx 644
deleted_scaled [1.         0.         0.84942477 0.84475686 1.         1.
 1.         0.05490692 0.4        0.01918135 1.         0.
 0.81720118 0.81394478 1.         1.         1.         0.82508515
 0.91707317 0.87264629 0.91666667 0.         0.58312113 0.58692357
 1.         1.         0.         0.21836679 0.5        0.02188532
 1.         0.         0.80826757 0.80746456 1.         1.
 1.         0.23122787 0.49180328 0.02946622]
deleted_not_scaled [1.2000000e+01 0.0000000e+00 1.7038160e+04 4.3255630e+06 3.8400000e+03
 2.1600000e+03 1.0000000e+00 1.6183000e+01 7.4200000e-01 1.8510000e+00
 1.2000000e+01 0.0000000e+00 1.6405058e+04 4.1709860e+06 3.8400000e+03
 2.1600000e+03 1.0000000e+00 4.1479000e+01 9.6300000e-01 8.0917000e+01
 1.1000000e+01 0.0000000e+00 1.1345496e+04 2.8888470e+06 3.8400000e+03
 2.1600000e+03 0.0000000e+00 2.1572000e+01 7.9300000e-01 1.9820000e+00
 1.2000000e+01 0.0000000e+00 1.6227290e+04 4.1379590e+06 3.8400000e+03
 2.1600000e+03 1.0000000e+00 2.1274000e+01 7.8000000e-01 2.7850000e+00
 1.5300000e+02]
deleted_idx_col 644
query_origi 480
query_idx 792
deleted_scaled [0.91666667 0.         0.57031369 0.56771966 1.         1.
 0.         0.34190964 0.8255814  0.46280829 0.91666667 0.
 0.56936107 0.56766479 1.         1.         0.         0.19487635
 0.51219512 0.04805556 0.91666667 0.         0.59204177 0.59650451
 1.         1.         0.         0.16433874 0.25247525 0.00329053
 0.91666667 0.         0.5678572  0.56786757 1.         1.
 0.         0.50600769 0.66042155 0.6358779 ]
deleted_not_scaled [1.1000000e+01 0.0000000e+00 1.1547207e+04 2.9344340e+06 3.8400000e+03
 2.1600000e+03 0.0000000e+00 2.9580000e+01 9.2500000e-01 4.4661000e+01
 1.1000000e+01 0.0000000e+00 1.1530428e+04 2.9344940e+06 3.8400000e+03
 2.1600000e+03 0.0000000e+00 2.0200000e+01 7.9700000e-01 4.4560000e+00
 1.1000000e+01 0.0000000e+00 1.1514146e+04 2.9346680e+06 3.8400000e+03
 2.1600000e+03 0.0000000e+00 1.9607000e+01 6.9300000e-01 2.9800000e-01
 1.1000000e+01 0.0000000e+00 1.1496211e+04 2.9344080e+06 3.8400000e+03
 2.1600000e+03 0.0000000e+00 3.0353000e+01 8.5200000e-01 6.0100000e+01
 1.8000000e+01]
deleted_idx_col 792
query_origi 470
query_idx 825
deleted_scaled [0.5        0.         0.10751983 0.10720126 0.27272727 0.27272727
 0.         0.15932218 0.33488372 0.26926425 0.08333333 0.
 0.0087978  0.00883287 0.01818182 0.01818182 0.         0.38921961
 0.55853659 0.         0.5        0.         0.11516504 0.11629432
 0.27272727 0.27272727 0.         0.11498488 0.38861386 0.4302861
 0.41666667 0.         0.07323318 0.07343083 0.18181818 0.17171717
 0.         0.25292818 0.63466042 0.22458869]
deleted_not_scaled [6.000000e+00 0.000000e+00 2.442662e+03 6.219630e+05 1.280000e+03
 7.200000e+02 0.000000e+00 2.105700e+01 7.140000e-01 2.598400e+01
 1.000000e+00 0.000000e+00 5.050190e+02 1.287800e+05 3.840000e+02
 2.160000e+02 0.000000e+00 2.676200e+01 8.160000e-01 0.000000e+00
 6.000000e+00 0.000000e+00 2.498510e+03 6.380570e+05 1.280000e+03
 7.200000e+02 0.000000e+00 1.781200e+01 7.480000e-01 3.896800e+01
 5.000000e+00 0.000000e+00 1.762416e+03 4.507380e+05 9.600000e+02
 5.200000e+02 0.000000e+00 2.199100e+01 8.410000e-01 2.122700e+01
 2.830000e+02]
deleted_idx_col 825
query_origi 913
query_idx 772
deleted_scaled [1.         0.         0.78575833 0.77946757 1.         1.
 1.         0.19147797 0.43255814 0.02325389 1.         0.
 0.83210693 0.82671258 1.         1.         1.         0.4321931
 0.57073171 0.08125013 1.         0.         0.86476196 0.86823054
 1.         1.         1.         0.33678856 0.48019802 0.00804964
 1.         0.         0.82960261 0.82670695 1.         1.
 1.         0.17066675 0.37470726 0.07562821]
deleted_not_scaled [1.2000000e+01 0.0000000e+00 1.5785650e+04 3.9977160e+06 3.8400000e+03
 2.1600000e+03 1.0000000e+00 2.2558000e+01 7.5600000e-01 2.2440000e+00
 1.2000000e+01 0.0000000e+00 1.6698231e+04 4.2350890e+06 3.8400000e+03
 2.1600000e+03 1.0000000e+00 2.8213000e+01 8.2100000e-01 7.5340000e+00
 1.2000000e+01 0.0000000e+00 1.6670082e+04 4.2342010e+06 3.8400000e+03
 2.1600000e+03 1.0000000e+00 2.5879000e+01 7.8500000e-01 7.2900000e-01
 1.2000000e+01 0.0000000e+00 1.6647146e+04 4.2346180e+06 3.8400000e+03
 2.1600000e+03 1.0000000e+00 1.9273000e+01 7.3000000e-01 7.1480000e+00
 7.6000000e+01]
deleted_idx_col 772
query_origi 551
query_idx 507
deleted_scaled [1.         0.12794275 0.85136423 0.84541065 1.         1.
 1.         0.02602884 0.37906977 0.06318135 1.         0.42532186
 0.79402949 0.7900711  1.         1.         1.         0.10193988
 0.22926829 0.06521364 1.         0.35388349 0.83898228 0.84361461
 1.         1.         1.         0.29529832 0.44059406 0.13927321
 1.         0.         0.82824848 0.82659826 1.         1.
 1.         0.18794831 0.20374707 0.07925726]
deleted_not_scaled [1.20000000e+01 6.01137808e-01 1.70763150e+04 4.32884600e+06
 3.84000000e+03 2.16000000e+03 1.00000000e+00 1.48350000e+01
 7.33000000e-01 6.09700000e+00 1.20000000e+01 1.39571427e+00
 1.59493070e+04 4.05112400e+06 3.84000000e+03 2.16000000e+03
 1.00000000e+00 1.70620000e+01 6.81000000e-01 6.04700000e+00
 1.20000000e+01 1.73974745e+00 1.61827020e+04 4.11647500e+06
 3.84000000e+03 2.16000000e+03 1.00000000e+00 2.43700000e+01
 7.69000000e-01 1.26130000e+01 1.20000000e+01 0.00000000e+00
 1.66204980e+04 4.23407200e+06 3.84000000e+03 2.16000000e+03
 1.00000000e+00 1.98440000e+01 6.57000000e-01 7.49100000e+00
 1.07000000e+02]
deleted_idx_col 507
query_origi 728
query_idx 513
deleted_scaled [1.         0.11225495 0.9061887  0.8980524  1.         1.
 1.         0.28636003 0.79069767 0.0477513  1.         0.26058222
 0.8000802  0.79449162 1.         1.         1.         0.35818155
 0.73658537 0.19368893 1.         0.16648658 0.9172011  0.92042195
 1.         1.         1.         0.17605169 0.59405941 0.05967117
 1.         0.         0.85441858 0.85101083 1.         1.
 1.         0.15284041 0.58313817 0.05485902]
deleted_not_scaled [1.20000000e+01 5.27428807e-01 1.81548770e+04 4.59318400e+06
 3.84000000e+03 2.16000000e+03 1.00000000e+00 2.69870000e+01
 9.10000000e-01 4.60800000e+00 1.20000000e+01 8.55113176e-01
 1.60683150e+04 4.07331800e+06 3.84000000e+03 2.16000000e+03
 1.00000000e+00 2.57140000e+01 8.89000000e-01 1.79600000e+01
 1.20000000e+01 8.18474465e-01 1.76614750e+04 4.48380700e+06
 3.84000000e+03 2.16000000e+03 1.00000000e+00 2.00330000e+01
 8.31000000e-01 5.40400000e+00 1.20000000e+01 0.00000000e+00
 1.71355040e+04 4.35670200e+06 3.84000000e+03 2.16000000e+03
 1.00000000e+00 1.86840000e+01 8.19000000e-01 5.18500000e+00
 1.81000000e+02]
deleted_idx_col 513
query_origi 434
query_idx 3
deleted_scaled [1.00000000e+00 2.01403903e-01 8.27778199e-01 8.28188938e-01
 1.00000000e+00 1.00000000e+00 1.00000000e+00 3.18858587e-01
 7.90697674e-01 1.42124352e-01 1.00000000e+00 6.40755227e-01
 8.23494402e-01 8.25151235e-01 1.00000000e+00 1.00000000e+00
 1.00000000e+00 2.97734340e-01 6.70731707e-01 9.63052434e-03
 1.00000000e+00 2.27116934e-01 8.71589144e-01 8.72451130e-01
 1.00000000e+00 1.00000000e+00 1.00000000e+00 1.64503712e-01
 5.59405941e-01 0.00000000e+00 1.00000000e+00 0.00000000e+00
 8.98285498e-01 8.92465427e-01 1.00000000e+00 1.00000000e+00
 1.00000000e+00 2.02082261e-01 6.06557377e-01 3.27990266e-04]
deleted_not_scaled [1.20000000e+01 9.46294352e-01 1.66123070e+04 4.24236800e+06
 3.84000000e+03 2.16000000e+03 1.00000000e+00 2.85040000e+01
 9.10000000e-01 1.37150000e+01 1.20000000e+01 2.10266929e+00
 1.65288360e+04 4.22725000e+06 3.84000000e+03 2.16000000e+03
 1.00000000e+00 2.36730000e+01 8.62000000e-01 8.93000000e-01
 1.20000000e+01 1.11654291e+00 1.67991540e+04 4.25438600e+06
 3.84000000e+03 2.16000000e+03 1.00000000e+00 1.96130000e+01
 8.17000000e-01 0.00000000e+00 1.20000000e+01 0.00000000e+00
 1.79987690e+04 4.56493800e+06 3.84000000e+03 2.16000000e+03
 1.00000000e+00 2.03110000e+01 8.29000000e-01 3.10000000e-02
 2.02000000e+02]
deleted_idx_col 3
query_origi 842
query_idx 556
deleted_scaled [1.         0.         0.82819456 0.82653683 1.         1.
 1.         0.13333619 0.20232558 0.07762694 1.         0.
 0.8269354  0.82653272 1.         1.         1.         0.10099215
 0.05121951 0.03681815 1.         0.         0.86531179 0.87401433
 1.         1.         1.         0.10907341 0.18316832 0.03816128
 1.         0.         0.89485405 0.88682483 1.         1.
 1.         0.27928937 0.49882904 0.0077977 ]
deleted_not_scaled [1.2000000e+01 0.0000000e+00 1.6620498e+04 4.2340720e+06 3.8400000e+03
 2.1600000e+03 1.0000000e+00 1.9844000e+01 6.5700000e-01 7.4910000e+00
 1.2000000e+01 0.0000000e+00 1.6596515e+04 4.2341860e+06 3.8400000e+03
 2.1600000e+03 1.0000000e+00 1.7030000e+01 6.0800000e-01 3.4140000e+00
 1.2000000e+01 0.0000000e+00 1.6680477e+04 4.2618620e+06 3.8400000e+03
 2.1600000e+03 1.0000000e+00 1.7597000e+01 6.6500000e-01 3.4560000e+00
 1.2000000e+01 0.0000000e+00 1.7931241e+04 4.5366040e+06 3.8400000e+03
 2.1600000e+03 1.0000000e+00 2.2862000e+01 7.8300000e-01 7.3700000e-01
 1.1000000e+02]
deleted_idx_col 556
query_origi 430
query_idx 703
deleted_scaled [0.83333333 0.         0.39249148 0.3934834  0.63636364 0.63636364
 0.         0.07363054 0.13953488 0.09451813 0.83333333 0.
 0.44122624 0.43767094 0.63636364 0.63636364 0.         0.0836369
 0.18780488 0.09242284 0.83333333 0.         0.36606485 0.36712067
 0.63636364 0.63636364 0.         0.05092109 0.34158416 0.00162318
 0.83333333 0.         0.39541378 0.39361359 0.63636364 0.63636364
 0.         0.15683545 0.42622951 0.04955827]
deleted_not_scaled [1.000000e+01 0.000000e+00 8.048910e+03 2.059515e+06 2.560000e+03
 1.440000e+03 0.000000e+00 1.705700e+01 6.300000e-01 9.121000e+00
 1.000000e+01 0.000000e+00 9.010215e+03 2.281837e+06 2.560000e+03
 1.440000e+03 0.000000e+00 1.644400e+01 6.640000e-01 8.570000e+00
 1.000000e+01 0.000000e+00 7.241919e+03 1.837637e+06 2.560000e+03
 1.440000e+03 0.000000e+00 1.548200e+01 7.290000e-01 1.470000e-01
 1.000000e+01 0.000000e+00 8.102666e+03 2.059090e+06 2.560000e+03
 1.440000e+03 0.000000e+00 1.881600e+01 7.520000e-01 4.684000e+00
 1.430000e+02]
deleted_idx_col 703
query_origi 796
query_idx 580
deleted_scaled [1.00000000e+00 5.38231123e-01 8.31291898e-01 8.30043382e-01
 1.00000000e+00 1.00000000e+00 1.00000000e+00 2.00197091e-01
 6.30232558e-01 1.50155440e-02 1.00000000e+00 6.64747068e-02
 1.00000000e+00 1.00000000e+00 1.00000000e+00 1.00000000e+00
 1.00000000e+00 3.54834888e-01 6.17073171e-01 8.06354205e-02
 1.00000000e+00 1.25606945e-01 6.92087737e-01 6.99406923e-01
 1.00000000e+00 1.00000000e+00 1.00000000e+00 2.52103382e-01
 6.58415842e-01 1.20049027e-01 1.00000000e+00 0.00000000e+00
 8.19860177e-01 8.12903289e-01 1.00000000e+00 1.00000000e+00
 1.00000000e+00 2.06531279e-01 5.66744731e-01 9.62810136e-04]
deleted_not_scaled [1.20000000e+01 2.52887389e+00 1.66814320e+04 4.25168000e+06
 3.84000000e+03 2.16000000e+03 1.00000000e+00 2.29650000e+01
 8.41000000e-01 1.44900000e+00 1.20000000e+01 2.18139968e-01
 2.00004270e+04 5.10510900e+06 3.84000000e+03 2.16000000e+03
 1.00000000e+00 2.56010000e+01 8.40000000e-01 7.47700000e+00
 1.20000000e+01 6.17503686e-01 1.34055740e+04 3.42680000e+06
 3.84000000e+03 2.16000000e+03 1.00000000e+00 2.27990000e+01
 8.57000000e-01 1.08720000e+01 1.20000000e+01 0.00000000e+00
 1.64554230e+04 4.16527900e+06 3.84000000e+03 2.16000000e+03
 1.00000000e+00 2.04580000e+01 8.12000000e-01 9.10000000e-02
 1.63000000e+02]
deleted_idx_col 580
query_origi 587
query_idx 533
deleted_scaled [1.         0.         0.76665657 0.76818717 1.         1.
 1.         0.18922856 0.72790698 0.00740933 0.91666667 0.
 0.54689285 0.54250324 1.         1.         0.         0.16845846
 0.28536585 0.03594461 0.91666667 0.         0.59503549 0.59649657
 1.         1.         0.         0.22449821 0.69554455 0.46112651
 1.         0.         0.91607831 0.91151432 1.         1.
 1.         0.45255894 0.79859485 0.24036396]
deleted_not_scaled [1.2000000e+01 0.0000000e+00 1.5409861e+04 3.9410720e+06 3.8400000e+03
 2.1600000e+03 1.0000000e+00 2.2453000e+01 8.8300000e-01 7.1500000e-01
 1.1000000e+01 0.0000000e+00 1.1088513e+04 2.8081660e+06 3.8400000e+03
 2.1600000e+03 0.0000000e+00 1.9308000e+01 7.0400000e-01 3.3330000e+00
 1.1000000e+01 0.0000000e+00 1.1570744e+04 2.9346300e+06 3.8400000e+03
 2.1600000e+03 0.0000000e+00 2.1795000e+01 8.7200000e-01 4.1761000e+01
 1.2000000e+01 0.0000000e+00 1.8348917e+04 4.6606250e+06 3.8400000e+03
 2.1600000e+03 1.0000000e+00 2.8587000e+01 9.1100000e-01 2.2718000e+01
 1.7300000e+02]
deleted_idx_col 533
query_origi 279
query_idx 111
deleted_scaled [1.         0.07833125 0.83252841 0.83294155 1.         1.
 1.         0.24584931 0.78837209 0.07468394 1.         0.18551408
 0.78047011 0.78204529 1.         1.         1.         0.73490301
 0.80731707 0.79312167 1.         0.1099702  0.86740816 0.86826546
 1.         1.         1.         0.14162772 0.3960396  0.03271756
 1.         0.         0.86940528 0.86376975 1.         1.
 1.         0.97085439 0.96252927 0.94812464]
deleted_not_scaled [1.20000000e+01 3.68038646e-01 1.67057580e+04 4.26623300e+06
 3.84000000e+03 2.16000000e+03 1.00000000e+00 2.50960000e+01
 9.09000000e-01 7.20700000e+00 1.20000000e+01 6.08773441e-01
 1.56826150e+04 4.01082900e+06 3.84000000e+03 2.16000000e+03
 1.00000000e+00 3.84340000e+01 9.18000000e-01 7.35430000e+01
 1.20000000e+01 5.40630960e-01 1.67201100e+04 4.23436800e+06
 3.84000000e+03 2.16000000e+03 1.00000000e+00 1.87810000e+01
 7.51000000e-01 2.96300000e+00 1.20000000e+01 0.00000000e+00
 1.74304300e+04 4.42079300e+06 3.84000000e+03 2.16000000e+03
 1.00000000e+00 4.57120000e+01 9.81000000e-01 8.96120000e+01
 1.87000000e+02]
deleted_idx_col 111
query_origi 405
query_idx 380
deleted_scaled [1.         0.29442365 0.769784   0.76323303 1.         1.
 1.         0.         0.4        0.16212435 1.         0.0738676
 0.87042927 0.86435412 1.         1.         1.         0.01839183
 0.37073171 0.20330867 1.         0.09440562 0.75978655 0.76282694
 1.         1.         1.         0.05628265 0.11138614 0.08926383
 1.         0.         0.80249375 0.79969167 1.         1.
 1.         0.15695651 0.11241218 0.09127652]
deleted_not_scaled [1.20000000e+01 1.38334674e+00 1.54713870e+04 3.91619500e+06
 3.84000000e+03 2.16000000e+03 1.00000000e+00 1.36200000e+01
 7.42000000e-01 1.56450000e+01 1.20000000e+01 2.42400105e-01
 1.74519720e+04 4.42407500e+06 3.84000000e+03 2.16000000e+03
 1.00000000e+00 1.42410000e+01 7.39000000e-01 1.88520000e+01
 1.20000000e+01 4.64113009e-01 1.46854600e+04 3.73010700e+06
 3.84000000e+03 2.16000000e+03 1.00000000e+00 1.56770000e+01
 6.36000000e-01 8.08400000e+00 1.20000000e+01 0.00000000e+00
 1.61136660e+04 4.09891400e+06 3.84000000e+03 2.16000000e+03
 1.00000000e+00 1.88200000e+01 6.18000000e-01 8.62700000e+00
 2.34000000e+02]
deleted_idx_col 380
query_origi 837
query_idx 206
deleted_scaled [1.         0.1290645  0.84926373 0.84841317 1.         1.
 1.         0.61413055 0.92093023 0.77       1.         0.13462823
 0.83248962 0.83291573 1.         1.         1.         0.33987857
 0.78536585 0.07772362 1.         0.12302871 0.81253047 0.82152455
 1.         1.         1.         0.68199065 0.80940594 0.81206453
 1.         0.         0.83331028 0.82665719 1.         1.
 1.         0.15577616 0.42388759 0.03134952]
deleted_not_scaled [1.20000000e+01 6.06408352e-01 1.70349920e+04 4.34392300e+06
 3.84000000e+03 2.16000000e+03 1.00000000e+00 4.22870000e+01
 9.66000000e-01 7.43050000e+01 1.20000000e+01 4.41789066e-01
 1.67057580e+04 4.26623300e+06 3.84000000e+03 2.16000000e+03
 1.00000000e+00 2.50960000e+01 9.09000000e-01 7.20700000e+00
 1.20000000e+01 6.04828658e-01 1.56826150e+04 4.01082900e+06
 3.84000000e+03 2.16000000e+03 1.00000000e+00 3.84340000e+01
 9.18000000e-01 7.35430000e+01 1.20000000e+01 0.00000000e+00
 1.67201100e+04 4.23436800e+06 3.84000000e+03 2.16000000e+03
 1.00000000e+00 1.87810000e+01 7.51000000e-01 2.96300000e+00
 1.86000000e+02]
deleted_idx_col 206
query_origi 581
query_idx 223
deleted_scaled [1.         0.10351723 0.82590777 0.8267302  1.         1.
 1.         0.17322565 0.56511628 0.01996891 1.         0.22595272
 0.83409209 0.82660144 1.         1.         1.         0.35335406
 0.66097561 0.09308069 1.         0.05962734 0.95414621 0.95558004
 1.         1.         1.         0.23623866 0.65841584 0.00172256
 1.         0.         0.74832153 0.7438342  1.         1.
 1.         0.22932115 0.56908665 0.05456277]
deleted_not_scaled [1.20000000e+01 4.86374712e-01 1.65755100e+04 4.23504300e+06
 3.84000000e+03 2.16000000e+03 1.00000000e+00 2.17060000e+01
 8.13000000e-01 1.92700000e+00 1.20000000e+01 7.41474790e-01
 1.67372760e+04 4.23453100e+06 3.84000000e+03 2.16000000e+03
 1.00000000e+00 2.55510000e+01 8.58000000e-01 8.63100000e+00
 1.20000000e+01 2.93137486e-01 1.83599440e+04 4.65195100e+06
 3.84000000e+03 2.16000000e+03 1.00000000e+00 2.22220000e+01
 8.57000000e-01 1.56000000e-01 1.20000000e+01 0.00000000e+00
 1.50476010e+04 3.81832900e+06 3.84000000e+03 2.16000000e+03
 1.00000000e+00 2.12110000e+01 8.13000000e-01 5.15700000e+00
 9.70000000e+01]
deleted_idx_col 223
query_origi 269
query_idx 65
deleted_scaled [1.         0.10036835 0.89921788 0.89248847 1.         1.
 1.         0.30009212 0.69302326 0.13670466 1.         0.08248772
 0.84367342 0.83862611 1.         1.         1.         0.37331556
 0.64390244 0.05530272 1.         0.11789518 0.78246899 0.78639196
 1.         1.         1.         0.27957108 0.5990099  0.17665051
 1.         0.         0.90116733 0.89892322 1.         1.
 1.         0.56211979 0.85714286 0.66179971]
deleted_not_scaled [1.20000000e+01 4.71579758e-01 1.80177400e+04 4.56524500e+06
 3.84000000e+03 2.16000000e+03 1.00000000e+00 2.76280000e+01
 8.68000000e-01 1.31920000e+01 1.20000000e+01 2.70687457e-01
 1.69257260e+04 4.29490300e+06 3.84000000e+03 2.16000000e+03
 1.00000000e+00 2.62250000e+01 8.51000000e-01 5.12800000e+00
 1.20000000e+01 5.79591429e-01 1.51142850e+04 3.84280700e+06
 3.84000000e+03 2.16000000e+03 1.00000000e+00 2.37980000e+01
 8.33000000e-01 1.59980000e+01 1.20000000e+01 0.00000000e+00
 1.80554810e+04 4.59737700e+06 3.84000000e+03 2.16000000e+03
 1.00000000e+00 3.22070000e+01 9.36000000e-01 6.25500000e+01
 6.90000000e+01]
deleted_idx_col 65
query_origi 906
query_idx 683
deleted_scaled [1.         0.16543981 0.82457406 0.82663102 1.         1.
 1.         0.07352343 0.13488372 0.09495337 1.         0.10818256
 0.90568879 0.89846626 1.         1.         1.         0.08354805
 0.1804878  0.09374933 1.         0.13189024 0.79058194 0.79294981
 1.         1.         1.         0.0508386  0.33663366 0.00167839
 1.         0.         0.83033185 0.82660443 1.         1.
 1.         0.15671439 0.42154567 0.04944189]
deleted_not_scaled [1.20000000e+01 7.77317377e-01 1.65492720e+04 4.23454500e+06
 3.84000000e+03 2.16000000e+03 1.00000000e+00 1.70520000e+01
 6.28000000e-01 9.16300000e+00 1.20000000e+01 3.55006301e-01
 1.81454720e+04 4.59534100e+06 3.84000000e+03 2.16000000e+03
 1.00000000e+00 1.64410000e+01 6.61000000e-01 8.69300000e+00
 1.20000000e+01 6.48393364e-01 1.52676650e+04 3.87417000e+06
 3.84000000e+03 2.16000000e+03 1.00000000e+00 1.54790000e+01
 7.27000000e-01 1.52000000e-01 1.20000000e+01 0.00000000e+00
 1.66614970e+04 4.23410300e+06 3.84000000e+03 2.16000000e+03
 1.00000000e+00 1.88120000e+01 7.50000000e-01 4.67300000e+00
 1.43000000e+02]
deleted_idx_col 683
query_origi 767
query_idx 19
deleted_scaled [1.         0.31695068 0.83632016 0.83381122 1.         1.
 1.         0.72317316 0.57906977 0.37598964 1.         0.19686446
 0.94830237 0.94688763 1.         1.         1.         0.15213979
 0.36829268 0.05822531 1.         0.23782077 0.73190416 0.73853134
 1.         1.         1.         0.03621116 0.40841584 0.17934477
 1.         0.         0.8317718  0.83302181 1.         1.
 1.         0.08849611 0.56674473 0.50249167]
deleted_not_scaled [1.20000000e+01 1.48918978e+00 1.67803530e+04 4.27060000e+06
 3.84000000e+03 2.16000000e+03 1.00000000e+00 4.73770000e+01
 8.19000000e-01 3.62830000e+01 1.20000000e+01 6.46020246e-01
 1.89836150e+04 4.83844900e+06 3.84000000e+03 2.16000000e+03
 1.00000000e+00 1.87570000e+01 7.38000000e-01 5.39900000e+00
 1.20000000e+01 1.16916468e+00 1.41583270e+04 3.61391300e+06
 3.84000000e+03 2.16000000e+03 1.00000000e+00 1.49470000e+01
 7.56000000e-01 1.62420000e+01 1.20000000e+01 0.00000000e+00
 1.66898340e+04 4.26633900e+06 3.84000000e+03 2.16000000e+03
 1.00000000e+00 1.65580000e+01 8.12000000e-01 4.74930000e+01
 4.00000000e+00]
deleted_idx_col 19
query_origi 129
query_idx 909
deleted_scaled [0.         0.         0.00177802 0.00159934 0.         0.
 0.         0.74395338 0.99302326 0.67647668 0.41666667 0.
 0.07778687 0.07714758 0.18181818 0.17171717 0.         0.70451651
 0.99756098 0.84936264 0.58333333 0.         0.14651206 0.14688933
 0.27272727 0.27272727 0.         1.         1.         0.7411084
 0.58333333 0.         0.14046088 0.13979051 0.27272727 0.27272727
 0.         0.93323447 1.         0.86506904]
deleted_not_scaled [0.000000e+00 0.000000e+00 3.624030e+02 9.168800e+04 3.200000e+02
 1.800000e+02 0.000000e+00 4.834700e+01 9.970000e-01 6.528000e+01
 5.000000e+00 0.000000e+00 1.861927e+03 4.717660e+05 9.600000e+02
 5.200000e+02 0.000000e+00 3.740800e+01 9.960000e-01 7.875800e+01
 7.000000e+00 0.000000e+00 3.091144e+03 7.843780e+05 1.280000e+03
 7.200000e+02 0.000000e+00 5.000000e+01 9.950000e-01 6.711700e+01
 7.000000e+00 0.000000e+00 3.085402e+03 7.840780e+05 1.280000e+03
 7.200000e+02 0.000000e+00 4.446900e+01 9.970000e-01 8.176200e+01
 0.000000e+00]
deleted_idx_col 909
query_origi 401
query_idx 876
deleted_scaled [0.33333333 0.         0.04242865 0.04252873 0.09090909 0.09090909
 0.         0.47271792 0.92093023 0.5284456  0.33333333 0.
 0.04275996 0.04235087 0.09090909 0.09090909 0.         0.57837998
 0.90487805 0.50998641 0.33333333 0.         0.04512634 0.04515953
 0.09090909 0.09090909 0.         0.4480066  0.81188119 0.23658669
 0.33333333 0.         0.04302542 0.04275774 0.09090909 0.09090909
 0.         0.56759783 0.9882904  0.31099825]
deleted_not_scaled [4.000000e+00 0.000000e+00 1.162123e+03 2.972130e+05 6.400000e+02
 3.600000e+02 0.000000e+00 3.568600e+01 9.660000e-01 5.099500e+01
 4.000000e+00 0.000000e+00 1.173002e+03 2.970630e+05 6.400000e+02
 3.600000e+02 0.000000e+00 3.314900e+01 9.580000e-01 4.728900e+01
 4.000000e+00 0.000000e+00 1.174387e+03 2.978540e+05 6.400000e+02
 3.600000e+02 0.000000e+00 2.992400e+01 9.190000e-01 2.142600e+01
 4.000000e+00 0.000000e+00 1.167952e+03 2.966600e+05 6.400000e+02
 3.600000e+02 0.000000e+00 3.238800e+01 9.920000e-01 2.939400e+01
 3.000000e+01]
deleted_idx_col 876
query_origi 41
query_idx 608
deleted_scaled [4.16666667e-01 0.00000000e+00 7.85581134e-02 7.84498189e-02
 1.81818182e-01 1.71717172e-01 0.00000000e+00 5.34415904e-01
 9.00000000e-01 6.87502591e-01 0.00000000e+00 0.00000000e+00
 5.41832306e-04 6.11073091e-04 0.00000000e+00 0.00000000e+00
 0.00000000e+00 3.40411669e-01 8.26829268e-01 2.16444147e-02
 3.33333333e-01 0.00000000e+00 4.34313343e-02 4.39676889e-02
 9.09090909e-02 9.09090909e-02 0.00000000e+00 5.39868023e-01
 7.79702970e-01 6.53500878e-01 5.00000000e-01 0.00000000e+00
 1.08444407e-01 1.07488188e-01 2.72727273e-01 2.72727273e-01
 0.00000000e+00 1.53536515e-01 4.42622951e-01 2.56911601e-01]
deleted_not_scaled [5.000000e+00 0.000000e+00 1.872898e+03 4.775890e+05 9.600000e+02
 5.200000e+02 0.000000e+00 3.856600e+01 9.570000e-01 6.634400e+01
 0.000000e+00 0.000000e+00 3.426370e+02 8.750100e+04 3.200000e+02
 1.800000e+02 0.000000e+00 2.511400e+01 9.260000e-01 2.007000e+00
 4.000000e+00 0.000000e+00 1.142342e+03 2.921540e+05 6.400000e+02
 3.600000e+02 0.000000e+00 3.326500e+01 9.060000e-01 5.918300e+01
 6.000000e+00 0.000000e+00 2.455344e+03 6.218160e+05 1.280000e+03
 7.200000e+02 0.000000e+00 1.870700e+01 7.590000e-01 2.428200e+01
 1.860000e+02]
deleted_idx_col 608
query_origi 273
query_idx 204
deleted_scaled [0.00000000e+00 0.00000000e+00 1.83556115e-03 1.79211113e-03
 0.00000000e+00 0.00000000e+00 0.00000000e+00 1.49274835e-01
 5.00000000e-01 1.65803109e-04 0.00000000e+00 5.95621835e-01
 1.60216005e-03 1.67188642e-03 0.00000000e+00 0.00000000e+00
 0.00000000e+00 2.62698060e-01 5.92682927e-01 0.00000000e+00
 3.33333333e-01 0.00000000e+00 4.44986906e-02 4.50468289e-02
 9.09090909e-02 9.09090909e-02 0.00000000e+00 6.76409128e-01
 8.61386139e-01 7.70126873e-01 0.00000000e+00 0.00000000e+00
 3.05094013e-03 2.92301907e-03 0.00000000e+00 0.00000000e+00
 0.00000000e+00 4.16724675e-01 5.24590164e-01 6.66560863e-03]
deleted_not_scaled [0.00000000e+00 0.00000000e+00 3.63535000e+02 9.26560000e+04
 3.20000000e+02 1.80000000e+02 0.00000000e+00 2.05880000e+01
 7.85000000e-01 1.60000000e-02 0.00000000e+00 1.95456188e+00
 3.63492000e+02 9.28270000e+04 3.20000000e+02 1.80000000e+02
 0.00000000e+00 2.24900000e+01 8.30000000e-01 0.00000000e+00
 4.00000000e+00 0.00000000e+00 1.16252100e+03 2.97315000e+05
 6.40000000e+02 3.60000000e+02 0.00000000e+00 3.82310000e+01
 9.39000000e-01 6.97450000e+01 0.00000000e+00 0.00000000e+00
 3.81287000e+02 9.65610000e+04 3.20000000e+02 1.80000000e+02
 0.00000000e+00 2.74030000e+01 7.94000000e-01 6.30000000e-01
 8.80000000e+01]
deleted_idx_col 204
query_origi 258
query_idx 315
deleted_scaled [0.41666667 0.         0.07744151 0.07751861 0.18181818 0.17171717
 0.         0.13759935 0.6744186  0.18001036 0.41666667 0.
 0.07802248 0.07724199 0.18181818 0.17171717 0.         0.18217089
 0.6        0.14456571 0.41666667 0.00098186 0.08149002 0.08152034
 0.18181818 0.17171717 0.         0.78265054 0.93564356 0.91193975
 0.41666667 0.         0.07812043 0.07758751 0.18181818 0.17171717
 0.         0.29324173 0.71896956 0.2024758 ]
deleted_not_scaled [5.00000000e+00 0.00000000e+00 1.85093100e+03 4.72913000e+05
 9.60000000e+02 5.20000000e+02 0.00000000e+00 2.00430000e+01
 8.60000000e-01 1.73710000e+01 5.00000000e+00 0.00000000e+00
 1.86656100e+03 4.72240000e+05 9.60000000e+02 5.20000000e+02
 0.00000000e+00 1.97710000e+01 8.33000000e-01 1.34050000e+01
 5.00000000e+00 4.82697461e-03 1.86186400e+03 4.71750000e+05
 9.60000000e+02 5.20000000e+02 0.00000000e+00 4.20950000e+01
 9.69000000e-01 8.25880000e+01 5.00000000e+00 0.00000000e+00
 1.85859300e+03 4.71618000e+05 9.60000000e+02 5.20000000e+02
 0.00000000e+00 2.33230000e+01 8.77000000e-01 1.91370000e+01
 1.95000000e+02]
deleted_idx_col 315
query_origi 879
query_idx 231
deleted_scaled [0.25       0.43971241 0.02801845 0.02771828 0.05454545 0.05454545
 0.         0.35352086 0.81395349 0.19839378 0.16666667 0.41725044
 0.01798317 0.0178721  0.05454545 0.05454545 0.         0.55812232
 0.98780488 0.25737118 0.08333333 0.         0.0130171  0.0130559
 0.01818182 0.01818182 0.         0.54646687 0.88366337 0.07623422
 0.         0.         0.         0.         0.         0.
 0.         0.43055598 0.73067916 0.        ]
deleted_not_scaled [3.00000000e+00 2.06598463e+00 8.78631000e+02 2.22843000e+05
 5.12000000e+02 2.88000000e+02 0.00000000e+00 3.01220000e+01
 9.20000000e-01 1.91450000e+01 2.00000000e+00 1.36922750e+00
 6.85681000e+02 1.74163000e+05 5.12000000e+02 2.88000000e+02
 0.00000000e+00 3.24650000e+01 9.92000000e-01 2.38650000e+01
 1.00000000e+00 0.00000000e+00 5.67343000e+02 1.44318000e+05
 3.84000000e+02 2.16000000e+02 0.00000000e+00 3.35050000e+01
 9.48000000e-01 6.90400000e+00 0.00000000e+00 0.00000000e+00
 3.21247000e+02 8.18780000e+04 3.20000000e+02 1.80000000e+02
 0.00000000e+00 2.78600000e+01 8.82000000e-01 0.00000000e+00
 3.20000000e+01]
deleted_idx_col 231
query_origi 186
query_idx 104
deleted_scaled [0.41666667 0.96208746 0.07950545 0.07911377 0.18181818 0.17171717
 0.         0.21917779 0.62790698 0.31003109 0.25       0.04787334
 0.02987424 0.02981869 0.05454545 0.05454545 0.         0.54275137
 0.84634146 0.5697539  0.08333333 0.         0.00701189 0.00707662
 0.01818182 0.01818182 0.         0.35732747 0.76485149 0.00500204
 0.         0.         0.00211767 0.00215061 0.         0.
 0.         0.36463787 0.76346604 0.        ]
deleted_not_scaled [5.00000000e+00 4.52035891e+00 1.89153500e+03 4.80923000e+05
 9.60000000e+02 5.20000000e+02 0.00000000e+00 2.38510000e+01
 8.40000000e-01 2.99180000e+01 3.00000000e+00 1.57098684e-01
 9.19560000e+02 2.34143000e+05 5.12000000e+02 2.88000000e+02
 0.00000000e+00 3.19460000e+01 9.34000000e-01 5.28310000e+01
 1.00000000e+00 0.00000000e+00 4.53811000e+02 1.15722000e+05
 3.84000000e+02 2.16000000e+02 0.00000000e+00 2.66260000e+01
 9.00000000e-01 4.53000000e-01 0.00000000e+00 0.00000000e+00
 3.62921000e+02 9.26810000e+04 3.20000000e+02 1.80000000e+02
 0.00000000e+00 2.56820000e+01 8.96000000e-01 0.00000000e+00
 7.10000000e+01]
deleted_idx_col 104
query_origi 447
query_idx 664
deleted_scaled [0.41666667 0.         0.07746189 0.07726251 0.18181818 0.17171717
 0.         0.15912937 0.7        0.00761658 0.41666667 0.
 0.07714773 0.07715774 0.18181818 0.17171717 0.         0.18412557
 0.63902439 0.00092746 0.41666667 0.         0.08124814 0.0821033
 0.18181818 0.17171717 0.         0.08724223 0.53217822 0.00793922
 0.41666667 0.         0.07829371 0.0774818  0.18181818 0.17171717
 0.         0.1043552  0.58313817 0.00343861]
deleted_not_scaled [5.000000e+00 0.000000e+00 1.851332e+03 4.716270e+05 9.600000e+02
 5.200000e+02 0.000000e+00 2.104800e+01 8.710000e-01 7.350000e-01
 5.000000e+00 0.000000e+00 1.849356e+03 4.718170e+05 9.600000e+02
 5.200000e+02 0.000000e+00 1.983700e+01 8.490000e-01 8.600000e-02
 5.000000e+00 0.000000e+00 1.857291e+03 4.745380e+05 9.600000e+02
 5.200000e+02 0.000000e+00 1.680300e+01 8.060000e-01 7.190000e-01
 5.000000e+00 0.000000e+00 1.862003e+03 4.710870e+05 9.600000e+02
 5.200000e+02 0.000000e+00 1.708200e+01 8.190000e-01 3.250000e-01
 2.230000e+02]
deleted_idx_col 664
query_origi 768
query_idx 495
deleted_scaled [0.         0.43804918 0.00143288 0.00127493 0.         0.
 0.         0.16684162 0.45581395 0.00279793 0.         0.50533976
 0.00171768 0.00165994 0.         0.         0.         0.34017474
 0.4804878  0.         0.         0.20865596 0.0022697  0.00222017
 0.         0.         0.         0.24011548 0.37623762 0.
 0.         0.         0.00219476 0.00215519 0.         0.
 0.         0.29539058 0.39812646 0.        ]
deleted_not_scaled [0.00000000e+00 2.05816995e+00 3.55613000e+02 9.00590000e+04
 3.20000000e+02 1.80000000e+02 0.00000000e+00 2.14080000e+01
 7.66000000e-01 2.70000000e-01 0.00000000e+00 1.65829688e+00
 3.65764000e+02 9.27670000e+04 3.20000000e+02 1.80000000e+02
 0.00000000e+00 2.51060000e+01 7.84000000e-01 0.00000000e+00
 0.00000000e+00 1.02578581e+00 3.64157000e+02 9.24960000e+04
 3.20000000e+02 1.80000000e+02 0.00000000e+00 2.23630000e+01
 7.43000000e-01 0.00000000e+00 0.00000000e+00 0.00000000e+00
 3.64438000e+02 9.27040000e+04 3.20000000e+02 1.80000000e+02
 0.00000000e+00 2.33940000e+01 7.40000000e-01 0.00000000e+00
 2.87000000e+02]
deleted_idx_col 495
query_origi 489
query_idx 90
deleted_scaled [0.91666667 0.21971778 0.57025209 0.56765832 1.         1.
 0.         1.         1.         1.         0.91666667 0.07854106
 0.57076489 0.5690644  1.         1.         0.         1.
 0.56829268 0.39120635 0.83333333 0.         0.44177928 0.44510939
 0.63636364 0.63636364 0.         0.14118779 0.37623762 0.05761735
 0.83333333 0.         0.35907899 0.35909438 0.63636364 0.63636364
 0.         0.03973851 0.44496487 0.16303232]
deleted_not_scaled [1.10000000e+01 1.03234195e+00 1.15459950e+04 2.93412600e+06
 3.84000000e+03 2.16000000e+03 0.00000000e+00 6.02990000e+01
 1.00000000e+00 9.65000000e+01 1.10000000e+01 2.57736305e-01
 1.15580390e+04 2.94152100e+06 3.84000000e+03 2.16000000e+03
 0.00000000e+00 4.73850000e+01 8.20000000e-01 3.62750000e+01
 1.00000000e+01 0.00000000e+00 8.67334500e+03 2.21061900e+06
 2.56000000e+03 1.44000000e+03 0.00000000e+00 1.87650000e+01
 7.43000000e-01 5.21800000e+00 1.00000000e+01 0.00000000e+00
 7.38762700e+03 1.88569200e+06 2.56000000e+03 1.44000000e+03
 0.00000000e+00 1.49470000e+01 7.60000000e-01 1.54090000e+01
 3.00000000e+00]
deleted_idx_col 90
query_origi 907
query_idx 86
deleted_scaled [0.58333333 0.7185291  0.13985852 0.13846493 0.27272727 0.27272727
 0.         0.07408042 0.57674419 0.17884974 0.41666667 0.
 0.07744018 0.0768034  0.18181818 0.17171717 0.         0.29367688
 0.74878049 0.02424347 0.25       0.         0.03003953 0.0300568
 0.05454545 0.05454545 0.         0.1114105  0.61881188 0.20820865
 0.33333333 0.         0.04612962 0.04587725 0.09090909 0.09090909
 0.         0.04960504 0.52224824 0.31345289]
deleted_not_scaled [7.00000000e+00 3.37600226e+00 3.07886100e+03 7.78952000e+05
 1.28000000e+03 7.20000000e+02 0.00000000e+00 1.70780000e+01
 8.18000000e-01 1.72590000e+01 5.00000000e+00 0.00000000e+00
 1.85510800e+03 4.70038000e+05 9.60000000e+02 5.20000000e+02
 0.00000000e+00 2.35360000e+01 8.94000000e-01 2.24800000e+00
 3.00000000e+00 0.00000000e+00 8.89162000e+02 2.25625000e+05
 5.12000000e+02 2.88000000e+02 0.00000000e+00 1.76820000e+01
 8.41000000e-01 1.88560000e+01 4.00000000e+00 0.00000000e+00
 1.22904000e+03 3.12330000e+05 6.40000000e+02 3.60000000e+02
 0.00000000e+00 1.52730000e+01 7.93000000e-01 2.96260000e+01
 2.26000000e+02]
deleted_idx_col 86
query_origi 187
query_idx 266
deleted_scaled [0.         0.         0.00186718 0.00176025 0.         0.
 0.         0.1873005  0.40232558 0.         0.         0.08735589
 0.00165026 0.00164739 0.         0.         0.         0.28947135
 0.37317073 0.         0.         0.24388755 0.00225568 0.00227266
 0.         0.         0.         0.36469618 0.45049505 0.
 0.         0.         0.00212031 0.00214424 0.         0.
 0.         0.33186042 0.46838407 0.        ]
deleted_not_scaled [0.00000000e+00 0.00000000e+00 3.64157000e+02 9.24960000e+04
 3.20000000e+02 1.80000000e+02 0.00000000e+00 2.23630000e+01
 7.43000000e-01 0.00000000e+00 0.00000000e+00 2.86662596e-01
 3.64438000e+02 9.27040000e+04 3.20000000e+02 1.80000000e+02
 0.00000000e+00 2.33940000e+01 7.40000000e-01 0.00000000e+00
 0.00000000e+00 1.19898990e+00 3.63892000e+02 9.27470000e+04
 3.20000000e+02 1.80000000e+02 0.00000000e+00 2.68940000e+01
 7.73000000e-01 0.00000000e+00 0.00000000e+00 0.00000000e+00
 3.62973000e+02 9.26490000e+04 3.20000000e+02 1.80000000e+02
 0.00000000e+00 2.45990000e+01 7.70000000e-01 0.00000000e+00
 2.89000000e+02]
deleted_idx_col 266
query_origi 843
query_idx 874
deleted_scaled [0.00000000e+00 0.00000000e+00 1.90077743e-03 1.85723173e-03
 0.00000000e+00 0.00000000e+00 0.00000000e+00 1.57522655e-01
 5.18604651e-01 2.48704663e-04 4.16666667e-01 0.00000000e+00
 7.99327471e-02 7.99886310e-02 1.81818182e-01 1.71717172e-01
 0.00000000e+00 1.36798460e-01 4.75609756e-01 3.21635787e-01
 0.00000000e+00 0.00000000e+00 1.99433078e-03 2.06565085e-03
 0.00000000e+00 0.00000000e+00 0.00000000e+00 1.97003024e-01
 2.54950495e-01 8.03308194e-02 0.00000000e+00 0.00000000e+00
 3.04946649e-03 2.91206994e-03 0.00000000e+00 0.00000000e+00
 0.00000000e+00 2.06591810e-01 4.84777518e-01 2.96249273e-04]
deleted_not_scaled [0.000000e+00 0.000000e+00 3.648180e+02 9.298300e+04 3.200000e+02
 1.800000e+02 0.000000e+00 2.097300e+01 7.930000e-01 2.400000e-02
 5.000000e+00 0.000000e+00 1.904133e+03 4.860300e+05 9.600000e+02
 5.200000e+02 0.000000e+00 1.823900e+01 7.820000e-01 2.982400e+01
 0.000000e+00 0.000000e+00 3.589510e+02 9.175700e+04 3.200000e+02
 1.800000e+02 0.000000e+00 2.079500e+01 6.940000e-01 7.275000e+00
 0.000000e+00 0.000000e+00 3.812580e+02 9.650600e+04 3.200000e+02
 1.800000e+02 0.000000e+00 2.046000e+01 7.770000e-01 2.800000e-02
 1.030000e+02]
deleted_idx_col 874
