query_origi 8
query_idx 12
deleted_scaled [1.66666667e-01 0.00000000e+00 1.81388678e-02 1.81228457e-02
 5.45454545e-02 5.45454545e-02 0.00000000e+00 5.45834315e-01
 8.81395349e-01 5.06466321e-01 8.33333333e-02 4.45394773e-01
 8.67475709e-03 8.77252386e-03 1.81818182e-02 1.81818182e-02
 0.00000000e+00 3.05641937e-01 7.53658537e-01 0.00000000e+00
 8.33333333e-02 0.00000000e+00 1.12787805e-02 1.11681894e-02
 1.81818182e-02 1.81818182e-02 0.00000000e+00 2.25570525e-01
 7.10396040e-01 0.00000000e+00 0.00000000e+00 0.00000000e+00
 1.92873890e-03 1.82750903e-03 0.00000000e+00 0.00000000e+00
 0.00000000e+00 2.79561757e-01 7.21311475e-01 2.11606623e-05]
deleted_not_scaled [2.00000000e+00 0.00000000e+00 6.84270000e+02 1.74660000e+05
 5.12000000e+02 2.88000000e+02 0.00000000e+00 3.90990000e+01
 9.49000000e-01 4.88740000e+01 1.00000000e+00 1.46158451e+00
 5.02599000e+02 1.28477000e+05 3.84000000e+02 2.16000000e+02
 0.00000000e+00 2.39400000e+01 8.96000000e-01 0.00000000e+00
 1.00000000e+00 0.00000000e+00 5.34479000e+02 1.35290000e+05
 3.84000000e+02 2.16000000e+02 0.00000000e+00 2.18340000e+01
 8.78000000e-01 0.00000000e+00 0.00000000e+00 0.00000000e+00
 3.59203000e+02 9.10580000e+04 3.20000000e+02 1.80000000e+02
 0.00000000e+00 2.28710000e+01 8.78000000e-01 2.00000000e-03
 2.77000000e+02]
deleted_idx_col 12
query_origi 634
query_idx 96
deleted_scaled [1.         0.06823407 0.83214581 0.82673936 1.         1.
 1.         0.31262452 0.58372093 0.07807254 1.         0.16071157
 0.83067575 0.82653571 1.         1.         1.         0.36306827
 0.48292683 0.00786187 1.         0.13351528 0.86354877 0.86831774
 1.         1.         1.         0.15515535 0.34405941 0.07892848
 1.         0.         0.8283464  0.82669601 1.         1.
 1.         0.25550074 0.54098361 0.13796752]
deleted_not_scaled [1.20000000e+01 3.20597144e-01 1.66982310e+04 4.23508900e+06
 3.84000000e+03 2.16000000e+03 1.00000000e+00 2.82130000e+01
 8.21000000e-01 7.53400000e+00 1.20000000e+01 5.27382807e-01
 1.66700820e+04 4.23420100e+06 3.84000000e+03 2.16000000e+03
 1.00000000e+00 2.58790000e+01 7.85000000e-01 7.29000000e-01
 1.20000000e+01 6.56382343e-01 1.66471460e+04 4.23461800e+06
 3.84000000e+03 2.16000000e+03 1.00000000e+00 1.92730000e+01
 7.30000000e-01 7.14800000e+00 1.20000000e+01 0.00000000e+00
 1.66224250e+04 4.23456300e+06 3.84000000e+03 2.16000000e+03
 1.00000000e+00 2.20760000e+01 8.01000000e-01 1.30400000e+01
 7.70000000e+01]
deleted_idx_col 96
query_origi 424
query_idx 447
deleted_scaled [0.41666667 0.         0.07626492 0.07624986 0.18181818 0.17171717
 0.         0.05998415 0.26976744 0.00592746 0.41666667 0.
 0.07720106 0.07739535 0.18181818 0.17171717 0.         0.18311861
 0.26829268 0.01847378 0.5        0.         0.11298563 0.11293814
 0.27272727 0.27272727 0.         0.10478416 0.43811881 0.22693595
 0.58333333 0.         0.14092483 0.13986735 0.27272727 0.27272727
 0.         0.20120456 0.70257611 0.13476168]
deleted_not_scaled [5.000000e+00 0.000000e+00 1.827784e+03 4.665420e+05 9.600000e+02
 5.200000e+02 0.000000e+00 1.642000e+01 6.860000e-01 5.720000e-01
 5.000000e+00 0.000000e+00 1.850405e+03 4.730100e+05 9.600000e+02
 5.200000e+02 0.000000e+00 1.980300e+01 6.970000e-01 1.713000e+00
 6.000000e+00 0.000000e+00 2.457307e+03 6.220060e+05 1.280000e+03
 7.200000e+02 0.000000e+00 1.744100e+01 7.680000e-01 2.055200e+01
 7.000000e+00 0.000000e+00 3.094532e+03 7.844640e+05 1.280000e+03
 7.200000e+02 0.000000e+00 2.028200e+01 8.700000e-01 1.273700e+01
 1.490000e+02]
deleted_idx_col 447
query_origi 830
query_idx 565
deleted_scaled [0.25       0.         0.03174126 0.03160699 0.05454545 0.05454545
 0.         0.12817327 0.60930233 0.16746114 0.16666667 0.
 0.01596186 0.01598948 0.05454545 0.05454545 0.         0.18122316
 0.60487805 0.19491836 0.25       0.         0.02733086 0.02764635
 0.05454545 0.05454545 0.         0.17970855 0.63118812 0.1939313
 0.25       0.         0.02889511 0.02902912 0.05454545 0.05454545
 0.         0.30292667 0.67213115 0.24516743]
deleted_not_scaled [3.00000e+00 0.00000e+00 9.51870e+02 2.42370e+05 5.12000e+02 2.88000e+02
 0.00000e+00 1.96030e+01 8.32000e-01 1.61600e+01 2.00000e+00 0.00000e+00
 6.45925e+02 1.64711e+05 5.12000e+02 2.88000e+02 0.00000e+00 1.97390e+01
 8.35000e-01 1.80740e+01 3.00000e+00 0.00000e+00 8.37953e+02 2.14097e+05
 5.12000e+02 2.88000e+02 0.00000e+00 2.01660e+01 8.46000e-01 1.75630e+01
 3.00000e+00 0.00000e+00 8.89879e+02 2.27698e+05 5.12000e+02 2.88000e+02
 0.00000e+00 2.36430e+01 8.57000e-01 2.31720e+01 2.68000e+02]
deleted_idx_col 565
query_origi 194
query_idx 519
deleted_scaled [0.5        0.         0.0916337  0.09183101 0.27272727 0.27272727
 0.         0.18554382 0.67674419 0.27235233 0.5        0.
 0.10792759 0.10700392 0.27272727 0.27272727 0.         0.16700726
 0.58292683 0.20474301 0.5        0.         0.11314966 0.11335946
 0.27272727 0.27272727 0.         0.11811933 0.53712871 0.25097446
 0.5        0.         0.10757425 0.10698891 0.27272727 0.27272727
 0.         0.45143912 0.78220141 0.49192192]
deleted_not_scaled [6.000000e+00 0.000000e+00 2.130134e+03 5.447820e+05 1.280000e+03
 7.200000e+02 0.000000e+00 2.228100e+01 8.610000e-01 2.628200e+01
 6.000000e+00 0.000000e+00 2.454748e+03 6.216650e+05 1.280000e+03
 7.200000e+02 0.000000e+00 1.925900e+01 8.260000e-01 1.898500e+01
 6.000000e+00 0.000000e+00 2.460408e+03 6.240210e+05 1.280000e+03
 7.200000e+02 0.000000e+00 1.792600e+01 8.080000e-01 2.272900e+01
 6.000000e+00 0.000000e+00 2.438220e+03 6.193080e+05 1.280000e+03
 7.200000e+02 0.000000e+00 2.855000e+01 9.040000e-01 4.649400e+01
 6.000000e+01]
deleted_idx_col 519
query_origi 90
query_idx 753
deleted_scaled [0.16666667 0.         0.01814822 0.01809815 0.05454545 0.05454545
 0.         0.0458236  0.21395349 0.38260104 0.16666667 0.
 0.01781152 0.01790516 0.05454545 0.05454545 0.         0.58735377
 0.78292683 0.51133447 0.25       0.1072546  0.02864079 0.02903704
 0.05454545 0.05454545 0.         0.09747044 0.13861386 0.3198326
 0.16666667 0.         0.02132192 0.0210504  0.05454545 0.05454545
 0.         0.08849611 0.26932084 0.28936148]
deleted_not_scaled [2.00000000e+00 0.00000000e+00 6.84454000e+02 1.74536000e+05
 5.12000000e+02 2.88000000e+02 0.00000000e+00 1.57590000e+01
 6.62000000e-01 3.69210000e+01 2.00000000e+00 0.00000000e+00
 6.82305000e+02 1.74329000e+05 5.12000000e+02 2.88000000e+02
 0.00000000e+00 3.34520000e+01 9.08000000e-01 4.74140000e+01
 3.00000000e+00 5.27280643e-01 8.62718000e+02 2.20748000e+05
 5.12000000e+02 2.88000000e+02 0.00000000e+00 1.71750000e+01
 6.47000000e-01 2.89650000e+01 2.00000000e+00 0.00000000e+00
 7.40845000e+02 1.87619000e+05 5.12000000e+02 2.88000000e+02
 0.00000000e+00 1.65580000e+01 6.85000000e-01 2.73490000e+01
 1.41000000e+02]
deleted_idx_col 753
query_origi 507
query_idx 520
deleted_scaled [0.16666667 0.         0.01820551 0.01812125 0.05454545 0.05454545
 0.         0.14927483 0.26976744 0.27471503 0.25       0.
 0.02923576 0.02927215 0.05454545 0.05454545 0.         0.04309196
 0.23170732 0.40155943 0.25       0.         0.02695838 0.02727019
 0.05454545 0.05454545 0.         0.13112455 0.43069307 0.19242958
 0.25       0.         0.03242193 0.03201545 0.05454545 0.05454545
 0.         0.68790291 0.82669789 0.58768449]
deleted_not_scaled [2.00000e+00 0.00000e+00 6.85581e+02 1.74652e+05 5.12000e+02 2.88000e+02
 0.00000e+00 2.05880e+01 6.86000e-01 2.65100e+01 3.00000e+00 0.00000e+00
 9.07002e+02 2.31399e+05 5.12000e+02 2.88000e+02 0.00000e+00 1.50750e+01
 6.82000e-01 3.72350e+01 3.00000e+00 0.00000e+00 8.30911e+02 2.12298e+05
 5.12000e+02 2.88000e+02 0.00000e+00 1.83990e+01 7.65000e-01 1.74270e+01
 3.00000e+00 0.00000e+00 9.59284e+02 2.42699e+05 5.12000e+02 2.88000e+02
 0.00000e+00 3.63630e+01 9.23000e-01 5.55450e+01 2.38000e+02]
deleted_idx_col 520
query_origi 939
query_idx 965
deleted_scaled [0.58333333 0.         0.1406007  0.13966259 0.27272727 0.27272727
 0.         0.19259196 0.4627907  0.22415544 0.58333333 0.
 0.13998004 0.139341   0.27272727 0.27272727 0.         0.6931734
 0.86585366 0.76803701 0.58333333 0.         0.14599449 0.14685337
 0.27272727 0.27272727 0.         0.17629915 0.4950495  0.31979948
 0.58333333 0.         0.1399728  0.13976383 0.27272727 0.27272727
 0.         0.20417058 0.46604215 0.33129133]
deleted_not_scaled [7.000000e+00 0.000000e+00 3.093462e+03 7.849660e+05 1.280000e+03
 7.200000e+02 0.000000e+00 2.261000e+01 7.690000e-01 2.163100e+01
 7.000000e+00 0.000000e+00 3.085170e+03 7.840190e+05 1.280000e+03
 7.200000e+02 0.000000e+00 3.702500e+01 9.420000e-01 7.121700e+01
 7.000000e+00 0.000000e+00 3.081359e+03 7.842060e+05 1.280000e+03
 7.200000e+02 0.000000e+00 2.004200e+01 7.910000e-01 2.896200e+01
 7.000000e+00 0.000000e+00 3.075797e+03 7.839440e+05 1.280000e+03
 7.200000e+02 0.000000e+00 2.038000e+01 7.690000e-01 3.131200e+01
 8.500000e+01]
deleted_idx_col 965
query_origi 707
query_idx 787
deleted_scaled [0.41666667 0.         0.07723066 0.07739953 0.18181818 0.17171717
 0.         0.55843099 0.88139535 0.85380311 0.5        0.
 0.1079645  0.10704057 0.27272727 0.27272727 0.         0.45262846
 0.56829268 0.42710782 0.5        0.         0.11274983 0.11295863
 0.27272727 0.27272727 0.         0.22680781 0.11138614 0.36018021
 0.5        0.         0.10809861 0.10751068 0.27272727 0.27272727
 0.         0.24953845 0.15456674 0.32557795]
deleted_not_scaled [5.000000e+00 0.000000e+00 1.846783e+03 4.723150e+05 9.600000e+02
 5.200000e+02 0.000000e+00 3.968700e+01 9.490000e-01 8.239200e+01
 6.000000e+00 0.000000e+00 2.455474e+03 6.218490e+05 1.280000e+03
 7.200000e+02 0.000000e+00 2.890300e+01 8.200000e-01 3.960400e+01
 6.000000e+00 0.000000e+00 2.452849e+03 6.221040e+05 1.280000e+03
 7.200000e+02 0.000000e+00 2.187900e+01 6.360000e-01 3.261900e+01
 6.000000e+00 0.000000e+00 2.448539e+03 6.219290e+05 1.280000e+03
 7.200000e+02 0.000000e+00 2.187900e+01 6.360000e-01 3.077200e+01
 9.000000e+01]
deleted_idx_col 787
query_origi 731
query_idx 630
deleted_scaled [1.         0.         0.8275702  0.82674055 1.         1.
 1.         0.27228518 0.58372093 0.22115026 1.         0.
 0.90362401 0.90408065 1.         1.         1.         0.12287872
 0.36097561 0.11227703 1.         0.         0.85407914 0.86353009
 1.         1.         1.         0.22760517 0.58415842 0.0165741
 1.         0.         0.75991337 0.75383712 1.         1.
 1.         0.2296238  0.36065574 0.06032905]
deleted_not_scaled [1.2000000e+01 0.0000000e+00 1.6608215e+04 4.2350950e+06 3.8400000e+03
 2.1600000e+03 1.0000000e+00 2.6330000e+01 8.2100000e-01 2.1341000e+01
 1.2000000e+01 0.0000000e+00 1.8104861e+04 4.6235290e+06 3.8400000e+03
 2.1600000e+03 1.0000000e+00 1.7769000e+01 7.3500000e-01 1.0411000e+01
 1.2000000e+01 0.0000000e+00 1.6468117e+04 4.2117210e+06 3.8400000e+03
 2.1600000e+03 1.0000000e+00 2.1908000e+01 8.2700000e-01 1.5010000e+00
 1.2000000e+01 0.0000000e+00 1.5275719e+04 3.8685760e+06 3.8400000e+03
 2.1600000e+03 1.0000000e+00 2.1221000e+01 7.2400000e-01 5.7020000e+00
 2.8400000e+02]
deleted_idx_col 630
query_origi 731
query_idx 775
deleted_scaled [0.25       0.         0.02576206 0.02551772 0.05454545 0.05454545
 0.         0.24842006 0.73953488 0.12557513 0.33333333 0.
 0.04256803 0.0423933  0.09090909 0.09090909 0.         0.3805716
 0.76585366 0.25173091 0.33333333 0.         0.04485181 0.04512879
 0.09090909 0.09090909 0.         0.21710201 0.67574257 0.23368263
 0.33333333 0.         0.04284411 0.0428091  0.09090909 0.09090909
 0.         0.16385703 0.70725995 0.1507803 ]
deleted_not_scaled [3.000000e+00 0.000000e+00 8.342410e+02 2.117930e+05 5.120000e+02
 2.880000e+02 0.000000e+00 2.521600e+01 8.880000e-01 1.211800e+01
 4.000000e+00 0.000000e+00 1.169227e+03 2.972760e+05 6.400000e+02
 3.600000e+02 0.000000e+00 2.647000e+01 9.010000e-01 2.334200e+01
 4.000000e+00 0.000000e+00 1.169197e+03 2.977070e+05 6.400000e+02
 3.600000e+02 0.000000e+00 2.152600e+01 8.640000e-01 2.116300e+01
 4.000000e+00 0.000000e+00 1.164384e+03 2.969180e+05 6.400000e+02
 3.600000e+02 0.000000e+00 1.904800e+01 8.720000e-01 1.425100e+01
 1.680000e+02]
deleted_idx_col 775
query_origi 510
query_idx 90
deleted_scaled [0.91666667 0.21971778 0.57025209 0.56765832 1.         1.
 0.         1.         1.         1.         0.91666667 0.07854106
 0.57076489 0.5690644  1.         1.         0.         1.
 0.56829268 0.39120635 0.83333333 0.         0.44177928 0.44510939
 0.63636364 0.63636364 0.         0.14118779 0.37623762 0.05761735
 0.83333333 0.         0.35907899 0.35909438 0.63636364 0.63636364
 0.         0.03973851 0.44496487 0.16303232]
deleted_not_scaled [1.10000000e+01 1.03234195e+00 1.15459950e+04 2.93412600e+06
 3.84000000e+03 2.16000000e+03 0.00000000e+00 6.02990000e+01
 1.00000000e+00 9.65000000e+01 1.10000000e+01 2.57736305e-01
 1.15580390e+04 2.94152100e+06 3.84000000e+03 2.16000000e+03
 0.00000000e+00 4.73850000e+01 8.20000000e-01 3.62750000e+01
 1.00000000e+01 0.00000000e+00 8.67334500e+03 2.21061900e+06
 2.56000000e+03 1.44000000e+03 0.00000000e+00 1.87650000e+01
 7.43000000e-01 5.21800000e+00 1.00000000e+01 0.00000000e+00
 7.38762700e+03 1.88569200e+06 2.56000000e+03 1.44000000e+03
 0.00000000e+00 1.49470000e+01 7.60000000e-01 1.54090000e+01
 3.00000000e+00]
deleted_idx_col 90
query_origi 637
query_idx 960
deleted_scaled [0.83333333 0.         0.39385868 0.39344676 0.63636364 0.63636364
 0.         0.16418518 0.49767442 0.02733679 0.83333333 0.
 0.39315061 0.39338826 0.63636364 0.63636364 0.         0.25283578
 0.44146341 0.0621185  0.91666667 0.         0.59001057 0.59655762
 1.         1.         0.         0.57954358 0.73514851 0.36495037
 0.91666667 0.         0.60068316 0.59585832 1.         1.
 0.         0.43763809 0.69086651 0.10380363]
deleted_not_scaled [1.0000000e+01 0.0000000e+00 8.0758070e+03 2.0593310e+06 2.5600000e+03
 1.4400000e+03 0.0000000e+00 2.1284000e+01 7.8400000e-01 2.6380000e+00
 1.0000000e+01 0.0000000e+00 8.0646420e+03 2.0595080e+06 2.5600000e+03
 1.4400000e+03 0.0000000e+00 2.2157000e+01 7.6800000e-01 5.7600000e+00
 1.1000000e+01 0.0000000e+00 1.1475745e+04 2.9349220e+06 3.8400000e+03
 2.1600000e+03 0.0000000e+00 3.4708000e+01 8.8800000e-01 3.3051000e+01
 1.1000000e+01 0.0000000e+00 1.2142199e+04 3.0750120e+06 3.8400000e+03
 2.1600000e+03 0.0000000e+00 2.8094000e+01 8.6500000e-01 9.8110000e+00
 1.5600000e+02]
deleted_idx_col 960
query_origi 598
query_idx 533
deleted_scaled [1.         0.         0.76665657 0.76818717 1.         1.
 1.         0.18922856 0.72790698 0.00740933 0.91666667 0.
 0.54689285 0.54250324 1.         1.         0.         0.16845846
 0.28536585 0.03594461 0.91666667 0.         0.59503549 0.59649657
 1.         1.         0.         0.22449821 0.69554455 0.46112651
 1.         0.         0.91607831 0.91151432 1.         1.
 1.         0.45255894 0.79859485 0.24036396]
deleted_not_scaled [1.2000000e+01 0.0000000e+00 1.5409861e+04 3.9410720e+06 3.8400000e+03
 2.1600000e+03 1.0000000e+00 2.2453000e+01 8.8300000e-01 7.1500000e-01
 1.1000000e+01 0.0000000e+00 1.1088513e+04 2.8081660e+06 3.8400000e+03
 2.1600000e+03 0.0000000e+00 1.9308000e+01 7.0400000e-01 3.3330000e+00
 1.1000000e+01 0.0000000e+00 1.1570744e+04 2.9346300e+06 3.8400000e+03
 2.1600000e+03 0.0000000e+00 2.1795000e+01 8.7200000e-01 4.1761000e+01
 1.2000000e+01 0.0000000e+00 1.8348917e+04 4.6606250e+06 3.8400000e+03
 2.1600000e+03 1.0000000e+00 2.8587000e+01 9.1100000e-01 2.2718000e+01
 1.7300000e+02]
deleted_idx_col 533
query_origi 305
query_idx 605
deleted_scaled [1.         0.         0.82832047 0.82666249 1.         1.
 1.         0.13509287 0.15581395 0.09079793 1.         0.
 0.83878951 0.83838033 1.         1.         1.         0.04024878
 0.15609756 0.12279188 1.         0.         0.8473598  0.85588264
 1.         1.         1.         0.13282925 0.37623762 0.02321036
 1.         0.         0.96068993 0.95207885 1.         1.
 1.         0.84927817 0.8852459  0.95818653]
deleted_not_scaled [1.2000000e+01 0.0000000e+00 1.6622975e+04 4.2347030e+06 3.8400000e+03
 2.1600000e+03 1.0000000e+00 1.9926000e+01 6.3700000e-01 8.7620000e+00
 1.2000000e+01 0.0000000e+00 1.6829667e+04 4.2936690e+06 3.8400000e+03
 2.1600000e+03 1.0000000e+00 1.4979000e+01 6.5100000e-01 1.1386000e+01
 1.2000000e+01 0.0000000e+00 1.6341084e+04 4.1751470e+06 3.8400000e+03
 2.1600000e+03 1.0000000e+00 1.8461000e+01 7.4300000e-01 2.1020000e+00
 1.2000000e+01 0.0000000e+00 1.9226837e+04 4.8643900e+06 3.8400000e+03
 2.1600000e+03 1.0000000e+00 4.1695000e+01 9.4800000e-01 9.0563000e+01
 2.3800000e+02]
deleted_idx_col 605
query_origi 231
query_idx 389
deleted_scaled [1.         0.09432611 0.77393624 0.77315824 1.         1.
 1.         0.04698044 0.17906977 0.13473575 1.         0.16570031
 0.82573672 0.82657256 1.         1.         1.         0.81297201
 0.88292683 1.         1.         0.16040825 0.85837178 0.86830247
 1.         1.         1.         0.09408853 0.09158416 0.10117819
 1.         0.         0.90574023 0.89851791 1.         1.
 1.         0.08495506 0.21311475 0.09197482]
deleted_not_scaled [1.20000000e+01 4.43190329e-01 1.55530740e+04 3.96603400e+06
 3.84000000e+03 2.16000000e+03 1.00000000e+00 1.58130000e+01
 6.47000000e-01 1.30020000e+01 1.20000000e+01 5.43753595e-01
 1.65729390e+04 4.23438600e+06 3.84000000e+03 2.16000000e+03
 1.00000000e+00 4.10700000e+01 9.49000000e-01 9.27260000e+01
 1.20000000e+01 7.88592439e-01 1.65492720e+04 4.23454500e+06
 3.84000000e+03 2.16000000e+03 1.00000000e+00 1.70520000e+01
 6.28000000e-01 9.16300000e+00 1.20000000e+01 0.00000000e+00
 1.81454720e+04 4.59534100e+06 3.84000000e+03 2.16000000e+03
 1.00000000e+00 1.64410000e+01 6.61000000e-01 8.69300000e+00
 1.41000000e+02]
deleted_idx_col 389
query_origi 449
query_idx 737
deleted_scaled [1.         0.         0.80946818 0.80380117 1.         1.
 1.         0.19940444 0.66976744 0.03418653 0.91666667 0.
 0.57094706 0.56780681 1.         1.         0.         0.58963424
 0.9097561  0.51528158 1.         0.         0.86394278 0.86827864
 1.         1.         1.         0.22708276 0.35643564 0.06525844
 0.91666667 0.         0.56931249 0.56788887 1.         1.
 0.         0.22441815 0.31147541 0.04756917]
deleted_not_scaled [1.2000000e+01 0.0000000e+00 1.6252094e+04 4.1199060e+06 3.8400000e+03
 2.1600000e+03 1.0000000e+00 2.2928000e+01 8.5800000e-01 3.2990000e+00
 1.1000000e+01 0.0000000e+00 1.1561622e+04 2.9352070e+06 3.8400000e+03
 2.1600000e+03 0.0000000e+00 3.3529000e+01 9.6000000e-01 4.7780000e+01
 1.2000000e+01 0.0000000e+00 1.6654595e+04 4.2344310e+06 3.8400000e+03
 2.1600000e+03 1.0000000e+00 2.1889000e+01 7.3500000e-01 5.9100000e+00
 1.1000000e+01 0.0000000e+00 1.1524850e+04 2.9345150e+06 3.8400000e+03
 2.1600000e+03 0.0000000e+00 2.1049000e+01 7.0300000e-01 4.4960000e+00
 2.8000000e+02]
deleted_idx_col 737
query_origi 935
query_idx 136
deleted_scaled [1.         0.13702574 0.73168158 0.72984487 1.         1.
 1.         0.13072259 0.54418605 0.02379275 1.         0.1752333
 0.84922882 0.84838974 1.         1.         1.         0.84901525
 0.92439024 0.80133943 1.         0.08607532 0.86664902 0.87492828
 1.         1.         1.         0.31525983 0.78712871 0.07957996
 1.         0.         0.78058984 0.78215615 1.         1.
 1.         0.75058261 0.81498829 0.77810929]
deleted_not_scaled [1.20000000e+01 6.43814147e-01 1.47217980e+04 3.74853800e+06
 3.84000000e+03 2.16000000e+03 1.00000000e+00 1.97220000e+01
 8.04000000e-01 2.29600000e+00 1.20000000e+01 5.75036547e-01
 1.70349920e+04 4.34392300e+06 3.84000000e+03 2.16000000e+03
 1.00000000e+00 4.22870000e+01 9.66000000e-01 7.43050000e+01
 1.20000000e+01 4.23159964e-01 1.67057580e+04 4.26623300e+06
 3.84000000e+03 2.16000000e+03 1.00000000e+00 2.50960000e+01
 9.09000000e-01 7.20700000e+00 1.20000000e+01 0.00000000e+00
 1.56826150e+04 4.01082900e+06 3.84000000e+03 2.16000000e+03
 1.00000000e+00 3.84340000e+01 9.18000000e-01 7.35430000e+01
 1.85000000e+02]
deleted_idx_col 136
query_origi 537
query_idx 956
deleted_scaled [0.91666667 0.         0.55408038 0.55491161 1.         1.
 0.         0.56423659 0.89767442 0.92324352 1.         0.
 0.79254346 0.78581789 1.         1.         1.         0.11091367
 0.55853659 0.06331557 0.91666667 0.         0.63165619 0.63289188
 1.         1.         0.         0.12719274 0.17821782 0.07808929
 0.91666667 0.         0.5727449  0.56958201 1.         1.
 0.         0.2093157  0.55503513 0.05887954]
deleted_not_scaled [1.1000000e+01 0.0000000e+00 1.1227849e+04 2.8701190e+06 3.8400000e+03
 2.1600000e+03 0.0000000e+00 3.9958000e+01 9.5600000e-01 8.9093000e+01
 1.2000000e+01 0.0000000e+00 1.5920079e+04 4.0297700e+06 3.8400000e+03
 2.1600000e+03 1.0000000e+00 1.7365000e+01 8.1600000e-01 5.8710000e+00
 1.1000000e+01 0.0000000e+00 1.2263080e+04 3.1086910e+06 3.8400000e+03
 2.1600000e+03 0.0000000e+00 1.8256000e+01 6.6300000e-01 7.0720000e+00
 1.1000000e+01 0.0000000e+00 1.1592397e+04 2.9430200e+06 3.8400000e+03
 2.1600000e+03 0.0000000e+00 2.0550000e+01 8.0700000e-01 5.5650000e+00
 2.4800000e+02]
deleted_idx_col 956
query_origi 400
query_idx 644
deleted_scaled [1.         0.         0.84942477 0.84475686 1.         1.
 1.         0.05490692 0.4        0.01918135 1.         0.
 0.81720118 0.81394478 1.         1.         1.         0.82508515
 0.91707317 0.87264629 0.91666667 0.         0.58312113 0.58692357
 1.         1.         0.         0.21836679 0.5        0.02188532
 1.         0.         0.80826757 0.80746456 1.         1.
 1.         0.23122787 0.49180328 0.02946622]
deleted_not_scaled [1.2000000e+01 0.0000000e+00 1.7038160e+04 4.3255630e+06 3.8400000e+03
 2.1600000e+03 1.0000000e+00 1.6183000e+01 7.4200000e-01 1.8510000e+00
 1.2000000e+01 0.0000000e+00 1.6405058e+04 4.1709860e+06 3.8400000e+03
 2.1600000e+03 1.0000000e+00 4.1479000e+01 9.6300000e-01 8.0917000e+01
 1.1000000e+01 0.0000000e+00 1.1345496e+04 2.8888470e+06 3.8400000e+03
 2.1600000e+03 0.0000000e+00 2.1572000e+01 7.9300000e-01 1.9820000e+00
 1.2000000e+01 0.0000000e+00 1.6227290e+04 4.1379590e+06 3.8400000e+03
 2.1600000e+03 1.0000000e+00 2.1274000e+01 7.8000000e-01 2.7850000e+00
 1.5300000e+02]
deleted_idx_col 644
query_origi 594
query_idx 312
deleted_scaled [0.33333333 0.         0.04247389 0.04237141 0.09090909 0.09090909
 0.         0.14618994 0.47674419 0.29516062 0.33333333 0.83156016
 0.04217135 0.04225845 0.09090909 0.09090909 0.         0.2620465
 0.59512195 0.37342277 0.33333333 0.11874465 0.04449869 0.04504683
 0.09090909 0.09090909 0.         0.67640913 0.86138614 0.77012687
 0.25       0.         0.03006629 0.02972609 0.05454545 0.05454545
 0.         0.44556763 0.56440281 0.40759668]
deleted_not_scaled [4.00000000e+00 0.00000000e+00 1.16301300e+03 2.96423000e+05
 6.40000000e+02 3.60000000e+02 0.00000000e+00 2.04440000e+01
 7.75000000e-01 2.84830000e+01 4.00000000e+00 2.72880492e+00
 1.16142500e+03 2.96599000e+05 6.40000000e+02 3.60000000e+02
 0.00000000e+00 2.24680000e+01 8.31000000e-01 3.46260000e+01
 4.00000000e+00 5.83767579e-01 1.16252100e+03 2.97315000e+05
 6.40000000e+02 3.60000000e+02 0.00000000e+00 3.82310000e+01
 9.39000000e-01 6.97450000e+01 3.00000000e+00 0.00000000e+00
 9.12927000e+02 2.31199000e+05 5.12000000e+02 2.88000000e+02
 0.00000000e+00 2.83560000e+01 8.11000000e-01 3.85240000e+01
 8.80000000e+01]
deleted_idx_col 312
query_origi 45
query_idx 9
deleted_scaled [1.         0.07339868 0.91099752 0.9032732  1.         1.
 1.         0.20349622 0.44883721 0.01954404 1.         0.17645214
 0.75532888 0.75004979 1.         1.         1.         0.27575892
 0.4        0.02995923 1.         0.76382005 0.86529905 0.86833384
 1.         1.         1.         0.4805609  0.69059406 0.4244559
 1.         0.         0.8909513  0.88739956 1.         1.
 1.         0.31031143 0.44496487 0.00627414]
deleted_not_scaled [1.20000000e+01 3.44862994e-01 1.82494810e+04 4.61940000e+06
 3.84000000e+03 2.16000000e+03 1.00000000e+00 2.31190000e+01
 7.63000000e-01 1.88600000e+00 1.20000000e+01 5.79036254e-01
 1.51881260e+04 3.85019000e+06 3.84000000e+03 2.16000000e+03
 1.00000000e+00 2.29310000e+01 7.51000000e-01 2.77800000e+00
 1.20000000e+01 3.75506067e+00 1.66802360e+04 4.23469500e+06
 3.84000000e+03 2.16000000e+03 1.00000000e+00 3.11080000e+01
 8.70000000e-01 3.84400000e+01 1.20000000e+01 0.00000000e+00
 1.78544380e+04 4.53949100e+06 3.84000000e+03 2.16000000e+03
 1.00000000e+00 2.38870000e+01 7.60000000e-01 5.93000000e-01
 1.21000000e+02]
deleted_idx_col 9
query_origi 671
query_idx 971
deleted_scaled [0.91666667 0.         0.57153344 0.56951017 1.         1.
 0.         0.23526639 0.69534884 0.06897409 1.         0.
 0.89347191 0.89169526 1.         1.         1.         0.31186139
 0.66829268 0.05452624 1.         0.         0.80576449 0.81265138
 1.         1.         1.         0.42320594 0.74009901 0.12777845
 1.         0.         0.76634784 0.76712001 1.         1.
 1.         0.3713568  0.66276347 0.17403587]
deleted_not_scaled [1.1000000e+01 0.0000000e+00 1.1571203e+04 2.9434250e+06 3.8400000e+03
 2.1600000e+03 0.0000000e+00 2.4602000e+01 8.6900000e-01 6.6560000e+00
 1.2000000e+01 0.0000000e+00 1.7905185e+04 4.5613460e+06 3.8400000e+03
 2.1600000e+03 1.0000000e+00 2.4150000e+01 8.6100000e-01 5.0560000e+00
 1.2000000e+01 0.0000000e+00 1.5554700e+04 3.9683930e+06 3.8400000e+03
 2.1600000e+03 1.0000000e+00 2.9022000e+01 8.9000000e-01 1.1572000e+01
 1.2000000e+01 0.0000000e+00 1.5402344e+04 3.9352990e+06 3.8400000e+03
 2.1600000e+03 1.0000000e+00 2.5904000e+01 8.5300000e-01 1.6449000e+01
 6.4000000e+01]
deleted_idx_col 971
query_origi 846
query_idx 206
deleted_scaled [1.         0.1290645  0.84926373 0.84841317 1.         1.
 1.         0.61413055 0.92093023 0.77       1.         0.13462823
 0.83248962 0.83291573 1.         1.         1.         0.33987857
 0.78536585 0.07772362 1.         0.12302871 0.81253047 0.82152455
 1.         1.         1.         0.68199065 0.80940594 0.81206453
 1.         0.         0.83331028 0.82665719 1.         1.
 1.         0.15577616 0.42388759 0.03134952]
deleted_not_scaled [1.20000000e+01 6.06408352e-01 1.70349920e+04 4.34392300e+06
 3.84000000e+03 2.16000000e+03 1.00000000e+00 4.22870000e+01
 9.66000000e-01 7.43050000e+01 1.20000000e+01 4.41789066e-01
 1.67057580e+04 4.26623300e+06 3.84000000e+03 2.16000000e+03
 1.00000000e+00 2.50960000e+01 9.09000000e-01 7.20700000e+00
 1.20000000e+01 6.04828658e-01 1.56826150e+04 4.01082900e+06
 3.84000000e+03 2.16000000e+03 1.00000000e+00 3.84340000e+01
 9.18000000e-01 7.35430000e+01 1.20000000e+01 0.00000000e+00
 1.67201100e+04 4.23436800e+06 3.84000000e+03 2.16000000e+03
 1.00000000e+00 1.87810000e+01 7.51000000e-01 2.96300000e+00
 1.86000000e+02]
deleted_idx_col 206
query_origi 379
query_idx 273
deleted_scaled [1.         0.13586465 0.78359664 0.78124176 1.         1.
 1.         0.56667881 0.84883721 0.92832124 1.         0.14825281
 0.8156376  0.81442579 1.         1.         1.         0.2046794
 0.42926829 0.01231586 1.         0.03180562 0.92292269 0.93127294
 1.         1.         1.         0.12521309 0.44306931 0.06106246
 1.         0.         0.76560512 0.76675948 1.         1.
 1.         0.20250598 0.19672131 0.17704068]
deleted_not_scaled [1.20000000e+01 6.38358794e-01 1.57431230e+04 4.00662500e+06
 3.84000000e+03 2.16000000e+03 1.00000000e+00 4.00720000e+01
 9.35000000e-01 8.95830000e+01 1.20000000e+01 4.86498784e-01
 1.63743050e+04 4.17340100e+06 3.84000000e+03 2.16000000e+03
 1.00000000e+00 2.05310000e+01 7.63000000e-01 1.14200000e+00
 1.20000000e+01 1.56361491e-01 1.77696450e+04 4.53570200e+06
 3.84000000e+03 2.16000000e+03 1.00000000e+00 1.81840000e+01
 7.70000000e-01 5.53000000e+00 1.20000000e+01 0.00000000e+00
 1.53877280e+04 3.93348800e+06 3.84000000e+03 2.16000000e+03
 1.00000000e+00 2.03250000e+01 6.54000000e-01 1.67330000e+01
 1.02000000e+02]
deleted_idx_col 273
query_origi 856
query_idx 638
deleted_scaled [0.         0.         0.00177802 0.00159934 0.         0.
 0.         0.74395338 0.99302326 0.67647668 0.08333333 0.
 0.00881    0.0086815  0.01818182 0.01818182 0.         0.58394788
 0.99268293 0.16319048 0.25       0.         0.02925595 0.02927081
 0.05454545 0.05454545 0.         0.69477591 0.99009901 0.52422071
 0.33333333 0.         0.04297882 0.04274042 0.09090909 0.09090909
 0.         0.67858116 0.98594848 0.51712427]
deleted_not_scaled [0.000000e+00 0.000000e+00 3.624030e+02 9.168800e+04 3.200000e+02
 1.800000e+02 0.000000e+00 4.834700e+01 9.970000e-01 6.528000e+01
 1.000000e+00 0.000000e+00 5.052590e+02 1.280200e+05 3.840000e+02
 2.160000e+02 0.000000e+00 3.333700e+01 9.940000e-01 1.513200e+01
 3.000000e+00 0.000000e+00 8.743480e+02 2.218660e+05 5.120000e+02
 2.880000e+02 0.000000e+00 3.889900e+01 9.910000e-01 4.747500e+01
 4.000000e+00 0.000000e+00 1.167035e+03 2.965730e+05 6.400000e+02
 3.600000e+02 0.000000e+00 3.605500e+01 9.910000e-01 4.887600e+01
 0.000000e+00]
deleted_idx_col 638
query_origi 162
query_idx 626
deleted_scaled [0.25       0.         0.02839866 0.02809606 0.05454545 0.05454545
 0.         0.05332162 0.45813953 0.15275648 0.5        0.
 0.10761292 0.1070575  0.27272727 0.27272727 0.         0.7523471
 0.86097561 0.88494058 0.         0.         0.00235026 0.00232974
 0.         0.         0.         0.16183668 0.71287129 0.00821528
 0.41666667 0.         0.07775146 0.0775893  0.18181818 0.17171717
 0.         0.22438788 0.70491803 0.00777654]
deleted_not_scaled [3.000000e+00 0.000000e+00 8.861110e+02 2.247400e+05 5.120000e+02
 2.880000e+02 0.000000e+00 1.610900e+01 7.670000e-01 1.474100e+01
 6.000000e+00 0.000000e+00 2.448559e+03 6.219340e+05 1.280000e+03
 7.200000e+02 0.000000e+00 3.902300e+01 9.400000e-01 8.205700e+01
 0.000000e+00 0.000000e+00 3.656800e+02 9.302000e+04 3.200000e+02
 1.800000e+02 0.000000e+00 1.951600e+01 8.790000e-01 7.440000e-01
 5.000000e+00 0.000000e+00 1.851332e+03 4.716270e+05 9.600000e+02
 5.200000e+02 0.000000e+00 2.104800e+01 8.710000e-01 7.350000e-01
 2.200000e+02]
deleted_idx_col 626
query_origi 928
query_idx 414
deleted_scaled [0.5        0.         0.10754479 0.10722616 0.27272727 0.27272727
 0.         0.03376251 0.20232558 0.45210363 0.5        0.
 0.10714145 0.10707423 0.27272727 0.27272727 0.         0.06435658
 0.16341463 0.43884132 0.5        0.11847631 0.11174266 0.11290301
 0.27272727 0.27272727 0.         0.66750069 0.8539604  0.92510186
 0.41666667 0.         0.07765522 0.07790743 0.18181818 0.17171717
 0.         0.10483944 0.16159251 0.08597577]
deleted_not_scaled [6.00000000e+00 0.00000000e+00 2.44315300e+03 6.22088000e+05
 1.28000000e+03 7.20000000e+02 0.00000000e+00 1.51960000e+01
 6.57000000e-01 4.36280000e+01 6.00000000e+00 0.00000000e+00
 2.43928600e+03 6.22018000e+05 1.28000000e+03 7.20000000e+02
 0.00000000e+00 1.57930000e+01 6.54000000e-01 4.06920000e+01
 6.00000000e+00 5.82448354e-01 2.43380800e+03 6.21838000e+05
 1.28000000e+03 7.20000000e+02 0.00000000e+00 3.79070000e+01
 9.36000000e-01 8.37800000e+01 5.00000000e+00 0.00000000e+00
 1.84943800e+03 4.73225000e+05 9.60000000e+02 5.20000000e+02
 0.00000000e+00 1.70980000e+01 6.39000000e-01 8.12600000e+00
 1.40000000e+02]
deleted_idx_col 414
query_origi 44
query_idx 863
deleted_scaled [1.         0.         0.82340708 0.82093586 1.         1.
 1.         0.1952484  0.44418605 0.11318135 1.         0.
 0.82168724 0.82046621 1.         1.         1.         0.24398045
 0.27804878 0.0834286  1.         0.         0.93754144 0.94602355
 1.         1.         1.         0.47159747 0.70792079 0.47770061
 0.91666667 0.         0.52203562 0.52283799 1.         1.
 0.         0.38137466 0.56206089 0.12170555]
deleted_not_scaled [1.2000000e+01 0.0000000e+00 1.6526314e+04 4.2059470e+06 3.8400000e+03
 2.1600000e+03 1.0000000e+00 2.2734000e+01 7.6100000e-01 1.0922000e+01
 1.2000000e+01 0.0000000e+00 1.6493292e+04 4.2037280e+06 3.8400000e+03
 2.1600000e+03 1.0000000e+00 2.1858000e+01 7.0100000e-01 7.7360000e+00
 1.2000000e+01 0.0000000e+00 1.8046021e+04 4.6062470e+06 3.8400000e+03
 2.1600000e+03 1.0000000e+00 3.0782000e+01 8.7700000e-01 4.3262000e+01
 1.1000000e+01 0.0000000e+00 1.0594480e+04 2.7082140e+06 3.8400000e+03
 2.1600000e+03 0.0000000e+00 2.6235000e+01 8.1000000e-01 1.1503000e+01
 1.1700000e+02]
deleted_idx_col 863
query_origi 255
query_idx 446
deleted_scaled [1.         0.05228403 0.77909036 0.7748002  1.         1.
 1.         0.06409735 0.31627907 0.03689119 1.         0.01893309
 0.86302813 0.85958943 1.         1.         1.         0.12672886
 0.44390244 0.02388758 1.         0.02964444 0.82830856 0.83371688
 1.         1.         1.         0.41091559 0.80940594 0.38261763
 1.         0.         0.82742965 0.82660742 1.         1.
 1.         0.15910535 0.54332553 0.06210654]
deleted_not_scaled [1.20000000e+01 2.45656023e-01 1.56544710e+04 3.97427900e+06
 3.84000000e+03 2.16000000e+03 1.00000000e+00 1.66120000e+01
 7.06000000e-01 3.56000000e+00 1.20000000e+01 6.21298657e-02
 1.73064030e+04 4.40015300e+06 3.84000000e+03 2.16000000e+03
 1.00000000e+00 1.78990000e+01 7.69000000e-01 2.21500000e+00
 1.20000000e+01 1.45736772e-01 1.59809090e+04 4.06913900e+06
 3.84000000e+03 2.16000000e+03 1.00000000e+00 2.85750000e+01
 9.18000000e-01 3.46510000e+01 1.20000000e+01 0.00000000e+00
 1.66043840e+04 4.23411800e+06 3.84000000e+03 2.16000000e+03
 1.00000000e+00 1.88910000e+01 8.02000000e-01 5.87000000e+00
 2.50000000e+01]
deleted_idx_col 446
query_origi 548
query_idx 106
deleted_scaled [1.         0.23232535 0.83033836 0.82660254 1.         1.
 1.         0.33996015 0.69767442 0.26689119 1.         0.36934205
 0.82902778 0.82655284 1.         1.         1.         0.33271139
 0.4902439  0.02833078 1.         0.07581307 0.91456992 0.92146387
 1.         1.         1.         0.23194941 0.55693069 0.03692457
 1.         0.         0.77614265 0.77614806 1.         1.
 1.         0.93217518 0.94145199 0.86082632]
deleted_not_scaled [1.20000000e+01 1.09157850e+00 1.66626730e+04 4.23440200e+06
 3.84000000e+03 2.16000000e+03 1.00000000e+00 2.94890000e+01
 8.70000000e-01 2.57550000e+01 1.20000000e+01 1.21201380e+00
 1.66376690e+04 4.23428700e+06 3.84000000e+03 2.16000000e+03
 1.00000000e+00 2.48540000e+01 7.88000000e-01 2.62700000e+00
 1.20000000e+01 3.72709115e-01 1.76117310e+04 4.48879000e+06
 3.84000000e+03 2.16000000e+03 1.00000000e+00 2.20660000e+01
 8.16000000e-01 3.34400000e+00 1.20000000e+01 0.00000000e+00
 1.55950980e+04 3.98064900e+06 3.84000000e+03 2.16000000e+03
 1.00000000e+00 4.44340000e+01 9.72000000e-01 8.13610000e+01
 2.74000000e+02]
deleted_idx_col 106
query_origi 811
query_idx 802
deleted_scaled [1.         0.53981463 0.769784   0.76323303 1.         1.
 1.         0.         0.4        0.16212435 1.         0.1349734
 0.87042927 0.86435412 1.         1.         1.         0.01839183
 0.37073171 0.20330867 1.         0.14043041 0.75978655 0.76282694
 1.         1.         1.         0.05628265 0.11138614 0.08926383
 1.         0.         0.80249375 0.79969167 1.         1.
 1.         0.15695651 0.11241218 0.09127652]
deleted_not_scaled [1.20000000e+01 2.53631397e+00 1.54713870e+04 3.91619500e+06
 3.84000000e+03 2.16000000e+03 1.00000000e+00 1.36200000e+01
 7.42000000e-01 1.56450000e+01 1.20000000e+01 4.42921755e-01
 1.74519720e+04 4.42407500e+06 3.84000000e+03 2.16000000e+03
 1.00000000e+00 1.42410000e+01 7.39000000e-01 1.88520000e+01
 1.20000000e+01 6.90378186e-01 1.46854600e+04 3.73010700e+06
 3.84000000e+03 2.16000000e+03 1.00000000e+00 1.56770000e+01
 6.36000000e-01 8.08400000e+00 1.20000000e+01 0.00000000e+00
 1.61136660e+04 4.09891400e+06 3.84000000e+03 2.16000000e+03
 1.00000000e+00 1.88200000e+01 6.18000000e-01 8.62700000e+00
 2.34000000e+02]
deleted_idx_col 802
query_origi 872
query_idx 814
deleted_scaled [0.16666667 0.         0.01850119 0.01826145 0.05454545 0.05454545
 0.         0.35352086 0.81395349 0.19865285 0.5        0.
 0.10755643 0.10700133 0.27272727 0.27272727 0.         0.54669036
 0.99268293 0.44505317 0.         0.         0.00457436 0.00456622
 0.         0.         0.         0.53252681 0.88366337 0.01193644
 0.         0.         0.         0.         0.         0.
 0.         0.43055598 0.73067916 0.        ]
deleted_not_scaled [2.000000e+00 0.000000e+00 6.913980e+02 1.753560e+05 5.120000e+02
 2.880000e+02 0.000000e+00 3.012200e+01 9.200000e-01 1.917000e+01
 6.000000e+00 0.000000e+00 2.447448e+03 6.216520e+05 1.280000e+03
 7.200000e+02 0.000000e+00 3.207900e+01 9.940000e-01 4.126800e+01
 0.000000e+00 0.000000e+00 4.077280e+02 1.037160e+05 3.200000e+02
 1.800000e+02 0.000000e+00 3.299800e+01 9.480000e-01 1.081000e+00
 0.000000e+00 0.000000e+00 3.212470e+02 8.187800e+04 3.200000e+02
 1.800000e+02 0.000000e+00 2.786000e+01 8.820000e-01 0.000000e+00
 3.200000e+01]
deleted_idx_col 814
query_origi 353
query_idx 891
deleted_scaled [0.5        0.         0.10792816 0.10718155 0.27272727 0.27272727
 0.         0.77936545 0.98837209 0.65370984 0.5        0.
 0.10747803 0.1069842  0.27272727 0.27272727 0.         0.91363838
 1.         0.80238552 0.41666667 0.         0.08173371 0.08220345
 0.18181818 0.17171717 0.         0.6571625  0.59405941 0.56876429
 0.41666667 0.         0.0796243  0.0795054  0.18181818 0.17171717
 0.         0.15692624 0.44262295 0.33453949]
deleted_not_scaled [6.000000e+00 0.000000e+00 2.450695e+03 6.218640e+05 1.280000e+03
 7.200000e+02 0.000000e+00 5.000000e+01 9.950000e-01 6.308300e+01
 6.000000e+00 0.000000e+00 2.445906e+03 6.215660e+05 1.280000e+03
 7.200000e+02 0.000000e+00 4.446900e+01 9.970000e-01 7.440200e+01
 5.000000e+00 0.000000e+00 1.866471e+03 4.750170e+05 9.600000e+02
 5.200000e+02 0.000000e+00 3.753100e+01 8.310000e-01 5.150900e+01
 5.000000e+00 0.000000e+00 1.888188e+03 4.812520e+05 9.600000e+02
 5.200000e+02 0.000000e+00 1.881900e+01 7.590000e-01 3.161900e+01
 2.000000e+00]
deleted_idx_col 891
query_origi 203
query_idx 540
deleted_scaled [1.         0.         0.84942477 0.84475686 1.         1.
 1.         0.05490692 0.4        0.01918135 1.         0.
 0.81720118 0.81394478 1.         1.         1.         0.82508515
 0.91707317 0.87264629 1.         0.         0.83879974 0.84427682
 1.         1.         1.         0.21817432 0.4950495  0.02219449
 1.         0.         0.80826757 0.80746456 1.         1.
 1.         0.23122787 0.49180328 0.02946622]
deleted_not_scaled [1.2000000e+01 0.0000000e+00 1.7038160e+04 4.3255630e+06 3.8400000e+03
 2.1600000e+03 1.0000000e+00 1.6183000e+01 7.4200000e-01 1.8510000e+00
 1.2000000e+01 0.0000000e+00 1.6405058e+04 4.1709860e+06 3.8400000e+03
 2.1600000e+03 1.0000000e+00 4.1479000e+01 9.6300000e-01 8.0917000e+01
 1.2000000e+01 0.0000000e+00 1.6179251e+04 4.1196420e+06 3.8400000e+03
 2.1600000e+03 1.0000000e+00 2.1565000e+01 7.9100000e-01 2.0100000e+00
 1.2000000e+01 0.0000000e+00 1.6227290e+04 4.1379590e+06 3.8400000e+03
 2.1600000e+03 1.0000000e+00 2.1274000e+01 7.8000000e-01 2.7850000e+00
 1.5300000e+02]
deleted_idx_col 540
query_origi 69
query_idx 153
deleted_scaled [1.         0.17798595 0.81640739 0.81110085 1.         1.
 1.         0.05411427 0.43023256 0.0192228  1.         0.46596187
 0.83073142 0.82659108 1.         1.         1.         0.79318821
 0.87804878 0.96556521 1.         0.25633486 0.91806408 0.92313621
 1.         1.         1.         0.16032444 0.69554455 0.1110056
 1.         0.         0.81001027 0.80839623 1.         1.
 1.         0.22417602 0.69789227 0.00896154]
deleted_not_scaled [1.20000000e+01 8.36265331e-01 1.63886090e+04 4.15656100e+06
 3.84000000e+03 2.16000000e+03 1.00000000e+00 1.61460000e+01
 7.55000000e-01 1.85500000e+00 1.20000000e+01 1.52907642e+00
 1.66711770e+04 4.23447900e+06 3.84000000e+03 2.16000000e+03
 1.00000000e+00 4.04020000e+01 9.47000000e-01 8.95330000e+01
 1.20000000e+01 1.26018286e+00 1.76777900e+04 4.49678800e+06
 3.84000000e+03 2.16000000e+03 1.00000000e+00 1.94610000e+01
 8.72000000e-01 1.00530000e+01 1.20000000e+01 0.00000000e+00
 1.62615850e+04 4.14263900e+06 3.84000000e+03 2.16000000e+03
 1.00000000e+00 2.10410000e+01 8.68000000e-01 8.47000000e-01
 2.20000000e+02]
deleted_idx_col 153
query_origi 837
query_idx 894
deleted_scaled [1.         0.48159156 0.83157945 0.82659199 1.         1.
 1.         0.21634996 0.63255814 0.06961658 1.         0.01838188
 0.83030368 0.82658033 1.         1.         1.         0.4722938
 0.82195122 0.48435175 1.         0.00991258 0.86599154 0.87121036
 1.         1.         1.         0.1805609  0.50742574 0.05030752
 1.         0.         0.82516726 0.82393523 1.         1.
 1.         0.18029115 0.28337237 0.00337513]
deleted_not_scaled [1.20000000e+01 2.26275345e+00 1.66870890e+04 4.23434900e+06
 3.84000000e+03 2.16000000e+03 1.00000000e+00 2.37190000e+01
 8.42000000e-01 6.71800000e+00 1.20000000e+01 6.03210228e-02
 1.66627640e+04 4.23442500e+06 3.84000000e+03 2.16000000e+03
 1.00000000e+00 2.95670000e+01 9.24000000e-01 4.49120000e+01
 1.20000000e+01 4.87318286e-02 1.66933280e+04 4.24845200e+06
 3.84000000e+03 2.16000000e+03 1.00000000e+00 2.01970000e+01
 7.96000000e-01 4.55600000e+00 1.20000000e+01 0.00000000e+00
 1.65598620e+04 4.22069500e+06 3.84000000e+03 2.16000000e+03
 1.00000000e+00 1.95910000e+01 6.91000000e-01 3.19000000e-01
 1.70000000e+01]
deleted_idx_col 894
query_origi 334
query_idx 833
deleted_scaled [0.91666667 0.         0.53092306 0.53171991 1.         1.
 0.         0.14458322 0.2        0.16870466 0.91666667 0.
 0.59613527 0.59105666 1.         1.         0.         0.20130312
 0.44634146 0.19893018 0.91666667 0.         0.61108371 0.61227614
 1.         1.         0.         0.03329667 0.3539604  0.06264148
 0.91666667 0.         0.55141535 0.54864588 1.         1.
 0.         0.1043552  0.27166276 0.06096387]
deleted_not_scaled [1.1000000e+01 0.0000000e+00 1.0772275e+04 2.7536630e+06 3.8400000e+03
 2.1600000e+03 0.0000000e+00 2.0369000e+01 6.5600000e-01 1.6280000e+01
 1.1000000e+01 0.0000000e+00 1.2057035e+04 3.0519370e+06 3.8400000e+03
 2.1600000e+03 0.0000000e+00 2.0417000e+01 7.7000000e-01 1.8446000e+01
 1.1000000e+01 0.0000000e+00 1.1874145e+04 3.0100960e+06 3.8400000e+03
 2.1600000e+03 0.0000000e+00 1.4841000e+01 7.3400000e-01 5.6730000e+00
 1.1000000e+01 0.0000000e+00 1.1172649e+04 2.8378530e+06 3.8400000e+03
 2.1600000e+03 0.0000000e+00 1.7082000e+01 6.8600000e-01 5.7620000e+00
 1.0500000e+02]
deleted_idx_col 833
query_origi 85
query_idx 76
deleted_scaled [0.00000000e+00 1.32737025e-01 1.83708608e-03 1.82078809e-03
 0.00000000e+00 0.00000000e+00 0.00000000e+00 7.38447696e-02
 4.30232558e-01 1.67461140e-02 0.00000000e+00 1.30694056e-01
 1.92501218e-03 2.01327471e-03 0.00000000e+00 0.00000000e+00
 0.00000000e+00 4.55501259e-02 3.95121951e-01 1.72551388e-04
 0.00000000e+00 1.39289231e-01 2.31561141e-03 2.19947174e-03
 0.00000000e+00 0.00000000e+00 0.00000000e+00 3.29804784e-01
 6.78217822e-01 0.00000000e+00 0.00000000e+00 0.00000000e+00
 2.25487038e-03 2.15140415e-03 0.00000000e+00 0.00000000e+00
 0.00000000e+00 4.74955358e-01 6.74473068e-01 2.26736497e-02]
deleted_not_scaled [0.00000000e+00 6.23663668e-01 3.63565000e+02 9.28000000e+04
 3.20000000e+02 1.80000000e+02 0.00000000e+00 1.70670000e+01
 7.55000000e-01 1.61600000e+00 0.00000000e+00 4.28878870e-01
 3.69842000e+02 9.45410000e+04 3.20000000e+02 1.80000000e+02
 0.00000000e+00 1.51580000e+01 7.49000000e-01 1.60000000e-02
 0.00000000e+00 6.84767977e-01 3.65025000e+02 9.23970000e+04
 3.20000000e+02 1.80000000e+02 0.00000000e+00 2.56250000e+01
 8.65000000e-01 0.00000000e+00 0.00000000e+00 0.00000000e+00
 3.65621000e+02 9.26850000e+04 3.20000000e+02 1.80000000e+02
 0.00000000e+00 2.93270000e+01 8.58000000e-01 2.14300000e+00
 2.62000000e+02]
deleted_idx_col 76
query_origi 804
query_idx 133
deleted_scaled [1.         0.06425106 0.83882684 0.83840531 1.         1.
 1.         0.02911373 0.18837209 0.11798964 1.         0.24353603
 0.81394855 0.81477355 1.         1.         1.         0.14337332
 0.3804878  0.02266894 1.         0.02986542 1.         1.
 1.         1.         1.         0.77165246 0.88366337 1.
 1.         0.         0.8058257  0.79979121 1.         1.
 1.         0.08680125 0.52459016 0.11470137]
deleted_not_scaled [1.20000000e+01 3.01883015e-01 1.68296670e+04 4.29366900e+06
 3.84000000e+03 2.16000000e+03 1.00000000e+00 1.49790000e+01
 6.51000000e-01 1.13860000e+01 1.20000000e+01 7.99175276e-01
 1.63410840e+04 4.17514700e+06 3.84000000e+03 2.16000000e+03
 1.00000000e+00 1.84610000e+01 7.43000000e-01 2.10200000e+00
 1.20000000e+01 1.46823144e-01 1.92268370e+04 4.86439000e+06
 3.84000000e+03 2.16000000e+03 1.00000000e+00 4.16950000e+01
 9.48000000e-01 9.05630000e+01 1.20000000e+01 0.00000000e+00
 1.61792360e+04 4.09941400e+06 3.84000000e+03 2.16000000e+03
 1.00000000e+00 1.65020000e+01 7.94000000e-01 1.08410000e+01
 2.39000000e+02]
deleted_idx_col 133
query_origi 92
query_idx 475
deleted_scaled [1.         0.         0.8252157  0.82026553 1.         1.
 1.         0.08642002 0.61162791 0.00251813 0.91666667 0.
 0.57492917 0.57234683 1.         1.         0.         0.04880794
 0.4902439  0.04743006 1.         0.         0.89627142 0.90167364
 1.         1.         1.         0.0719824  0.39108911 0.05291344
 1.         0.         0.75020849 0.74908839 1.         1.
 1.         0.2899428  0.35362998 0.15048405]
deleted_not_scaled [1.2000000e+01 0.0000000e+00 1.6561895e+04 4.2025810e+06 3.8400000e+03
 2.1600000e+03 1.0000000e+00 1.7654000e+01 8.3300000e-01 2.4300000e-01
 1.1000000e+01 0.0000000e+00 1.1639944e+04 2.9580010e+06 3.8400000e+03
 2.1600000e+03 0.0000000e+00 1.5268000e+01 7.8800000e-01 4.3980000e+00
 1.2000000e+01 0.0000000e+00 1.7265787e+04 4.3941430e+06 3.8400000e+03
 2.1600000e+03 1.0000000e+00 1.6248000e+01 7.4900000e-01 4.7920000e+00
 1.2000000e+01 0.0000000e+00 1.5084735e+04 3.8447220e+06 3.8400000e+03
 2.1600000e+03 1.0000000e+00 2.3214000e+01 7.2100000e-01 1.4223000e+01
 2.2800000e+02]
deleted_idx_col 475
query_origi 238
query_idx 68
deleted_scaled [1.         0.09372112 0.89403606 0.89537229 1.         1.
 1.         0.10514364 0.64186047 0.06643523 1.         0.22323613
 0.76973068 0.76319643 1.         1.         1.         0.
 0.37804878 0.1687229  1.         0.05930548 0.90611957 0.90793227
 1.         1.         1.         0.01679956 0.36633663 0.20816448
 1.         0.         0.72991929 0.7262714  1.         1.
 1.         0.06183227 0.15456674 0.0855314 ]
deleted_not_scaled [1.20000000e+01 4.40347807e-01 1.79157980e+04 4.57972600e+06
 3.84000000e+03 2.16000000e+03 1.00000000e+00 1.85280000e+01
 8.46000000e-01 6.41100000e+00 1.20000000e+01 7.32560151e-01
 1.54713870e+04 3.91619500e+06 3.84000000e+03 2.16000000e+03
 1.00000000e+00 1.36200000e+01 7.42000000e-01 1.56450000e+01
 1.20000000e+01 2.91555179e-01 1.74519720e+04 4.42407500e+06
 3.84000000e+03 2.16000000e+03 1.00000000e+00 1.42410000e+01
 7.39000000e-01 1.88520000e+01 1.20000000e+01 0.00000000e+00
 1.46854600e+04 3.73010700e+06 3.84000000e+03 2.16000000e+03
 1.00000000e+00 1.56770000e+01 6.36000000e-01 8.08400000e+00
 2.33000000e+02]
deleted_idx_col 68
query_origi 339
query_idx 728
deleted_scaled [1.         0.14989766 0.82726094 0.82725813 1.         1.
 1.         0.35780544 0.65581395 0.62954404 1.         0.20043295
 0.86086248 0.86216039 1.         1.         1.         0.31298682
 0.35853659 0.32488191 1.         0.20890517 0.8814356  0.88186459
 1.         1.         1.         0.08405279 0.09653465 0.13379636
 1.         0.         0.83517672 0.82934291 1.         1.
 1.         0.040707   0.         0.03547585]
deleted_not_scaled [1.20000000e+01 7.04292735e-01 1.66021310e+04 4.23769400e+06
 3.84000000e+03 2.16000000e+03 1.00000000e+00 3.03220000e+01
 8.52000000e-01 6.07510000e+01 1.20000000e+01 6.57730426e-01
 1.72638080e+04 4.41306100e+06 3.84000000e+03 2.16000000e+03
 1.00000000e+00 2.41880000e+01 7.34000000e-01 3.01250000e+01
 1.20000000e+01 1.02701098e+00 1.69853070e+04 4.29940600e+06
 3.84000000e+03 2.16000000e+03 1.00000000e+00 1.66870000e+01
 6.30000000e-01 1.21170000e+01 1.20000000e+01 0.00000000e+00
 1.67568400e+04 4.24785900e+06 3.84000000e+03 2.16000000e+03
 1.00000000e+00 1.49790000e+01 5.70000000e-01 3.35300000e+00
 2.10000000e+01]
deleted_idx_col 728
query_origi 710
query_idx 6
deleted_scaled [1.         0.07892131 0.83326435 0.82660215 1.         1.
 1.         0.32528546 0.5627907  0.45451813 1.         0.10324475
 0.83201734 0.82662355 1.         1.         1.         0.23468088
 0.05609756 0.11319371 1.         0.06893017 0.86481797 0.86828679
 1.         1.         1.         0.21814682 0.0519802  0.10879719
 1.         0.         0.82959803 0.82670238 1.         1.
 1.         0.34139403 0.45667447 0.16276781]
deleted_not_scaled [1.20000000e+01 3.70811025e-01 1.67202360e+04 4.23440000e+06
 3.84000000e+03 2.16000000e+03 1.00000000e+00 2.88040000e+01
 8.12000000e-01 4.38610000e+01 1.20000000e+01 3.38802637e-01
 1.66964690e+04 4.23464200e+06 3.84000000e+03 2.16000000e+03
 1.00000000e+00 2.15440000e+01 6.10000000e-01 1.04960000e+01
 1.20000000e+01 3.38871678e-01 1.66711410e+04 4.23447000e+06
 3.84000000e+03 2.16000000e+03 1.00000000e+00 2.15640000e+01
 6.12000000e-01 9.85300000e+00 1.20000000e+01 0.00000000e+00
 1.66470560e+04 4.23459500e+06 3.84000000e+03 2.16000000e+03
 1.00000000e+00 2.49140000e+01 7.65000000e-01 1.53840000e+01
 9.10000000e+01]
deleted_idx_col 6
query_origi 139
query_idx 66
deleted_scaled [1.         0.15392603 0.83034298 0.82660712 1.         1.
 1.         0.34163114 0.82325581 0.46540933 1.         0.37355419
 0.83185764 0.82937417 1.         1.         1.         0.1947875
 0.5097561  0.04913401 1.         0.32830746 0.85893193 0.86540651
 1.         1.         1.         0.16389882 0.24752475 0.00352241
 1.         0.         0.82731516 0.82731931 1.         1.
 1.         0.50506946 0.66042155 0.6427657 ]
deleted_not_scaled [1.20000000e+01 7.23220032e-01 1.66627640e+04 4.23442500e+06
 3.84000000e+03 2.16000000e+03 1.00000000e+00 2.95670000e+01
 9.24000000e-01 4.49120000e+01 1.20000000e+01 1.22583616e+00
 1.66933280e+04 4.24845200e+06 3.84000000e+03 2.16000000e+03
 1.00000000e+00 2.01970000e+01 7.96000000e-01 4.55600000e+00
 1.20000000e+01 1.61401163e+00 1.65598620e+04 4.22069500e+06
 3.84000000e+03 2.16000000e+03 1.00000000e+00 1.95910000e+01
 6.91000000e-01 3.19000000e-01 1.20000000e+01 0.00000000e+00
 1.66021310e+04 4.23769400e+06 3.84000000e+03 2.16000000e+03
 1.00000000e+00 3.03220000e+01 8.52000000e-01 6.07510000e+01
 1.80000000e+01]
deleted_idx_col 66
query_origi 315
query_idx 285
deleted_scaled [1.         0.11657769 0.86343681 0.86084862 1.         1.
 1.         0.1373637  0.49767442 0.03002073 1.         0.1872807
 0.79338125 0.79220348 1.         1.         1.         0.19958537
 0.42926829 0.08076483 1.         0.12093879 0.86000447 0.86822051
 1.         1.         1.         0.24363486 0.57425743 0.21731833
 1.         0.         0.82510531 0.82675772 1.         1.
 1.         0.86313974 0.92271663 1.        ]
deleted_not_scaled [1.20000000e+01 5.47739179e-01 1.73138190e+04 4.40636700e+06
 3.84000000e+03 2.16000000e+03 1.00000000e+00 2.00320000e+01
 7.84000000e-01 2.89700000e+00 1.20000000e+01 6.14570693e-01
 1.59365570e+04 4.06183000e+06 3.84000000e+03 2.16000000e+03
 1.00000000e+00 2.03590000e+01 7.63000000e-01 7.48900000e+00
 1.20000000e+01 5.94554275e-01 1.65801390e+04 4.23415300e+06
 3.84000000e+03 2.16000000e+03 1.00000000e+00 2.24910000e+01
 8.23000000e-01 1.96810000e+01 1.20000000e+01 0.00000000e+00
 1.65586430e+04 4.23487300e+06 3.84000000e+03 2.16000000e+03
 1.00000000e+00 4.21530000e+01 9.64000000e-01 9.45150000e+01
 8.70000000e+01]
deleted_idx_col 285
query_origi 620
query_idx 275
deleted_scaled [1.         0.28179557 0.82457406 0.82663102 1.         1.
 1.         0.07352343 0.13488372 0.09495337 1.         0.13552754
 0.90568879 0.89846626 1.         1.         1.         0.08354805
 0.1804878  0.09374933 1.         0.13019958 0.79058194 0.79294981
 1.         1.         1.         0.0508386  0.33663366 0.00167839
 1.         0.         0.83033185 0.82660443 1.         1.
 1.         0.15671439 0.42154567 0.04944189]
deleted_not_scaled [1.20000000e+01 1.32401383e+00 1.65492720e+04 4.23454500e+06
 3.84000000e+03 2.16000000e+03 1.00000000e+00 1.70520000e+01
 6.28000000e-01 9.16300000e+00 1.20000000e+01 4.44740190e-01
 1.81454720e+04 4.59534100e+06 3.84000000e+03 2.16000000e+03
 1.00000000e+00 1.64410000e+01 6.61000000e-01 8.69300000e+00
 1.20000000e+01 6.40081831e-01 1.52676650e+04 3.87417000e+06
 3.84000000e+03 2.16000000e+03 1.00000000e+00 1.54790000e+01
 7.27000000e-01 1.52000000e-01 1.20000000e+01 0.00000000e+00
 1.66614970e+04 4.23410300e+06 3.84000000e+03 2.16000000e+03
 1.00000000e+00 1.88120000e+01 7.50000000e-01 4.67300000e+00
 1.43000000e+02]
deleted_idx_col 275
query_origi 55
query_idx 538
deleted_scaled [1.         0.         0.72983448 0.72617442 1.         1.
 1.         0.04406693 0.15348837 0.08377202 1.         0.
 0.80238597 0.79958974 1.         1.         1.         0.15400563
 0.07560976 0.09303755 0.91666667 0.         0.59234787 0.59651183
 1.         1.         0.         0.1737421  0.12376238 0.09514923
 1.         0.         0.83887743 0.83846254 1.         1.
 1.         0.040707   0.18969555 0.12046765]
deleted_not_scaled [1.2000000e+01 0.0000000e+00 1.4685460e+04 3.7301070e+06 3.8400000e+03
 2.1600000e+03 1.0000000e+00 1.5677000e+01 6.3600000e-01 8.0840000e+00
 1.2000000e+01 0.0000000e+00 1.6113666e+04 4.0989140e+06 3.8400000e+03
 2.1600000e+03 1.0000000e+00 1.8820000e+01 6.1800000e-01 8.6270000e+00
 1.1000000e+01 0.0000000e+00 1.1519933e+04 2.9347030e+06 3.8400000e+03
 2.1600000e+03 0.0000000e+00 1.9949000e+01 6.4100000e-01 8.6170000e+00
 1.2000000e+01 0.0000000e+00 1.6829667e+04 4.2936690e+06 3.8400000e+03
 2.1600000e+03 1.0000000e+00 1.4979000e+01 6.5100000e-01 1.1386000e+01
 2.3600000e+02]
deleted_idx_col 538
query_origi 3
query_idx 579
deleted_scaled [0.         0.         0.00202364 0.00198907 0.         0.
 0.         0.04552368 0.23023256 0.06009326 0.33333333 0.
 0.04218782 0.04230387 0.09090909 0.09090909 0.         0.6339997
 0.81219512 0.65680607 0.         0.         0.00227737 0.00237072
 0.         0.         0.         0.10266703 0.17326733 0.02467895
 0.5        0.         0.11329918 0.11230481 0.27272727 0.27272727
 0.         0.08559063 0.23653396 0.3277046 ]
deleted_not_scaled [0.000000e+00 0.000000e+00 3.672350e+02 9.364500e+04 3.200000e+02
 1.800000e+02 0.000000e+00 1.574500e+01 6.690000e-01 5.799000e+00
 4.000000e+00 0.000000e+00 1.161749e+03 2.968270e+05 6.400000e+02
 3.600000e+02 0.000000e+00 3.502700e+01 9.200000e-01 6.090300e+01
 0.000000e+00 0.000000e+00 3.643020e+02 9.321600e+04 3.200000e+02
 1.800000e+02 0.000000e+00 1.736400e+01 6.610000e-01 2.235000e+00
 6.000000e+00 0.000000e+00 2.550882e+03 6.460110e+05 1.280000e+03
 7.200000e+02 0.000000e+00 1.646200e+01 6.710000e-01 3.097300e+01
 1.410000e+02]
deleted_idx_col 579
query_origi 844
query_idx 924
deleted_scaled [0.83333333 0.         0.39653041 0.3961159  0.63636364 0.63636364
 0.         0.1160479  0.69069767 0.00823834 0.83333333 0.
 0.42067851 0.42092798 0.63636364 0.63636364 0.         0.19283282
 0.67804878 0.         0.83333333 0.         0.39536269 0.3997692
 0.63636364 0.63636364 0.         0.24267253 0.72524752 0.0072767
 0.83333333 0.         0.37983331 0.37674417 0.63636364 0.63636364
 0.         0.17166551 0.31850117 0.03490451]
deleted_not_scaled [1.000000e+01 0.000000e+00 8.128368e+03 2.072734e+06 2.560000e+03
 1.440000e+03 0.000000e+00 1.903700e+01 8.670000e-01 7.950000e-01
 1.000000e+01 0.000000e+00 8.606073e+03 2.197776e+06 2.560000e+03
 1.440000e+03 0.000000e+00 2.013100e+01 8.650000e-01 0.000000e+00
 1.000000e+01 0.000000e+00 7.795812e+03 1.993779e+06 2.560000e+03
 1.440000e+03 0.000000e+00 2.245600e+01 8.840000e-01 6.590000e-01
 1.000000e+01 0.000000e+00 7.796055e+03 1.974351e+06 2.560000e+03
 1.440000e+03 0.000000e+00 1.930600e+01 7.060000e-01 3.299000e+00
 1.710000e+02]
deleted_idx_col 924
