query_origi 8
query_idx 12
deleted_scaled [1.66666667e-01 0.00000000e+00 1.81388678e-02 1.81228457e-02
 5.45454545e-02 5.45454545e-02 0.00000000e+00 5.45834315e-01
 8.81395349e-01 5.06466321e-01 8.33333333e-02 4.45394773e-01
 8.67475709e-03 8.77252386e-03 1.81818182e-02 1.81818182e-02
 0.00000000e+00 3.05641937e-01 7.53658537e-01 0.00000000e+00
 8.33333333e-02 0.00000000e+00 1.12787805e-02 1.11681894e-02
 1.81818182e-02 1.81818182e-02 0.00000000e+00 2.25570525e-01
 7.10396040e-01 0.00000000e+00 0.00000000e+00 0.00000000e+00
 1.92873890e-03 1.82750903e-03 0.00000000e+00 0.00000000e+00
 0.00000000e+00 2.79561757e-01 7.21311475e-01 2.11606623e-05]
deleted_not_scaled [2.00000000e+00 0.00000000e+00 6.84270000e+02 1.74660000e+05
 5.12000000e+02 2.88000000e+02 0.00000000e+00 3.90990000e+01
 9.49000000e-01 4.88740000e+01 1.00000000e+00 1.46158451e+00
 5.02599000e+02 1.28477000e+05 3.84000000e+02 2.16000000e+02
 0.00000000e+00 2.39400000e+01 8.96000000e-01 0.00000000e+00
 1.00000000e+00 0.00000000e+00 5.34479000e+02 1.35290000e+05
 3.84000000e+02 2.16000000e+02 0.00000000e+00 2.18340000e+01
 8.78000000e-01 0.00000000e+00 0.00000000e+00 0.00000000e+00
 3.59203000e+02 9.10580000e+04 3.20000000e+02 1.80000000e+02
 0.00000000e+00 2.28710000e+01 8.78000000e-01 2.00000000e-03
 2.77000000e+02]
deleted_idx_col 12
query_origi 634
query_idx 96
deleted_scaled [1.         0.06823407 0.83214581 0.82673936 1.         1.
 1.         0.31262452 0.58372093 0.07807254 1.         0.16071157
 0.83067575 0.82653571 1.         1.         1.         0.36306827
 0.48292683 0.00786187 1.         0.13351528 0.86354877 0.86831774
 1.         1.         1.         0.15515535 0.34405941 0.07892848
 1.         0.         0.8283464  0.82669601 1.         1.
 1.         0.25550074 0.54098361 0.13796752]
deleted_not_scaled [1.20000000e+01 3.20597144e-01 1.66982310e+04 4.23508900e+06
 3.84000000e+03 2.16000000e+03 1.00000000e+00 2.82130000e+01
 8.21000000e-01 7.53400000e+00 1.20000000e+01 5.27382807e-01
 1.66700820e+04 4.23420100e+06 3.84000000e+03 2.16000000e+03
 1.00000000e+00 2.58790000e+01 7.85000000e-01 7.29000000e-01
 1.20000000e+01 6.56382343e-01 1.66471460e+04 4.23461800e+06
 3.84000000e+03 2.16000000e+03 1.00000000e+00 1.92730000e+01
 7.30000000e-01 7.14800000e+00 1.20000000e+01 0.00000000e+00
 1.66224250e+04 4.23456300e+06 3.84000000e+03 2.16000000e+03
 1.00000000e+00 2.20760000e+01 8.01000000e-01 1.30400000e+01
 7.70000000e+01]
deleted_idx_col 96
query_origi 424
query_idx 447
deleted_scaled [0.41666667 0.         0.07626492 0.07624986 0.18181818 0.17171717
 0.         0.05998415 0.26976744 0.00592746 0.41666667 0.
 0.07720106 0.07739535 0.18181818 0.17171717 0.         0.18311861
 0.26829268 0.01847378 0.5        0.         0.11298563 0.11293814
 0.27272727 0.27272727 0.         0.10478416 0.43811881 0.22693595
 0.58333333 0.         0.14092483 0.13986735 0.27272727 0.27272727
 0.         0.20120456 0.70257611 0.13476168]
deleted_not_scaled [5.000000e+00 0.000000e+00 1.827784e+03 4.665420e+05 9.600000e+02
 5.200000e+02 0.000000e+00 1.642000e+01 6.860000e-01 5.720000e-01
 5.000000e+00 0.000000e+00 1.850405e+03 4.730100e+05 9.600000e+02
 5.200000e+02 0.000000e+00 1.980300e+01 6.970000e-01 1.713000e+00
 6.000000e+00 0.000000e+00 2.457307e+03 6.220060e+05 1.280000e+03
 7.200000e+02 0.000000e+00 1.744100e+01 7.680000e-01 2.055200e+01
 7.000000e+00 0.000000e+00 3.094532e+03 7.844640e+05 1.280000e+03
 7.200000e+02 0.000000e+00 2.028200e+01 8.700000e-01 1.273700e+01
 1.490000e+02]
deleted_idx_col 447
query_origi 830
query_idx 565
deleted_scaled [0.25       0.         0.03174126 0.03160699 0.05454545 0.05454545
 0.         0.12817327 0.60930233 0.16746114 0.16666667 0.
 0.01596186 0.01598948 0.05454545 0.05454545 0.         0.18122316
 0.60487805 0.19491836 0.25       0.         0.02733086 0.02764635
 0.05454545 0.05454545 0.         0.17970855 0.63118812 0.1939313
 0.25       0.         0.02889511 0.02902912 0.05454545 0.05454545
 0.         0.30292667 0.67213115 0.24516743]
deleted_not_scaled [3.00000e+00 0.00000e+00 9.51870e+02 2.42370e+05 5.12000e+02 2.88000e+02
 0.00000e+00 1.96030e+01 8.32000e-01 1.61600e+01 2.00000e+00 0.00000e+00
 6.45925e+02 1.64711e+05 5.12000e+02 2.88000e+02 0.00000e+00 1.97390e+01
 8.35000e-01 1.80740e+01 3.00000e+00 0.00000e+00 8.37953e+02 2.14097e+05
 5.12000e+02 2.88000e+02 0.00000e+00 2.01660e+01 8.46000e-01 1.75630e+01
 3.00000e+00 0.00000e+00 8.89879e+02 2.27698e+05 5.12000e+02 2.88000e+02
 0.00000e+00 2.36430e+01 8.57000e-01 2.31720e+01 2.68000e+02]
deleted_idx_col 565
query_origi 194
query_idx 519
deleted_scaled [0.5        0.         0.0916337  0.09183101 0.27272727 0.27272727
 0.         0.18554382 0.67674419 0.27235233 0.5        0.
 0.10792759 0.10700392 0.27272727 0.27272727 0.         0.16700726
 0.58292683 0.20474301 0.5        0.         0.11314966 0.11335946
 0.27272727 0.27272727 0.         0.11811933 0.53712871 0.25097446
 0.5        0.         0.10757425 0.10698891 0.27272727 0.27272727
 0.         0.45143912 0.78220141 0.49192192]
deleted_not_scaled [6.000000e+00 0.000000e+00 2.130134e+03 5.447820e+05 1.280000e+03
 7.200000e+02 0.000000e+00 2.228100e+01 8.610000e-01 2.628200e+01
 6.000000e+00 0.000000e+00 2.454748e+03 6.216650e+05 1.280000e+03
 7.200000e+02 0.000000e+00 1.925900e+01 8.260000e-01 1.898500e+01
 6.000000e+00 0.000000e+00 2.460408e+03 6.240210e+05 1.280000e+03
 7.200000e+02 0.000000e+00 1.792600e+01 8.080000e-01 2.272900e+01
 6.000000e+00 0.000000e+00 2.438220e+03 6.193080e+05 1.280000e+03
 7.200000e+02 0.000000e+00 2.855000e+01 9.040000e-01 4.649400e+01
 6.000000e+01]
deleted_idx_col 519
query_origi 90
query_idx 753
deleted_scaled [0.16666667 0.         0.01814822 0.01809815 0.05454545 0.05454545
 0.         0.0458236  0.21395349 0.38260104 0.16666667 0.
 0.01781152 0.01790516 0.05454545 0.05454545 0.         0.58735377
 0.78292683 0.51133447 0.25       0.1072546  0.02864079 0.02903704
 0.05454545 0.05454545 0.         0.09747044 0.13861386 0.3198326
 0.16666667 0.         0.02132192 0.0210504  0.05454545 0.05454545
 0.         0.08849611 0.26932084 0.28936148]
deleted_not_scaled [2.00000000e+00 0.00000000e+00 6.84454000e+02 1.74536000e+05
 5.12000000e+02 2.88000000e+02 0.00000000e+00 1.57590000e+01
 6.62000000e-01 3.69210000e+01 2.00000000e+00 0.00000000e+00
 6.82305000e+02 1.74329000e+05 5.12000000e+02 2.88000000e+02
 0.00000000e+00 3.34520000e+01 9.08000000e-01 4.74140000e+01
 3.00000000e+00 5.27280643e-01 8.62718000e+02 2.20748000e+05
 5.12000000e+02 2.88000000e+02 0.00000000e+00 1.71750000e+01
 6.47000000e-01 2.89650000e+01 2.00000000e+00 0.00000000e+00
 7.40845000e+02 1.87619000e+05 5.12000000e+02 2.88000000e+02
 0.00000000e+00 1.65580000e+01 6.85000000e-01 2.73490000e+01
 1.41000000e+02]
deleted_idx_col 753
query_origi 507
query_idx 520
deleted_scaled [0.16666667 0.         0.01820551 0.01812125 0.05454545 0.05454545
 0.         0.14927483 0.26976744 0.27471503 0.25       0.
 0.02923576 0.02927215 0.05454545 0.05454545 0.         0.04309196
 0.23170732 0.40155943 0.25       0.         0.02695838 0.02727019
 0.05454545 0.05454545 0.         0.13112455 0.43069307 0.19242958
 0.25       0.         0.03242193 0.03201545 0.05454545 0.05454545
 0.         0.68790291 0.82669789 0.58768449]
deleted_not_scaled [2.00000e+00 0.00000e+00 6.85581e+02 1.74652e+05 5.12000e+02 2.88000e+02
 0.00000e+00 2.05880e+01 6.86000e-01 2.65100e+01 3.00000e+00 0.00000e+00
 9.07002e+02 2.31399e+05 5.12000e+02 2.88000e+02 0.00000e+00 1.50750e+01
 6.82000e-01 3.72350e+01 3.00000e+00 0.00000e+00 8.30911e+02 2.12298e+05
 5.12000e+02 2.88000e+02 0.00000e+00 1.83990e+01 7.65000e-01 1.74270e+01
 3.00000e+00 0.00000e+00 9.59284e+02 2.42699e+05 5.12000e+02 2.88000e+02
 0.00000e+00 3.63630e+01 9.23000e-01 5.55450e+01 2.38000e+02]
deleted_idx_col 520
query_origi 939
query_idx 965
deleted_scaled [0.58333333 0.         0.1406007  0.13966259 0.27272727 0.27272727
 0.         0.19259196 0.4627907  0.22415544 0.58333333 0.
 0.13998004 0.139341   0.27272727 0.27272727 0.         0.6931734
 0.86585366 0.76803701 0.58333333 0.         0.14599449 0.14685337
 0.27272727 0.27272727 0.         0.17629915 0.4950495  0.31979948
 0.58333333 0.         0.1399728  0.13976383 0.27272727 0.27272727
 0.         0.20417058 0.46604215 0.33129133]
deleted_not_scaled [7.000000e+00 0.000000e+00 3.093462e+03 7.849660e+05 1.280000e+03
 7.200000e+02 0.000000e+00 2.261000e+01 7.690000e-01 2.163100e+01
 7.000000e+00 0.000000e+00 3.085170e+03 7.840190e+05 1.280000e+03
 7.200000e+02 0.000000e+00 3.702500e+01 9.420000e-01 7.121700e+01
 7.000000e+00 0.000000e+00 3.081359e+03 7.842060e+05 1.280000e+03
 7.200000e+02 0.000000e+00 2.004200e+01 7.910000e-01 2.896200e+01
 7.000000e+00 0.000000e+00 3.075797e+03 7.839440e+05 1.280000e+03
 7.200000e+02 0.000000e+00 2.038000e+01 7.690000e-01 3.131200e+01
 8.500000e+01]
deleted_idx_col 965
query_origi 707
query_idx 787
deleted_scaled [0.41666667 0.         0.07723066 0.07739953 0.18181818 0.17171717
 0.         0.55843099 0.88139535 0.85380311 0.5        0.
 0.1079645  0.10704057 0.27272727 0.27272727 0.         0.45262846
 0.56829268 0.42710782 0.5        0.         0.11274983 0.11295863
 0.27272727 0.27272727 0.         0.22680781 0.11138614 0.36018021
 0.5        0.         0.10809861 0.10751068 0.27272727 0.27272727
 0.         0.24953845 0.15456674 0.32557795]
deleted_not_scaled [5.000000e+00 0.000000e+00 1.846783e+03 4.723150e+05 9.600000e+02
 5.200000e+02 0.000000e+00 3.968700e+01 9.490000e-01 8.239200e+01
 6.000000e+00 0.000000e+00 2.455474e+03 6.218490e+05 1.280000e+03
 7.200000e+02 0.000000e+00 2.890300e+01 8.200000e-01 3.960400e+01
 6.000000e+00 0.000000e+00 2.452849e+03 6.221040e+05 1.280000e+03
 7.200000e+02 0.000000e+00 2.187900e+01 6.360000e-01 3.261900e+01
 6.000000e+00 0.000000e+00 2.448539e+03 6.219290e+05 1.280000e+03
 7.200000e+02 0.000000e+00 2.187900e+01 6.360000e-01 3.077200e+01
 9.000000e+01]
deleted_idx_col 787
query_origi 731
query_idx 630
deleted_scaled [1.         0.         0.8275702  0.82674055 1.         1.
 1.         0.27228518 0.58372093 0.22115026 1.         0.
 0.90362401 0.90408065 1.         1.         1.         0.12287872
 0.36097561 0.11227703 1.         0.         0.85407914 0.86353009
 1.         1.         1.         0.22760517 0.58415842 0.0165741
 1.         0.         0.75991337 0.75383712 1.         1.
 1.         0.2296238  0.36065574 0.06032905]
deleted_not_scaled [1.2000000e+01 0.0000000e+00 1.6608215e+04 4.2350950e+06 3.8400000e+03
 2.1600000e+03 1.0000000e+00 2.6330000e+01 8.2100000e-01 2.1341000e+01
 1.2000000e+01 0.0000000e+00 1.8104861e+04 4.6235290e+06 3.8400000e+03
 2.1600000e+03 1.0000000e+00 1.7769000e+01 7.3500000e-01 1.0411000e+01
 1.2000000e+01 0.0000000e+00 1.6468117e+04 4.2117210e+06 3.8400000e+03
 2.1600000e+03 1.0000000e+00 2.1908000e+01 8.2700000e-01 1.5010000e+00
 1.2000000e+01 0.0000000e+00 1.5275719e+04 3.8685760e+06 3.8400000e+03
 2.1600000e+03 1.0000000e+00 2.1221000e+01 7.2400000e-01 5.7020000e+00
 2.8400000e+02]
deleted_idx_col 630
query_origi 731
query_idx 775
deleted_scaled [0.25       0.         0.02576206 0.02551772 0.05454545 0.05454545
 0.         0.24842006 0.73953488 0.12557513 0.33333333 0.
 0.04256803 0.0423933  0.09090909 0.09090909 0.         0.3805716
 0.76585366 0.25173091 0.33333333 0.         0.04485181 0.04512879
 0.09090909 0.09090909 0.         0.21710201 0.67574257 0.23368263
 0.33333333 0.         0.04284411 0.0428091  0.09090909 0.09090909
 0.         0.16385703 0.70725995 0.1507803 ]
deleted_not_scaled [3.000000e+00 0.000000e+00 8.342410e+02 2.117930e+05 5.120000e+02
 2.880000e+02 0.000000e+00 2.521600e+01 8.880000e-01 1.211800e+01
 4.000000e+00 0.000000e+00 1.169227e+03 2.972760e+05 6.400000e+02
 3.600000e+02 0.000000e+00 2.647000e+01 9.010000e-01 2.334200e+01
 4.000000e+00 0.000000e+00 1.169197e+03 2.977070e+05 6.400000e+02
 3.600000e+02 0.000000e+00 2.152600e+01 8.640000e-01 2.116300e+01
 4.000000e+00 0.000000e+00 1.164384e+03 2.969180e+05 6.400000e+02
 3.600000e+02 0.000000e+00 1.904800e+01 8.720000e-01 1.425100e+01
 1.680000e+02]
deleted_idx_col 775
query_origi 34
query_idx 878
deleted_scaled [0.91666667 0.         0.56892733 0.56777323 1.         1.
 0.         0.1355856  0.16511628 0.08929534 0.91666667 0.
 0.56990799 0.5696468  1.         1.         0.         0.04042648
 0.16829268 0.12068891 0.91666667 0.         0.58842395 0.59435523
 1.         1.         0.         0.13244432 0.38366337 0.02228283
 0.91666667 0.         0.65514666 0.64923612 1.         1.
 0.         0.82833449 0.87587822 0.927165  ]
deleted_not_scaled [1.1000000e+01 0.0000000e+00 1.1519933e+04 2.9347030e+06 3.8400000e+03
 2.1600000e+03 0.0000000e+00 1.9949000e+01 6.4100000e-01 8.6170000e+00
 1.1000000e+01 0.0000000e+00 1.1541185e+04 2.9444450e+06 3.8400000e+03
 2.1600000e+03 0.0000000e+00 1.4985000e+01 6.5600000e-01 1.1191000e+01
 1.1000000e+01 0.0000000e+00 1.1445749e+04 2.9243890e+06 3.8400000e+03
 2.1600000e+03 0.0000000e+00 1.8447000e+01 7.4600000e-01 2.0180000e+00
 1.1000000e+01 0.0000000e+00 1.3213996e+04 3.3431410e+06 3.8400000e+03
 2.1600000e+03 0.0000000e+00 4.1003000e+01 9.4400000e-01 8.7631000e+01
 2.3800000e+02]
deleted_idx_col 878
query_origi 600
query_idx 312
deleted_scaled [0.33333333 0.         0.04247389 0.04237141 0.09090909 0.09090909
 0.         0.14618994 0.47674419 0.29516062 0.33333333 0.83156016
 0.04217135 0.04225845 0.09090909 0.09090909 0.         0.2620465
 0.59512195 0.37342277 0.33333333 0.11874465 0.04449869 0.04504683
 0.09090909 0.09090909 0.         0.67640913 0.86138614 0.77012687
 0.25       0.         0.03006629 0.02972609 0.05454545 0.05454545
 0.         0.44556763 0.56440281 0.40759668]
deleted_not_scaled [4.00000000e+00 0.00000000e+00 1.16301300e+03 2.96423000e+05
 6.40000000e+02 3.60000000e+02 0.00000000e+00 2.04440000e+01
 7.75000000e-01 2.84830000e+01 4.00000000e+00 2.72880492e+00
 1.16142500e+03 2.96599000e+05 6.40000000e+02 3.60000000e+02
 0.00000000e+00 2.24680000e+01 8.31000000e-01 3.46260000e+01
 4.00000000e+00 5.83767579e-01 1.16252100e+03 2.97315000e+05
 6.40000000e+02 3.60000000e+02 0.00000000e+00 3.82310000e+01
 9.39000000e-01 6.97450000e+01 3.00000000e+00 0.00000000e+00
 9.12927000e+02 2.31199000e+05 5.12000000e+02 2.88000000e+02
 0.00000000e+00 2.83560000e+01 8.11000000e-01 3.85240000e+01
 8.80000000e+01]
deleted_idx_col 312
query_origi 166
query_idx 35
deleted_scaled [0.5        0.         0.10749721 0.1072395  0.27272727 0.27272727
 0.         0.13894899 0.21162791 0.07843523 0.5        0.8228571
 0.10854324 0.10853598 0.27272727 0.27272727 0.         0.04113727
 0.2        0.11051916 0.5        0.         0.11019492 0.11133981
 0.27272727 0.27272727 0.         0.1308496  0.40841584 0.01450924
 0.41666667 0.         0.08592848 0.08504905 0.18181818 0.17171717
 0.         0.7475258  0.84777518 0.7975771 ]
deleted_not_scaled [6.0000000e+00 0.0000000e+00 2.4422170e+03 6.2215500e+05 1.2800000e+03
 7.2000000e+02 0.0000000e+00 2.0106000e+01 6.6100000e-01 7.5690000e+00
 6.0000000e+00 2.7002454e+00 2.4668570e+03 6.2935700e+05 1.2800000e+03
 7.2000000e+02 0.0000000e+00 1.5009000e+01 6.6900000e-01 1.0248000e+01
 6.0000000e+00 0.0000000e+00 2.4045470e+03 6.1436200e+05 1.2800000e+03
 7.2000000e+02 0.0000000e+00 1.8389000e+01 7.5600000e-01 1.3140000e+00
 5.0000000e+00 0.0000000e+00 2.0122490e+03 5.0909900e+05 9.6000000e+02
 5.2000000e+02 0.0000000e+00 3.8333000e+01 9.3200000e-01 7.5383000e+01
 2.3800000e+02]
deleted_idx_col 35
query_origi 84
query_idx 5
deleted_scaled [0.00000000e+00 8.23167636e-01 1.94459382e-03 1.86460012e-03
 0.00000000e+00 0.00000000e+00 0.00000000e+00 1.26309475e-01
 7.18604651e-01 7.70984456e-03 0.00000000e+00 0.00000000e+00
 1.72235256e-03 1.74657755e-03 0.00000000e+00 0.00000000e+00
 0.00000000e+00 2.22538131e-01 7.09756098e-01 5.50007549e-04
 0.00000000e+00 0.00000000e+00 2.27371904e-03 2.30987397e-03
 0.00000000e+00 0.00000000e+00 0.00000000e+00 1.73137201e-01
 6.58415842e-01 0.00000000e+00 0.00000000e+00 0.00000000e+00
 2.30492327e-03 2.34709493e-03 0.00000000e+00 0.00000000e+00
 0.00000000e+00 9.71520232e-02 5.73770492e-01 1.89387928e-03]
deleted_not_scaled [0.00000000e+00 3.86764542e+00 3.65680000e+02 9.30200000e+04
 3.20000000e+02 1.80000000e+02 0.00000000e+00 1.95160000e+01
 8.79000000e-01 7.44000000e-01 0.00000000e+00 0.00000000e+00
 3.65856000e+02 9.32020000e+04 3.20000000e+02 1.80000000e+02
 0.00000000e+00 2.11340000e+01 8.78000000e-01 5.10000000e-02
 0.00000000e+00 0.00000000e+00 3.64233000e+02 9.29250000e+04
 3.20000000e+02 1.80000000e+02 0.00000000e+00 1.99270000e+01
 8.57000000e-01 0.00000000e+00 0.00000000e+00 0.00000000e+00
 3.66606000e+02 9.36680000e+04 3.20000000e+02 1.80000000e+02
 0.00000000e+00 1.68440000e+01 8.15000000e-01 1.79000000e-01
 2.22000000e+02]
deleted_idx_col 5
query_origi 10
query_idx 25
deleted_scaled [0.         0.31220851 0.00177802 0.00159934 0.         0.
 0.         0.74395338 0.99302326 0.67647668 0.         0.44810769
 0.00178519 0.00170873 0.         0.         0.         0.53955279
 0.98780488 0.15846688 0.         0.29684603 0.00241627 0.00234814
 0.         0.         0.         0.63717349 0.98762376 0.40337665
 0.         0.         0.00223399 0.00217609 0.         0.
 0.         0.58739142 0.97189696 0.1361477 ]
deleted_not_scaled [0.00000000e+00 1.46690878e+00 3.62403000e+02 9.16880000e+04
 3.20000000e+02 1.80000000e+02 0.00000000e+00 4.83470000e+01
 9.97000000e-01 6.52800000e+01 0.00000000e+00 1.47048706e+00
 3.67092000e+02 9.30120000e+04 3.20000000e+02 1.80000000e+02
 0.00000000e+00 3.18380000e+01 9.92000000e-01 1.46940000e+01
 0.00000000e+00 1.45934220e+00 3.66928000e+02 9.31080000e+04
 3.20000000e+02 1.80000000e+02 0.00000000e+00 3.68040000e+01
 9.90000000e-01 3.65310000e+01 0.00000000e+00 0.00000000e+00
 3.65210000e+02 9.28090000e+04 3.20000000e+02 1.80000000e+02
 0.00000000e+00 3.30420000e+01 9.85000000e-01 1.28680000e+01
 0.00000000e+00]
deleted_idx_col 25
query_origi 127
query_idx 909
deleted_scaled [0.         0.         0.00177802 0.00159934 0.         0.
 0.         0.74395338 0.99302326 0.67647668 0.41666667 0.
 0.07778687 0.07714758 0.18181818 0.17171717 0.         0.70451651
 0.99756098 0.84936264 0.58333333 0.         0.14651206 0.14688933
 0.27272727 0.27272727 0.         1.         1.         0.7411084
 0.58333333 0.         0.14046088 0.13979051 0.27272727 0.27272727
 0.         0.93323447 1.         0.86506904]
deleted_not_scaled [0.000000e+00 0.000000e+00 3.624030e+02 9.168800e+04 3.200000e+02
 1.800000e+02 0.000000e+00 4.834700e+01 9.970000e-01 6.528000e+01
 5.000000e+00 0.000000e+00 1.861927e+03 4.717660e+05 9.600000e+02
 5.200000e+02 0.000000e+00 3.740800e+01 9.960000e-01 7.875800e+01
 7.000000e+00 0.000000e+00 3.091144e+03 7.843780e+05 1.280000e+03
 7.200000e+02 0.000000e+00 5.000000e+01 9.950000e-01 6.711700e+01
 7.000000e+00 0.000000e+00 3.085402e+03 7.840780e+05 1.280000e+03
 7.200000e+02 0.000000e+00 4.446900e+01 9.970000e-01 8.176200e+01
 0.000000e+00]
deleted_idx_col 909
query_origi 273
query_idx 204
deleted_scaled [0.00000000e+00 0.00000000e+00 1.83556115e-03 1.79211113e-03
 0.00000000e+00 0.00000000e+00 0.00000000e+00 1.49274835e-01
 5.00000000e-01 1.65803109e-04 0.00000000e+00 5.95621835e-01
 1.60216005e-03 1.67188642e-03 0.00000000e+00 0.00000000e+00
 0.00000000e+00 2.62698060e-01 5.92682927e-01 0.00000000e+00
 3.33333333e-01 0.00000000e+00 4.44986906e-02 4.50468289e-02
 9.09090909e-02 9.09090909e-02 0.00000000e+00 6.76409128e-01
 8.61386139e-01 7.70126873e-01 0.00000000e+00 0.00000000e+00
 3.05094013e-03 2.92301907e-03 0.00000000e+00 0.00000000e+00
 0.00000000e+00 4.16724675e-01 5.24590164e-01 6.66560863e-03]
deleted_not_scaled [0.00000000e+00 0.00000000e+00 3.63535000e+02 9.26560000e+04
 3.20000000e+02 1.80000000e+02 0.00000000e+00 2.05880000e+01
 7.85000000e-01 1.60000000e-02 0.00000000e+00 1.95456188e+00
 3.63492000e+02 9.28270000e+04 3.20000000e+02 1.80000000e+02
 0.00000000e+00 2.24900000e+01 8.30000000e-01 0.00000000e+00
 4.00000000e+00 0.00000000e+00 1.16252100e+03 2.97315000e+05
 6.40000000e+02 3.60000000e+02 0.00000000e+00 3.82310000e+01
 9.39000000e-01 6.97450000e+01 0.00000000e+00 0.00000000e+00
 3.81287000e+02 9.65610000e+04 3.20000000e+02 1.80000000e+02
 0.00000000e+00 2.74030000e+01 7.94000000e-01 6.30000000e-01
 8.80000000e+01]
deleted_idx_col 204
query_origi 300
query_idx 887
deleted_scaled [0.58333333 0.         0.11965138 0.11896957 0.27272727 0.27272727
 0.         0.0456308  0.19302326 0.35179275 0.66666667 0.
 0.20489915 0.20418724 0.45454545 0.45454545 0.         0.1562861
 0.11707317 0.08655609 0.66666667 0.17602953 0.21341043 0.21490526
 0.45454545 0.45454545 0.         0.1754193  0.15346535 0.0915937
 0.66666667 0.         0.20832591 0.2082349  0.45454545 0.45454545
 0.         0.04116098 0.22014052 0.11573824]
deleted_not_scaled [7.00000000e+00 0.00000000e+00 2.68132600e+03 6.81057000e+05
 1.28000000e+03 7.20000000e+02 0.00000000e+00 1.57500000e+01
 6.53000000e-01 3.39480000e+01 8.00000000e+00 0.00000000e+00
 4.36202800e+03 1.10959100e+06 1.92000000e+03 1.08000000e+03
 0.00000000e+00 1.88970000e+01 6.35000000e-01 8.02600000e+00
 8.00000000e+00 8.65389132e-01 4.35589700e+03 1.10966500e+06
 1.92000000e+03 1.08000000e+03 0.00000000e+00 2.00100000e+01
 6.53000000e-01 8.29500000e+00 8.00000000e+00 0.00000000e+00
 4.42093000e+03 1.12789000e+06 1.92000000e+03 1.08000000e+03
 0.00000000e+00 1.49940000e+01 6.64000000e-01 1.09390000e+01
 2.36000000e+02]
deleted_idx_col 887
query_origi 909
query_idx 187
deleted_scaled [0.33333333 0.         0.04253001 0.04257235 0.09090909 0.09090909
 0.         0.06827481 0.55348837 0.23474611 0.33333333 0.
 0.04274877 0.04228136 0.09090909 0.09090909 0.         0.10273952
 0.57073171 0.17382395 0.25       0.94608443 0.02900232 0.02894818
 0.05454545 0.05454545 0.         0.27415452 0.75990099 0.22964124
 0.08333333 0.         0.0095161  0.00938798 0.01818182 0.01818182
 0.         0.12348295 0.64168618 0.        ]
deleted_not_scaled [4.00000000e+00 0.00000000e+00 1.16411700e+03 2.97432000e+05
 6.40000000e+02 3.60000000e+02 0.00000000e+00 1.68070000e+01
 8.08000000e-01 2.26530000e+01 4.00000000e+00 0.00000000e+00
 1.17278200e+03 2.96714000e+05 6.40000000e+02 3.60000000e+02
 0.00000000e+00 1.70890000e+01 8.21000000e-01 1.61180000e+01
 3.00000000e+00 4.65110132e+00 8.69553000e+02 2.20323000e+05
 5.12000000e+02 2.88000000e+02 0.00000000e+00 2.36010000e+01
 8.98000000e-01 2.07970000e+01 1.00000000e+00 0.00000000e+00
 5.08516000e+02 1.29036000e+05 3.84000000e+02 2.16000000e+02
 0.00000000e+00 1.77140000e+01 8.44000000e-01 0.00000000e+00
 2.25000000e+02]
deleted_idx_col 187
query_origi 47
query_idx 604
deleted_scaled [0.33333333 0.         0.0382906  0.03835564 0.09090909 0.09090909
 0.         0.10608625 0.6627907  0.32275648 0.33333333 0.
 0.04485769 0.04440179 0.09090909 0.09090909 0.         0.00068118
 0.4097561  0.55729785 0.33333333 0.         0.04929923 0.04931049
 0.09090909 0.09090909 0.         0.01800935 0.41336634 0.66480792
 0.33333333 0.         0.03551718 0.03528645 0.09090909 0.09090909
 0.         0.06794589 0.22248244 0.33552346]
deleted_not_scaled [4.000000e+00 0.000000e+00 1.080715e+03 2.762580e+05 6.400000e+02
 3.600000e+02 0.000000e+00 1.857200e+01 8.550000e-01 3.114600e+01
 4.000000e+00 0.000000e+00 1.214261e+03 3.073600e+05 6.400000e+02
 3.600000e+02 0.000000e+00 1.364300e+01 7.550000e-01 5.167600e+01
 4.000000e+00 0.000000e+00 1.253278e+03 3.177060e+05 6.400000e+02
 3.600000e+02 0.000000e+00 1.428500e+01 7.580000e-01 6.020700e+01
 4.000000e+00 0.000000e+00 1.020196e+03 2.591300e+05 6.400000e+02
 3.600000e+02 0.000000e+00 1.587900e+01 6.650000e-01 3.171200e+01
 2.330000e+02]
deleted_idx_col 604
query_origi 228
query_idx 748
deleted_scaled [9.16666667e-01 0.00000000e+00 5.69791353e-01 5.67774022e-01
 1.00000000e+00 1.00000000e+00 0.00000000e+00 1.60050558e-01
 6.72093023e-01 6.25906736e-03 9.16666667e-01 0.00000000e+00
 5.68927633e-01 5.67806407e-01 1.00000000e+00 1.00000000e+00
 0.00000000e+00 2.62016881e-01 6.58536585e-01 1.08707374e-02
 9.16666667e-01 0.00000000e+00 5.91402014e-01 5.96461232e-01
 1.00000000e+00 1.00000000e+00 0.00000000e+00 1.93896068e-01
 6.16336634e-01 4.96891667e-04 9.16666667e-01 0.00000000e+00
 5.71845219e-01 5.72431568e-01 1.00000000e+00 1.00000000e+00
 0.00000000e+00 1.93759269e-01 6.65105386e-01 2.01026292e-04]
deleted_not_scaled [1.1000000e+01 0.0000000e+00 1.1536931e+04 2.9347070e+06 3.8400000e+03
 2.1600000e+03 0.0000000e+00 2.1091000e+01 8.5900000e-01 6.0400000e-01
 1.1000000e+01 0.0000000e+00 1.1521903e+04 2.9352050e+06 3.8400000e+03
 2.1600000e+03 0.0000000e+00 2.2467000e+01 8.5700000e-01 1.0080000e+00
 1.1000000e+01 0.0000000e+00 1.1502051e+04 2.9344610e+06 3.8400000e+03
 2.1600000e+03 0.0000000e+00 2.0682000e+01 8.4000000e-01 4.5000000e-02
 1.1000000e+01 0.0000000e+00 1.1574692e+04 2.9573340e+06 3.8400000e+03
 2.1600000e+03 0.0000000e+00 2.0036000e+01 8.5400000e-01 1.9000000e-02
 1.9200000e+02]
deleted_idx_col 748
query_origi 930
query_idx 136
deleted_scaled [1.         0.13702574 0.73168158 0.72984487 1.         1.
 1.         0.13072259 0.54418605 0.02379275 1.         0.1752333
 0.84922882 0.84838974 1.         1.         1.         0.84901525
 0.92439024 0.80133943 1.         0.08607532 0.86664902 0.87492828
 1.         1.         1.         0.31525983 0.78712871 0.07957996
 1.         0.         0.78058984 0.78215615 1.         1.
 1.         0.75058261 0.81498829 0.77810929]
deleted_not_scaled [1.20000000e+01 6.43814147e-01 1.47217980e+04 3.74853800e+06
 3.84000000e+03 2.16000000e+03 1.00000000e+00 1.97220000e+01
 8.04000000e-01 2.29600000e+00 1.20000000e+01 5.75036547e-01
 1.70349920e+04 4.34392300e+06 3.84000000e+03 2.16000000e+03
 1.00000000e+00 4.22870000e+01 9.66000000e-01 7.43050000e+01
 1.20000000e+01 4.23159964e-01 1.67057580e+04 4.26623300e+06
 3.84000000e+03 2.16000000e+03 1.00000000e+00 2.50960000e+01
 9.09000000e-01 7.20700000e+00 1.20000000e+01 0.00000000e+00
 1.56826150e+04 4.01082900e+06 3.84000000e+03 2.16000000e+03
 1.00000000e+00 3.84340000e+01 9.18000000e-01 7.35430000e+01
 1.85000000e+02]
deleted_idx_col 136
query_origi 460
query_idx 478
deleted_scaled [0.         0.         0.00201637 0.00186301 0.         0.
 0.         0.39028257 0.98139535 0.15226943 0.         0.
 0.00177686 0.00172785 0.         0.         0.         0.68662817
 0.98292683 0.39396717 0.25       0.         0.02912509 0.02920787
 0.05454545 0.05454545 0.         0.5965906  0.98762376 0.40075969
 0.58333333 0.         0.14053655 0.14009628 0.27272727 0.27272727
 0.         1.         0.60421546 0.55613395]
deleted_not_scaled [0.000000e+00 0.000000e+00 3.670920e+02 9.301200e+04 3.200000e+02
 1.800000e+02 0.000000e+00 3.183800e+01 9.920000e-01 1.469400e+01
 0.000000e+00 0.000000e+00 3.669280e+02 9.310800e+04 3.200000e+02
 1.800000e+02 0.000000e+00 3.680400e+01 9.900000e-01 3.653100e+01
 3.000000e+00 0.000000e+00 8.718740e+02 2.215650e+05 5.120000e+02
 2.880000e+02 0.000000e+00 3.532800e+01 9.900000e-01 3.629400e+01
 7.000000e+00 0.000000e+00 3.086891e+03 7.856140e+05 1.280000e+03
 7.200000e+02 0.000000e+00 4.667500e+01 8.280000e-01 5.256300e+01
 1.000000e+00]
deleted_idx_col 478
query_origi 623
query_idx 158
deleted_scaled [0.         0.04357984 0.00136548 0.00119925 0.         0.
 0.         0.16050044 0.6        0.         0.         0.04205748
 0.00206219 0.00199296 0.         0.         0.         0.17740264
 0.44390244 0.         0.         0.6808652  0.00208832 0.00202864
 0.         0.         0.         0.4737421  0.76485149 0.
 0.         0.         0.00266713 0.00261664 0.         0.
 0.         0.53255047 0.75175644 0.        ]
deleted_not_scaled [0.00000000e+00 2.04759462e-01 3.54287000e+02 8.96790000e+04
 3.20000000e+02 1.80000000e+02 0.00000000e+00 2.11120000e+01
 8.28000000e-01 0.00000000e+00 0.00000000e+00 1.38013655e-01
 3.72540000e+02 9.44390000e+04 3.20000000e+02 1.80000000e+02
 0.00000000e+00 1.96100000e+01 7.69000000e-01 0.00000000e+00
 0.00000000e+00 3.34724145e+00 3.60728000e+02 9.15800000e+04
 3.20000000e+02 1.80000000e+02 0.00000000e+00 3.08600000e+01
 9.00000000e-01 0.00000000e+00 0.00000000e+00 0.00000000e+00
 3.73734000e+02 9.50220000e+04 3.20000000e+02 1.80000000e+02
 0.00000000e+00 3.12300000e+01 8.91000000e-01 0.00000000e+00
 3.80000000e+01]
deleted_idx_col 158
query_origi 716
query_idx 139
deleted_scaled [0.         0.         0.00264571 0.0026578  0.         0.
 0.         0.25825318 0.71162791 0.         0.         0.
 0.00113415 0.00104488 0.         0.         0.         0.22188657
 0.58780488 0.         0.         1.         0.00271311 0.00262644
 0.         0.         0.         0.16442123 0.44059406 0.
 0.33333333 0.         0.04270036 0.04240538 0.09090909 0.09090909
 0.         0.51902182 0.76112412 0.34770142]
deleted_not_scaled [0.0000000e+00 0.0000000e+00 3.7947300e+02 9.7003000e+04 3.2000000e+02
 1.8000000e+02 0.0000000e+00 2.5675000e+01 8.7600000e-01 0.0000000e+00
 0.0000000e+00 0.0000000e+00 3.5428700e+02 8.9679000e+04 3.2000000e+02
 1.8000000e+02 0.0000000e+00 2.1112000e+01 8.2800000e-01 0.0000000e+00
 0.0000000e+00 4.9161588e+00 3.7254000e+02 9.4439000e+04 3.2000000e+02
 1.8000000e+02 0.0000000e+00 1.9610000e+01 7.6900000e-01 0.0000000e+00
 4.0000000e+00 0.0000000e+00 1.1615550e+03 2.9489000e+05 6.4000000e+02
 3.6000000e+02 0.0000000e+00 3.0783000e+01 8.9500000e-01 3.2863000e+01
 3.7000000e+01]
deleted_idx_col 139
query_origi 854
query_idx 260
deleted_scaled [0.00000000e+00 3.54925767e-01 2.06709672e-03 2.06912264e-03
 0.00000000e+00 0.00000000e+00 0.00000000e+00 2.61616573e-01
 6.81395349e-01 1.65803109e-03 3.33333333e-01 0.00000000e+00
 4.27099811e-02 4.22429171e-02 9.09090909e-02 9.09090909e-02
 0.00000000e+00 6.85561972e-01 8.80487805e-01 5.28546470e-01
 0.00000000e+00 0.00000000e+00 4.22150274e-03 4.12753800e-03
 0.00000000e+00 0.00000000e+00 0.00000000e+00 4.07451196e-01
 7.25247525e-01 0.00000000e+00 0.00000000e+00 0.00000000e+00
 5.30967246e-04 4.55881882e-04 0.00000000e+00 0.00000000e+00
 0.00000000e+00 3.96749493e-01 6.97892272e-01 0.00000000e+00]
deleted_not_scaled [0.00000000e+00 1.66761539e+00 3.68090000e+02 9.40470000e+04
 3.20000000e+02 1.80000000e+02 0.00000000e+00 2.58320000e+01
 8.63000000e-01 1.60000000e-01 4.00000000e+00 0.00000000e+00
 1.17201900e+03 2.96521000e+05 6.40000000e+02 3.60000000e+02
 0.00000000e+00 3.67680000e+01 9.48000000e-01 4.90100000e+01
 0.00000000e+00 0.00000000e+00 4.01057000e+02 1.01618000e+05
 3.20000000e+02 1.80000000e+02 0.00000000e+00 2.84490000e+01
 8.84000000e-01 0.00000000e+00 0.00000000e+00 0.00000000e+00
 3.31696000e+02 8.41680000e+04 3.20000000e+02 1.80000000e+02
 0.00000000e+00 2.67430000e+01 8.68000000e-01 0.00000000e+00
 6.70000000e+01]
deleted_idx_col 260
query_origi 117
query_idx 616
deleted_scaled [0.58333333 0.         0.13988607 0.13956541 0.27272727 0.27272727
 0.         0.20253219 0.61860465 0.23196891 0.         0.
 0.00168453 0.00174518 0.         0.         0.         0.30685621
 0.67317073 0.         0.         0.         0.00246446 0.00254072
 0.         0.         0.         0.43051966 0.78712871 0.
 0.16666667 0.         0.01879885 0.01851279 0.05454545 0.05454545
 0.         0.40737266 0.82435597 0.27209438]
deleted_not_scaled [7.000000e+00 0.000000e+00 3.079403e+03 7.844780e+05 1.280000e+03
 7.200000e+02 0.000000e+00 2.307400e+01 8.360000e-01 2.238500e+01
 0.000000e+00 0.000000e+00 3.651120e+02 9.319500e+04 3.200000e+02
 1.800000e+02 0.000000e+00 2.398100e+01 8.630000e-01 0.000000e+00
 0.000000e+00 0.000000e+00 3.678390e+02 9.402900e+04 3.200000e+02
 1.800000e+02 0.000000e+00 2.928800e+01 9.090000e-01 0.000000e+00
 2.000000e+00 0.000000e+00 6.911930e+02 1.748720e+05 5.120000e+02
 2.880000e+02 0.000000e+00 2.709400e+01 9.220000e-01 2.571700e+01
 1.780000e+02]
deleted_idx_col 616
query_origi 233
query_idx 997
deleted_scaled [0.         0.         0.0018717  0.00187356 0.         0.
 0.         0.36054757 0.71860465 0.0181658  0.5        0.
 0.10671219 0.10706905 0.27272727 0.27272727 0.         0.10250259
 0.12195122 0.35351466 0.         0.         0.00359936 0.00349419
 0.         0.         0.         0.08430025 0.27475248 0.02666652
 0.         0.         0.00135463 0.00127468 0.         0.
 0.         0.05871493 0.43793911 0.        ]
deleted_not_scaled [0.000000e+00 0.000000e+00 3.642460e+02 9.306500e+04 3.200000e+02
 1.800000e+02 0.000000e+00 3.045000e+01 8.790000e-01 1.753000e+00
 6.000000e+00 0.000000e+00 2.430843e+03 6.219920e+05 1.280000e+03
 7.200000e+02 0.000000e+00 1.708100e+01 6.370000e-01 3.278000e+01
 0.000000e+00 0.000000e+00 3.892950e+02 9.858900e+04 3.200000e+02
 1.800000e+02 0.000000e+00 1.669600e+01 7.020000e-01 2.415000e+00
 0.000000e+00 0.000000e+00 3.479050e+02 8.828100e+04 3.200000e+02
 1.800000e+02 0.000000e+00 1.557400e+01 7.570000e-01 0.000000e+00
 1.420000e+02]
deleted_idx_col 997
query_origi 503
query_idx 23
deleted_scaled [0.41666667 0.04043739 0.0728355  0.072908   0.18181818 0.17171717
 0.         0.25626085 0.48604651 0.28976166 0.25       0.94242099
 0.03105126 0.03122747 0.05454545 0.05454545 0.         0.23755368
 0.4097561  0.29499817 0.16666667 0.         0.01689278 0.01681919
 0.05454545 0.05454545 0.         0.07195491 0.32673267 0.29760498
 0.08333333 0.         0.00941818 0.00929063 0.01818182 0.01818182
 0.         0.32483884 0.50117096 0.02713855]
deleted_not_scaled [5.00000000e+00 1.89994716e-01 1.76031700e+03 4.49761000e+05
 9.60000000e+02 5.20000000e+02 0.00000000e+00 2.55820000e+01
 7.79000000e-01 2.79620000e+01 3.00000000e+00 3.09260008e+00
 9.42710000e+02 2.41216000e+05 5.12000000e+02 2.88000000e+02
 0.00000000e+00 2.16410000e+01 7.55000000e-01 2.73540000e+01
 2.00000000e+00 0.00000000e+00 6.40615000e+02 1.62316000e+05
 5.12000000e+02 2.88000000e+02 0.00000000e+00 1.62470000e+01
 7.23000000e-01 2.69520000e+01 1.00000000e+00 0.00000000e+00
 5.06589000e+02 1.28547000e+05 3.84000000e+02 2.16000000e+02
 0.00000000e+00 2.43670000e+01 7.84000000e-01 2.56500000e+00
 1.27000000e+02]
deleted_idx_col 23
query_origi 726
query_idx 846
deleted_scaled [0.         0.         0.00199858 0.00191837 0.         0.
 0.         0.12723066 0.23023256 0.         0.         0.
 0.00175926 0.00178343 0.         0.         0.         0.21658522
 0.27073171 0.00084119 0.41666667 0.         0.08360887 0.08433852
 0.18181818 0.17171717 0.         0.03816332 0.20049505 0.43175469
 0.         0.         0.00108399 0.00112497 0.         0.
 0.         0.14633334 0.48009368 0.00068772]
deleted_not_scaled [0.000000e+00 0.000000e+00 3.667420e+02 9.329000e+04 3.200000e+02
 1.800000e+02 0.000000e+00 1.955900e+01 6.690000e-01 0.000000e+00
 0.000000e+00 0.000000e+00 3.665820e+02 9.338700e+04 3.200000e+02
 1.800000e+02 0.000000e+00 2.093300e+01 6.980000e-01 7.800000e-02
 5.000000e+00 0.000000e+00 1.901922e+03 4.852280e+05 9.600000e+02
 5.200000e+02 0.000000e+00 1.501800e+01 6.720000e-01 3.910100e+01
 0.000000e+00 0.000000e+00 3.425790e+02 8.752900e+04 3.200000e+02
 1.800000e+02 0.000000e+00 1.846900e+01 7.750000e-01 6.500000e-02
 2.370000e+02]
deleted_idx_col 846
query_origi 934
query_idx 847
deleted_scaled [0.41666667 0.         0.07752594 0.07741864 0.18181818 0.17171717
 0.         0.04648771 0.19767442 0.12083938 0.41666667 0.
 0.07701269 0.07716072 0.18181818 0.17171717 0.         0.68757589
 0.83902439 0.72082264 0.5        0.         0.11158583 0.11293521
 0.27272727 0.27272727 0.         0.09488589 0.11386139 0.36195797
 0.58333333 0.         0.14655423 0.14529851 0.27272727 0.27272727
 0.         0.08540904 0.23419204 0.32937629]
deleted_not_scaled [5.000000e+00 0.000000e+00 1.852592e+03 4.724110e+05 9.600000e+02
 5.200000e+02 0.000000e+00 1.579000e+01 6.550000e-01 1.166100e+01
 5.000000e+00 0.000000e+00 1.846700e+03 4.718320e+05 9.600000e+02
 5.200000e+02 0.000000e+00 3.683600e+01 9.310000e-01 6.683900e+01
 6.000000e+00 0.000000e+00 2.430843e+03 6.219920e+05 1.280000e+03
 7.200000e+02 0.000000e+00 1.708100e+01 6.370000e-01 3.278000e+01
 7.000000e+00 0.000000e+00 3.205314e+03 8.117460e+05 1.280000e+03
 7.200000e+02 0.000000e+00 1.645600e+01 6.700000e-01 3.113100e+01
 1.410000e+02]
deleted_idx_col 847
query_origi 753
query_idx 539
deleted_scaled [0.33333333 0.         0.04247262 0.04239909 0.09090909 0.09090909
 0.         0.11369138 0.56046512 0.25524352 0.33333333 0.
 0.04219047 0.04227757 0.09090909 0.09090909 0.         0.07404117
 0.47073171 0.2010655  0.33333333 0.17264682 0.04447764 0.0450255
 0.09090909 0.09090909 0.         0.60643387 0.92821782 0.56308868
 0.33333333 0.         0.04328204 0.04283797 0.09090909 0.09090909
 0.         0.59062982 0.90866511 0.50033328]
deleted_not_scaled [4.00000000e+00 0.00000000e+00 1.16298800e+03 2.96562000e+05
 6.40000000e+02 3.60000000e+02 0.00000000e+00 1.89270000e+01
 8.11000000e-01 2.46310000e+01 4.00000000e+00 0.00000000e+00
 1.16180100e+03 2.96695000e+05 6.40000000e+02 3.60000000e+02
 0.00000000e+00 1.61200000e+01 7.80000000e-01 1.86440000e+01
 4.00000000e+00 8.48759195e-01 1.16212300e+03 2.97213000e+05
 6.40000000e+02 3.60000000e+02 0.00000000e+00 3.56860000e+01
 9.66000000e-01 5.09950000e+01 4.00000000e+00 0.00000000e+00
 1.17300200e+03 2.97063000e+05 6.40000000e+02 3.60000000e+02
 0.00000000e+00 3.31490000e+01 9.58000000e-01 4.72890000e+01
 2.80000000e+01]
deleted_idx_col 539
query_origi 850
query_idx 638
deleted_scaled [0.         0.         0.00177802 0.00159934 0.         0.
 0.         0.74395338 0.99302326 0.67647668 0.08333333 0.
 0.00881    0.0086815  0.01818182 0.01818182 0.         0.58394788
 0.99268293 0.16319048 0.25       0.         0.02925595 0.02927081
 0.05454545 0.05454545 0.         0.69477591 0.99009901 0.52422071
 0.33333333 0.         0.04297882 0.04274042 0.09090909 0.09090909
 0.         0.67858116 0.98594848 0.51712427]
deleted_not_scaled [0.000000e+00 0.000000e+00 3.624030e+02 9.168800e+04 3.200000e+02
 1.800000e+02 0.000000e+00 4.834700e+01 9.970000e-01 6.528000e+01
 1.000000e+00 0.000000e+00 5.052590e+02 1.280200e+05 3.840000e+02
 2.160000e+02 0.000000e+00 3.333700e+01 9.940000e-01 1.513200e+01
 3.000000e+00 0.000000e+00 8.743480e+02 2.218660e+05 5.120000e+02
 2.880000e+02 0.000000e+00 3.889900e+01 9.910000e-01 4.747500e+01
 4.000000e+00 0.000000e+00 1.167035e+03 2.965730e+05 6.400000e+02
 3.600000e+02 0.000000e+00 3.605500e+01 9.910000e-01 4.887600e+01
 0.000000e+00]
deleted_idx_col 638
query_origi 3
query_idx 579
deleted_scaled [0.         0.         0.00202364 0.00198907 0.         0.
 0.         0.04552368 0.23023256 0.06009326 0.33333333 0.
 0.04218782 0.04230387 0.09090909 0.09090909 0.         0.6339997
 0.81219512 0.65680607 0.         0.         0.00227737 0.00237072
 0.         0.         0.         0.10266703 0.17326733 0.02467895
 0.5        0.         0.11329918 0.11230481 0.27272727 0.27272727
 0.         0.08559063 0.23653396 0.3277046 ]
deleted_not_scaled [0.000000e+00 0.000000e+00 3.672350e+02 9.364500e+04 3.200000e+02
 1.800000e+02 0.000000e+00 1.574500e+01 6.690000e-01 5.799000e+00
 4.000000e+00 0.000000e+00 1.161749e+03 2.968270e+05 6.400000e+02
 3.600000e+02 0.000000e+00 3.502700e+01 9.200000e-01 6.090300e+01
 0.000000e+00 0.000000e+00 3.643020e+02 9.321600e+04 3.200000e+02
 1.800000e+02 0.000000e+00 1.736400e+01 6.610000e-01 2.235000e+00
 6.000000e+00 0.000000e+00 2.550882e+03 6.460110e+05 1.280000e+03
 7.200000e+02 0.000000e+00 1.646200e+01 6.710000e-01 3.097300e+01
 1.410000e+02]
deleted_idx_col 579
query_origi 190
query_idx 870
deleted_scaled [0.58333333 0.05622846 0.1428701  0.14160625 0.27272727 0.27272727
 0.         0.32783479 0.58139535 0.59093264 0.5        0.
 0.10783104 0.10709136 0.27272727 0.27272727 0.         0.2446024
 0.1195122  0.35177836 0.41666667 0.         0.08128437 0.08155714
 0.18181818 0.17171717 0.         0.23172945 0.12871287 0.3197001
 0.41666667 0.         0.07801082 0.07770955 0.18181818 0.17171717
 0.         0.36103629 0.4941452  0.30358144]
deleted_not_scaled [7.0000000e+00 2.6418888e-01 3.1381080e+03 7.9472600e+05 1.2800000e+03
 7.2000000e+02 0.0000000e+00 2.8923000e+01 8.2000000e-01 5.7025000e+01
 6.0000000e+00 0.0000000e+00 2.4528490e+03 6.2210400e+05 1.2800000e+03
 7.2000000e+02 0.0000000e+00 2.1879000e+01 6.3600000e-01 3.2619000e+01
 5.0000000e+00 0.0000000e+00 1.8579760e+03 4.7192600e+05 9.6000000e+02
 5.2000000e+02 0.0000000e+00 2.2058000e+01 6.4300000e-01 2.8953000e+01
 5.0000000e+00 0.0000000e+00 1.8564360e+03 4.7223100e+05 9.6000000e+02
 5.2000000e+02 0.0000000e+00 2.5563000e+01 7.8100000e-01 2.8693000e+01
 9.1000000e+01]
deleted_idx_col 870
query_origi 348
query_idx 583
deleted_scaled [0.33333333 0.         0.04258445 0.04242378 0.09090909 0.09090909
 0.         0.03421239 0.21395349 0.43318135 0.33333333 0.
 0.04241987 0.04241998 0.09090909 0.09090909 0.         0.06394195
 0.17560976 0.4141449  0.33333333 0.         0.04445786 0.04494479
 0.09090909 0.09090909 0.         0.58831454 0.81435644 0.67249318
 0.33333333 0.         0.04265528 0.04282264 0.09090909 0.09090909
 0.         0.10623165 0.17330211 0.32232979]
deleted_not_scaled [4.000000e+00 0.000000e+00 1.165188e+03 2.966860e+05 6.400000e+02
 3.600000e+02 0.000000e+00 1.521700e+01 6.620000e-01 4.180200e+01
 4.000000e+00 0.000000e+00 1.166313e+03 2.974100e+05 6.400000e+02
 3.600000e+02 0.000000e+00 1.577900e+01 6.590000e-01 3.840200e+01
 4.000000e+00 0.000000e+00 1.161749e+03 2.968270e+05 6.400000e+02
 3.600000e+02 0.000000e+00 3.502700e+01 9.200000e-01 6.090300e+01
 4.000000e+00 0.000000e+00 1.160668e+03 2.969860e+05 6.400000e+02
 3.600000e+02 0.000000e+00 1.714400e+01 6.440000e-01 3.046500e+01
 1.400000e+02]
deleted_idx_col 583
query_origi 845
query_idx 229
deleted_scaled [0.00000000e+00 2.13296327e-01 2.17150376e-04 1.01763394e-04
 0.00000000e+00 0.00000000e+00 0.00000000e+00 2.81132843e-01
 6.93023256e-01 0.00000000e+00 0.00000000e+00 7.24045017e-01
 2.10250459e-03 2.08876255e-03 0.00000000e+00 0.00000000e+00
 0.00000000e+00 3.07270843e-01 6.29268293e-01 2.02747881e-03
 0.00000000e+00 1.20438648e-01 3.92021619e-03 3.92910671e-03
 0.00000000e+00 0.00000000e+00 0.00000000e+00 4.83942810e-01
 8.29207921e-01 8.81375396e-02 0.00000000e+00 0.00000000e+00
 5.45398741e-04 5.52831435e-04 0.00000000e+00 0.00000000e+00
 0.00000000e+00 3.93722950e-01 7.72833724e-01 0.00000000e+00]
deleted_not_scaled [0.00000000e+00 1.00217079e+00 3.31696000e+02 8.41680000e+04
 3.20000000e+02 1.80000000e+02 0.00000000e+00 2.67430000e+01
 8.68000000e-01 0.00000000e+00 0.00000000e+00 2.37598877e+00
 3.73333000e+02 9.49200000e+04 3.20000000e+02 1.80000000e+02
 0.00000000e+00 2.39950000e+01 8.45000000e-01 1.88000000e-01
 0.00000000e+00 5.92095521e-01 3.95361000e+02 1.00669000e+05
 3.20000000e+02 1.80000000e+02 0.00000000e+00 3.12310000e+01
 9.26000000e-01 7.98200000e+00 0.00000000e+00 0.00000000e+00
 3.31980000e+02 8.46550000e+04 3.20000000e+02 1.80000000e+02
 0.00000000e+00 2.66430000e+01 9.00000000e-01 0.00000000e+00
 7.00000000e+01]
deleted_idx_col 229
query_origi 12
query_idx 560
deleted_scaled [3.33333333e-01 0.00000000e+00 4.82442869e-02 4.78156517e-02
 9.09090909e-02 9.09090909e-02 0.00000000e+00 2.13757793e-01
 6.62790698e-01 1.04974093e-01 0.00000000e+00 0.00000000e+00
 5.69287448e-04 5.44548184e-04 0.00000000e+00 0.00000000e+00
 0.00000000e+00 3.95083667e-01 7.43902439e-01 0.00000000e+00
 5.00000000e-01 0.00000000e+00 1.12449228e-01 1.13041013e-01
 2.72727273e-01 2.72727273e-01 0.00000000e+00 4.04316745e-01
 8.14356436e-01 5.34059163e-01 0.00000000e+00 0.00000000e+00
 2.26325487e-03 2.25074260e-03 0.00000000e+00 0.00000000e+00
 0.00000000e+00 4.32825883e-01 7.91569087e-01 0.00000000e+00]
deleted_not_scaled [4.000000e+00 0.000000e+00 1.276534e+03 3.237610e+05 6.400000e+02
 3.600000e+02 0.000000e+00 2.359800e+01 8.550000e-01 1.013000e+01
 0.000000e+00 0.000000e+00 3.431770e+02 8.716700e+04 3.200000e+02
 1.800000e+02 0.000000e+00 2.696000e+01 8.920000e-01 0.000000e+00
 6.000000e+00 0.000000e+00 2.447166e+03 6.224980e+05 1.280000e+03
 7.200000e+02 0.000000e+00 2.833500e+01 9.200000e-01 4.836600e+01
 0.000000e+00 0.000000e+00 3.657860e+02 9.318400e+04 3.200000e+02
 1.800000e+02 0.000000e+00 2.793500e+01 9.080000e-01 0.000000e+00
 4.700000e+01]
deleted_idx_col 560
query_origi 168
query_idx 212
deleted_scaled [0.41666667 0.10263876 0.07756625 0.07736667 0.18181818 0.17171717
 0.         0.14100559 0.2255814  0.33439378 0.41666667 0.04816357
 0.07982033 0.07982889 0.18181818 0.17171717 0.         0.04140382
 0.20731707 0.42168324 0.33333333 0.0609331  0.04114402 0.0415978
 0.09090909 0.09090909 0.         0.13090459 0.42574257 0.2036262
 0.33333333 0.         0.0489246  0.04837225 0.09090909 0.09090909
 0.         0.71057171 0.83606557 0.67240121]
deleted_not_scaled [5.00000000e+00 4.82247275e-01 1.85338500e+03 4.72150000e+05
 9.60000000e+02 5.20000000e+02 0.00000000e+00 2.02020000e+01
 6.67000000e-01 3.22690000e+01 5.00000000e+00 1.58051074e-01
 1.90192200e+03 4.85228000e+05 9.60000000e+02 5.20000000e+02
 0.00000000e+00 1.50180000e+01 6.72000000e-01 3.91010000e+01
 4.00000000e+00 2.99556807e-01 1.09909900e+03 2.80820000e+05
 6.40000000e+02 3.60000000e+02 0.00000000e+00 1.83910000e+01
 7.63000000e-01 1.84410000e+01 4.00000000e+00 0.00000000e+00
 1.28404300e+03 3.24863000e+05 6.40000000e+02 3.60000000e+02
 0.00000000e+00 3.71120000e+01 9.27000000e-01 6.35520000e+01
 2.38000000e+02]
deleted_idx_col 212
query_origi 9
query_idx 412
deleted_scaled [5.83333333e-01 0.00000000e+00 1.40960737e-01 1.39557443e-01
 2.72727273e-01 2.72727273e-01 0.00000000e+00 2.03260567e-01
 6.97674419e-01 2.28062176e-01 6.66666667e-01 0.00000000e+00
 2.05761187e-01 2.04174099e-01 4.54545455e-01 4.54545455e-01
 0.00000000e+00 1.33274100e-01 5.04878049e-01 9.70601557e-05
 6.66666667e-01 0.00000000e+00 2.24654242e-01 2.25273036e-01
 4.54545455e-01 4.54545455e-01 0.00000000e+00 2.26890294e-01
 6.23762376e-01 5.96270000e-04 6.66666667e-01 0.00000000e+00
 1.95504792e-01 1.94590494e-01 4.54545455e-01 4.54545455e-01
 0.00000000e+00 2.77745831e-01 7.33021077e-01 0.00000000e+00]
deleted_not_scaled [7.000000e+00 0.000000e+00 3.100545e+03 7.844380e+05 1.280000e+03
 7.200000e+02 0.000000e+00 2.310800e+01 8.700000e-01 2.200800e+01
 8.000000e+00 0.000000e+00 4.378983e+03 1.109525e+06 1.920000e+03
 1.080000e+03 0.000000e+00 1.812000e+01 7.940000e-01 9.000000e-03
 8.000000e+00 0.000000e+00 4.568468e+03 1.159249e+06 1.920000e+03
 1.080000e+03 0.000000e+00 2.188200e+01 8.430000e-01 5.400000e-02
 8.000000e+00 0.000000e+00 4.168621e+03 1.059351e+06 1.920000e+03
 1.080000e+03 0.000000e+00 2.281100e+01 8.830000e-01 0.000000e+00
 2.110000e+02]
deleted_idx_col 412
query_origi 529
query_idx 933
deleted_scaled [0.00000000e+00 0.00000000e+00 4.99517028e-04 4.58034847e-04
 0.00000000e+00 0.00000000e+00 0.00000000e+00 2.10372973e-01
 3.23255814e-01 0.00000000e+00 5.00000000e-01 0.00000000e+00
 1.18064583e-01 1.18118158e-01 2.72727273e-01 2.72727273e-01
 0.00000000e+00 2.87783207e-01 6.87804878e-01 6.07413239e-01
 1.66666667e-01 0.00000000e+00 1.63246955e-02 1.65465345e-02
 5.45454545e-02 5.45454545e-02 0.00000000e+00 1.36678581e-01
 6.60891089e-01 3.35324581e-01 5.00000000e-01 0.00000000e+00
 1.11223588e-01 1.10183067e-01 2.72727273e-01 2.72727273e-01
 0.00000000e+00 0.00000000e+00 4.23887588e-01 5.53774533e-01]
deleted_not_scaled [0.000000e+00 0.000000e+00 3.372510e+02 8.595700e+04 3.200000e+02
 1.800000e+02 0.000000e+00 2.344000e+01 7.090000e-01 0.000000e+00
 6.000000e+00 0.000000e+00 2.654127e+03 6.774660e+05 1.280000e+03
 7.200000e+02 0.000000e+00 2.333700e+01 8.690000e-01 5.632300e+01
 2.000000e+00 0.000000e+00 6.298750e+02 1.610120e+05 5.120000e+02
 2.880000e+02 0.000000e+00 1.860100e+01 8.580000e-01 3.036800e+01
 6.000000e+00 0.000000e+00 2.510036e+03 6.353530e+05 1.280000e+03
 7.200000e+02 0.000000e+00 1.363400e+01 7.510000e-01 5.234000e+01
 2.310000e+02]
deleted_idx_col 933
query_origi 319
query_idx 78
deleted_scaled [0.5        0.32344528 0.10804522 0.10717577 0.27272727 0.27272727
 0.         0.19826903 0.68139535 0.17867358 0.41666667 0.
 0.07777732 0.07732345 0.18181818 0.17171717 0.         0.58930846
 0.90731707 0.6352048  0.         0.         0.0023785  0.00234856
 0.         0.         0.         0.24775914 0.41584158 0.
 0.         0.         0.00227255 0.00225094 0.         0.
 0.         0.23534397 0.40515222 0.        ]
deleted_not_scaled [6.0000000e+00 1.5197046e+00 2.4529980e+03 6.2183500e+05 1.2800000e+03
 7.2000000e+02 0.0000000e+00 2.2875000e+01 8.6300000e-01 1.7242000e+01
 5.0000000e+00 0.0000000e+00 1.8617390e+03 4.7264900e+05 9.6000000e+02
 5.2000000e+02 0.0000000e+00 3.3518000e+01 9.5900000e-01 5.8900000e+01
 0.0000000e+00 0.0000000e+00 3.6621400e+02 9.3110000e+04 3.2000000e+02
 1.8000000e+02 0.0000000e+00 2.2641000e+01 7.5900000e-01 0.0000000e+00
 0.0000000e+00 0.0000000e+00 3.6596900e+02 9.3185000e+04 3.2000000e+02
 1.8000000e+02 0.0000000e+00 2.1410000e+01 7.4300000e-01 0.0000000e+00
 2.8000000e+02]
deleted_idx_col 78
query_origi 182
query_idx 28
deleted_scaled [0.33333333 0.         0.04124556 0.04083301 0.09090909 0.09090909
 0.         0.19790484 0.69302326 0.15898446 0.33333333 0.
 0.04273113 0.04246819 0.09090909 0.09090909 0.         0.58753147
 0.90243902 0.56518129 0.33333333 0.75569942 0.04477141 0.04495629
 0.09090909 0.09090909 0.         0.23706351 0.40841584 0.25511522
 0.41666667 0.         0.07786249 0.077654   0.18181818 0.17171717
 0.         0.2255985  0.34660422 0.26042427]
deleted_not_scaled [4.00000000e+00 0.00000000e+00 1.13884800e+03 2.88698000e+05
 6.40000000e+02 3.60000000e+02 0.00000000e+00 2.28580000e+01
 8.68000000e-01 1.53420000e+01 4.00000000e+00 0.00000000e+00
 1.17243500e+03 2.97652000e+05 6.40000000e+02 3.60000000e+02
 0.00000000e+00 3.34580000e+01 9.57000000e-01 5.24070000e+01
 4.00000000e+00 3.71513833e+00 1.16767700e+03 2.96882000e+05
 6.40000000e+02 3.60000000e+02 0.00000000e+00 2.22520000e+01
 7.56000000e-01 2.31040000e+01 5.00000000e+00 0.00000000e+00
 1.85351700e+03 4.71952000e+05 9.60000000e+02 5.20000000e+02
 0.00000000e+00 2.10880000e+01 7.18000000e-01 2.46140000e+01
 2.80000000e+02]
deleted_idx_col 28
query_origi 911
query_idx 86
deleted_scaled [0.58333333 0.7185291  0.13985852 0.13846493 0.27272727 0.27272727
 0.         0.07408042 0.57674419 0.17884974 0.41666667 0.
 0.07744018 0.0768034  0.18181818 0.17171717 0.         0.29367688
 0.74878049 0.02424347 0.25       0.         0.03003953 0.0300568
 0.05454545 0.05454545 0.         0.1114105  0.61881188 0.20820865
 0.33333333 0.         0.04612962 0.04587725 0.09090909 0.09090909
 0.         0.04960504 0.52224824 0.31345289]
deleted_not_scaled [7.00000000e+00 3.37600226e+00 3.07886100e+03 7.78952000e+05
 1.28000000e+03 7.20000000e+02 0.00000000e+00 1.70780000e+01
 8.18000000e-01 1.72590000e+01 5.00000000e+00 0.00000000e+00
 1.85510800e+03 4.70038000e+05 9.60000000e+02 5.20000000e+02
 0.00000000e+00 2.35360000e+01 8.94000000e-01 2.24800000e+00
 3.00000000e+00 0.00000000e+00 8.89162000e+02 2.25625000e+05
 5.12000000e+02 2.88000000e+02 0.00000000e+00 1.76820000e+01
 8.41000000e-01 1.88560000e+01 4.00000000e+00 0.00000000e+00
 1.22904000e+03 3.12330000e+05 6.40000000e+02 3.60000000e+02
 0.00000000e+00 1.52730000e+01 7.93000000e-01 2.96260000e+01
 2.26000000e+02]
deleted_idx_col 86
query_origi 66
query_idx 114
deleted_scaled [0.33333333 0.61916709 0.04142316 0.04152126 0.09090909 0.09090909
 0.         0.42085306 0.78139535 0.61329534 0.33333333 0.43206846
 0.04270902 0.04230028 0.09090909 0.09090909 0.         0.14941507
 0.43414634 0.24284451 0.25       0.         0.02932112 0.02931326
 0.05454545 0.05454545 0.         0.71176794 0.92574257 0.63295165
 0.16666667 0.         0.01856338 0.01841604 0.05454545 0.05454545
 0.         0.26521594 0.75644028 0.19231868]
deleted_not_scaled [4.00000000e+00 2.90915077e+00 1.14234200e+03 2.92154000e+05
 6.40000000e+02 3.60000000e+02 0.00000000e+00 3.32650000e+01
 9.06000000e-01 5.91830000e+01 4.00000000e+00 1.41785357e+00
 1.17200000e+03 2.96809000e+05 6.40000000e+02 3.60000000e+02
 0.00000000e+00 1.86650000e+01 7.65000000e-01 2.25180000e+01
 3.00000000e+00 0.00000000e+00 8.75580000e+02 2.22069000e+05
 5.12000000e+02 2.88000000e+02 0.00000000e+00 3.95170000e+01
 9.65000000e-01 5.73220000e+01 2.00000000e+00 0.00000000e+00
 6.86559000e+02 1.74386000e+05 5.12000000e+02 2.88000000e+02
 0.00000000e+00 2.23970000e+01 8.93000000e-01 1.81770000e+01
 1.88000000e+02]
deleted_idx_col 114
query_origi 234
query_idx 920
deleted_scaled [0.25       0.         0.02414634 0.02415039 0.05454545 0.05454545
 0.         0.24529232 0.81627907 0.23650777 0.25       0.
 0.02634046 0.02648428 0.05454545 0.05454545 0.         0.55409448
 0.77073171 0.55578802 0.25       0.         0.02933328 0.0292568
 0.05454545 0.05454545 0.         0.1383008  0.43811881 0.23738171
 0.25       0.         0.0281685  0.02790853 0.05454545 0.05454545
 0.         0.78336007 0.92505855 0.60648574]
deleted_not_scaled [3.00000e+00 0.00000e+00 8.02455e+02 2.04927e+05 5.12000e+02 2.88000e+02
 0.00000e+00 2.50700e+01 9.21000e-01 2.28230e+01 3.00000e+00 0.00000e+00
 8.50056e+02 2.17402e+05 5.12000e+02 2.88000e+02 0.00000e+00 3.23290e+01
 9.03000e-01 5.15360e+01 3.00000e+00 0.00000e+00 8.75810e+02 2.21799e+05
 5.12000e+02 2.88000e+02 0.00000e+00 1.86600e+01 7.68000e-01 2.14980e+01
 3.00000e+00 0.00000e+00 8.75580e+02 2.22069e+05 5.12000e+02 2.88000e+02
 0.00000e+00 3.95170e+01 9.65000e-01 5.73220e+01 1.87000e+02]
deleted_idx_col 920
query_origi 601
query_idx 243
deleted_scaled [0.33333333 0.7960277  0.04295282 0.04261616 0.09090909 0.09090909
 0.         0.42498768 0.9        0.54307772 0.16666667 0.09765861
 0.01799329 0.01791631 0.05454545 0.05454545 0.         0.25908485
 0.41463415 0.21820201 0.         0.14553603 0.00236554 0.00236424
 0.         0.         0.         0.21391257 0.37623762 0.
 0.         0.         0.00236199 0.0023676  0.         0.
 0.         0.38721588 0.55503513 0.        ]
deleted_not_scaled [4.00000000e+00 3.74012868e+00 1.17243500e+03 2.97652000e+05
 6.40000000e+02 3.60000000e+02 0.00000000e+00 3.34580000e+01
 9.57000000e-01 5.24070000e+01 2.00000000e+00 3.20471454e-01
 6.85880000e+02 1.74385000e+05 5.12000000e+02 2.88000000e+02
 0.00000000e+00 2.23680000e+01 7.57000000e-01 2.02330000e+01
 0.00000000e+00 7.15478239e-01 3.65969000e+02 9.31850000e+04
 3.20000000e+02 1.80000000e+02 0.00000000e+00 2.14100000e+01
 7.43000000e-01 0.00000000e+00 0.00000000e+00 0.00000000e+00
 3.67729000e+02 9.37710000e+04 3.20000000e+02 1.80000000e+02
 0.00000000e+00 2.64280000e+01 8.07000000e-01 0.00000000e+00
 2.81000000e+02]
deleted_idx_col 243
query_origi 613
query_idx 730
deleted_scaled [0.5        0.         0.10781958 0.10719549 0.27272727 0.27272727
 0.         0.54420617 0.86046512 0.85033161 0.16666667 0.
 0.01802491 0.01796491 0.05454545 0.05454545 0.         0.17390789
 0.7097561  0.30905032 0.5        0.         0.11212768 0.11290907
 0.27272727 0.27272727 0.         0.20395931 0.69059406 0.25133885
 0.08333333 0.         0.00918143 0.00919269 0.01818182 0.01818182
 0.         0.18940105 0.66744731 0.        ]
deleted_not_scaled [6.000000e+00 0.000000e+00 2.448559e+03 6.219340e+05 1.280000e+03
 7.200000e+02 0.000000e+00 3.902300e+01 9.400000e-01 8.205700e+01
 2.000000e+00 0.000000e+00 6.865020e+02 1.746290e+05 5.120000e+02
 2.880000e+02 0.000000e+00 1.949200e+01 8.780000e-01 2.865700e+01
 6.000000e+00 0.000000e+00 2.441087e+03 6.218670e+05 1.280000e+03
 7.200000e+02 0.000000e+00 2.104800e+01 8.700000e-01 2.276200e+01
 1.000000e+00 0.000000e+00 5.019300e+02 1.280550e+05 3.840000e+02
 2.160000e+02 0.000000e+00 1.989200e+01 8.550000e-01 0.000000e+00
 2.210000e+02]
deleted_idx_col 730
query_origi 397
query_idx 938
deleted_scaled [0.5        0.         0.09966353 0.09987669 0.27272727 0.27272727
 0.         0.46157801 0.79534884 0.74629016 0.5        0.
 0.10795789 0.10703399 0.27272727 0.27272727 0.         0.15065897
 0.4195122  0.2618683  0.5        0.05950068 0.11274607 0.11295487
 0.27272727 0.27272727 0.         0.79136651 0.94554455 0.89967205
 0.5        0.         0.10808982 0.10750192 0.27272727 0.27272727
 0.         0.26391453 0.74473068 0.2171613 ]
deleted_not_scaled [6.00000000e+00 0.00000000e+00 2.28810500e+03 5.85183000e+05
 1.28000000e+03 7.20000000e+02 0.00000000e+00 3.51660000e+01
 9.12000000e-01 7.20170000e+01 6.00000000e+00 0.00000000e+00
 2.45534400e+03 6.21816000e+05 1.28000000e+03 7.20000000e+02
 0.00000000e+00 1.87070000e+01 7.59000000e-01 2.42820000e+01
 6.00000000e+00 2.92514804e-01 2.45277800e+03 6.22086000e+05
 1.28000000e+03 7.20000000e+02 0.00000000e+00 4.24120000e+01
 9.73000000e-01 8.14770000e+01 6.00000000e+00 0.00000000e+00
 2.44836600e+03 6.21885000e+05 1.28000000e+03 7.20000000e+02
 0.00000000e+00 2.23540000e+01 8.88000000e-01 2.05250000e+01
 1.88000000e+02]
deleted_idx_col 938
