query_origi 8
query_idx 12
deleted_scaled [1.66666667e-01 0.00000000e+00 1.81388678e-02 1.81228457e-02
 5.45454545e-02 5.45454545e-02 0.00000000e+00 5.45834315e-01
 8.81395349e-01 5.06466321e-01 8.33333333e-02 4.45394773e-01
 8.67475709e-03 8.77252386e-03 1.81818182e-02 1.81818182e-02
 0.00000000e+00 3.05641937e-01 7.53658537e-01 0.00000000e+00
 8.33333333e-02 0.00000000e+00 1.12787805e-02 1.11681894e-02
 1.81818182e-02 1.81818182e-02 0.00000000e+00 2.25570525e-01
 7.10396040e-01 0.00000000e+00 0.00000000e+00 0.00000000e+00
 1.92873890e-03 1.82750903e-03 0.00000000e+00 0.00000000e+00
 0.00000000e+00 2.79561757e-01 7.21311475e-01 2.11606623e-05]
deleted_not_scaled [2.00000000e+00 0.00000000e+00 6.84270000e+02 1.74660000e+05
 5.12000000e+02 2.88000000e+02 0.00000000e+00 3.90990000e+01
 9.49000000e-01 4.88740000e+01 1.00000000e+00 1.46158451e+00
 5.02599000e+02 1.28477000e+05 3.84000000e+02 2.16000000e+02
 0.00000000e+00 2.39400000e+01 8.96000000e-01 0.00000000e+00
 1.00000000e+00 0.00000000e+00 5.34479000e+02 1.35290000e+05
 3.84000000e+02 2.16000000e+02 0.00000000e+00 2.18340000e+01
 8.78000000e-01 0.00000000e+00 0.00000000e+00 0.00000000e+00
 3.59203000e+02 9.10580000e+04 3.20000000e+02 1.80000000e+02
 0.00000000e+00 2.28710000e+01 8.78000000e-01 2.00000000e-03
 2.77000000e+02]
deleted_idx_col 12
query_origi 634
query_idx 96
deleted_scaled [1.         0.06823407 0.83214581 0.82673936 1.         1.
 1.         0.31262452 0.58372093 0.07807254 1.         0.16071157
 0.83067575 0.82653571 1.         1.         1.         0.36306827
 0.48292683 0.00786187 1.         0.13351528 0.86354877 0.86831774
 1.         1.         1.         0.15515535 0.34405941 0.07892848
 1.         0.         0.8283464  0.82669601 1.         1.
 1.         0.25550074 0.54098361 0.13796752]
deleted_not_scaled [1.20000000e+01 3.20597144e-01 1.66982310e+04 4.23508900e+06
 3.84000000e+03 2.16000000e+03 1.00000000e+00 2.82130000e+01
 8.21000000e-01 7.53400000e+00 1.20000000e+01 5.27382807e-01
 1.66700820e+04 4.23420100e+06 3.84000000e+03 2.16000000e+03
 1.00000000e+00 2.58790000e+01 7.85000000e-01 7.29000000e-01
 1.20000000e+01 6.56382343e-01 1.66471460e+04 4.23461800e+06
 3.84000000e+03 2.16000000e+03 1.00000000e+00 1.92730000e+01
 7.30000000e-01 7.14800000e+00 1.20000000e+01 0.00000000e+00
 1.66224250e+04 4.23456300e+06 3.84000000e+03 2.16000000e+03
 1.00000000e+00 2.20760000e+01 8.01000000e-01 1.30400000e+01
 7.70000000e+01]
deleted_idx_col 96
query_origi 424
query_idx 447
deleted_scaled [0.41666667 0.         0.07626492 0.07624986 0.18181818 0.17171717
 0.         0.05998415 0.26976744 0.00592746 0.41666667 0.
 0.07720106 0.07739535 0.18181818 0.17171717 0.         0.18311861
 0.26829268 0.01847378 0.5        0.         0.11298563 0.11293814
 0.27272727 0.27272727 0.         0.10478416 0.43811881 0.22693595
 0.58333333 0.         0.14092483 0.13986735 0.27272727 0.27272727
 0.         0.20120456 0.70257611 0.13476168]
deleted_not_scaled [5.000000e+00 0.000000e+00 1.827784e+03 4.665420e+05 9.600000e+02
 5.200000e+02 0.000000e+00 1.642000e+01 6.860000e-01 5.720000e-01
 5.000000e+00 0.000000e+00 1.850405e+03 4.730100e+05 9.600000e+02
 5.200000e+02 0.000000e+00 1.980300e+01 6.970000e-01 1.713000e+00
 6.000000e+00 0.000000e+00 2.457307e+03 6.220060e+05 1.280000e+03
 7.200000e+02 0.000000e+00 1.744100e+01 7.680000e-01 2.055200e+01
 7.000000e+00 0.000000e+00 3.094532e+03 7.844640e+05 1.280000e+03
 7.200000e+02 0.000000e+00 2.028200e+01 8.700000e-01 1.273700e+01
 1.490000e+02]
deleted_idx_col 447
query_origi 830
query_idx 565
deleted_scaled [0.25       0.         0.03174126 0.03160699 0.05454545 0.05454545
 0.         0.12817327 0.60930233 0.16746114 0.16666667 0.
 0.01596186 0.01598948 0.05454545 0.05454545 0.         0.18122316
 0.60487805 0.19491836 0.25       0.         0.02733086 0.02764635
 0.05454545 0.05454545 0.         0.17970855 0.63118812 0.1939313
 0.25       0.         0.02889511 0.02902912 0.05454545 0.05454545
 0.         0.30292667 0.67213115 0.24516743]
deleted_not_scaled [3.00000e+00 0.00000e+00 9.51870e+02 2.42370e+05 5.12000e+02 2.88000e+02
 0.00000e+00 1.96030e+01 8.32000e-01 1.61600e+01 2.00000e+00 0.00000e+00
 6.45925e+02 1.64711e+05 5.12000e+02 2.88000e+02 0.00000e+00 1.97390e+01
 8.35000e-01 1.80740e+01 3.00000e+00 0.00000e+00 8.37953e+02 2.14097e+05
 5.12000e+02 2.88000e+02 0.00000e+00 2.01660e+01 8.46000e-01 1.75630e+01
 3.00000e+00 0.00000e+00 8.89879e+02 2.27698e+05 5.12000e+02 2.88000e+02
 0.00000e+00 2.36430e+01 8.57000e-01 2.31720e+01 2.68000e+02]
deleted_idx_col 565
query_origi 194
query_idx 519
deleted_scaled [0.5        0.         0.0916337  0.09183101 0.27272727 0.27272727
 0.         0.18554382 0.67674419 0.27235233 0.5        0.
 0.10792759 0.10700392 0.27272727 0.27272727 0.         0.16700726
 0.58292683 0.20474301 0.5        0.         0.11314966 0.11335946
 0.27272727 0.27272727 0.         0.11811933 0.53712871 0.25097446
 0.5        0.         0.10757425 0.10698891 0.27272727 0.27272727
 0.         0.45143912 0.78220141 0.49192192]
deleted_not_scaled [6.000000e+00 0.000000e+00 2.130134e+03 5.447820e+05 1.280000e+03
 7.200000e+02 0.000000e+00 2.228100e+01 8.610000e-01 2.628200e+01
 6.000000e+00 0.000000e+00 2.454748e+03 6.216650e+05 1.280000e+03
 7.200000e+02 0.000000e+00 1.925900e+01 8.260000e-01 1.898500e+01
 6.000000e+00 0.000000e+00 2.460408e+03 6.240210e+05 1.280000e+03
 7.200000e+02 0.000000e+00 1.792600e+01 8.080000e-01 2.272900e+01
 6.000000e+00 0.000000e+00 2.438220e+03 6.193080e+05 1.280000e+03
 7.200000e+02 0.000000e+00 2.855000e+01 9.040000e-01 4.649400e+01
 6.000000e+01]
deleted_idx_col 519
query_origi 90
query_idx 753
deleted_scaled [0.16666667 0.         0.01814822 0.01809815 0.05454545 0.05454545
 0.         0.0458236  0.21395349 0.38260104 0.16666667 0.
 0.01781152 0.01790516 0.05454545 0.05454545 0.         0.58735377
 0.78292683 0.51133447 0.25       0.1072546  0.02864079 0.02903704
 0.05454545 0.05454545 0.         0.09747044 0.13861386 0.3198326
 0.16666667 0.         0.02132192 0.0210504  0.05454545 0.05454545
 0.         0.08849611 0.26932084 0.28936148]
deleted_not_scaled [2.00000000e+00 0.00000000e+00 6.84454000e+02 1.74536000e+05
 5.12000000e+02 2.88000000e+02 0.00000000e+00 1.57590000e+01
 6.62000000e-01 3.69210000e+01 2.00000000e+00 0.00000000e+00
 6.82305000e+02 1.74329000e+05 5.12000000e+02 2.88000000e+02
 0.00000000e+00 3.34520000e+01 9.08000000e-01 4.74140000e+01
 3.00000000e+00 5.27280643e-01 8.62718000e+02 2.20748000e+05
 5.12000000e+02 2.88000000e+02 0.00000000e+00 1.71750000e+01
 6.47000000e-01 2.89650000e+01 2.00000000e+00 0.00000000e+00
 7.40845000e+02 1.87619000e+05 5.12000000e+02 2.88000000e+02
 0.00000000e+00 1.65580000e+01 6.85000000e-01 2.73490000e+01
 1.41000000e+02]
deleted_idx_col 753
query_origi 507
query_idx 520
deleted_scaled [0.16666667 0.         0.01820551 0.01812125 0.05454545 0.05454545
 0.         0.14927483 0.26976744 0.27471503 0.25       0.
 0.02923576 0.02927215 0.05454545 0.05454545 0.         0.04309196
 0.23170732 0.40155943 0.25       0.         0.02695838 0.02727019
 0.05454545 0.05454545 0.         0.13112455 0.43069307 0.19242958
 0.25       0.         0.03242193 0.03201545 0.05454545 0.05454545
 0.         0.68790291 0.82669789 0.58768449]
deleted_not_scaled [2.00000e+00 0.00000e+00 6.85581e+02 1.74652e+05 5.12000e+02 2.88000e+02
 0.00000e+00 2.05880e+01 6.86000e-01 2.65100e+01 3.00000e+00 0.00000e+00
 9.07002e+02 2.31399e+05 5.12000e+02 2.88000e+02 0.00000e+00 1.50750e+01
 6.82000e-01 3.72350e+01 3.00000e+00 0.00000e+00 8.30911e+02 2.12298e+05
 5.12000e+02 2.88000e+02 0.00000e+00 1.83990e+01 7.65000e-01 1.74270e+01
 3.00000e+00 0.00000e+00 9.59284e+02 2.42699e+05 5.12000e+02 2.88000e+02
 0.00000e+00 3.63630e+01 9.23000e-01 5.55450e+01 2.38000e+02]
deleted_idx_col 520
query_origi 939
query_idx 965
deleted_scaled [0.58333333 0.         0.1406007  0.13966259 0.27272727 0.27272727
 0.         0.19259196 0.4627907  0.22415544 0.58333333 0.
 0.13998004 0.139341   0.27272727 0.27272727 0.         0.6931734
 0.86585366 0.76803701 0.58333333 0.         0.14599449 0.14685337
 0.27272727 0.27272727 0.         0.17629915 0.4950495  0.31979948
 0.58333333 0.         0.1399728  0.13976383 0.27272727 0.27272727
 0.         0.20417058 0.46604215 0.33129133]
deleted_not_scaled [7.000000e+00 0.000000e+00 3.093462e+03 7.849660e+05 1.280000e+03
 7.200000e+02 0.000000e+00 2.261000e+01 7.690000e-01 2.163100e+01
 7.000000e+00 0.000000e+00 3.085170e+03 7.840190e+05 1.280000e+03
 7.200000e+02 0.000000e+00 3.702500e+01 9.420000e-01 7.121700e+01
 7.000000e+00 0.000000e+00 3.081359e+03 7.842060e+05 1.280000e+03
 7.200000e+02 0.000000e+00 2.004200e+01 7.910000e-01 2.896200e+01
 7.000000e+00 0.000000e+00 3.075797e+03 7.839440e+05 1.280000e+03
 7.200000e+02 0.000000e+00 2.038000e+01 7.690000e-01 3.131200e+01
 8.500000e+01]
deleted_idx_col 965
query_origi 707
query_idx 787
deleted_scaled [0.41666667 0.         0.07723066 0.07739953 0.18181818 0.17171717
 0.         0.55843099 0.88139535 0.85380311 0.5        0.
 0.1079645  0.10704057 0.27272727 0.27272727 0.         0.45262846
 0.56829268 0.42710782 0.5        0.         0.11274983 0.11295863
 0.27272727 0.27272727 0.         0.22680781 0.11138614 0.36018021
 0.5        0.         0.10809861 0.10751068 0.27272727 0.27272727
 0.         0.24953845 0.15456674 0.32557795]
deleted_not_scaled [5.000000e+00 0.000000e+00 1.846783e+03 4.723150e+05 9.600000e+02
 5.200000e+02 0.000000e+00 3.968700e+01 9.490000e-01 8.239200e+01
 6.000000e+00 0.000000e+00 2.455474e+03 6.218490e+05 1.280000e+03
 7.200000e+02 0.000000e+00 2.890300e+01 8.200000e-01 3.960400e+01
 6.000000e+00 0.000000e+00 2.452849e+03 6.221040e+05 1.280000e+03
 7.200000e+02 0.000000e+00 2.187900e+01 6.360000e-01 3.261900e+01
 6.000000e+00 0.000000e+00 2.448539e+03 6.219290e+05 1.280000e+03
 7.200000e+02 0.000000e+00 2.187900e+01 6.360000e-01 3.077200e+01
 9.000000e+01]
deleted_idx_col 787
query_origi 731
query_idx 630
deleted_scaled [1.         0.         0.8275702  0.82674055 1.         1.
 1.         0.27228518 0.58372093 0.22115026 1.         0.
 0.90362401 0.90408065 1.         1.         1.         0.12287872
 0.36097561 0.11227703 1.         0.         0.85407914 0.86353009
 1.         1.         1.         0.22760517 0.58415842 0.0165741
 1.         0.         0.75991337 0.75383712 1.         1.
 1.         0.2296238  0.36065574 0.06032905]
deleted_not_scaled [1.2000000e+01 0.0000000e+00 1.6608215e+04 4.2350950e+06 3.8400000e+03
 2.1600000e+03 1.0000000e+00 2.6330000e+01 8.2100000e-01 2.1341000e+01
 1.2000000e+01 0.0000000e+00 1.8104861e+04 4.6235290e+06 3.8400000e+03
 2.1600000e+03 1.0000000e+00 1.7769000e+01 7.3500000e-01 1.0411000e+01
 1.2000000e+01 0.0000000e+00 1.6468117e+04 4.2117210e+06 3.8400000e+03
 2.1600000e+03 1.0000000e+00 2.1908000e+01 8.2700000e-01 1.5010000e+00
 1.2000000e+01 0.0000000e+00 1.5275719e+04 3.8685760e+06 3.8400000e+03
 2.1600000e+03 1.0000000e+00 2.1221000e+01 7.2400000e-01 5.7020000e+00
 2.8400000e+02]
deleted_idx_col 630
query_origi 731
query_idx 775
deleted_scaled [0.25       0.         0.02576206 0.02551772 0.05454545 0.05454545
 0.         0.24842006 0.73953488 0.12557513 0.33333333 0.
 0.04256803 0.0423933  0.09090909 0.09090909 0.         0.3805716
 0.76585366 0.25173091 0.33333333 0.         0.04485181 0.04512879
 0.09090909 0.09090909 0.         0.21710201 0.67574257 0.23368263
 0.33333333 0.         0.04284411 0.0428091  0.09090909 0.09090909
 0.         0.16385703 0.70725995 0.1507803 ]
deleted_not_scaled [3.000000e+00 0.000000e+00 8.342410e+02 2.117930e+05 5.120000e+02
 2.880000e+02 0.000000e+00 2.521600e+01 8.880000e-01 1.211800e+01
 4.000000e+00 0.000000e+00 1.169227e+03 2.972760e+05 6.400000e+02
 3.600000e+02 0.000000e+00 2.647000e+01 9.010000e-01 2.334200e+01
 4.000000e+00 0.000000e+00 1.169197e+03 2.977070e+05 6.400000e+02
 3.600000e+02 0.000000e+00 2.152600e+01 8.640000e-01 2.116300e+01
 4.000000e+00 0.000000e+00 1.164384e+03 2.969180e+05 6.400000e+02
 3.600000e+02 0.000000e+00 1.904800e+01 8.720000e-01 1.425100e+01
 1.680000e+02]
deleted_idx_col 775
query_origi 130
query_idx 909
deleted_scaled [0.         0.         0.00177802 0.00159934 0.         0.
 0.         0.74395338 0.99302326 0.67647668 0.41666667 0.
 0.07778687 0.07714758 0.18181818 0.17171717 0.         0.70451651
 0.99756098 0.84936264 0.58333333 0.         0.14651206 0.14688933
 0.27272727 0.27272727 0.         1.         1.         0.7411084
 0.58333333 0.         0.14046088 0.13979051 0.27272727 0.27272727
 0.         0.93323447 1.         0.86506904]
deleted_not_scaled [0.000000e+00 0.000000e+00 3.624030e+02 9.168800e+04 3.200000e+02
 1.800000e+02 0.000000e+00 4.834700e+01 9.970000e-01 6.528000e+01
 5.000000e+00 0.000000e+00 1.861927e+03 4.717660e+05 9.600000e+02
 5.200000e+02 0.000000e+00 3.740800e+01 9.960000e-01 7.875800e+01
 7.000000e+00 0.000000e+00 3.091144e+03 7.843780e+05 1.280000e+03
 7.200000e+02 0.000000e+00 5.000000e+01 9.950000e-01 6.711700e+01
 7.000000e+00 0.000000e+00 3.085402e+03 7.840780e+05 1.280000e+03
 7.200000e+02 0.000000e+00 4.446900e+01 9.970000e-01 8.176200e+01
 0.000000e+00]
deleted_idx_col 909
query_origi 509
query_idx 90
deleted_scaled [0.91666667 0.21971778 0.57025209 0.56765832 1.         1.
 0.         1.         1.         1.         0.91666667 0.07854106
 0.57076489 0.5690644  1.         1.         0.         1.
 0.56829268 0.39120635 0.83333333 0.         0.44177928 0.44510939
 0.63636364 0.63636364 0.         0.14118779 0.37623762 0.05761735
 0.83333333 0.         0.35907899 0.35909438 0.63636364 0.63636364
 0.         0.03973851 0.44496487 0.16303232]
deleted_not_scaled [1.10000000e+01 1.03234195e+00 1.15459950e+04 2.93412600e+06
 3.84000000e+03 2.16000000e+03 0.00000000e+00 6.02990000e+01
 1.00000000e+00 9.65000000e+01 1.10000000e+01 2.57736305e-01
 1.15580390e+04 2.94152100e+06 3.84000000e+03 2.16000000e+03
 0.00000000e+00 4.73850000e+01 8.20000000e-01 3.62750000e+01
 1.00000000e+01 0.00000000e+00 8.67334500e+03 2.21061900e+06
 2.56000000e+03 1.44000000e+03 0.00000000e+00 1.87650000e+01
 7.43000000e-01 5.21800000e+00 1.00000000e+01 0.00000000e+00
 7.38762700e+03 1.88569200e+06 2.56000000e+03 1.44000000e+03
 0.00000000e+00 1.49470000e+01 7.60000000e-01 1.54090000e+01
 3.00000000e+00]
deleted_idx_col 90
query_origi 648
query_idx 525
deleted_scaled [0.66666667 0.         0.20948561 0.20770088 0.45454545 0.45454545
 0.         0.06064826 0.22790698 0.08643523 0.66666667 0.
 0.20208505 0.20084686 0.45454545 0.45454545 0.         0.05520509
 0.35121951 0.00136963 0.66666667 0.         0.21385119 0.21477876
 0.45454545 0.45454545 0.         0.14281001 0.40594059 0.05047315
 0.66666667 0.         0.20809333 0.20745293 0.45454545 0.45454545
 0.         0.05695954 0.33957845 0.05611808]
deleted_not_scaled [8.000000e+00 0.000000e+00 4.448635e+03 1.126617e+06 1.920000e+03
 1.080000e+03 0.000000e+00 1.645100e+01 6.680000e-01 8.341000e+00
 8.000000e+00 0.000000e+00 4.306679e+03 1.092820e+06 1.920000e+03
 1.080000e+03 0.000000e+00 1.548400e+01 7.310000e-01 1.270000e-01
 8.000000e+00 0.000000e+00 4.364230e+03 1.109060e+06 1.920000e+03
 1.080000e+03 0.000000e+00 1.882400e+01 7.550000e-01 4.571000e+00
 8.000000e+00 0.000000e+00 4.416353e+03 1.123962e+06 1.920000e+03
 1.080000e+03 0.000000e+00 1.551600e+01 7.150000e-01 5.304000e+00
 1.440000e+02]
deleted_idx_col 525
query_origi 886
query_idx 124
deleted_scaled [1.         0.12677032 0.82910474 0.82661688 1.         1.
 1.         0.56871398 0.85116279 0.89611399 1.         0.24914555
 0.82782809 0.82659765 1.         1.         1.         0.15080705
 0.28292683 0.10299161 1.         0.06847295 0.9410102  0.9495236
 1.         1.         1.         0.08982678 0.29207921 0.05558561
 1.         0.         0.74965558 0.75078689 1.         1.
 1.         0.04288611 0.33723653 0.004412  ]
deleted_not_scaled [1.20000000e+01 5.95629156e-01 1.66384040e+04 4.23447400e+06
 3.84000000e+03 2.16000000e+03 1.00000000e+00 4.01670000e+01
 9.36000000e-01 8.64750000e+01 1.20000000e+01 8.17583181e-01
 1.66140730e+04 4.23451200e+06 3.84000000e+03 2.16000000e+03
 1.00000000e+00 1.87120000e+01 7.03000000e-01 9.55000000e+00
 1.20000000e+01 3.36623877e-01 1.81116000e+04 4.62298600e+06
 3.84000000e+03 2.16000000e+03 1.00000000e+00 1.68970000e+01
 7.09000000e-01 5.03400000e+00 1.20000000e+01 0.00000000e+00
 1.50738540e+04 3.85325400e+06 3.84000000e+03 2.16000000e+03
 1.00000000e+00 1.50510000e+01 7.14000000e-01 4.17000000e-01
 2.60000000e+02]
deleted_idx_col 124
query_origi 435
query_idx 703
deleted_scaled [0.83333333 0.         0.39249148 0.3934834  0.63636364 0.63636364
 0.         0.07363054 0.13953488 0.09451813 0.83333333 0.
 0.44122624 0.43767094 0.63636364 0.63636364 0.         0.0836369
 0.18780488 0.09242284 0.83333333 0.         0.36606485 0.36712067
 0.63636364 0.63636364 0.         0.05092109 0.34158416 0.00162318
 0.83333333 0.         0.39541378 0.39361359 0.63636364 0.63636364
 0.         0.15683545 0.42622951 0.04955827]
deleted_not_scaled [1.000000e+01 0.000000e+00 8.048910e+03 2.059515e+06 2.560000e+03
 1.440000e+03 0.000000e+00 1.705700e+01 6.300000e-01 9.121000e+00
 1.000000e+01 0.000000e+00 9.010215e+03 2.281837e+06 2.560000e+03
 1.440000e+03 0.000000e+00 1.644400e+01 6.640000e-01 8.570000e+00
 1.000000e+01 0.000000e+00 7.241919e+03 1.837637e+06 2.560000e+03
 1.440000e+03 0.000000e+00 1.548200e+01 7.290000e-01 1.470000e-01
 1.000000e+01 0.000000e+00 8.102666e+03 2.059090e+06 2.560000e+03
 1.440000e+03 0.000000e+00 1.881600e+01 7.520000e-01 4.684000e+00
 1.430000e+02]
deleted_idx_col 703
query_origi 188
query_idx 104
deleted_scaled [0.41666667 0.96208746 0.07950545 0.07911377 0.18181818 0.17171717
 0.         0.21917779 0.62790698 0.31003109 0.25       0.04787334
 0.02987424 0.02981869 0.05454545 0.05454545 0.         0.54275137
 0.84634146 0.5697539  0.08333333 0.         0.00701189 0.00707662
 0.01818182 0.01818182 0.         0.35732747 0.76485149 0.00500204
 0.         0.         0.00211767 0.00215061 0.         0.
 0.         0.36463787 0.76346604 0.        ]
deleted_not_scaled [5.00000000e+00 4.52035891e+00 1.89153500e+03 4.80923000e+05
 9.60000000e+02 5.20000000e+02 0.00000000e+00 2.38510000e+01
 8.40000000e-01 2.99180000e+01 3.00000000e+00 1.57098684e-01
 9.19560000e+02 2.34143000e+05 5.12000000e+02 2.88000000e+02
 0.00000000e+00 3.19460000e+01 9.34000000e-01 5.28310000e+01
 1.00000000e+00 0.00000000e+00 4.53811000e+02 1.15722000e+05
 3.84000000e+02 2.16000000e+02 0.00000000e+00 2.66260000e+01
 9.00000000e-01 4.53000000e-01 0.00000000e+00 0.00000000e+00
 3.62921000e+02 9.26810000e+04 3.20000000e+02 1.80000000e+02
 0.00000000e+00 2.56820000e+01 8.96000000e-01 0.00000000e+00
 7.10000000e+01]
deleted_idx_col 104
query_origi 531
query_idx 439
deleted_scaled [1.         0.03640551 0.83189658 0.82940054 1.         1.
 1.         0.14089848 0.5255814  0.04721244 1.         0.02219106
 0.82507185 0.82384563 1.         1.         1.         0.17683992
 0.25365854 0.00344024 1.         0.03226093 0.86116773 0.86896091
 1.         1.         1.         0.45894968 0.6460396  0.67081479
 1.         0.         0.86093836 0.8622305  1.         1.
 1.         0.31942133 0.38407494 0.31873248]
deleted_not_scaled [1.20000000e+01 1.71050940e-01 1.66933280e+04 4.24845200e+06
 3.84000000e+03 2.16000000e+03 1.00000000e+00 2.01970000e+01
 7.96000000e-01 4.55600000e+00 1.20000000e+01 7.28210451e-02
 1.65598620e+04 4.22069500e+06 3.84000000e+03 2.16000000e+03
 1.00000000e+00 1.95910000e+01 6.91000000e-01 3.19000000e-01
 1.20000000e+01 1.58599869e-01 1.66021310e+04 4.23769400e+06
 3.84000000e+03 2.16000000e+03 1.00000000e+00 3.03220000e+01
 8.52000000e-01 6.07510000e+01 1.20000000e+01 0.00000000e+00
 1.72638080e+04 4.41306100e+06 3.84000000e+03 2.16000000e+03
 1.00000000e+00 2.41880000e+01 7.34000000e-01 3.01250000e+01
 1.90000000e+01]
deleted_idx_col 439
query_origi 295
query_idx 108
deleted_scaled [1.         0.47907371 0.85437287 0.85095805 1.         1.
 1.         0.10848561 0.57906977 0.05373057 1.         0.41945903
 0.73161943 0.72980312 1.         1.         1.         0.18071968
 0.52926829 0.02476112 1.         0.10424979 0.88406366 0.89117288
 1.         1.         1.         0.78792961 0.92821782 0.82047856
 1.         0.         0.83258098 0.83300071 1.         1.
 1.         0.34690233 0.79391101 0.07625245]
deleted_not_scaled [1.20000000e+01 2.25092335e+00 1.71355040e+04 4.35670200e+06
 3.84000000e+03 2.16000000e+03 1.00000000e+00 1.86840000e+01
 8.19000000e-01 5.18500000e+00 1.20000000e+01 1.37647510e+00
 1.47217980e+04 3.74853800e+06 3.84000000e+03 2.16000000e+03
 1.00000000e+00 1.97220000e+01 8.04000000e-01 2.29600000e+00
 1.20000000e+01 5.12508516e-01 1.70349920e+04 4.34392300e+06
 3.84000000e+03 2.16000000e+03 1.00000000e+00 4.22870000e+01
 9.66000000e-01 7.43050000e+01 1.20000000e+01 0.00000000e+00
 1.67057580e+04 4.26623300e+06 3.84000000e+03 2.16000000e+03
 1.00000000e+00 2.50960000e+01 9.09000000e-01 7.20700000e+00
 1.84000000e+02]
deleted_idx_col 108
query_origi 44
query_idx 863
deleted_scaled [1.         0.         0.82340708 0.82093586 1.         1.
 1.         0.1952484  0.44418605 0.11318135 1.         0.
 0.82168724 0.82046621 1.         1.         1.         0.24398045
 0.27804878 0.0834286  1.         0.         0.93754144 0.94602355
 1.         1.         1.         0.47159747 0.70792079 0.47770061
 0.91666667 0.         0.52203562 0.52283799 1.         1.
 0.         0.38137466 0.56206089 0.12170555]
deleted_not_scaled [1.2000000e+01 0.0000000e+00 1.6526314e+04 4.2059470e+06 3.8400000e+03
 2.1600000e+03 1.0000000e+00 2.2734000e+01 7.6100000e-01 1.0922000e+01
 1.2000000e+01 0.0000000e+00 1.6493292e+04 4.2037280e+06 3.8400000e+03
 2.1600000e+03 1.0000000e+00 2.1858000e+01 7.0100000e-01 7.7360000e+00
 1.2000000e+01 0.0000000e+00 1.8046021e+04 4.6062470e+06 3.8400000e+03
 2.1600000e+03 1.0000000e+00 3.0782000e+01 8.7700000e-01 4.3262000e+01
 1.1000000e+01 0.0000000e+00 1.0594480e+04 2.7082140e+06 3.8400000e+03
 2.1600000e+03 0.0000000e+00 2.6235000e+01 8.1000000e-01 1.1503000e+01
 1.1700000e+02]
deleted_idx_col 863
query_origi 161
query_idx 626
deleted_scaled [0.25       0.         0.02839866 0.02809606 0.05454545 0.05454545
 0.         0.05332162 0.45813953 0.15275648 0.5        0.
 0.10761292 0.1070575  0.27272727 0.27272727 0.         0.7523471
 0.86097561 0.88494058 0.         0.         0.00235026 0.00232974
 0.         0.         0.         0.16183668 0.71287129 0.00821528
 0.41666667 0.         0.07775146 0.0775893  0.18181818 0.17171717
 0.         0.22438788 0.70491803 0.00777654]
deleted_not_scaled [3.000000e+00 0.000000e+00 8.861110e+02 2.247400e+05 5.120000e+02
 2.880000e+02 0.000000e+00 1.610900e+01 7.670000e-01 1.474100e+01
 6.000000e+00 0.000000e+00 2.448559e+03 6.219340e+05 1.280000e+03
 7.200000e+02 0.000000e+00 3.902300e+01 9.400000e-01 8.205700e+01
 0.000000e+00 0.000000e+00 3.656800e+02 9.302000e+04 3.200000e+02
 1.800000e+02 0.000000e+00 1.951600e+01 8.790000e-01 7.440000e-01
 5.000000e+00 0.000000e+00 1.851332e+03 4.716270e+05 9.600000e+02
 5.200000e+02 0.000000e+00 2.104800e+01 8.710000e-01 7.350000e-01
 2.200000e+02]
deleted_idx_col 626
query_origi 3
query_idx 579
deleted_scaled [0.         0.         0.00202364 0.00198907 0.         0.
 0.         0.04552368 0.23023256 0.06009326 0.33333333 0.
 0.04218782 0.04230387 0.09090909 0.09090909 0.         0.6339997
 0.81219512 0.65680607 0.         0.         0.00227737 0.00237072
 0.         0.         0.         0.10266703 0.17326733 0.02467895
 0.5        0.         0.11329918 0.11230481 0.27272727 0.27272727
 0.         0.08559063 0.23653396 0.3277046 ]
deleted_not_scaled [0.000000e+00 0.000000e+00 3.672350e+02 9.364500e+04 3.200000e+02
 1.800000e+02 0.000000e+00 1.574500e+01 6.690000e-01 5.799000e+00
 4.000000e+00 0.000000e+00 1.161749e+03 2.968270e+05 6.400000e+02
 3.600000e+02 0.000000e+00 3.502700e+01 9.200000e-01 6.090300e+01
 0.000000e+00 0.000000e+00 3.643020e+02 9.321600e+04 3.200000e+02
 1.800000e+02 0.000000e+00 1.736400e+01 6.610000e-01 2.235000e+00
 6.000000e+00 0.000000e+00 2.550882e+03 6.460110e+05 1.280000e+03
 7.200000e+02 0.000000e+00 1.646200e+01 6.710000e-01 3.097300e+01
 1.410000e+02]
deleted_idx_col 579
query_origi 314
query_idx 110
deleted_scaled [0.00000000e+00 3.21115770e-01 1.86814387e-03 1.85185480e-03
 0.00000000e+00 0.00000000e+00 0.00000000e+00 3.00713383e-01
 4.83720930e-01 0.00000000e+00 0.00000000e+00 3.32603276e-01
 3.16252727e-03 3.25255006e-03 0.00000000e+00 0.00000000e+00
 0.00000000e+00 3.16185399e-01 4.00000000e-01 0.00000000e+00
 0.00000000e+00 2.74974258e-01 1.55953874e-03 1.44296554e-03
 0.00000000e+00 0.00000000e+00 0.00000000e+00 9.46109431e-02
 2.30198020e-01 9.64080254e-02 0.00000000e+00 0.00000000e+00
 2.97070305e-03 2.86230118e-03 0.00000000e+00 0.00000000e+00
 0.00000000e+00 4.89089313e-02 1.38173302e-01 3.38570597e-04]
deleted_not_scaled [0.00000000e+00 1.50875944e+00 3.64176000e+02 9.29560000e+04
 3.20000000e+02 1.80000000e+02 0.00000000e+00 2.76570000e+01
 7.78000000e-01 0.00000000e+00 0.00000000e+00 1.09145375e+00
 3.94182000e+02 1.00763000e+05 3.20000000e+02 1.80000000e+02
 0.00000000e+00 2.42960000e+01 7.51000000e-01 0.00000000e+00
 0.00000000e+00 1.35181712e+00 3.50731000e+02 8.87790000e+04
 3.20000000e+02 1.80000000e+02 0.00000000e+00 1.70710000e+01
 6.84000000e-01 8.73100000e+00 0.00000000e+00 0.00000000e+00
 3.79708000e+02 9.62560000e+04 3.20000000e+02 1.80000000e+02
 0.00000000e+00 1.52500000e+01 6.29000000e-01 3.20000000e-02
 2.10000000e+01]
deleted_idx_col 110
query_origi 717
query_idx 139
deleted_scaled [0.         0.         0.00264571 0.0026578  0.         0.
 0.         0.25825318 0.71162791 0.         0.         0.
 0.00113415 0.00104488 0.         0.         0.         0.22188657
 0.58780488 0.         0.         1.         0.00271311 0.00262644
 0.         0.         0.         0.16442123 0.44059406 0.
 0.33333333 0.         0.04270036 0.04240538 0.09090909 0.09090909
 0.         0.51902182 0.76112412 0.34770142]
deleted_not_scaled [0.0000000e+00 0.0000000e+00 3.7947300e+02 9.7003000e+04 3.2000000e+02
 1.8000000e+02 0.0000000e+00 2.5675000e+01 8.7600000e-01 0.0000000e+00
 0.0000000e+00 0.0000000e+00 3.5428700e+02 8.9679000e+04 3.2000000e+02
 1.8000000e+02 0.0000000e+00 2.1112000e+01 8.2800000e-01 0.0000000e+00
 0.0000000e+00 4.9161588e+00 3.7254000e+02 9.4439000e+04 3.2000000e+02
 1.8000000e+02 0.0000000e+00 1.9610000e+01 7.6900000e-01 0.0000000e+00
 4.0000000e+00 0.0000000e+00 1.1615550e+03 2.9489000e+05 6.4000000e+02
 3.6000000e+02 0.0000000e+00 3.0783000e+01 8.9500000e-01 3.2863000e+01
 3.7000000e+01]
deleted_idx_col 139
query_origi 240
query_idx 574
deleted_scaled [0.91666667 0.         0.57000759 0.5697133  1.         1.
 0.         0.02924227 0.2        0.11596891 0.91666667 0.
 0.56505575 0.56565212 1.         1.         0.         0.14295869
 0.38780488 0.02176304 1.         0.         1.         1.
 1.         1.         1.         0.77165246 0.88366337 1.
 0.91666667 0.         0.54587625 0.54175749 1.         1.
 0.         0.08686178 0.52693208 0.11360102]
deleted_not_scaled [1.1000000e+01 0.0000000e+00 1.1541185e+04 2.9444450e+06 3.8400000e+03
 2.1600000e+03 0.0000000e+00 1.4985000e+01 6.5600000e-01 1.1191000e+01
 1.1000000e+01 0.0000000e+00 1.1445749e+04 2.9243890e+06 3.8400000e+03
 2.1600000e+03 0.0000000e+00 1.8447000e+01 7.4600000e-01 2.0180000e+00
 1.2000000e+01 0.0000000e+00 1.9226837e+04 4.8643900e+06 3.8400000e+03
 2.1600000e+03 1.0000000e+00 4.1695000e+01 9.4800000e-01 9.0563000e+01
 1.1000000e+01 0.0000000e+00 1.1063644e+04 2.8032510e+06 3.8400000e+03
 2.1600000e+03 0.0000000e+00 1.6504000e+01 7.9500000e-01 1.0737000e+01
 2.3900000e+02]
deleted_idx_col 574
query_origi 851
query_idx 322
deleted_scaled [0.91666667 0.         0.60343919 0.60252174 1.         1.
 0.         0.18070224 0.57674419 0.03459067 0.91666667 0.
 0.5329311  0.53295951 1.         1.         0.         0.90199911
 0.93658537 0.86317753 0.91666667 0.         0.62654479 0.63317562
 1.         1.         0.         0.27902117 0.71287129 0.00510142
 0.91666667 0.         0.53756534 0.53296534 1.         1.
 0.         0.24493811 0.68618267 0.        ]
deleted_not_scaled [1.1000000e+01 0.0000000e+00 1.2198885e+04 3.1091910e+06 3.8400000e+03
 2.1600000e+03 0.0000000e+00 2.2055000e+01 8.1800000e-01 3.3380000e+00
 1.1000000e+01 0.0000000e+00 1.0813907e+04 2.7602500e+06 3.8400000e+03
 2.1600000e+03 0.0000000e+00 4.4076000e+01 9.7100000e-01 8.0039000e+01
 1.1000000e+01 0.0000000e+00 1.2166446e+04 3.1100480e+06 3.8400000e+03
 2.1600000e+03 0.0000000e+00 2.3778000e+01 8.7900000e-01 4.6200000e-01
 1.1000000e+01 0.0000000e+00 1.0900092e+04 2.7590860e+06 3.8400000e+03
 2.1600000e+03 0.0000000e+00 2.1727000e+01 8.6300000e-01 0.0000000e+00
 2.7600000e+02]
deleted_idx_col 322
query_origi 410
query_idx 938
deleted_scaled [0.5        0.         0.09966353 0.09987669 0.27272727 0.27272727
 0.         0.46157801 0.79534884 0.74629016 0.5        0.
 0.10795789 0.10703399 0.27272727 0.27272727 0.         0.15065897
 0.4195122  0.2618683  0.5        0.05950068 0.11274607 0.11295487
 0.27272727 0.27272727 0.         0.79136651 0.94554455 0.89967205
 0.5        0.         0.10808982 0.10750192 0.27272727 0.27272727
 0.         0.26391453 0.74473068 0.2171613 ]
deleted_not_scaled [6.00000000e+00 0.00000000e+00 2.28810500e+03 5.85183000e+05
 1.28000000e+03 7.20000000e+02 0.00000000e+00 3.51660000e+01
 9.12000000e-01 7.20170000e+01 6.00000000e+00 0.00000000e+00
 2.45534400e+03 6.21816000e+05 1.28000000e+03 7.20000000e+02
 0.00000000e+00 1.87070000e+01 7.59000000e-01 2.42820000e+01
 6.00000000e+00 2.92514804e-01 2.45277800e+03 6.22086000e+05
 1.28000000e+03 7.20000000e+02 0.00000000e+00 4.24120000e+01
 9.73000000e-01 8.14770000e+01 6.00000000e+00 0.00000000e+00
 2.44836600e+03 6.21885000e+05 1.28000000e+03 7.20000000e+02
 0.00000000e+00 2.23540000e+01 8.88000000e-01 2.05250000e+01
 1.88000000e+02]
deleted_idx_col 938
query_origi 529
query_idx 956
deleted_scaled [0.91666667 0.         0.55408038 0.55491161 1.         1.
 0.         0.56423659 0.89767442 0.92324352 1.         0.
 0.79254346 0.78581789 1.         1.         1.         0.11091367
 0.55853659 0.06331557 0.91666667 0.         0.63165619 0.63289188
 1.         1.         0.         0.12719274 0.17821782 0.07808929
 0.91666667 0.         0.5727449  0.56958201 1.         1.
 0.         0.2093157  0.55503513 0.05887954]
deleted_not_scaled [1.1000000e+01 0.0000000e+00 1.1227849e+04 2.8701190e+06 3.8400000e+03
 2.1600000e+03 0.0000000e+00 3.9958000e+01 9.5600000e-01 8.9093000e+01
 1.2000000e+01 0.0000000e+00 1.5920079e+04 4.0297700e+06 3.8400000e+03
 2.1600000e+03 1.0000000e+00 1.7365000e+01 8.1600000e-01 5.8710000e+00
 1.1000000e+01 0.0000000e+00 1.2263080e+04 3.1086910e+06 3.8400000e+03
 2.1600000e+03 0.0000000e+00 1.8256000e+01 6.6300000e-01 7.0720000e+00
 1.1000000e+01 0.0000000e+00 1.1592397e+04 2.9430200e+06 3.8400000e+03
 2.1600000e+03 0.0000000e+00 2.0550000e+01 8.0700000e-01 5.5650000e+00
 2.4800000e+02]
deleted_idx_col 956
query_origi 654
query_idx 922
deleted_scaled [0.5        0.         0.12534817 0.12484716 0.27272727 0.27272727
 0.         0.4798946  0.88604651 0.65891192 0.41666667 0.
 0.0639898  0.06392785 0.18181818 0.17171717 0.         0.39407671
 0.67073171 0.11359274 0.41666667 0.         0.08072538 0.08147873
 0.18181818 0.17171717 0.         0.3554028  0.67574257 0.1115577
 0.5        0.         0.10805252 0.10825662 0.27272727 0.27272727
 0.         0.3412427  0.70491803 0.29066286]
deleted_not_scaled [6.000000e+00 0.000000e+00 2.793399e+03 7.105710e+05 1.280000e+03
 7.200000e+02 0.000000e+00 3.602100e+01 9.510000e-01 6.358500e+01
 5.000000e+00 0.000000e+00 1.590560e+03 4.053940e+05 9.600000e+02
 5.200000e+02 0.000000e+00 2.692600e+01 8.620000e-01 1.053300e+01
 5.000000e+00 0.000000e+00 1.847408e+03 4.715510e+05 9.600000e+02
 5.200000e+02 0.000000e+00 2.655600e+01 8.640000e-01 1.010300e+01
 6.000000e+00 0.000000e+00 2.447632e+03 6.256760e+05 1.280000e+03
 7.200000e+02 0.000000e+00 2.490900e+01 8.710000e-01 2.747200e+01
 3.400000e+01]
deleted_idx_col 922
query_origi 163
query_idx 35
deleted_scaled [0.5        0.         0.10749721 0.1072395  0.27272727 0.27272727
 0.         0.13894899 0.21162791 0.07843523 0.5        0.8228571
 0.10854324 0.10853598 0.27272727 0.27272727 0.         0.04113727
 0.2        0.11051916 0.5        0.         0.11019492 0.11133981
 0.27272727 0.27272727 0.         0.1308496  0.40841584 0.01450924
 0.41666667 0.         0.08592848 0.08504905 0.18181818 0.17171717
 0.         0.7475258  0.84777518 0.7975771 ]
deleted_not_scaled [6.0000000e+00 0.0000000e+00 2.4422170e+03 6.2215500e+05 1.2800000e+03
 7.2000000e+02 0.0000000e+00 2.0106000e+01 6.6100000e-01 7.5690000e+00
 6.0000000e+00 2.7002454e+00 2.4668570e+03 6.2935700e+05 1.2800000e+03
 7.2000000e+02 0.0000000e+00 1.5009000e+01 6.6900000e-01 1.0248000e+01
 6.0000000e+00 0.0000000e+00 2.4045470e+03 6.1436200e+05 1.2800000e+03
 7.2000000e+02 0.0000000e+00 1.8389000e+01 7.5600000e-01 1.3140000e+00
 5.0000000e+00 0.0000000e+00 2.0122490e+03 5.0909900e+05 9.6000000e+02
 5.2000000e+02 0.0000000e+00 3.8333000e+01 9.3200000e-01 7.5383000e+01
 2.3800000e+02]
deleted_idx_col 35
query_origi 526
query_idx 759
deleted_scaled [0.         0.         0.00186957 0.00179888 0.         0.
 0.         0.19389876 0.45581395 0.         0.16666667 0.
 0.01789277 0.01790137 0.05454545 0.05454545 0.         0.52249371
 0.67804878 0.46983586 0.16666667 0.         0.01908044 0.01927774
 0.05454545 0.05454545 0.         0.13390157 0.27970297 0.35978269
 0.16666667 0.         0.01834594 0.01842042 0.05454545 0.05454545
 0.         0.05665688 0.2295082  0.47298312]
deleted_not_scaled [0.00000e+00 0.00000e+00 3.64204e+02 9.26900e+04 3.20000e+02 1.80000e+02
 0.00000e+00 2.26710e+01 7.66000e-01 0.00000e+00 2.00000e+00 0.00000e+00
 6.83903e+02 1.74310e+05 5.12000e+02 2.88000e+02 0.00000e+00 3.12620e+01
 8.65000e-01 4.35660e+01 2.00000e+00 0.00000e+00 6.81974e+02 1.74074e+05
 5.12000e+02 2.88000e+02 0.00000e+00 1.85000e+01 7.04000e-01 3.25830e+01
 2.00000e+00 0.00000e+00 6.82280e+02 1.74408e+05 5.12000e+02 2.88000e+02
 0.00000e+00 1.55060e+01 6.68000e-01 4.47040e+01 1.32000e+02]
deleted_idx_col 759
query_origi 681
query_idx 673
deleted_scaled [0.08333333 0.         0.00892329 0.00879447 0.01818182 0.01818182
 0.         0.43081471 0.96976744 0.13334715 0.25       0.15851468
 0.02804466 0.02797173 0.05454545 0.05454545 0.         0.56961351
 0.60243902 0.51370705 0.25       0.         0.03102294 0.0312568
 0.05454545 0.05454545 0.         0.14522958 0.4480198  0.31993198
 0.08333333 0.         0.00893442 0.00895818 0.01818182 0.01818182
 0.         0.03940559 0.48711944 0.        ]
deleted_not_scaled [1.0000000e+00 0.0000000e+00 5.0297200e+02 1.2781800e+05 3.8400000e+02
 2.1600000e+02 0.0000000e+00 3.3730000e+01 9.8700000e-01 1.2868000e+01
 3.0000000e+00 5.2017359e-01 8.8357500e+02 2.2487000e+05 5.1200000e+02
 2.8800000e+02 0.0000000e+00 3.2853000e+01 8.3400000e-01 4.7634000e+01
 3.0000000e+00 0.0000000e+00 9.0775400e+02 2.3136400e+05 5.1200000e+02
 2.8800000e+02 0.0000000e+00 1.8912000e+01 7.7200000e-01 2.8974000e+01
 1.0000000e+00 0.0000000e+00 4.9706900e+02 1.2687700e+05 3.8400000e+02
 2.1600000e+02 0.0000000e+00 1.4936000e+01 7.7800000e-01 0.0000000e+00
 3.0000000e+00]
deleted_idx_col 673
query_origi 570
query_idx 624
deleted_scaled [0.08333333 0.01183957 0.00838022 0.00814346 0.01818182 0.01818182
 0.         0.13185801 0.63023256 0.00419689 0.08333333 0.
 0.00880634 0.00867792 0.01818182 0.01818182 0.         0.70484229
 0.89756098 0.29052262 0.         0.         0.00236369 0.00229545
 0.         0.         0.         0.27253231 0.73019802 0.00200965
 0.08333333 0.         0.00932178 0.00924505 0.01818182 0.01818182
 0.         0.36494053 0.74004684 0.0263027 ]
deleted_not_scaled [1.00000000e+00 5.56281232e-02 4.92288000e+02 1.24549000e+05
 3.84000000e+02 2.16000000e+02 0.00000000e+00 1.97750000e+01
 8.41000000e-01 4.05000000e-01 1.00000000e+00 0.00000000e+00
 5.05187000e+02 1.28002000e+05 3.84000000e+02 2.16000000e+02
 0.00000000e+00 3.74190000e+01 9.55000000e-01 2.69390000e+01
 0.00000000e+00 0.00000000e+00 3.65934000e+02 9.28560000e+04
 3.20000000e+02 1.80000000e+02 0.00000000e+00 2.35420000e+01
 8.86000000e-01 1.82000000e-01 1.00000000e+00 0.00000000e+00
 5.04692000e+02 1.28318000e+05 3.84000000e+02 2.16000000e+02
 0.00000000e+00 2.56920000e+01 8.86000000e-01 2.48600000e+00
 1.96000000e+02]
deleted_idx_col 624
query_origi 22
query_idx 921
deleted_scaled [0.         0.         0.00183338 0.00182617 0.         0.
 0.         0.19002121 0.60465116 0.         0.         0.
 0.00171844 0.00181549 0.         0.         0.         0.60657486
 0.78292683 0.05217523 0.16666667 0.         0.02004016 0.01995332
 0.05454545 0.05454545 0.         0.40371185 0.54207921 0.42040348
 0.08333333 0.         0.00786085 0.00773068 0.01818182 0.01818182
 0.         0.28119609 0.22716628 0.        ]
deleted_not_scaled [0.00000e+00 0.00000e+00 3.63492e+02 9.28270e+04 3.20000e+02 1.80000e+02
 0.00000e+00 2.24900e+01 8.30000e-01 0.00000e+00 0.00000e+00 0.00000e+00
 3.65779e+02 9.35480e+04 3.20000e+02 1.80000e+02 0.00000e+00 3.41010e+01
 9.08000e-01 4.83800e+00 2.00000e+00 0.00000e+00 7.00118e+02 1.77305e+05
 5.12000e+02 2.88000e+02 0.00000e+00 2.83130e+01 8.10000e-01 3.80730e+01
 1.00000e+00 0.00000e+00 4.75942e+02 1.20711e+05 3.84000e+02 2.16000e+02
 0.00000e+00 2.29250e+01 6.67000e-01 0.00000e+00 8.90000e+01]
deleted_idx_col 921
query_origi 849
query_idx 717
deleted_scaled [0.25       0.         0.027471   0.02751993 0.05454545 0.05454545
 0.         0.04016796 0.22093023 0.46445596 0.25       0.
 0.02770661 0.02739452 0.05454545 0.05454545 0.         0.03476973
 0.24878049 0.48129974 0.25       0.         0.0293026  0.02927186
 0.05454545 0.05454545 0.         0.14063789 0.40841584 0.58452127
 0.25       0.         0.0280344  0.02781875 0.05454545 0.05454545
 0.         0.11164916 0.4028103  0.50949585]
deleted_not_scaled [3.00000e+00 0.00000e+00 8.67861e+02 2.21847e+05 5.12000e+02 2.88000e+02
 0.00000e+00 1.54950e+01 6.65000e-01 4.48200e+01 3.00000e+00 0.00000e+00
 8.76926e+02 2.21972e+05 5.12000e+02 2.88000e+02 0.00000e+00 1.47940e+01
 6.89000e-01 4.46290e+01 3.00000e+00 0.00000e+00 8.75230e+02 2.21871e+05
 5.12000e+02 2.88000e+02 0.00000e+00 1.87450e+01 7.56000e-01 5.29360e+01
 3.00000e+00 0.00000e+00 8.72941e+02 2.21618e+05 5.12000e+02 2.88000e+02
 0.00000e+00 1.73230e+01 7.42000e-01 4.81550e+01 1.35000e+02]
deleted_idx_col 717
query_origi 451
query_idx 109
deleted_scaled [0.33333333 0.29196229 0.03764336 0.03738839 0.09090909 0.09090909
 0.         0.20416033 0.58139535 0.22107772 0.16666667 0.15811331
 0.02054931 0.02049883 0.05454545 0.05454545 0.         0.62712868
 0.77317073 0.57581477 0.08333333 0.         0.0075803  0.00763741
 0.01818182 0.01818182 0.         0.14676932 0.39356436 0.03757605
 0.         0.         0.00215039 0.0021743  0.         0.
 0.         0.10390121 0.43325527 0.01709782]
deleted_not_scaled [4.00000000e+00 1.37178207e+00 1.06798200e+03 2.71401000e+05
 6.40000000e+02 3.60000000e+02 0.00000000e+00 2.31500000e+01
 8.20000000e-01 2.13340000e+01 2.00000000e+00 5.18856492e-01
 7.36153000e+02 1.87351000e+05 5.12000000e+02 2.88000000e+02
 0.00000000e+00 3.47950000e+01 9.04000000e-01 5.33930000e+01
 1.00000000e+00 0.00000000e+00 4.64557000e+02 1.18404000e+05
 3.84000000e+02 2.16000000e+02 0.00000000e+00 1.89680000e+01
 7.50000000e-01 3.40300000e+00 0.00000000e+00 0.00000000e+00
 3.63565000e+02 9.28000000e+04 3.20000000e+02 1.80000000e+02
 0.00000000e+00 1.70670000e+01 7.55000000e-01 1.61600000e+00
 2.59000000e+02]
deleted_idx_col 109
query_origi 929
query_idx 847
deleted_scaled [0.41666667 0.         0.07752594 0.07741864 0.18181818 0.17171717
 0.         0.04648771 0.19767442 0.12083938 0.41666667 0.
 0.07701269 0.07716072 0.18181818 0.17171717 0.         0.68757589
 0.83902439 0.72082264 0.5        0.         0.11158583 0.11293521
 0.27272727 0.27272727 0.         0.09488589 0.11386139 0.36195797
 0.58333333 0.         0.14655423 0.14529851 0.27272727 0.27272727
 0.         0.08540904 0.23419204 0.32937629]
deleted_not_scaled [5.000000e+00 0.000000e+00 1.852592e+03 4.724110e+05 9.600000e+02
 5.200000e+02 0.000000e+00 1.579000e+01 6.550000e-01 1.166100e+01
 5.000000e+00 0.000000e+00 1.846700e+03 4.718320e+05 9.600000e+02
 5.200000e+02 0.000000e+00 3.683600e+01 9.310000e-01 6.683900e+01
 6.000000e+00 0.000000e+00 2.430843e+03 6.219920e+05 1.280000e+03
 7.200000e+02 0.000000e+00 1.708100e+01 6.370000e-01 3.278000e+01
 7.000000e+00 0.000000e+00 3.205314e+03 8.117460e+05 1.280000e+03
 7.200000e+02 0.000000e+00 1.645600e+01 6.700000e-01 3.113100e+01
 1.410000e+02]
deleted_idx_col 847
query_origi 296
query_idx 605
deleted_scaled [1.         0.         0.82832047 0.82666249 1.         1.
 1.         0.13509287 0.15581395 0.09079793 1.         0.
 0.83878951 0.83838033 1.         1.         1.         0.04024878
 0.15609756 0.12279188 1.         0.         0.8473598  0.85588264
 1.         1.         1.         0.13282925 0.37623762 0.02321036
 1.         0.         0.96068993 0.95207885 1.         1.
 1.         0.84927817 0.8852459  0.95818653]
deleted_not_scaled [1.2000000e+01 0.0000000e+00 1.6622975e+04 4.2347030e+06 3.8400000e+03
 2.1600000e+03 1.0000000e+00 1.9926000e+01 6.3700000e-01 8.7620000e+00
 1.2000000e+01 0.0000000e+00 1.6829667e+04 4.2936690e+06 3.8400000e+03
 2.1600000e+03 1.0000000e+00 1.4979000e+01 6.5100000e-01 1.1386000e+01
 1.2000000e+01 0.0000000e+00 1.6341084e+04 4.1751470e+06 3.8400000e+03
 2.1600000e+03 1.0000000e+00 1.8461000e+01 7.4300000e-01 2.1020000e+00
 1.2000000e+01 0.0000000e+00 1.9226837e+04 4.8643900e+06 3.8400000e+03
 2.1600000e+03 1.0000000e+00 4.1695000e+01 9.4800000e-01 9.0563000e+01
 2.3800000e+02]
deleted_idx_col 605
query_origi 125
query_idx 599
deleted_scaled [1.         0.         0.8196896  0.8176388  1.         1.
 1.         0.16846976 0.65581395 0.01847668 1.         0.
 0.90201743 0.90112347 1.         1.         1.         0.16034355
 0.67560976 0.00796972 0.91666667 0.         0.60862226 0.61444655
 1.         1.         0.         0.17871872 0.67574257 0.
 1.         0.         0.76672981 0.76826927 1.         1.
 1.         0.26691081 0.73302108 0.00756494]
deleted_not_scaled [1.2000000e+01 0.0000000e+00 1.6453180e+04 4.1893910e+06 3.8400000e+03
 2.1600000e+03 1.0000000e+00 2.1484000e+01 8.5200000e-01 1.7830000e+00
 1.2000000e+01 0.0000000e+00 1.8073262e+04 4.6086820e+06 3.8400000e+03
 2.1600000e+03 1.0000000e+00 1.9034000e+01 8.6400000e-01 7.3900000e-01
 1.1000000e+01 0.0000000e+00 1.1827610e+04 3.0204760e+06 3.8400000e+03
 2.1600000e+03 0.0000000e+00 2.0130000e+01 8.6400000e-01 0.0000000e+00
 1.2000000e+01 0.0000000e+00 1.5409861e+04 3.9410720e+06 3.8400000e+03
 2.1600000e+03 1.0000000e+00 2.2453000e+01 8.8300000e-01 7.1500000e-01
 1.7000000e+02]
deleted_idx_col 599
query_origi 803
query_idx 802
deleted_scaled [1.         0.53981463 0.769784   0.76323303 1.         1.
 1.         0.         0.4        0.16212435 1.         0.1349734
 0.87042927 0.86435412 1.         1.         1.         0.01839183
 0.37073171 0.20330867 1.         0.14043041 0.75978655 0.76282694
 1.         1.         1.         0.05628265 0.11138614 0.08926383
 1.         0.         0.80249375 0.79969167 1.         1.
 1.         0.15695651 0.11241218 0.09127652]
deleted_not_scaled [1.20000000e+01 2.53631397e+00 1.54713870e+04 3.91619500e+06
 3.84000000e+03 2.16000000e+03 1.00000000e+00 1.36200000e+01
 7.42000000e-01 1.56450000e+01 1.20000000e+01 4.42921755e-01
 1.74519720e+04 4.42407500e+06 3.84000000e+03 2.16000000e+03
 1.00000000e+00 1.42410000e+01 7.39000000e-01 1.88520000e+01
 1.20000000e+01 6.90378186e-01 1.46854600e+04 3.73010700e+06
 3.84000000e+03 2.16000000e+03 1.00000000e+00 1.56770000e+01
 6.36000000e-01 8.08400000e+00 1.20000000e+01 0.00000000e+00
 1.61136660e+04 4.09891400e+06 3.84000000e+03 2.16000000e+03
 1.00000000e+00 1.88200000e+01 6.18000000e-01 8.62700000e+00
 2.34000000e+02]
deleted_idx_col 802
query_origi 693
query_idx 423
deleted_scaled [1.         0.30732055 0.81399164 0.81480217 1.         1.
 1.         0.10370831 0.40232558 0.02178238 1.         0.17325371
 0.96066848 0.95205446 1.         1.         1.         0.8314823
 0.8804878  0.97667321 1.         0.06623682 0.83879895 0.84004724
 1.         1.         1.         0.07896618 0.50247525 0.11970672
 1.         0.         0.73262966 0.72823488 1.         1.
 1.         0.19878333 0.31147541 0.02644025]
deleted_not_scaled [1.20000000e+01 1.44394272e+00 1.63410840e+04 4.17514700e+06
 3.84000000e+03 2.16000000e+03 1.00000000e+00 1.84610000e+01
 7.43000000e-01 2.10200000e+00 1.20000000e+01 5.68540445e-01
 1.92268370e+04 4.86439000e+06 3.84000000e+03 2.16000000e+03
 1.00000000e+00 4.16950000e+01 9.48000000e-01 9.05630000e+01
 1.20000000e+01 3.25630708e-01 1.61792360e+04 4.09941400e+06
 3.84000000e+03 2.16000000e+03 1.00000000e+00 1.65020000e+01
 7.94000000e-01 1.08410000e+01 1.20000000e+01 0.00000000e+00
 1.47387980e+04 3.73997000e+06 3.84000000e+03 2.16000000e+03
 1.00000000e+00 2.02020000e+01 7.03000000e-01 2.49900000e+00
 2.40000000e+02]
deleted_idx_col 423
query_origi 109
query_idx 688
deleted_scaled [0.00000000e+00 0.00000000e+00 3.51923903e-03 3.50297085e-03
 0.00000000e+00 0.00000000e+00 0.00000000e+00 1.59000835e-01
 5.74418605e-01 9.47668394e-02 0.00000000e+00 0.00000000e+00
 1.17446995e-04 2.03159893e-04 0.00000000e+00 0.00000000e+00
 0.00000000e+00 1.49800089e-01 6.75609756e-01 5.15497272e-02
 0.00000000e+00 0.00000000e+00 3.44612361e-03 3.33067643e-03
 0.00000000e+00 0.00000000e+00 0.00000000e+00 1.81468243e-03
 4.30693069e-01 1.46417411e-01 0.00000000e+00 0.00000000e+00
 2.89112656e-03 2.78326838e-03 0.00000000e+00 0.00000000e+00
 0.00000000e+00 2.28503980e-02 4.70725995e-01 1.68692800e-01]
deleted_not_scaled [0.00000e+00 0.00000e+00 3.96658e+02 1.01247e+05 3.20000e+02 1.80000e+02
 0.00000e+00 2.10420e+01 8.17000e-01 9.14500e+00 0.00000e+00 0.00000e+00
 3.34290e+02 8.54530e+04 3.20000e+02 1.80000e+02 0.00000e+00 1.86780e+01
 8.64000e-01 4.78000e+00 0.00000e+00 0.00000e+00 3.86398e+02 9.78070e+04
 3.20000e+02 1.80000e+02 0.00000e+00 1.36960e+01 7.65000e-01 1.32600e+01
 0.00000e+00 0.00000e+00 3.78142e+02 9.58590e+04 3.20000e+02 1.80000e+02
 0.00000e+00 1.43890e+01 7.71000e-01 1.59440e+01 2.32000e+02]
deleted_idx_col 688
query_origi 832
query_idx 71
deleted_scaled [0.00000000e+00 4.29897981e-02 3.71524368e-03 3.63918643e-03
 0.00000000e+00 0.00000000e+00 0.00000000e+00 4.29315110e-02
 3.97674419e-01 2.56476684e-02 0.00000000e+00 9.15365866e-02
 4.29164540e-04 4.64479285e-04 0.00000000e+00 0.00000000e+00
 0.00000000e+00 1.37775803e-01 5.24390244e-01 0.00000000e+00
 0.00000000e+00 8.21490606e-02 1.91673468e-03 1.95922143e-03
 0.00000000e+00 0.00000000e+00 0.00000000e+00 8.23480891e-02
 2.77227723e-01 0.00000000e+00 0.00000000e+00 0.00000000e+00
 2.30995397e-03 2.36122926e-03 0.00000000e+00 0.00000000e+00
 0.00000000e+00 2.05623316e-01 3.34894614e-01 7.72364175e-04]
deleted_not_scaled [0.00000000e+00 2.01987163e-01 4.00514000e+02 1.01931000e+05
 3.20000000e+02 1.80000000e+02 0.00000000e+00 1.56240000e+01
 7.41000000e-01 2.47500000e+00 0.00000000e+00 3.00381739e-01
 3.40421000e+02 8.67650000e+04 3.20000000e+02 1.80000000e+02
 0.00000000e+00 1.82720000e+01 8.02000000e-01 0.00000000e+00
 0.00000000e+00 4.03857827e-01 3.57484000e+02 9.12480000e+04
 3.20000000e+02 1.80000000e+02 0.00000000e+00 1.66250000e+01
 7.03000000e-01 0.00000000e+00 0.00000000e+00 0.00000000e+00
 3.66705000e+02 9.37390000e+04 3.20000000e+02 1.80000000e+02
 0.00000000e+00 2.04280000e+01 7.13000000e-01 7.30000000e-02
 1.47000000e+02]
deleted_idx_col 71
query_origi 535
query_idx 546
deleted_scaled [0.25       0.         0.02720957 0.02730107 0.05454545 0.05454545
 0.         0.07615844 0.17906977 0.30015544 0.         0.
 0.00291406 0.00281954 0.         0.         0.         0.09110025
 0.2804878  0.02604448 0.         0.         0.00141006 0.00133884
 0.         0.         0.         0.05345065 0.41089109 0.
 0.         0.         0.00222794 0.00217012 0.         0.
 0.         0.16476499 0.49882904 0.        ]
deleted_not_scaled [3.00000e+00 0.00000e+00 8.62718e+02 2.20748e+05 5.12000e+02 2.88000e+02
 0.00000e+00 1.71750e+01 6.47000e-01 2.89650e+01 0.00000e+00 0.00000e+00
 3.89295e+02 9.85890e+04 3.20000e+02 1.80000e+02 0.00000e+00 1.66960e+01
 7.02000e-01 2.41500e+00 0.00000e+00 0.00000e+00 3.47905e+02 8.82810e+04
 3.20000e+02 1.80000e+02 0.00000e+00 1.55740e+01 7.57000e-01 0.00000e+00
 0.00000e+00 0.00000e+00 3.65091e+02 9.27790e+04 3.20000e+02 1.80000e+02
 0.00000e+00 1.90780e+01 7.83000e-01 0.00000e+00 1.43000e+02]
deleted_idx_col 546
query_origi 246
query_idx 502
deleted_scaled [0.58333333 0.         0.1402854  0.13950288 0.27272727 0.27272727
 0.         0.39533837 0.98604651 0.25075648 0.58333333 0.
 0.16266907 0.16210447 0.27272727 0.27272727 0.         0.66337924
 0.88780488 0.5742618  0.58333333 0.         0.12202417 0.12294397
 0.27272727 0.27272727 0.         0.36136926 0.65346535 0.
 0.5        0.         0.10741581 0.10743723 0.27272727 0.27272727
 0.         0.38697376 0.67681499 0.1239909 ]
deleted_not_scaled [7.000000e+00 0.000000e+00 3.087259e+03 7.841640e+05 1.280000e+03
 7.200000e+02 0.000000e+00 3.207400e+01 9.940000e-01 2.419800e+01
 7.000000e+00 0.000000e+00 3.531428e+03 8.983070e+05 1.280000e+03
 7.200000e+02 0.000000e+00 3.601900e+01 9.510000e-01 5.324900e+01
 7.000000e+00 0.000000e+00 2.628186e+03 6.698590e+05 1.280000e+03
 7.200000e+02 0.000000e+00 2.677300e+01 8.550000e-01 0.000000e+00
 6.000000e+00 0.000000e+00 2.435102e+03 6.215600e+05 1.280000e+03
 7.200000e+02 0.000000e+00 2.642000e+01 8.590000e-01 1.171900e+01
 3.300000e+01]
deleted_idx_col 502
query_origi 798
query_idx 831
deleted_scaled [0.41666667 0.         0.07984739 0.07907633 0.18181818 0.17171717
 0.         0.32697787 0.58139535 0.55528497 0.41666667 0.
 0.07597799 0.07544303 0.18181818 0.17171717 0.         0.25031838
 0.13902439 0.33250652 0.41666667 0.         0.08128437 0.08155714
 0.18181818 0.17171717 0.         0.23172945 0.12871287 0.3197001
 0.41666667 0.         0.07801082 0.07770955 0.18181818 0.17171717
 0.         0.36103629 0.4941452  0.30358144]
deleted_not_scaled [5.000000e+00 0.000000e+00 1.898262e+03 4.807350e+05 9.600000e+02
 5.200000e+02 0.000000e+00 2.888300e+01 8.200000e-01 5.358500e+01
 5.000000e+00 0.000000e+00 1.826349e+03 4.632080e+05 9.600000e+02
 5.200000e+02 0.000000e+00 2.207200e+01 6.440000e-01 3.083200e+01
 5.000000e+00 0.000000e+00 1.857976e+03 4.719260e+05 9.600000e+02
 5.200000e+02 0.000000e+00 2.205800e+01 6.430000e-01 2.895300e+01
 5.000000e+00 0.000000e+00 1.856436e+03 4.722310e+05 9.600000e+02
 5.200000e+02 0.000000e+00 2.556300e+01 7.810000e-01 2.869300e+01
 9.100000e+01]
deleted_idx_col 831
query_origi 663
query_idx 134
deleted_scaled [0.         0.16379271 0.00230082 0.00232164 0.         0.
 0.         0.11105636 0.55581395 0.00921244 0.08333333 0.22065431
 0.00722701 0.00709845 0.01818182 0.01818182 0.         0.1260773
 0.62682927 0.00307357 0.         0.         0.00272364 0.00264673
 0.         0.         0.         0.06796811 0.45544554 0.
 0.         0.         0.00205146 0.00198538 0.         0.
 0.         0.59171938 0.81498829 0.02473681]
deleted_not_scaled [0.00000000e+00 7.69578511e-01 3.72688000e+02 9.53150000e+04
 3.20000000e+02 1.80000000e+02 0.00000000e+00 1.88040000e+01
 8.09000000e-01 8.89000000e-01 1.00000000e+00 7.24087809e-01
 4.74124000e+02 1.20072000e+05 3.84000000e+02 2.16000000e+02
 0.00000000e+00 1.78770000e+01 8.44000000e-01 2.85000000e-01
 0.00000000e+00 0.00000000e+00 3.72739000e+02 9.45360000e+04
 3.20000000e+02 1.80000000e+02 0.00000000e+00 1.61020000e+01
 7.75000000e-01 0.00000000e+00 0.00000000e+00 0.00000000e+00
 3.61618000e+02 9.18510000e+04 3.20000000e+02 1.80000000e+02
 0.00000000e+00 3.31850000e+01 9.18000000e-01 2.33800000e+00
 2.18000000e+02]
deleted_idx_col 134
query_origi 108
query_idx 290
deleted_scaled [0.         0.         0.00132486 0.00116779 0.         0.
 0.         0.12348165 0.62790698 0.         0.         0.15516162
 0.00183777 0.00177924 0.         0.         0.         0.13004591
 0.57317073 0.         0.         0.08652756 0.00225531 0.00220574
 0.         0.         0.         0.41677206 0.78217822 0.02200678
 0.         0.         0.00242769 0.00238731 0.         0.
 0.         0.33960837 0.73770492 0.00259218]
deleted_not_scaled [0.00000000e+00 0.00000000e+00 3.53488000e+02 8.95210000e+04
 3.20000000e+02 1.80000000e+02 0.00000000e+00 1.93840000e+01
 8.40000000e-01 0.00000000e+00 0.00000000e+00 5.09170376e-01
 3.68126000e+02 9.33660000e+04 3.20000000e+02 1.80000000e+02
 0.00000000e+00 1.80110000e+01 8.22000000e-01 0.00000000e+00
 0.00000000e+00 4.25383229e-01 3.63885000e+02 9.24270000e+04
 3.20000000e+02 1.80000000e+02 0.00000000e+00 2.87880000e+01
 9.07000000e-01 1.99300000e+00 0.00000000e+00 0.00000000e+00
 3.69022000e+02 9.38700000e+04 3.20000000e+02 1.80000000e+02
 0.00000000e+00 2.48550000e+01 8.85000000e-01 2.45000000e-01
 6.10000000e+01]
deleted_idx_col 290
query_origi 721
query_idx 277
deleted_scaled [0.33333333 0.29914429 0.04239317 0.04240646 0.09090909 0.09090909
 0.         0.1895499  0.60697674 0.35881865 0.33333333 0.110752
 0.04222708 0.04240106 0.09090909 0.09090909 0.         0.72889086
 0.85853659 0.75216228 0.25       0.         0.03129656 0.03122229
 0.05454545 0.05454545 0.         0.40489414 0.54455446 0.42538343
 0.25       0.         0.02629698 0.02604897 0.05454545 0.05454545
 0.         0.27154142 0.20843091 0.2550812 ]
deleted_not_scaled [4.00000000e+00 1.40552662e+00 1.16142500e+03 2.96599000e+05
 6.40000000e+02 3.60000000e+02 0.00000000e+00 2.24680000e+01
 8.31000000e-01 3.46260000e+01 4.00000000e+00 3.63438035e-01
 1.16252100e+03 2.97315000e+05 6.40000000e+02 3.60000000e+02
 0.00000000e+00 3.82310000e+01 9.39000000e-01 6.97450000e+01
 3.00000000e+00 0.00000000e+00 9.12927000e+02 2.31199000e+05
 5.12000000e+02 2.88000000e+02 0.00000000e+00 2.83560000e+01
 8.11000000e-01 3.85240000e+01 3.00000000e+00 0.00000000e+00
 8.38750000e+02 2.12728000e+05 5.12000000e+02 2.88000000e+02
 0.00000000e+00 2.26060000e+01 6.59000000e-01 2.41090000e+01
 8.90000000e+01]
deleted_idx_col 277
query_origi 583
query_idx 499
deleted_scaled [9.16666667e-01 0.00000000e+00 4.76795637e-01 4.77512082e-01
 1.00000000e+00 1.00000000e+00 0.00000000e+00 1.97005077e-01
 6.69767442e-01 1.10165803e-01 9.16666667e-01 0.00000000e+00
 5.57976540e-01 5.53217933e-01 1.00000000e+00 1.00000000e+00
 0.00000000e+00 2.02635866e-01 5.48780488e-01 9.16679249e-04
 9.16666667e-01 0.00000000e+00 6.41109164e-01 6.42364724e-01
 1.00000000e+00 1.00000000e+00 0.00000000e+00 2.29804784e-01
 6.01485149e-01 0.00000000e+00 9.16666667e-01 0.00000000e+00
 5.25456599e-01 5.22549530e-01 1.00000000e+00 1.00000000e+00
 0.00000000e+00 3.42483581e-01 7.18969555e-01 1.68544675e-02]
deleted_not_scaled [1.1000000e+01 0.0000000e+00 9.7074260e+03 2.4814610e+06 3.8400000e+03
 2.1600000e+03 0.0000000e+00 2.2816000e+01 8.5800000e-01 1.0631000e+01
 1.1000000e+01 0.0000000e+00 1.1306512e+04 2.8619610e+06 3.8400000e+03
 2.1600000e+03 0.0000000e+00 2.0462000e+01 8.1200000e-01 8.5000000e-02
 1.1000000e+01 0.0000000e+00 1.2441794e+04 3.1539950e+06 3.8400000e+03
 2.1600000e+03 0.0000000e+00 2.1988000e+01 8.3400000e-01 0.0000000e+00
 1.1000000e+01 0.0000000e+00 1.0661802e+04 2.7067650e+06 3.8400000e+03
 2.1600000e+03 0.0000000e+00 2.4950000e+01 8.7700000e-01 1.5930000e+00
 1.6500000e+02]
deleted_idx_col 499
